0.000000000000000000e+00 7.910991826272664866e+02
1.750000000000000000e+00 7.791630902281534645e+02
2.350000000000000000e+01 7.479625902604541352e+02
4.525000000000000000e+01 7.449979419093738215e+02
6.700000000000000000e+01 7.222223896646975163e+02
8.875000000000000000e+01 6.883704376867591463e+02
1.105000000000000000e+02 3.328505891994368859e-01
1.322500000000000000e+02 4.723675917850899850e+02
1.540000000000000000e+02 4.723966994015540877e+02
1.757500000000000000e+02 2.506703497684295314e+02
1.975000000000000000e+02 9.543584869692020023e-01
2.192500000000000000e+02 9.911190850581361733e-01
2.410000000000000000e+02 5.308542659533966868e-01
2.627500000000000000e+02 5.738047581180240053e-01
2.845000000000000000e+02 1.620230774334743273e+00
3.062500000000000000e+02 6.704135889474496235e-01
3.280000000000000000e+02 1.724657242795130774e+00
3.497500000000000000e+02 1.033290386177367459e+00
3.715000000000000000e+02 8.466682710278389257e-01
3.932500000000000000e+02 1.165174904377283216e+00
4.150000000000000000e+02 1.489225376165764558e+00
4.367500000000000000e+02 3.569268375521676084e+00
4.585000000000000000e+02 4.155788910768152711e+00
4.802500000000000000e+02 1.249311249653448863e+00
5.020000000000000000e+02 1.350402097637755761e+00
5.237500000000000000e+02 6.709674033513063129e+00
5.455000000000000000e+02 5.577789223193827084e+00
5.672500000000000000e+02 6.705463434203693396e+00
5.890000000000000000e+02 8.593470375207845180e+00
6.107500000000000000e+02 8.992646386912406697e+00
6.325000000000000000e+02 1.046639551278419766e+01
6.542500000000000000e+02 1.132038248034838013e+01
6.760000000000000000e+02 1.160001329672277848e+01
6.977500000000000000e+02 1.222025580145920287e+01
7.195000000000000000e+02 1.194039329415736006e+01
7.412500000000000000e+02 1.242834781449494486e+01
7.630000000000000000e+02 1.293556158443006154e+01
7.847500000000000000e+02 1.271359358304078135e+01
8.065000000000000000e+02 1.495868618986686549e+01
8.282500000000000000e+02 1.537348385412636986e+01
8.500000000000000000e+02 1.702954147081699787e+01
8.717500000000000000e+02 1.796157078816561636e+01
8.935000000000000000e+02 1.700187447335439117e+01
9.152500000000000000e+02 1.709202846204933479e+01
9.370000000000000000e+02 2.059689812803236464e+01
9.587500000000000000e+02 1.998320914232866841e+01
9.805000000000000000e+02 2.105206526788259680e+01
1.002250000000000000e+03 2.289256576737603410e+01
1.024000000000000000e+03 2.381483697005288391e+01
1.045750000000000000e+03 2.481253689461644996e+01
1.067500000000000000e+03 2.670613854040519186e+01
1.089250000000000000e+03 2.761826542184930844e+01
1.111000000000000000e+03 2.939009675898410734e+01
1.132750000000000000e+03 2.979884322903546234e+01
1.154500000000000000e+03 3.171939370719490370e+01
1.176250000000000000e+03 3.194534969169541938e+01
1.198000000000000000e+03 3.383739708804429824e+01
1.219750000000000000e+03 3.661265521338744122e+01
1.241500000000000000e+03 3.876994445552305990e+01
1.263250000000000000e+03 4.273967135087615077e+01
1.285000000000000000e+03 4.527851072848942238e+01
1.306750000000000000e+03 5.103058366646987309e+01
1.328500000000000000e+03 6.375114322545166345e+01
1.350250000000000000e+03 9.773724933533151216e+01
1.372000000000000000e+03 1.883649774021395160e+02
1.393750000000000000e+03 3.817779922331293960e+02
1.415500000000000000e+03 7.077856023156368792e+02
1.437250000000000000e+03 1.125373539106898079e+03
1.459000000000000000e+03 1.495686234725918894e+03
1.480750000000000000e+03 1.650140802180616220e+03
1.502500000000000000e+03 1.508757229294636318e+03
1.524250000000000000e+03 1.151502421747917424e+03
1.546000000000000000e+03 7.493738669523567069e+02
1.567750000000000000e+03 4.567437866898343941e+02
1.589500000000000000e+03 3.430944333956530272e+02
1.611250000000000000e+03 4.241696077489268646e+02
1.633000000000000000e+03 6.834407141499243608e+02
1.654750000000000000e+03 1.059787084958057676e+03
1.676500000000000000e+03 1.434746465365971289e+03
1.698250000000000000e+03 1.668536240545068495e+03
1.720000000000000000e+03 1.678470181752602002e+03
1.741750000000000000e+03 1.483282307953395502e+03
1.763500000000000000e+03 1.169727007442789272e+03
1.785250000000000000e+03 8.297521914503084872e+02
1.807000000000000000e+03 5.314877290216359143e+02
1.828750000000000000e+03 3.081205680151420552e+02
1.850500000000000000e+03 1.677568022469891389e+02
1.872250000000000000e+03 9.571460778075440601e+01
1.894000000000000000e+03 7.164803320776563567e+01
1.915750000000000000e+03 6.998003286176935944e+01
1.937500000000000000e+03 7.179245864350430395e+01
1.959250000000000000e+03 7.401430535735288174e+01
1.981000000000000000e+03 6.751413562666259338e+01
2.002750000000000000e+03 5.389487280534077485e+01
2.024500000000000000e+03 4.265227534896205697e+01
2.046250000000000000e+03 3.532850011707999727e+01
2.068000000000000000e+03 3.124065810308249880e+01
2.089750000000000000e+03 3.147753147719669187e+01
2.111500000000000000e+03 3.287212511462379183e+01
2.133250000000000000e+03 3.703363460930084727e+01
2.155000000000000000e+03 4.269489750500494551e+01
2.176750000000000000e+03 4.920753231957268525e+01
2.198500000000000000e+03 5.661770039818760836e+01
2.220250000000000000e+03 6.016369858902434231e+01
2.242000000000000000e+03 5.754688939042267037e+01
2.263750000000000000e+03 5.066717624010058785e+01
2.285500000000000000e+03 4.060248867658945926e+01
2.307250000000000000e+03 3.244312836083918938e+01
2.329000000000000000e+03 2.619871422177531173e+01
2.350750000000000000e+03 1.843913531680978579e+01
2.372500000000000000e+03 1.948873324090709147e+01
2.394250000000000000e+03 1.906879939302432803e+01
2.416000000000000000e+03 1.623397615352060797e+01
2.437750000000000000e+03 1.447330486989869769e+01
2.459500000000000000e+03 1.462433115389919003e+01
2.481250000000000000e+03 1.375740335500787204e+01
2.503000000000000000e+03 1.263332688412522131e+01
2.524750000000000000e+03 1.167336515643273920e+01
2.546500000000000000e+03 1.171177639422827710e+01
2.568250000000000000e+03 1.173485908267612032e+01
2.590000000000000000e+03 1.141956749566963936e+01
2.611750000000000000e+03 1.231628815618199724e+01
2.633500000000000000e+03 1.301983620072738290e+01
2.655250000000000000e+03 1.361156794056851993e+01
2.677000000000000000e+03 1.421173912672846740e+01
2.698750000000000000e+03 1.367364361292550612e+01
2.720500000000000000e+03 1.544952727619972599e+01
2.742250000000000000e+03 1.494253380341501369e+01
2.764000000000000000e+03 1.549553605480392449e+01
2.785750000000000000e+03 1.410450857418889470e+01
2.807500000000000000e+03 1.252706955084216389e+01
2.829250000000000000e+03 1.087093418396102074e+01
2.851000000000000000e+03 9.720059877777815771e+00
2.872750000000000000e+03 8.600327360408027033e+00
2.894500000000000000e+03 7.738571549691926954e+00
2.916250000000000000e+03 7.621741652960143831e+00
2.938000000000000000e+03 7.473121496509222084e+00
2.959750000000000000e+03 7.220131134745211732e+00
2.981500000000000000e+03 7.430434381297797763e+00
3.003250000000000000e+03 7.527985199150577955e+00
3.025000000000000000e+03 7.201739719636761627e+00
3.046750000000000000e+03 4.650482449096041471e+00
3.068500000000000000e+03 7.267339795507976596e+00
3.090250000000000000e+03 6.819206060168183647e+00
3.112000000000000000e+03 6.930933159190150405e+00
3.133750000000000000e+03 5.944829906147447218e+00
3.155500000000000000e+03 6.672197421855649679e+00
3.177250000000000000e+03 7.046238892324657499e+00
3.199000000000000000e+03 6.910932311582653753e+00
3.220750000000000000e+03 6.669032172361899491e+00
3.242500000000000000e+03 6.886228189924347376e+00
3.264250000000000000e+03 7.097028701635476722e+00
3.286000000000000000e+03 6.931235530979241943e+00
3.307750000000000000e+03 6.797778608087023500e+00
3.329500000000000000e+03 7.418999617595615881e+00
3.351250000000000000e+03 7.155410009116112136e+00
3.373000000000000000e+03 7.615332057285985279e+00
3.394750000000000000e+03 7.585261977668929845e+00
3.416500000000000000e+03 8.094011621803389289e+00
3.438250000000000000e+03 8.419286743416083851e+00
3.460000000000000000e+03 8.223570116947724884e+00
3.481750000000000000e+03 9.303960032736720009e+00
3.503500000000000000e+03 9.548725684299993688e+00
3.525250000000000000e+03 9.352678647458667172e+00
3.547000000000000000e+03 9.031427421002668154e+00
3.568750000000000000e+03 9.621808451836862730e+00
3.590500000000000000e+03 9.983305813309494070e+00
3.612250000000000000e+03 1.016391558089662972e+01
3.634000000000000000e+03 1.011857997576053236e+01
3.655750000000000000e+03 1.043650420724892669e+01
3.677500000000000000e+03 1.076370589197078509e+01
3.699250000000000000e+03 1.099602861336473580e+01
3.721000000000000000e+03 1.125511467543342903e+01
3.742750000000000000e+03 1.183318720770416554e+01
3.764500000000000000e+03 1.193523202899646307e+01
3.786250000000000000e+03 1.241282939226520554e+01
3.808000000000000000e+03 1.258885208816249524e+01
3.829750000000000000e+03 1.324386122367716823e+01
3.851500000000000000e+03 1.363235803497577692e+01
3.873250000000000000e+03 1.424291725176427903e+01
3.895000000000000000e+03 1.482266979252345251e+01
3.916750000000000000e+03 1.523862169060943828e+01
3.938500000000000000e+03 1.574654139193360791e+01
3.960250000000000000e+03 1.605348188656446951e+01
3.982000000000000000e+03 1.647436036994550079e+01
4.003750000000000000e+03 1.698010560983354367e+01
4.025500000000000000e+03 1.750296028440699558e+01
4.047250000000000000e+03 1.810966182081472908e+01
4.069000000000000000e+03 1.899304041565633483e+01
4.090750000000000000e+03 1.966413354912869238e+01
4.112500000000000000e+03 2.031115540672815456e+01
4.134250000000000000e+03 2.137519473042051388e+01
4.156000000000000000e+03 2.207405622329574157e+01
4.177750000000000000e+03 2.311179399327667738e+01
4.199500000000000000e+03 2.408621908215130958e+01
4.221250000000000000e+03 2.524885074876840818e+01
4.243000000000000000e+03 2.655218971290672059e+01
4.264750000000000000e+03 2.843595530086247081e+01
4.286500000000000000e+03 3.253367772517523804e+01
4.308250000000000000e+03 4.248191940095307473e+01
4.330000000000000000e+03 6.766305731057263984e+01
4.351750000000000000e+03 1.260317860837728716e+02
4.373500000000000000e+03 2.464299086972471571e+02
4.395250000000000000e+03 4.627018177951673010e+02
4.417000000000000000e+03 7.931370693473423898e+02
4.438750000000000000e+03 1.217271058534236545e+03
4.460500000000000000e+03 1.657362484638175147e+03
4.482250000000000000e+03 1.995367408344134674e+03
4.504000000000000000e+03 2.120418768519715286e+03
4.525750000000000000e+03 1.985776988504476094e+03
4.547500000000000000e+03 1.640279108856709399e+03
4.569250000000000000e+03 1.195117351952079389e+03
4.591000000000000000e+03 7.687247053037592650e+02
4.612750000000000000e+03 4.376714071115122238e+02
4.634500000000000000e+03 2.219022434516005546e+02
4.656250000000000000e+03 1.023234371482355130e+02
4.678000000000000000e+03 4.521715041116487299e+01
4.699750000000000000e+03 2.206022702612175124e+01
4.721500000000000000e+03 1.509963713229189253e+01
4.743250000000000000e+03 1.544602605525416728e+01
4.765000000000000000e+03 2.302354342042788460e+01
4.786750000000000000e+03 3.959352657297100109e+01
4.808500000000000000e+03 6.970399408150446163e+01
4.830250000000000000e+03 1.144829265922737278e+02
4.852000000000000000e+03 1.705166226275715928e+02
4.873750000000000000e+03 2.277705623439032649e+02
4.895500000000000000e+03 2.713468584767825860e+02
4.917250000000000000e+03 2.873467893119333212e+02
4.939000000000000000e+03 2.699880391237312551e+02
4.960750000000000000e+03 2.255094193389174677e+02
4.982500000000000000e+03 1.673823983439341987e+02
5.004250000000000000e+03 1.107353899485682831e+02
5.026000000000000000e+03 6.569497216752516522e+01
5.047750000000000000e+03 3.544149211701397917e+01
5.069500000000000000e+03 1.809601167930600596e+01
5.091250000000000000e+03 9.421140707875991893e+00
5.113000000000000000e+03 5.734814950856857330e+00
5.134750000000000000e+03 4.323282116744579184e+00
5.156500000000000000e+03 2.686644658180785683e+00
5.178250000000000000e+03 1.047857006861904638e+00
5.200000000000000000e+03 1.219149632135033828e-02
5.221750000000000000e+03 4.229205620034287572e-03
5.243500000000000000e+03 5.028499593340455265e-01
5.265250000000000000e+03 2.529714226255980747e-01
5.287000000000000000e+03 3.605135736670520789e-03
5.308750000000000000e+03 4.656575332843791194e-03
5.330500000000000000e+03 6.135909684717547573e-03
5.352250000000000000e+03 7.934556249141204790e-03
5.374000000000000000e+03 9.761757318442559894e-03
5.395750000000000000e+03 1.120156830763156634e-02
5.417500000000000000e+03 1.187432760807712040e-02
5.439250000000000000e+03 1.161183662926265972e-02
5.461000000000000000e+03 1.056497151945874104e-02
5.482750000000000000e+03 9.103734610036084626e-03
5.504500000000000000e+03 7.649820497843297720e-03
5.526250000000000000e+03 6.509396044956003956e-03
5.548000000000000000e+03 5.802627757124641933e-03
5.569750000000000000e+03 5.495694764158911248e-03
5.591500000000000000e+03 5.480398943616090687e-03
5.613250000000000000e+03 5.643583090591970317e-03
5.635000000000000000e+03 5.901539257009055447e-03
5.656750000000000000e+03 6.205100695447288150e-03
5.678500000000000000e+03 6.531285600491492857e-03
5.700250000000000000e+03 6.873286014093669093e-03
5.722000000000000000e+03 7.232298420979386619e-03
5.743750000000000000e+03 7.612419337546337712e-03
5.765500000000000000e+03 8.017714492279625488e-03
5.787250000000000000e+03 8.451098191399329315e-03
5.809000000000000000e+03 8.914388164176181850e-03
5.830750000000000000e+03 9.408713422225215700e-03
5.852500000000000000e+03 9.934653101195956015e-03
5.874250000000000000e+03 1.049202371274580992e-02
5.896000000000000000e+03 1.107972993038157210e-02
5.917750000000000000e+03 1.169617484780802880e-02
5.939500000000000000e+03 1.234030838415005327e-02
5.961250000000000000e+03 1.301275033826264013e-02
5.983000000000000000e+03 1.371650868720167282e-02
6.004750000000000000e+03 1.445630846142274134e-02
6.026500000000000000e+03 1.523759758966564820e-02
6.048250000000000000e+03 1.606586087605934091e-02
6.070000000000000000e+03 1.694760598437709820e-02
6.091750000000000000e+03 1.789480946843482329e-02
6.113500000000000000e+03 1.893601638379982174e-02
6.135250000000000000e+03 2.013972154652034219e-02
6.157000000000000000e+03 2.165769019643922974e-02
6.178750000000000000e+03 2.379382050295830026e-02
6.200500000000000000e+03 2.709202074907541419e-02
6.222250000000000000e+03 3.240824029133977657e-02
6.244000000000000000e+03 4.088857942509784016e-02
6.265750000000000000e+03 5.374051540652606540e-02
6.287500000000000000e+03 7.171269383767693573e-02
6.309250000000000000e+03 9.435126316131063617e-02
6.331000000000000000e+03 1.193612362601019078e-01
6.352750000000000000e+03 1.425851950638691856e-01
6.374500000000000000e+03 1.590384620841098773e-01
6.396250000000000000e+03 1.646850228722938347e-01
6.418000000000000000e+03 1.581418203275625767e-01
6.439750000000000000e+03 1.416735536837885334e-01
6.461500000000000000e+03 1.199262088671670945e-01
6.483250000000000000e+03 9.812728925654071177e-02
6.505000000000000000e+03 8.022991472583572425e-02
6.526750000000000000e+03 6.802215246791730452e-02
6.548500000000000000e+03 6.135388258162073616e-02
6.570250000000000000e+03 5.898987711554025404e-02
6.592000000000000000e+03 5.946510240586120460e-02
6.613750000000000000e+03 6.158953876841104930e-02
6.635500000000000000e+03 6.458714002106255569e-02
6.657250000000000000e+03 6.802722446445680360e-02
6.679000000000000000e+03 7.170388106247574389e-02
6.700750000000000000e+03 7.554030854663465466e-02
6.722500000000000000e+03 7.953289911139753421e-02
6.744250000000000000e+03 8.371361137297923805e-02
6.766000000000000000e+03 8.812671628144502778e-02
6.787750000000000000e+03 9.281341578827198568e-02
6.809500000000000000e+03 9.780921708125830949e-02
6.831250000000000000e+03 1.031642891530608480e-01
6.853000000000000000e+03 1.090167759941708947e-01
6.874750000000000000e+03 1.158037074849909281e-01
6.896500000000000000e+03 1.248034130476737280e-01
6.918250000000000000e+03 1.393522444658328863e-01
6.940000000000000000e+03 1.671425639107220196e-01
6.961750000000000000e+03 2.236798938645128687e-01
6.983500000000000000e+03 3.358531315745996171e-01
7.005250000000000000e+03 5.426315677270591165e-01
7.027000000000000000e+03 8.882641059633455960e-01
7.048750000000000000e+03 1.404466688798257756e+00
7.070500000000000000e+03 2.084092642475846802e+00
7.092250000000000000e+03 2.858230270351752367e+00
7.114000000000000000e+03 3.594668415406053530e+00
7.135750000000000000e+03 4.129746260175876316e+00
7.157500000000000000e+03 4.326604852995135531e+00
7.179250000000000000e+03 4.129230714162532401e+00
7.201000000000000000e+03 3.597262117142424387e+00
7.222750000000000000e+03 2.868567039344818603e+00
7.244500000000000000e+03 2.107170011462039305e+00
7.266250000000000000e+03 1.445133825142276507e+00
7.288000000000000000e+03 9.508484377432449008e-01
7.309750000000000000e+03 6.305912153375867746e-01
7.331500000000000000e+03 4.513726886325873933e-01
7.353250000000000000e+03 3.672909816700262176e-01
7.375000000000000000e+03 3.376082269315309747e-01
7.396750000000000000e+03 3.340460994836433883e-01
7.418500000000000000e+03 3.405682153709652105e-01
7.440250000000000000e+03 3.501545485672447611e-01
7.462000000000000000e+03 3.610050583419834314e-01
7.483750000000000000e+03 3.737305049307708682e-01
7.505500000000000000e+03 3.895067671582523317e-01
7.527250000000000000e+03 4.090720796112889968e-01
7.549000000000000000e+03 4.324067067386716534e-01
7.570750000000000000e+03 4.588289070253744328e-01
7.592500000000000000e+03 4.872699480939651218e-01
7.614250000000000000e+03 5.165362512133808703e-01
7.636000000000000000e+03 5.455678287718233044e-01
7.657750000000000000e+03 5.735363406577578260e-01
7.679500000000000000e+03 6.000360654178427122e-01
7.701250000000000000e+03 6.252142447169830586e-01
7.723000000000000000e+03 6.499408606557219859e-01
7.744750000000000000e+03 6.756393628140063834e-01
7.766500000000000000e+03 7.043104618381983428e-01
7.788250000000000000e+03 7.390390482321193000e-01
7.810000000000000000e+03 7.859515474160170267e-01
7.831750000000000000e+03 8.629285386555187731e-01
7.853500000000000000e+03 9.962445430047742745e-01
7.875250000000000000e+03 1.263278942978563135e+00
7.897000000000000000e+03 1.810618462389470773e+00
7.918750000000000000e+03 2.901881426763043947e+00
7.940500000000000000e+03 4.950961619654821178e+00
7.962250000000000000e+03 8.545419187221169111e+00
7.984000000000000000e+03 1.435535954503484035e+01
8.005750000000000000e+03 2.294781462721996235e+01
8.027500000000000000e+03 3.446349992233221116e+01
8.049250000000000000e+03 4.826170848315923934e+01
8.071000000000000000e+03 6.271858797839782085e+01
8.092750000000000000e+03 7.538230625392151296e+01
8.114500000000000000e+03 8.360462101466012541e+01
8.136250000000000000e+03 8.539974144837680115e+01
8.158000000000000000e+03 8.016860934102395220e+01
8.179750000000000000e+03 6.915103319508247637e+01
8.201500000000000000e+03 5.475761417986868906e+01
8.223250000000000000e+03 3.978399185026700735e+01
8.245000000000000000e+03 2.652674278604083469e+01
8.266750000000000000e+03 1.624818534079304655e+01
8.288500000000000000e+03 9.187367507240445264e+00
8.310250000000000000e+03 4.867870762175931176e+00
8.332000000000000000e+03 2.517198896495164373e+00
8.353750000000000000e+03 1.389455635712742110e+00
8.375500000000000000e+03 9.262426605884119812e-01
8.397250000000000000e+03 7.647926599361816180e-01
8.419000000000000000e+03 7.053366071113775781e-01
8.440750000000000000e+03 6.541295510013299674e-01
8.462500000000000000e+03 5.811592032263065422e-01
8.484250000000000000e+03 4.883368422906683715e-01
8.506000000000000000e+03 3.904103058320673170e-01
8.527750000000000000e+03 3.026342771934940057e-01
8.549500000000000000e+03 2.345363207918398363e-01
8.571250000000000000e+03 1.886217048272206820e-01
8.593000000000000000e+03 1.621948247258583331e-01
8.614750000000000000e+03 1.502043131341149196e-01
8.636500000000000000e+03 1.475670176245403031e-01
8.658250000000000000e+03 1.503728249853771015e-01
8.680000000000000000e+03 1.561247072760301169e-01
8.701750000000000000e+03 1.634648687788272381e-01
8.723500000000000000e+03 1.717774210975180071e-01
8.745250000000000000e+03 1.808685862406317346e-01
8.767000000000000000e+03 1.907666931687032053e-01
8.788750000000000000e+03 2.016056460689335528e-01
8.810500000000000000e+03 2.135408807862937963e-01
8.832250000000000000e+03 2.266691733201397496e-01
8.854000000000000000e+03 2.409663722915479089e-01
8.875750000000000000e+03 2.563075610881477284e-01
8.897500000000000000e+03 2.726879890944115536e-01
8.919250000000000000e+03 2.908087272427350989e-01
8.941000000000000000e+03 3.503321795326457821e-01
8.962750000000000000e+03 3.462407063947096630e-01
8.984500000000000000e+03 5.063344486014396129e-01
9.006250000000000000e+03 5.779146755490988108e-01
9.028000000000000000e+03 6.850450695676643109e-01
9.049750000000000000e+03 1.135406879826949655e+00
9.071500000000000000e+03 1.615692995195592285e+00
9.093250000000000000e+03 2.298822324950173357e+00
9.115000000000000000e+03 3.180371411689409733e+00
9.136750000000000000e+03 4.426851858572239173e+00
9.158500000000000000e+03 5.961339737009017092e+00
9.180250000000000000e+03 7.755387031688464106e+00
9.202000000000000000e+03 1.002404225627395995e+01
9.223750000000000000e+03 1.268005379706808533e+01
9.245500000000000000e+03 1.562021286230748451e+01
9.267250000000000000e+03 1.865471967466830705e+01
9.289000000000000000e+03 2.129255515745364491e+01
9.310750000000000000e+03 2.305424092183588769e+01
9.332500000000000000e+03 2.363586593937712266e+01
9.354250000000000000e+03 2.280594934056833623e+01
9.376000000000000000e+03 2.083682814956255314e+01
9.397750000000000000e+03 1.837816539715014841e+01
9.419500000000000000e+03 1.567818158478101509e+01
9.441250000000000000e+03 1.334964405852037928e+01
9.463000000000000000e+03 1.181823589587333778e+01
9.484750000000000000e+03 1.093908675114175111e+01
9.506500000000000000e+03 1.066901231702300556e+01
9.528250000000000000e+03 1.120717655031629256e+01
9.550000000000000000e+03 1.221232504407960739e+01
9.571750000000000000e+03 1.336410354130453548e+01
9.593500000000000000e+03 1.458578035194416067e+01
9.615250000000000000e+03 1.535454426026468333e+01
9.637000000000000000e+03 1.531044386158685455e+01
9.658750000000000000e+03 1.439618806825394337e+01
9.680500000000000000e+03 1.263627468876615012e+01
9.702250000000000000e+03 1.031593427509555383e+01
9.724000000000000000e+03 7.883437199173524590e+00
9.745750000000000000e+03 5.609809906130851509e+00
9.767500000000000000e+03 3.742252078929589221e+00
9.789250000000000000e+03 2.458247894522656907e+00
9.811000000000000000e+03 1.570395387424586620e+00
9.832750000000000000e+03 1.010948875233370403e+00
9.854500000000000000e+03 7.943374841246949591e-01
9.876250000000000000e+03 6.470106505402845043e-01
9.898000000000000000e+03 5.734187823221277291e-01
9.919750000000000000e+03 3.701277027326038138e-01
9.941500000000000000e+03 4.035867687919457714e-01
9.963250000000000000e+03 3.790433186874193616e-01
9.985000000000000000e+03 2.265794048598018251e-01
1.000675000000000000e+04 1.766192743700797652e-01
1.002850000000000000e+04 1.311759196668615401e-01
1.005025000000000000e+04 9.337228610304081078e-02
1.007200000000000000e+04 6.463219246304882648e-02
1.009375000000000000e+04 4.468961243421172569e-02
1.011550000000000000e+04 3.211403440819353416e-02
1.013725000000000000e+04 2.499512293421221262e-02
1.015900000000000000e+04 2.150293723669619017e-02
1.018075000000000000e+04 2.019679774887236934e-02
1.020250000000000000e+04 2.010061958313306626e-02
1.022425000000000000e+04 2.063680130786254077e-02
1.024600000000000000e+04 2.151491039323905063e-02
1.026775000000000000e+04 2.263910383326183176e-02
1.028950000000000000e+04 2.406213429659017841e-02
1.031125000000000000e+04 2.598813846584219905e-02
1.033300000000000000e+04 2.880868760327677178e-02
1.035475000000000000e+04 3.313883529735732469e-02
1.037650000000000000e+04 3.980051747926602324e-02
1.039825000000000000e+04 4.969132357533784239e-02
1.042000000000000000e+04 6.349936206318321230e-02
1.044175000000000000e+04 8.129563862336595947e-02
1.046350000000000000e+04 1.021398283762280507e-01
1.048525000000000000e+04 1.239172150871910572e-01
1.050700000000000000e+04 1.436089559787227798e-01
1.052875000000000000e+04 1.580501027318843843e-01
1.055050000000000000e+04 1.650091934155480944e-01
1.057225000000000000e+04 1.641878946229813063e-01
1.059400000000000000e+04 1.583331211311049536e-01
1.061575000000000000e+04 1.534135696115534464e-01
1.063750000000000000e+04 1.591948734453096925e-01
1.065925000000000000e+04 1.897930878204815708e-01
1.068100000000000000e+04 2.640584045369434585e-01
1.070275000000000000e+04 4.047670681795640935e-01
1.072450000000000000e+04 6.351092657784009887e-01
1.074625000000000000e+04 9.714296903117293214e-01
1.076800000000000000e+04 1.413021405464548463e+00
1.078975000000000000e+04 1.932411869469623289e+00
1.081150000000000000e+04 2.471641933540027480e+00
1.083325000000000000e+04 2.949357463647754418e+00
1.085500000000000000e+04 3.279486248920554292e+00
1.087675000000000000e+04 3.396233289623952434e+00
1.089850000000000000e+04 3.273342034783006227e+00
1.092025000000000000e+04 2.940524475168953433e+00
1.094200000000000000e+04 2.465819130161443606e+00
1.096375000000000000e+04 1.937849101386568629e+00
1.098550000000000000e+04 1.441269323440278027e+00
1.100725000000000000e+04 1.038579414684438929e+00
1.102900000000000000e+04 7.633413615896219584e-01
1.105075000000000000e+04 6.236837569205122556e-01
1.107250000000000000e+04 6.108626387734749086e-01
1.109425000000000000e+04 7.072887040860063035e-01
1.111600000000000000e+04 8.905968203713593434e-01
1.113775000000000000e+04 1.133957864142274730e+00
1.115950000000000000e+04 1.405027932388473566e+00
1.118125000000000000e+04 1.666019029490932946e+00
1.120300000000000000e+04 1.877182632627018677e+00
1.122475000000000000e+04 2.002678935323226384e+00
1.124650000000000000e+04 2.020324247764705206e+00
1.126825000000000000e+04 1.924910268414242287e+00
1.129000000000000000e+04 1.729919443768581200e+00
1.131175000000000000e+04 1.466765049421791867e+00
1.133350000000000000e+04 1.173683927623000445e+00
1.135525000000000000e+04 8.877956780102270740e-01
1.137700000000000000e+04 6.375547102570456870e-01
1.139875000000000000e+04 4.390037068220406513e-01
1.142050000000000000e+04 2.962359588703568636e-01
1.144225000000000000e+04 2.048147504645109196e-01
1.146400000000000000e+04 1.561343054957897158e-01
1.148575000000000000e+04 1.408616039246110563e-01
1.150750000000000000e+04 1.505088609977783265e-01
1.152925000000000000e+04 1.774297674665424318e-01
1.155100000000000000e+04 2.140211240400135551e-01
1.157275000000000000e+04 2.521727737585910400e-01
1.159450000000000000e+04 2.836185616429914846e-01
1.161625000000000000e+04 3.012017890399087960e-01
1.163800000000000000e+04 3.003961607838424031e-01
1.165975000000000000e+04 2.806279069743806698e-01
1.168150000000000000e+04 2.453555572588457245e-01
1.170325000000000000e+04 2.006113686624438341e-01
1.172500000000000000e+04 1.533286194023370796e-01
1.174675000000000000e+04 1.095193225655862190e-01
1.176850000000000000e+04 7.309577366415453969e-02
1.179025000000000000e+04 4.558113040968367335e-02
1.181200000000000000e+04 2.655457031259689932e-02
1.183375000000000000e+04 1.445213215539578253e-02
1.185550000000000000e+04 7.347574787767737273e-03
1.187725000000000000e+04 3.489463673824498742e-03
1.189900000000000000e+04 1.547961771144045146e-03
1.192075000000000000e+04 6.414068872788046462e-04
1.194250000000000000e+04 2.482356569414242986e-04
1.196425000000000000e+04 8.972994592885341549e-05
1.198600000000000000e+04 3.029277360888050840e-05
1.200775000000000000e+04 9.551133102596719390e-06
1.202950000000000000e+04 2.812360311035547943e-06
1.205125000000000000e+04 7.733451684131145067e-07
1.207300000000000000e+04 1.985859373843979100e-07
1.209475000000000000e+04 4.761928591475050431e-08
1.211650000000000000e+04 1.066260627786757121e-08
1.213825000000000000e+04 2.229344057657851298e-09
1.216000000000000000e+04 4.352226591823094058e-10
1.218175000000000000e+04 7.933308696422127585e-11
1.220350000000000000e+04 1.350186651481885353e-11
1.222525000000000000e+04 2.145449964869015679e-12
1.224700000000000000e+04 3.182856144464842605e-13
1.226875000000000000e+04 4.408379618602031000e-14
1.229050000000000000e+04 5.700251826960581991e-15
1.231225000000000000e+04 6.881012032702548906e-16
1.233400000000000000e+04 7.754331450490290226e-17
1.235575000000000000e+04 8.157576097121076994e-18
1.237750000000000000e+04 8.011134189205207053e-19
1.239925000000000000e+04 7.344035202191206181e-20
1.242100000000000000e+04 6.284569461132203791e-21
1.244275000000000000e+04 5.020059924017659990e-22
1.246450000000000000e+04 3.743068634565384805e-23
1.248625000000000000e+04 2.605106562673303985e-24
1.250800000000000000e+04 1.692371318994233734e-25
1.252975000000000000e+04 1.026200617658577626e-26
1.255150000000000000e+04 5.808040785357940448e-28
1.257325000000000000e+04 3.068191406724650257e-29
1.259500000000000000e+04 1.512814177800826413e-30
1.261675000000000000e+04 6.962004450685365062e-32
1.263850000000000000e+04 2.990364216486340312e-33
1.266025000000000000e+04 1.198811024470630175e-34
1.268200000000000000e+04 4.485493600380470737e-36
1.270375000000000000e+04 1.566386343044087265e-37
1.272550000000000000e+04 5.105204646753724436e-39
1.274725000000000000e+04 1.552922377773933809e-40
1.276900000000000000e+04 4.408649493689791224e-42
1.279075000000000000e+04 1.168093820933901008e-43
1.281250000000000000e+04 2.888440951845165153e-45
1.283425000000000000e+04 6.665923524102902310e-47
1.285600000000000000e+04 1.435707077925071168e-48
1.287775000000000000e+04 2.885876925256615979e-50
1.289950000000000000e+04 5.413699325384277528e-52
1.292125000000000000e+04 9.477916238805291880e-54
1.294300000000000000e+04 1.548574787669692396e-55
1.296475000000000000e+04 2.361295716245122853e-57
1.298650000000000000e+04 3.360205646791710830e-59
1.300825000000000000e+04 4.462488703582480136e-61
1.303000000000000000e+04 5.530734444722766369e-63
1.305175000000000000e+04 6.397077177798161976e-65
1.307350000000000000e+04 6.905136535548550713e-67
1.309525000000000000e+04 6.955906202570133992e-69
1.311700000000000000e+04 6.539203866795358834e-71
1.313875000000000000e+04 5.736998921878282902e-73
1.316050000000000000e+04 4.697128859284599965e-75
1.318225000000000000e+04 3.588947808271818057e-77
1.320400000000000000e+04 2.559104245026067201e-79
1.322575000000000000e+04 1.702919964868829756e-81
1.324750000000000000e+04 1.057511824897700951e-83
1.326925000000000000e+04 6.128586495033572141e-86
1.329100000000000000e+04 3.314506700580894478e-88
1.331275000000000000e+04 1.672863169068989315e-90
1.333450000000000000e+04 7.879240483497969595e-93
1.335625000000000000e+04 3.463300914815406724e-95
1.337800000000000000e+04 1.420618891632712429e-97
1.339975000000000000e+04 5.438085259792429794e-100
1.342150000000000000e+04 1.942652488401272910e-102
1.344325000000000000e+04 6.476263991166957480e-105
1.346500000000000000e+04 2.014809317332142685e-107
1.348675000000000000e+04 5.849557673380105106e-110
1.350850000000000000e+04 1.584862111276238527e-112
1.353025000000000000e+04 4.007181814829541373e-115
1.355200000000000000e+04 9.455085720857445771e-118
1.357375000000000000e+04 2.081951067723975819e-120
1.359550000000000000e+04 4.278129961308351499e-123
1.361725000000000000e+04 8.203810791628167900e-126
1.363900000000000000e+04 1.468098912651686616e-128
1.366075000000000000e+04 2.451731146483474824e-131
1.368250000000000000e+04 3.820920978659392093e-134
1.370425000000000000e+04 5.557005189309281835e-137
1.372600000000000000e+04 7.542076689777855028e-140
1.374775000000000000e+04 9.552528722165240694e-143
1.376950000000000000e+04 1.129075299795295073e-145
1.379125000000000000e+04 1.245387482547951821e-148
1.381300000000000000e+04 1.281926182423941715e-151
1.383475000000000000e+04 1.231397805543015366e-154
1.385650000000000000e+04 1.103851062355347968e-157
1.387825000000000000e+04 9.234199419301893583e-161
1.390000000000000000e+04 7.208827054935088588e-164
1.392175000000000000e+04 5.251779469799697777e-167
1.394350000000000000e+04 3.570465219774288072e-170
1.396525000000000000e+04 2.265267650398355897e-173
1.398700000000000000e+04 1.341190821758463028e-176
1.400875000000000000e+04 7.410336058218018143e-180
1.403050000000000000e+04 3.820863009608109624e-183
1.405225000000000000e+04 1.838489771401624109e-186
1.407400000000000000e+04 8.255380866965392553e-190
1.409575000000000000e+04 3.459307097663136935e-193
1.411750000000000000e+04 1.352748909074701982e-196
1.413925000000000000e+04 4.936524588695180763e-200
1.416100000000000000e+04 1.681130485555245820e-203
1.418275000000000000e+04 5.342659804736177583e-207
1.420450000000000000e+04 1.584490248566138677e-210
1.422625000000000000e+04 4.385282215997890925e-214
1.424800000000000000e+04 1.132612706401805929e-217
1.426975000000000000e+04 2.729865155256332213e-221
1.429150000000000000e+04 6.140119521540678872e-225
1.431325000000000000e+04 1.288808231936153853e-228
1.433500000000000000e+04 2.524501350586047505e-232
1.435675000000000000e+04 4.614649578076539203e-236
1.437850000000000000e+04 7.871865189919289818e-240
1.440025000000000000e+04 1.253119115865442392e-243
1.442200000000000000e+04 1.861584853365413305e-247
1.444375000000000000e+04 2.580768692443407356e-251
1.446550000000000000e+04 3.338805185436219615e-255
1.448725000000000000e+04 4.030963077560434480e-259
1.450900000000000000e+04 4.541531127416650627e-263
1.453075000000000000e+04 4.774979331277932658e-267
1.455250000000000000e+04 4.685073571665795691e-271
1.457425000000000000e+04 4.289800005703969249e-275
1.459600000000000000e+04 3.665501320882485906e-279
1.461775000000000000e+04 2.922842500925393662e-283
1.463950000000000000e+04 2.174969344883315505e-287
1.466125000000000000e+04 1.510346363828936860e-291
1.468300000000000000e+04 9.787587362556634416e-296
1.470475000000000000e+04 5.919028448360875400e-300
1.472650000000000000e+04 3.340418479614688270e-304
1.474825000000000000e+04 1.759247727130312098e-308
1.477000000000000000e+04 8.646267841608018480e-313
1.479175000000000000e+04 3.965583815815202341e-317
1.481350000000000000e+04 1.734170416902775370e-321
1.483525000000000000e+04 0.000000000000000000e+00
1.485700000000000000e+04 0.000000000000000000e+00
1.487875000000000000e+04 0.000000000000000000e+00
1.490050000000000000e+04 0.000000000000000000e+00
1.492225000000000000e+04 0.000000000000000000e+00
1.494400000000000000e+04 0.000000000000000000e+00
1.496575000000000000e+04 0.000000000000000000e+00
1.498750000000000000e+04 0.000000000000000000e+00
1.500925000000000000e+04 0.000000000000000000e+00
1.503100000000000000e+04 0.000000000000000000e+00
1.505275000000000000e+04 0.000000000000000000e+00
1.507450000000000000e+04 0.000000000000000000e+00
1.509625000000000000e+04 0.000000000000000000e+00
1.511800000000000000e+04 0.000000000000000000e+00
1.513975000000000000e+04 0.000000000000000000e+00
1.516150000000000000e+04 0.000000000000000000e+00
1.518325000000000000e+04 0.000000000000000000e+00
1.520500000000000000e+04 0.000000000000000000e+00
1.522675000000000000e+04 0.000000000000000000e+00
1.524850000000000000e+04 0.000000000000000000e+00
1.527025000000000000e+04 0.000000000000000000e+00
1.529200000000000000e+04 0.000000000000000000e+00
1.531375000000000000e+04 0.000000000000000000e+00
1.533550000000000000e+04 0.000000000000000000e+00
1.535725000000000000e+04 0.000000000000000000e+00
1.537900000000000000e+04 0.000000000000000000e+00
1.540075000000000000e+04 0.000000000000000000e+00
1.542250000000000000e+04 0.000000000000000000e+00
1.544425000000000000e+04 0.000000000000000000e+00
1.546600000000000000e+04 0.000000000000000000e+00
1.548775000000000000e+04 0.000000000000000000e+00
1.550950000000000000e+04 0.000000000000000000e+00
1.553125000000000000e+04 0.000000000000000000e+00
1.555300000000000000e+04 0.000000000000000000e+00
1.557475000000000000e+04 0.000000000000000000e+00
1.559650000000000000e+04 0.000000000000000000e+00
1.561825000000000000e+04 0.000000000000000000e+00
1.564000000000000000e+04 0.000000000000000000e+00
1.566175000000000000e+04 0.000000000000000000e+00
1.568350000000000000e+04 0.000000000000000000e+00
1.570525000000000000e+04 0.000000000000000000e+00
1.572700000000000000e+04 0.000000000000000000e+00
1.574875000000000000e+04 0.000000000000000000e+00
1.577050000000000000e+04 0.000000000000000000e+00
1.579225000000000000e+04 0.000000000000000000e+00
1.581400000000000000e+04 0.000000000000000000e+00
1.583575000000000000e+04 0.000000000000000000e+00
1.585750000000000000e+04 0.000000000000000000e+00
1.587925000000000000e+04 0.000000000000000000e+00
1.590100000000000000e+04 0.000000000000000000e+00
1.592275000000000000e+04 0.000000000000000000e+00
1.594450000000000000e+04 0.000000000000000000e+00
1.596625000000000000e+04 0.000000000000000000e+00
1.598800000000000000e+04 0.000000000000000000e+00
1.600975000000000000e+04 0.000000000000000000e+00
1.603150000000000000e+04 0.000000000000000000e+00
1.605325000000000000e+04 0.000000000000000000e+00
1.607500000000000000e+04 0.000000000000000000e+00
1.609675000000000000e+04 0.000000000000000000e+00
1.611850000000000000e+04 0.000000000000000000e+00
1.614025000000000000e+04 0.000000000000000000e+00
1.616200000000000000e+04 0.000000000000000000e+00
1.618375000000000000e+04 0.000000000000000000e+00
1.620550000000000000e+04 0.000000000000000000e+00
1.622725000000000000e+04 0.000000000000000000e+00
1.624900000000000000e+04 0.000000000000000000e+00
1.627075000000000000e+04 0.000000000000000000e+00
1.629250000000000000e+04 0.000000000000000000e+00
1.631425000000000000e+04 0.000000000000000000e+00
1.633600000000000000e+04 0.000000000000000000e+00
1.635775000000000000e+04 0.000000000000000000e+00
1.637950000000000000e+04 0.000000000000000000e+00
1.640125000000000000e+04 0.000000000000000000e+00
1.642300000000000000e+04 0.000000000000000000e+00
1.644475000000000000e+04 0.000000000000000000e+00
1.646650000000000000e+04 0.000000000000000000e+00
1.648825000000000000e+04 0.000000000000000000e+00
1.651000000000000000e+04 0.000000000000000000e+00
1.653175000000000000e+04 0.000000000000000000e+00
1.655350000000000000e+04 0.000000000000000000e+00
1.657525000000000000e+04 0.000000000000000000e+00
1.659700000000000000e+04 0.000000000000000000e+00
1.661875000000000000e+04 0.000000000000000000e+00
1.664050000000000000e+04 0.000000000000000000e+00
1.666225000000000000e+04 0.000000000000000000e+00
1.668400000000000000e+04 0.000000000000000000e+00
1.670575000000000000e+04 0.000000000000000000e+00
1.672750000000000000e+04 0.000000000000000000e+00
1.674925000000000000e+04 0.000000000000000000e+00
1.677100000000000000e+04 0.000000000000000000e+00
1.679275000000000000e+04 0.000000000000000000e+00
1.681450000000000000e+04 0.000000000000000000e+00
1.683625000000000000e+04 0.000000000000000000e+00
1.685800000000000000e+04 0.000000000000000000e+00
1.687975000000000000e+04 0.000000000000000000e+00
1.690150000000000000e+04 0.000000000000000000e+00
1.692325000000000000e+04 0.000000000000000000e+00
1.694500000000000000e+04 0.000000000000000000e+00
1.696675000000000000e+04 0.000000000000000000e+00
1.698850000000000000e+04 0.000000000000000000e+00
1.701025000000000000e+04 0.000000000000000000e+00
1.703200000000000000e+04 0.000000000000000000e+00
1.705375000000000000e+04 0.000000000000000000e+00
1.707550000000000000e+04 0.000000000000000000e+00
1.709725000000000000e+04 0.000000000000000000e+00
1.711900000000000000e+04 0.000000000000000000e+00
1.714075000000000000e+04 0.000000000000000000e+00
1.716250000000000000e+04 0.000000000000000000e+00
1.718425000000000000e+04 0.000000000000000000e+00
1.720600000000000000e+04 0.000000000000000000e+00
1.722775000000000000e+04 0.000000000000000000e+00
1.724950000000000000e+04 0.000000000000000000e+00
1.727125000000000000e+04 0.000000000000000000e+00
1.729300000000000000e+04 0.000000000000000000e+00
1.731475000000000000e+04 0.000000000000000000e+00
1.733650000000000000e+04 0.000000000000000000e+00
1.735825000000000000e+04 0.000000000000000000e+00
1.738000000000000000e+04 0.000000000000000000e+00
1.740175000000000000e+04 0.000000000000000000e+00
1.742350000000000000e+04 0.000000000000000000e+00
1.744525000000000000e+04 0.000000000000000000e+00
1.746700000000000000e+04 0.000000000000000000e+00
1.748875000000000000e+04 0.000000000000000000e+00
1.751050000000000000e+04 0.000000000000000000e+00
1.753225000000000000e+04 0.000000000000000000e+00
1.755400000000000000e+04 0.000000000000000000e+00
1.757575000000000000e+04 0.000000000000000000e+00
1.759750000000000000e+04 0.000000000000000000e+00
1.761925000000000000e+04 0.000000000000000000e+00
1.764100000000000000e+04 0.000000000000000000e+00
1.766275000000000000e+04 0.000000000000000000e+00
1.768450000000000000e+04 0.000000000000000000e+00
1.770625000000000000e+04 0.000000000000000000e+00
1.772800000000000000e+04 0.000000000000000000e+00
1.774975000000000000e+04 0.000000000000000000e+00
1.777150000000000000e+04 0.000000000000000000e+00
1.779325000000000000e+04 0.000000000000000000e+00
1.781500000000000000e+04 0.000000000000000000e+00
1.783675000000000000e+04 0.000000000000000000e+00
1.785850000000000000e+04 0.000000000000000000e+00
1.788025000000000000e+04 0.000000000000000000e+00
1.790200000000000000e+04 0.000000000000000000e+00
1.792375000000000000e+04 0.000000000000000000e+00
1.794550000000000000e+04 0.000000000000000000e+00
1.796725000000000000e+04 0.000000000000000000e+00
1.798900000000000000e+04 0.000000000000000000e+00
1.801075000000000000e+04 0.000000000000000000e+00
1.803250000000000000e+04 0.000000000000000000e+00
1.805425000000000000e+04 0.000000000000000000e+00
1.807600000000000000e+04 0.000000000000000000e+00
1.809775000000000000e+04 0.000000000000000000e+00
1.811950000000000000e+04 0.000000000000000000e+00
1.814125000000000000e+04 0.000000000000000000e+00
1.816300000000000000e+04 0.000000000000000000e+00
1.818475000000000000e+04 0.000000000000000000e+00
1.820650000000000000e+04 0.000000000000000000e+00
1.822825000000000000e+04 0.000000000000000000e+00
1.825000000000000000e+04 0.000000000000000000e+00
1.827175000000000000e+04 0.000000000000000000e+00
1.829350000000000000e+04 0.000000000000000000e+00
1.831525000000000000e+04 0.000000000000000000e+00
1.833700000000000000e+04 0.000000000000000000e+00
1.835875000000000000e+04 0.000000000000000000e+00
1.838050000000000000e+04 0.000000000000000000e+00
1.840225000000000000e+04 0.000000000000000000e+00
1.842400000000000000e+04 0.000000000000000000e+00
1.844575000000000000e+04 0.000000000000000000e+00
1.846750000000000000e+04 0.000000000000000000e+00
1.848925000000000000e+04 0.000000000000000000e+00
1.851100000000000000e+04 0.000000000000000000e+00
1.853275000000000000e+04 0.000000000000000000e+00
1.855450000000000000e+04 0.000000000000000000e+00
1.857625000000000000e+04 0.000000000000000000e+00
1.859800000000000000e+04 0.000000000000000000e+00
1.861975000000000000e+04 0.000000000000000000e+00
1.864150000000000000e+04 0.000000000000000000e+00
1.866325000000000000e+04 0.000000000000000000e+00
1.868500000000000000e+04 0.000000000000000000e+00
1.870675000000000000e+04 0.000000000000000000e+00
1.872850000000000000e+04 0.000000000000000000e+00
1.875025000000000000e+04 0.000000000000000000e+00
1.877200000000000000e+04 0.000000000000000000e+00
1.879375000000000000e+04 0.000000000000000000e+00
1.881550000000000000e+04 0.000000000000000000e+00
1.883725000000000000e+04 0.000000000000000000e+00
1.885900000000000000e+04 0.000000000000000000e+00
1.888075000000000000e+04 0.000000000000000000e+00
1.890250000000000000e+04 0.000000000000000000e+00
1.892425000000000000e+04 0.000000000000000000e+00
1.894600000000000000e+04 0.000000000000000000e+00
1.896775000000000000e+04 0.000000000000000000e+00
1.898950000000000000e+04 0.000000000000000000e+00
1.901125000000000000e+04 0.000000000000000000e+00
1.903300000000000000e+04 0.000000000000000000e+00
1.905475000000000000e+04 0.000000000000000000e+00
1.907650000000000000e+04 0.000000000000000000e+00
1.909825000000000000e+04 0.000000000000000000e+00
1.912000000000000000e+04 0.000000000000000000e+00
1.914175000000000000e+04 0.000000000000000000e+00
1.916350000000000000e+04 0.000000000000000000e+00
1.918525000000000000e+04 0.000000000000000000e+00
1.920700000000000000e+04 0.000000000000000000e+00
1.922875000000000000e+04 0.000000000000000000e+00
1.925050000000000000e+04 0.000000000000000000e+00
1.927225000000000000e+04 0.000000000000000000e+00
1.929400000000000000e+04 0.000000000000000000e+00
1.931575000000000000e+04 0.000000000000000000e+00
1.933750000000000000e+04 0.000000000000000000e+00
1.935925000000000000e+04 0.000000000000000000e+00
1.938100000000000000e+04 0.000000000000000000e+00
1.940275000000000000e+04 0.000000000000000000e+00
1.942450000000000000e+04 0.000000000000000000e+00
1.944625000000000000e+04 0.000000000000000000e+00
1.946800000000000000e+04 0.000000000000000000e+00
1.948975000000000000e+04 0.000000000000000000e+00
1.951150000000000000e+04 0.000000000000000000e+00
1.953325000000000000e+04 0.000000000000000000e+00
1.955500000000000000e+04 0.000000000000000000e+00
1.957675000000000000e+04 0.000000000000000000e+00
1.959850000000000000e+04 0.000000000000000000e+00
1.962025000000000000e+04 0.000000000000000000e+00
1.964200000000000000e+04 0.000000000000000000e+00
1.966375000000000000e+04 0.000000000000000000e+00
1.968550000000000000e+04 0.000000000000000000e+00
1.970725000000000000e+04 0.000000000000000000e+00
1.972900000000000000e+04 0.000000000000000000e+00
1.975075000000000000e+04 0.000000000000000000e+00
1.977250000000000000e+04 0.000000000000000000e+00
1.979425000000000000e+04 0.000000000000000000e+00
1.981600000000000000e+04 0.000000000000000000e+00
1.983775000000000000e+04 0.000000000000000000e+00
1.985950000000000000e+04 0.000000000000000000e+00
1.988125000000000000e+04 0.000000000000000000e+00
1.990300000000000000e+04 0.000000000000000000e+00
1.992475000000000000e+04 0.000000000000000000e+00
1.994650000000000000e+04 0.000000000000000000e+00
1.996825000000000000e+04 0.000000000000000000e+00
1.999000000000000000e+04 0.000000000000000000e+00
2.001175000000000000e+04 0.000000000000000000e+00
2.003350000000000000e+04 0.000000000000000000e+00
2.005525000000000000e+04 0.000000000000000000e+00
2.007700000000000000e+04 0.000000000000000000e+00
2.009875000000000000e+04 0.000000000000000000e+00
2.012050000000000000e+04 0.000000000000000000e+00
2.014225000000000000e+04 0.000000000000000000e+00
2.016400000000000000e+04 0.000000000000000000e+00
2.018575000000000000e+04 0.000000000000000000e+00
2.020750000000000000e+04 0.000000000000000000e+00
2.022925000000000000e+04 0.000000000000000000e+00
2.025100000000000000e+04 0.000000000000000000e+00
2.027275000000000000e+04 0.000000000000000000e+00
2.029450000000000000e+04 0.000000000000000000e+00
2.031625000000000000e+04 0.000000000000000000e+00
2.033800000000000000e+04 0.000000000000000000e+00
2.035975000000000000e+04 0.000000000000000000e+00
2.038150000000000000e+04 0.000000000000000000e+00
2.040325000000000000e+04 0.000000000000000000e+00
2.042500000000000000e+04 0.000000000000000000e+00
2.044675000000000000e+04 0.000000000000000000e+00
2.046850000000000000e+04 0.000000000000000000e+00
2.049025000000000000e+04 0.000000000000000000e+00
2.051200000000000000e+04 0.000000000000000000e+00
2.053375000000000000e+04 0.000000000000000000e+00
2.055550000000000000e+04 0.000000000000000000e+00
2.057725000000000000e+04 0.000000000000000000e+00
2.059900000000000000e+04 0.000000000000000000e+00
2.062075000000000000e+04 0.000000000000000000e+00
2.064250000000000000e+04 0.000000000000000000e+00
2.066425000000000000e+04 0.000000000000000000e+00
2.068600000000000000e+04 0.000000000000000000e+00
2.070775000000000000e+04 0.000000000000000000e+00
2.072950000000000000e+04 0.000000000000000000e+00
2.075125000000000000e+04 0.000000000000000000e+00
2.077300000000000000e+04 0.000000000000000000e+00
2.079475000000000000e+04 0.000000000000000000e+00
2.081650000000000000e+04 0.000000000000000000e+00
2.083825000000000000e+04 0.000000000000000000e+00
2.086000000000000000e+04 0.000000000000000000e+00
2.088175000000000000e+04 0.000000000000000000e+00
2.090350000000000000e+04 0.000000000000000000e+00
2.092525000000000000e+04 0.000000000000000000e+00
2.094700000000000000e+04 0.000000000000000000e+00
2.096875000000000000e+04 0.000000000000000000e+00
2.099050000000000000e+04 0.000000000000000000e+00
2.101225000000000000e+04 0.000000000000000000e+00
2.103400000000000000e+04 0.000000000000000000e+00
2.105575000000000000e+04 0.000000000000000000e+00
2.107750000000000000e+04 0.000000000000000000e+00
2.109925000000000000e+04 0.000000000000000000e+00
2.112100000000000000e+04 0.000000000000000000e+00
2.114275000000000000e+04 0.000000000000000000e+00
2.116450000000000000e+04 0.000000000000000000e+00
2.118625000000000000e+04 0.000000000000000000e+00
2.120800000000000000e+04 0.000000000000000000e+00
2.122975000000000000e+04 0.000000000000000000e+00
2.125150000000000000e+04 0.000000000000000000e+00
2.127325000000000000e+04 0.000000000000000000e+00
2.129500000000000000e+04 0.000000000000000000e+00
2.131675000000000000e+04 0.000000000000000000e+00
2.133850000000000000e+04 0.000000000000000000e+00
2.136025000000000000e+04 0.000000000000000000e+00
2.138200000000000000e+04 0.000000000000000000e+00
2.140375000000000000e+04 0.000000000000000000e+00
2.142550000000000000e+04 0.000000000000000000e+00
2.144725000000000000e+04 0.000000000000000000e+00
2.146900000000000000e+04 0.000000000000000000e+00
2.149075000000000000e+04 0.000000000000000000e+00
2.151250000000000000e+04 0.000000000000000000e+00
2.153425000000000000e+04 0.000000000000000000e+00
2.155600000000000000e+04 0.000000000000000000e+00
2.157775000000000000e+04 0.000000000000000000e+00
2.159950000000000000e+04 0.000000000000000000e+00
2.162125000000000000e+04 0.000000000000000000e+00
2.164300000000000000e+04 0.000000000000000000e+00
2.166475000000000000e+04 0.000000000000000000e+00
2.168650000000000000e+04 0.000000000000000000e+00
2.170825000000000000e+04 0.000000000000000000e+00
2.173000000000000000e+04 0.000000000000000000e+00
2.175175000000000000e+04 0.000000000000000000e+00
2.177350000000000000e+04 0.000000000000000000e+00
2.179525000000000000e+04 0.000000000000000000e+00
2.181700000000000000e+04 0.000000000000000000e+00
2.183875000000000000e+04 0.000000000000000000e+00
2.186050000000000000e+04 0.000000000000000000e+00
2.188225000000000000e+04 0.000000000000000000e+00
2.190400000000000000e+04 0.000000000000000000e+00
2.192575000000000000e+04 0.000000000000000000e+00
2.194750000000000000e+04 0.000000000000000000e+00
2.196925000000000000e+04 0.000000000000000000e+00
2.199100000000000000e+04 0.000000000000000000e+00
2.201275000000000000e+04 0.000000000000000000e+00
2.203450000000000000e+04 0.000000000000000000e+00
2.205625000000000000e+04 0.000000000000000000e+00
2.207800000000000000e+04 0.000000000000000000e+00
2.209975000000000000e+04 0.000000000000000000e+00
2.212150000000000000e+04 0.000000000000000000e+00
2.214325000000000000e+04 0.000000000000000000e+00
2.216500000000000000e+04 0.000000000000000000e+00
2.218675000000000000e+04 0.000000000000000000e+00
2.220850000000000000e+04 0.000000000000000000e+00
2.223025000000000000e+04 0.000000000000000000e+00
