1	0	0
2	0	0
3	0	0
4	0	0
5	0	0
6	0	0
7	0	0
8	0	0
9	0	0
10	0	4148.21703542499
11	0	4882.83687614791
12	0	5664.52953687227
13	0	6478.68344330704
14	0	7308.24351836912
15	0	8134.59055318771
16	0	8938.59323037955
17	0	9701.87115896027
18	0	10407.8306603133
19	0	11042.6175597142
20	0	11595.9442349333
21	0	12061.0792562371
22	0	12435.3381643017
23	0	12720.0000453028
24	0	12919.3168130901
25	0	13040.1270646085
26	0	13091.3415439736
27	0	13082.7434124561
28	0	13024.4745619827
29	0	12926.3610454434
30	0	12797.4253399671
31	0	12645.5993715937
32	0	12477.5430826413
33	0	12298.5787054103
34	0	12112.8192763194
35	0	11923.2803376232
36	0	11732.081722963
37	0	11540.6302965972
38	0	11349.8194994823
39	0	11160.2011342334
40	0	10972.1324727012
41	0	10785.8742067695
42	0	10601.6609010984
43	0	10419.7509777817
44	0	10240.4140817683
45	0	10063.9528416418
46	0	9890.67451812459
47	0	9720.9041198082
48	0	9554.91513253623
49	0	9392.96458185219
50	0	9235.25357682073
51	0	9081.82753752199
52	0	8933.02697403506
53	0	8788.73323574723
54	0	8648.96851932619
55	0	8513.64885744104
56	0	8382.70250556416
57	0	8255.99383117813
58	0	8133.39993626616
59	0	8014.73673773219
60	0	7899.87060462281
61	0	7788.63112799903
62	0	7680.82100633547
63	0	7576.32796320781
64	0	7474.97819636774
65	0	7376.66041493132
66	0	7281.22475916978
67	0	7188.58213496538
68	0	7098.60279711141
69	0	7011.22670590739
70	0	6926.32606887593
71	0	6843.82913983961
72	0	6763.67903324097
73	0	6685.78590603348
74	0	6610.10641415603
75	0	6536.56652504193
76	0	6465.11782203787
77	0	6395.67543579689
78	0	6328.20965340897
79	0	6262.65729155356
80	0	6198.95236226655
81	0	6137.05832148041
82	0	6076.90991069721
83	0	6018.45772689718
84	0	5961.62361906677
85	0	5906.36891499697
86	0	5852.62898202412
87	0	5800.33505278015
88	0	5749.44502637858
89	0	5699.88149266236
90	0	5651.60371719166
91	0	5604.56270840376
92	0	5558.6277501941
93	0	5513.71370963309
94	0	5469.94498827665
95	0	5427.26706081116
96	0	5385.56209398303
97	0	5344.69377081171
98	0	5304.58848962872
99	0	5265.36117101578
100	0	5227.07017974332
101	0	5189.62603847832
102	0	5152.94137039642
103	0	5116.93103965553
104	0	5081.61719529375
105	0	5047.09632657209
106	0	5013.32178415973
107	0	4980.22595438456
108	0	4947.81038958639
109	0	4916.05699102681
110	0	4884.98598491641
111	0	4854.56657559552
112	0	4824.73207816737
113	0	4795.44488468677
114	0	4766.77077600493
115	0	4738.74500439382
116	0	4711.30415427063
117	0	4684.37380930287
118	0	4657.90225913582
119	0	4631.84057876991
120	0	4606.27588799663
121	0	4581.25860765811
122	0	4556.74000480091
123	0	4532.66298109487
124	0	4508.9797901216
125	0	4485.6539404197
126	0	4462.74801266776
127	0	4440.29558451071
128	0	4418.26171179871
129	0	4396.60655231668
130	0	4375.33334285892
131	0	4354.44312146596
132	0	4333.93188445412
133	0	4313.80925244456
134	0	4294.04182649214
135	0	4274.59499249739
136	0	4255.44256501376
137	0	4236.66706463232
138	0	4218.25970818242
139	0	4200.17967881608
140	0	4182.38673189712
141	0	4164.84679143041
142	0	4147.52756572978
143	0	4130.45843003152
144	0	4113.67583021811
145	0	4097.21579477963
146	0	4081.0111311697
147	0	4065.03131635099
148	0	4049.25003913711
149	0	4033.65354408298
150	0	4018.29515746707
151	0	4003.18728113755
152	0	3988.30955297383
153	0	3973.6404600582
154	0	3959.17825637046
155	0	3944.93383860853
156	0	3930.89833722494
157	0	3917.08755161384
158	0	3903.49021273357
159	0	3890.08659358132
160	0	3876.86128258933
161	0	3863.81704814269
162	0	3851.00011044733
163	0	3838.38987119811
164	0	3825.97914300261
165	0	3813.73739906845
166	0	3801.64447542558
167	0	3789.68042723229
168	0	3777.85272964856
169	0	3766.18859337181
170	0	3754.73016416762
171	0	3743.43090432306
172	0	3732.2724072353
173	0	3721.23780162045
174	0	3710.31231356146
175	0	3699.49889265266
176	0	3688.83721564144
177	0	3678.32341680727
178	0	3667.94632657983
179	0	3657.69510132954
180	0	3647.56870515958
181	0	3637.57671267131
182	0	3627.71327986671
183	0	3617.98850074234
184	0	3608.40101325765
185	0	3598.93980351387
186	0	3589.59425492145
187	0	3580.35878364456
188	0	3571.25639478589
189	0	3562.29835699608
190	0	3553.47149669817
191	0	3544.75208236365
192	0	3536.14484350224
193	0	3527.62968835239
194	0	3519.1944342727
195	0	3510.8253905908
196	0	3502.60120558157
197	0	3494.48553463323
198	0	3486.46853680041
199	0	3478.53945265364
200	0	3470.6882596211
201	0	3462.90631051172
202	0	3455.18973224746
203	0	3447.55971664639
204	0	3440.02465631432
205	0	3432.57749942179
206	0	3425.21333282807
207	0	3417.92787876308
208	0	3410.72693642462
209	0	3403.61211547981
210	0	3396.58185701073
211	0	3389.64505068381
212	0	3382.79831752288
213	0	3376.03625599828
214	0	3369.35322806988
215	0	3362.74764395979
216	0	3356.23264084384
217	0	3349.81307298778
218	0	3343.48212253643
219	0	3337.23294852983
220	0	3331.04569492805
221	0	3324.93230513623
222	0	3318.87669814455
223	0	3312.85624146611
224	0	3306.93332131166
225	0	3301.08083905662
226	0	3295.29245872748
227	0	3289.56191906148
228	0	3283.88411537926
229	0	3278.25366122821
230	0	3272.66626991221
231	0	3267.12381845394
232	0	3261.63760492908
233	0	3256.20861047354
234	0	3250.83376250838
235	0	3245.51157471244
236	0	3240.24126232395
237	0	3235.02696549416
238	0	3229.86973812985
239	0	3224.7694402635
240	0	3219.73149257787
241	0	3214.7550111755
242	0	3209.83814054351
243	0	3204.97853345897
244	0	3200.17638355936
245	0	3195.43525501535
246	0	3190.75852699652
247	0	3186.14313256594
248	0	3181.58551554142
249	0	3177.08173791552
250	0	3172.62863065213
251	0	3168.20641593618
252	0	3163.83807519343
253	0	3159.49608808785
254	0	3155.22010654416
255	0	3150.98549244958
256	0	3146.78911287082
257	0	3142.62814199293
258	0	3138.49968011331
259	0	3134.40247867001
260	0	3130.33483162766
261	0	3126.29757566591
262	0	3122.29483596955
263	0	3118.32585204866
264	0	3114.39089086067
265	0	3110.49066496559
266	0	3106.62624781407
267	0	3102.79961582647
268	0	3099.01217886505
269	0	3095.26530364653
270	0	3091.56005977925
271	0	3087.89854591006
272	0	3084.28097377501
273	0	3080.70705464494
274	0	3077.17881062545
275	0	3073.6948514152
276	0	3070.25451139049
277	0	3066.85699129886
278	0	3063.5012060668
279	0	3060.18581443727
280	0	3056.90991614664
281	0	3053.65886668748
282	0	3050.45139899418
283	0	3047.25953452326
284	0	3044.11522543754
285	0	3040.99551938923
286	0	3037.89918804991
287	0	3034.82524634265
288	0	3031.77310126612
289	0	3028.7421056641
290	0	3025.73304530511
291	0	3022.74512384559
292	0	3019.77486712755
293	0	3016.82191750086
294	0	3013.88913317094
295	0	3010.97801591921
296	0	3008.09077084164
297	0	3005.22844739632
298	0	3002.39153299402
299	0	2999.58263810126
300	0	2996.80253057301
301	0	2994.0514678056
302	0	2991.33127724105
303	0	2988.64560234956
304	0	2985.99569005329
305	0	2983.381793942
306	0	2980.80006291422
307	0	2978.24739388667
308	0	2975.72468315533
309	0	2973.23256429894
310	0	2970.77139784066
311	0	2968.34199305913
312	0	2965.9316859492
313	0	2963.55972962229
314	0	2961.195928429
315	0	2958.86509040917
316	0	2956.54692783405
317	0	2954.24175675422
318	0	2951.95004813189
319	0	2949.6726297605
320	0	2947.41078705157
321	0	2945.16544557763
322	0	2942.93621892057
323	0	2940.71456296751
324	0	2938.49979997255
325	0	2936.2960824745
326	0	2934.10609838484
327	0	2931.93299787085
328	0	2929.77742032548
329	0	2927.63864008975
330	0	2925.5202195371
331	0	2923.42261296955
332	0	2921.34502787412
333	0	2919.29014239827
334	0	2917.26274043902
335	0	2915.26447234998
336	0	2913.29873455358
337	0	2911.35663654573
338	0	2909.43342623517
339	0	2907.53104957023
340	0	2905.65146230692
341	0	2903.79623305139
342	0	2901.9667615249
343	0	2900.1541731697
344	0	2898.37629894418
345	0	2896.61774137207
346	0	2894.85277368865
347	0	2893.10774192909
348	0	2891.36775466049
349	0	2889.63434131648
350	0	2887.90913970744
351	0	2886.19435377977
352	0	2884.49235341848
353	0	2882.80318383996
354	0	2881.11655629552
355	0	2879.42905239373
356	0	2877.74360850542
357	0	2876.06547783274
358	0	2874.39821163765
359	0	2872.74370073922
360	0	2871.0993558437
361	0	2869.46862386923
362	0	2867.85379030468
363	0	2866.25236237936
364	0	2864.66755082791
365	0	2863.10313724256
366	0	2861.56461561269
367	0	2860.0536237353
368	0	2858.56565894467
369	0	2857.08984292177
370	0	2855.62811209229
371	0	2854.18338824933
372	0	2852.75841711699
373	0	2851.35548184169
374	0	2849.96755975248
375	0	2848.61222091709
376	0	2847.27864215277
377	0	2845.93389962913
378	0	2844.60515421541
379	0	2843.27601641701
380	0	2841.94870785191
381	0	2840.62556888616
382	0	2839.30924977114
383	0	2838.00288536119
384	0	2836.70885581167
385	0	2835.41669091723
386	0	2834.11826104438
387	0	2832.81655532228
388	0	2831.51541843593
389	0	2830.22087376608
390	0	2828.93585306377
391	0	2827.65698289154
392	0	2826.38574932254
393	0	2825.12642587017
394	0	2823.8758730731
395	0	2822.63604896338
396	0	2821.41129339482
397	0	2820.20758775053
398	0	2819.02881486474
399	0	2817.87140744932
400	0	2816.7223707176
401	0	2815.58121007145
402	0	2814.45142745398
403	0	2813.33660000177
404	0	2812.24003674623
405	0	2811.1645410094
406	0	2810.10207483938
407	0	2809.07078670252
408	0	2808.04324330214
409	0	2806.99691770031
410	0	2805.96145479054
411	0	2804.92362973133
412	0	2803.88656161428
413	0	2802.85334920534
414	0	2801.82767885899
415	0	2800.81323116262
416	0	2799.80265226535
417	0	2798.78234571477
418	0	2797.75491480974
419	0	2796.72498716167
420	0	2795.69735963452
421	0	2794.67801134221
422	0	2793.66350278505
423	0	2792.65309589769
424	0	2791.65210085412
425	0	2790.65810579192
426	0	2789.67132841269
427	0	2788.69749775998
428	0	2787.74112485558
429	0	2786.80855987677
430	0	2785.89803169291
431	0	2784.99441757525
432	0	2784.0948501835
433	0	2783.20345810356
434	0	2782.32415676742
435	0	2781.46090182162
436	0	2780.61717603875
437	0	2779.78583713917
438	0	2778.98572518381
439	0	2778.18994967308
440	0	2777.37106851521
441	0	2776.56072621569
442	0	2775.74523165831
443	0	2774.92785370058
444	0	2774.11218063656
445	0	2773.30214345125
446	0	2772.50203403264
447	0	2771.70596754447
448	0	2770.89656449991
449	0	2770.07688290014
450	0	2769.25210909608
451	0	2768.42753168268
452	0	2767.6083106724
453	0	2766.7925177625
454	0	2765.97795386012
455	0	2765.17032979798
456	0	2764.36720093739
457	0	2763.56841038322
458	0	2762.7803623524
459	0	2762.00831187942
460	0	2761.25869481583
461	0	2760.53068627563
462	0	2759.80488614326
463	0	2759.08095338387
464	0	2758.36291055739
465	0	2757.65511721779
466	0	2756.96192671284
467	0	2756.28747792149
468	0	2755.62506565279
469	0	2754.9933420463
470	0	2754.36226149995
471	0	2753.70565819844
472	0	2753.05456617335
473	0	2752.397583515
474	0	2751.7376539929
475	0	2751.07880420612
476	0	2750.42531617191
477	0	2749.78173381233
478	0	2749.13863108457
479	0	2748.47943449177
480	0	2747.80863854141
481	0	2747.13218508962
482	0	2746.45590455942
483	0	2745.78497377316
484	0	2745.114140117
485	0	2744.44429472462
486	0	2743.78044800161
487	0	2743.11829671831
488	0	2742.45995368084
489	0	2741.81246378244
490	0	2741.18161985188
491	0	2740.57395351256
492	0	2739.98343128026
493	0	2739.39029006074
494	0	2738.79816312262
495	0	2738.21143274679
496	0	2737.63500676429
497	0	2737.07346755211
498	0	2736.53132414317
499	0	2736.00163928197
500	0	2735.49926308908
501	0	2734.98777728746
502	0	2734.44996385213
503	0	2733.91644933957
504	0	2733.37719959034
505	0	2732.83566478902
506	0	2732.29618167849
507	0	2731.76352327287
508	0	2731.24025327346
509	0	2730.70742636193
510	0	2730.15760382294
511	0	2729.59661735132
512	0	2729.03204067933
513	0	2728.46997369459
514	0	2727.91212603451
515	0	2727.35153592194
516	0	2726.79409322459
517	0	2726.24044536223
518	0	2725.68668480997
519	0	2725.1391320024
520	0	2724.60472996494
521	0	2724.09090890143
522	0	2723.60037983491
523	0	2723.11406800372
524	0	2722.62377896
525	0	2722.13452949991
526	0	2721.65317495367
527	0	2721.18418042997
528	0	2720.73232071096
529	0	2720.29258404586
530	0	2719.88408895827
531	0	2719.47649394409
532	0	2719.03843786252
533	0	2718.60297396457
534	0	2718.15898164307
535	0	2717.71070542217
536	0	2717.26256959486
537	0	2716.81926956061
538	0	2716.38564453222
539	0	2715.94913568909
540	0	2715.49328440325
541	0	2715.02294266576
542	0	2714.54584702647
543	0	2714.06921615676
544	0	2713.59747381838
545	0	2713.1235675718
546	0	2712.64918538425
547	0	2712.179124068
548	0	2711.70749268029
549	0	2711.23945737204
550	0	2710.78290104948
551	0	2710.34486489524
552	0	2709.93136779029
553	0	2709.5254414945
554	0	2709.1135510546
555	0	2708.7004599224
556	0	2708.29363789307
557	0	2707.89809831498
558	0	2707.51899890234
559	0	2707.15125633725
560	0	2706.81644194767
561	0	2706.48379796886
562	0	2706.13281703125
563	0	2705.75541814312
564	0	2705.38118252025
565	0	2705.00230764836
566	0	2704.62347624284
567	0	2704.24936264188
568	0	2703.88477507311
569	0	2703.51593671041
570	0	2703.1262961651
571	0	2702.72137106926
572	0	2702.30846393652
573	0	2701.89618448449
574	0	2701.48866999541
575	0	2701.07806849959
576	0	2700.66685370233
577	0	2700.25856755193
578	0	2699.84750192233
579	0	2699.44016633653
580	0	2699.04483867229
581	0	2698.66897332197
582	0	2698.31736706111
583	0	2697.96810735727
584	0	2697.61213171942
585	0	2697.25497113206
586	0	2696.9045334585
587	0	2696.566200362
588	0	2696.24553947957
589	0	2695.93774012421
590	0	2695.66016043503
591	0	2695.37521987654
592	0	2695.07072241113
593	0	2694.74052189422
594	0	2694.41363769
595	0	2694.08338810588
596	0	2693.75516477571
597	0	2693.43385970056
598	0	2693.1207677602
599	0	2692.79280712469
600	0	2692.44436606188
601	0	2692.08289733471
602	0	2691.71638070248
603	0	2691.35369752591
604	0	2690.9932325694
605	0	2690.62968626549
606	0	2690.26868078583
607	0	2689.90589277881
608	0	2689.5427865276
609	0	2689.18765502675
610	0	2688.84908746722
611	0	2688.53448036322
612	0	2688.23575538098
613	0	2687.93046257244
614	0	2687.62133738099
615	0	2687.31459175174
616	0	2687.01837815602
617	0	2686.73831249168
618	0	2686.47053748092
619	0	2686.2364121163
620	0	2686.00684052103
621	0	2685.75745112864
622	0	2685.47864748244
623	0	2685.20228709903
624	0	2684.9195717055
625	0	2684.63780983943
626	0	2684.36265846653
627	0	2684.09754650173
628	0	2683.82310199035
629	0	2683.52593260202
630	0	2683.21285527679
631	0	2682.89247449602
632	0	2682.57343777081
633	0	2682.258027004
634	0	2681.93951715554
635	0	2681.62234105399
636	0	2681.30318703166
637	0	2680.98162364901
638	0	2680.66605872209
639	0	2680.36563950306
640	0	2680.08896100627
641	0	2679.82845962402
642	0	2679.56184780241
643	0	2679.28977528479
644	0	2679.01922033092
645	0	2678.75687937207
646	0	2678.51088593902
647	0	2678.28692212789
648	0	2678.07791407173
649	0	2677.88056728135
650	0	2677.66231891125
651	0	2677.41363801093
652	0	2677.16683749285
653	0	2676.9135445616
654	0	2676.6616172038
655	0	2676.41769582758
656	0	2676.18374536735
657	0	2675.93558993955
658	0	2675.6645601553
659	0	2675.37842846373
660	0	2675.08636216141
661	0	2674.79724957172
662	0	2674.50991216301
663	0	2674.22084564412
664	0	2673.9344047362
665	0	2673.64418214516
666	0	2673.35253993705
667	0	2673.07014693286
668	0	2672.80597875562
669	0	2672.56692179786
670	0	2672.33557269944
671	0	2672.09670032098
672	0	2671.85438026452
673	0	2671.61579257316
674	0	2671.38785611127
675	0	2671.17886207662
676	0	2670.98479274252
677	0	2670.81931370834
678	0	2670.63960934732
679	0	2670.43802475264
680	0	2670.20784953891
681	0	2669.97938432661
682	0	2669.74705401441
683	0	2669.51792242929
684	0	2669.29897813877
685	0	2669.07752714412
686	0	2668.82949871373
687	0	2668.55990002048
688	0	2668.27748918399
689	0	2667.99213470188
690	0	2667.70799301375
691	0	2667.4186244356
692	0	2667.12940518678
693	0	2666.83623264998
694	0	2666.53607681188
695	0	2666.23832579031
696	0	2665.95414170208
697	0	2665.6924850996
698	0	2665.44261394167
699	0	2665.18391348105
700	0	2664.91981832915
701	0	2664.6565754905
702	0	2664.40254922226
703	0	2664.16543084307
704	0	2663.94494617233
705	0	2663.75695191425
706	0	2663.55987177437
707	0	2663.34306600459
708	0	2663.10034625364
709	0	2662.86398934779
710	0	2662.62792290149
711	0	2662.40169814679
712	0	2662.1935182
713	0	2661.99131127467
714	0	2661.77032235568
715	0	2661.53686608321
716	0	2661.30066878266
717	0	2661.07252272752
718	0	2660.85589495153
719	0	2660.64426100068
720	0	2660.44549170714
721	0	2660.25304649796
722	0	2660.06511196117
723	0	2659.89200500121
724	0	2659.74359458746
725	0	2659.62865752712
726	0	2659.52675072562
727	0	2659.42243501877
728	0	2659.32083969546
729	0	2659.22701423762
730	0	2659.14791037638
731	0	2659.0820259096
732	0	2659.0511547635
733	0	2659.03557106911
734	0	2658.99779840488
735	0	2658.9361719185
736	0	2658.84424393686
737	0	2658.75165790661
738	0	2658.65310571108
739	0	2658.55613056625
740	0	2658.46438625252
741	0	2658.34928198443
742	0	2658.20019029713
743	0	2658.02611262077
744	0	2657.83704083284
745	0	2657.64239964147
746	0	2657.43633897822
747	0	2657.22145084632
748	0	2657.00125164435
749	0	2656.76708648787
750	0	2656.52691234541
751	0	2656.29269804367
752	0	2656.07558475757
753	0	2655.87076054633
754	0	2655.65234155656
755	0	2655.42492028059
756	0	2655.19635115198
757	0	2654.97444418161
758	0	2654.76763217056
759	0	2654.57734714265
760	0	2654.41693971624
761	0	2654.2409233522
762	0	2654.04166697918
763	0	2653.81432888509
764	0	2653.59188295843
765	0	2653.36818806077
766	0	2653.15357719308
767	0	2652.95477479162
768	0	2652.74706260509
769	0	2652.51522422114
770	0	2652.2683406
771	0	2652.0170363775
772	0	2651.77155998511
773	0	2651.52689396797
774	0	2651.28404042022
775	0	2651.04783548902
776	0	2650.80933781865
777	0	2650.5757316693
778	0	2650.3582960088
779	0	2650.16830897332
780	0	2649.99651841871
781	0	2649.81675256333
782	0	2649.63508620927
783	0	2649.45919603118
784	0	2649.2964259115
785	0	2649.15469408095
786	0	2649.03273120735
787	0	2648.93850741551
788	0	2648.82359220913
789	0	2648.68638521488
790	0	2648.52258093
791	0	2648.36387376419
792	0	2648.20492075753
793	0	2648.05598554025
794	0	2647.9180619725
795	0	2647.75854644647
796	0	2647.57405236506
797	0	2647.37499044613
798	0	2647.17235786911
799	0	2646.97264659945
800	0	2646.76801491855
801	0	2646.56614139369
802	0	2646.36334083468
803	0	2646.15787147696
804	0	2645.96037591055
805	0	2645.78239081908
806	0	2645.63117101688
807	0	2645.47865055265
808	0	2645.31643576072
809	0	2645.15515169389
810	0	2645.00274521464
811	0	2644.86762839964
812	0	2644.74943691414
813	0	2644.66672064058
814	0	2644.57508090684
815	0	2644.45651976018
816	0	2644.30695603275
817	0	2644.1606834045
818	0	2644.01076338139
819	0	2643.86786464627
820	0	2643.73873828682
821	0	2643.59610160034
822	0	2643.42507415156
823	0	2643.23684412036
824	0	2643.04276415184
825	0	2642.85159406569
826	0	2642.6557722355
827	0	2642.46068631658
828	0	2642.26626830591
829	0	2642.06842665432
830	0	2641.87803100067
831	0	2641.70698408415
832	0	2641.56353288628
833	0	2641.42050168684
834	0	2641.26644649761
835	0	2641.1125634136
836	0	2640.96820183139
837	0	2640.84206140104
838	0	2640.73451121218
839	0	2640.66242436319
840	0	2640.57825813997
841	0	2640.46591640899
842	0	2640.33471499652
843	0	2640.18357973307
844	0	2640.0420255572
845	0	2639.90943083208
846	0	2639.78959420503
847	0	2639.64942607838
848	0	2639.48143710546
849	0	2639.29821741338
850	0	2639.1126344394
851	0	2638.92939249147
852	0	2638.74033384003
853	0	2638.55414490411
854	0	2638.3657093375
855	0	2638.1765762342
856	0	2637.99992178233
857	0	2637.84849086033
858	0	2637.72046519002
859	0	2637.58226667962
860	0	2637.4355792554
861	0	2637.29403188948
862	0	2637.16680291366
863	0	2637.06365651211
864	0	2636.98349509521
865	0	2636.92376339942
866	0	2636.83609580049
867	0	2636.72337466662
868	0	2636.58524255792
869	0	2636.45500194418
870	0	2636.32822610276
871	0	2636.21622349163
872	0	2636.09861605211
873	0	2635.94923075096
874	0	2635.77834450034
875	0	2635.60025114937
876	0	2635.42573470273
877	0	2635.24569442477
878	0	2635.06460992738
879	0	2634.8829517687
880	0	2634.69779923867
881	0	2634.5212946721
882	0	2634.36803909528
883	0	2634.24320782179
884	0	2634.11189977057
885	0	2633.96933325578
886	0	2633.82767476766
887	0	2633.70072095738
888	0	2633.59094604754
889	0	2633.51855980608
890	0	2633.46451962265
891	0	2633.38249519193
892	0	2633.27347677133
893	0	2633.13762022796
894	0	2633.01112953974
895	0	2632.88889082927
896	0	2632.78229801537
897	0	2632.66854448136
898	0	2632.52197251486
899	0	2632.35433896161
900	0	2632.18057353494
901	0	2632.01162287366
902	0	2631.83652452517
903	0	2631.66148575456
904	0	2631.48351722075
905	0	2631.30370306383
906	0	2631.13596330675
907	0	2630.99511269655
908	0	2630.87855604196
909	0	2630.74868643471
910	0	2630.60954249332
911	0	2630.47496969732
912	0	2630.35874459918
913	0	2630.26374492097
914	0	2630.20914445784
915	0	2630.15409525556
916	0	2630.0670953328
917	0	2629.95780133104
918	0	2629.82990317003
919	0	2629.72071577195
920	0	2629.63071670004
921	0	2629.56700804212
922	0	2629.49751824878
923	0	2629.43176454127
924	0	2629.40097580725
925	0	2629.44544936858
926	0	2629.59152261743
927	0	2629.87746374632
928	0	2630.36249803922
929	0	2631.11067570856
930	0	2632.21979946963
931	0	2633.80994929709
932	0	2636.0133093306
933	0	2638.93506935014
934	0	2642.71936664964
935	0	2647.54382075636
936	0	2653.5894363715
937	0	2661.02651569095
938	0	2669.99792057904
939	0	2680.60243100805
940	0	2692.85717700516
941	0	2706.78448132266
942	0	2722.33944584239
943	0	2739.4486129587
944	0	2757.92635395484
945	0	2777.53234385094
946	0	2797.92632819283
947	0	2818.7618029953
948	0	2839.68823042481
949	0	2860.3473927009
950	0	2880.377123625
951	0	2899.44515502322
952	0	2917.27501728011
953	0	2933.6394245068
954	0	2948.40323430994
955	0	2961.49970246139
956	0	2972.91024543112
957	0	2982.63952177052
958	0	2990.77925128551
959	0	2997.46387252954
960	0	3002.85537125748
961	0	3007.12947311166
962	0	3010.47438885401
963	0	3013.00317914954
964	0	3014.8326295453
965	0	3016.09874909315
966	0	3016.961272304
967	0	3017.515429598
968	0	3017.85620763483
969	0	3018.03429923005
970	0	3018.05468922516
971	0	3017.96673045044
972	0	3017.8190003686
973	0	3017.63356415478
974	0	3017.40857002193
975	0	3017.17128428983
976	0	3016.91663652496
977	0	3016.64926801423
978	0	3016.39327014971
979	0	3016.16757342971
980	0	3015.94979854511
981	0	3015.7166004965
982	0	3015.48557677522
983	0	3015.26851003034
984	0	3015.07851216483
985	0	3014.93616516797
986	0	3014.81272790637
987	0	3014.65027151519
988	0	3014.45384290886
989	0	3014.23551529309
990	0	3014.02680440353
991	0	3013.8286533424
992	0	3013.64015182016
993	0	3013.41556769368
994	0	3013.15824421137
995	0	3012.88732581616
996	0	3012.6104465933
997	0	3012.31162131103
998	0	3011.98745444994
999	0	3011.60496179072
1000	0	3011.13513389681
1001	0	3010.55479923542
1002	0	3009.81561961589
1003	0	3008.80914172173
1004	0	3007.39195375204
1005	0	3005.43507564726
1006	0	3002.77443398383
1007	0	2999.21264026062
1008	0	2994.51198388201
1009	0	2988.38751336558
1010	0	2980.5239807747
1011	0	2970.68546678902
1012	0	2958.67438396935
1013	0	2944.40017516819
1014	0	2927.82865498874
1015	0	2909.03361543457
1016	0	2888.18009271889
1017	0	2865.61982154983
1018	0	2841.82533768375
1019	0	2817.34394483705
1020	0	2792.75398788957
1021	0	2768.65939016173
1022	0	2745.61089467682
1023	0	2724.10773754669
1024	0	2704.55080729442
1025	0	2687.19800228014
1026	0	2672.14424425996
1027	0	2659.3880047781
1028	0	2648.85161182537
1029	0	2640.3703884592
1030	0	2633.73371108343
1031	0	2628.67492668494
1032	0	2624.86279272611
1033	0	2622.03846872515
1034	0	2619.97814890717
1035	0	2618.5349438943
1036	0	2617.54827497127
1037	0	2616.89375882293
1038	0	2616.42128884446
1039	0	2616.06467503529
1040	0	2615.797763632
1041	0	2615.59744725241
1042	0	2615.4290672621
1043	0	2615.28403097238
1044	0	2615.14402820163
1045	0	2615.01346378125
1046	0	2614.91082724629
1047	0	2614.84516260001
1048	0	2614.76942618336
1049	0	2614.67513787197
1050	0	2614.58237842216
1051	0	2614.51125873331
1052	0	2614.47436176231
1053	0	2614.47601164076
1054	0	2614.4443334555
1055	0	2614.3711605802
1056	0	2614.26243633623
1057	0	2614.16790294153
1058	0	2614.08895495508
1059	0	2614.02066906868
1060	0	2613.91087237212
1061	0	2613.76674180769
1062	0	2613.61215559774
1063	0	2613.45988114239
1064	0	2613.29914032086
1065	0	2613.13698179884
1066	0	2612.96405614212
1067	0	2612.79883974054
1068	0	2612.66624652562
1069	0	2612.56176537055
1070	0	2612.43670748204
1071	0	2612.30098353035
1072	0	2612.17687198609
1073	0	2612.08676638124
1074	0	2612.04077384891
1075	0	2612.01123003396
1076	0	2611.93800234503
1077	0	2611.83372308375
1078	0	2611.70705516911
1079	0	2611.60507548409
1080	0	2611.52981778009
1081	0	2611.43632074532
1082	0	2611.30059798988
1083	0	2611.14589434883
1084	0	2610.99480605628
1085	0	2610.83986580694
1086	0	2610.6844815371
1087	0	2610.52149034873
1088	0	2610.35968725979
1089	0	2610.2257304865
1090	0	2610.13120279344
1091	0	2610.02488791679
1092	0	2609.90247596331
1093	0	2609.7869699908
1094	0	2609.69837650787
1095	0	2609.66135527684
1096	0	2609.64754329876
1097	0	2609.5910069179
1098	0	2609.48239606979
1099	0	2609.37846591324
1100	0	2609.28096229197
1101	0	2609.20793266404
1102	0	2609.11544081741
1103	0	2608.97701034958
1104	0	2608.81516404901
1105	0	2608.65239282967
1106	0	2608.48020904111
1107	0	2608.30273052697
1108	0	2608.11094058961
1109	0	2607.91821980198
1110	0	2607.75248492513
1111	0	2607.61543672508
1112	0	2607.45678450195
1113	0	2607.28348109144
1114	0	2607.12041196247
1115	0	2606.99006720853
1116	0	2606.91502231733
1117	0	2606.84032370941
1118	0	2606.72506961816
1119	0	2606.58422589894
1120	0	2606.42971836986
1121	0	2606.31238318659
1122	0	2606.21706831945
1123	0	2606.08764126857
1124	0	2605.92923000397
1125	0	2605.76680079781
1126	0	2605.60837752986
1127	0	2605.44871952357
1128	0	2605.28722429413
1129	0	2605.12250932904
1130	0	2604.98034139554
1131	0	2604.88071560904
1132	0	2604.77868254765
1133	0	2604.66088683944
1134	0	2604.54747510565
1135	0	2604.46390451483
1136	0	2604.42812429279
1137	0	2604.41323944254
1138	0	2604.35639115929
1139	0	2604.26751701439
1140	0	2604.15414380441
1141	0	2604.0689291748
1142	0	2604.00259457936
1143	0	2603.90098815713
1144	0	2603.76473736835
1145	0	2603.61773258814
1146	0	2603.46968617588
1147	0	2603.31542217544
1148	0	2603.15692174646
1149	0	2602.99241718271
1150	0	2602.85084920716
1151	0	2602.74981291987
1152	0	2602.63995588675
1153	0	2602.51584703293
1154	0	2602.40103748287
1155	0	2602.31689275828
1156	0	2602.28877382705
1157	0	2602.26197033462
1158	0	2602.19113373555
1159	0	2602.08029726583
1160	0	2601.9840345602
1161	0	2601.9072000726
1162	0	2601.83530724709
1163	0	2601.71841691598
1164	0	2601.57701537496
1165	0	2601.43498484215
1166	0	2601.28626538605
1167	0	2601.13488701453
1168	0	2600.97391320518
1169	0	2600.81938990738
1170	0	2600.70255541989
1171	0	2600.60682502536
1172	0	2600.48709479359
1173	0	2600.36664912209
1174	0	2600.27106563952
1175	0	2600.22237367562
1176	0	2600.20822867152
1177	0	2600.15118391701
1178	0	2600.06120289184
1179	0	2599.94900484221
1180	0	2599.86720892461
1181	0	2599.80271934149
1182	0	2599.69661767104
1183	0	2599.55698963698
1184	0	2599.41457421181
1185	0	2599.26945260917
1186	0	2599.11818728634
1187	0	2598.95747337292
1188	0	2598.79951221971
1189	0	2598.67779193506
1190	0	2598.58190691843
1191	0	2598.46056651743
1192	0	2598.33626093174
1193	0	2598.23881977621
1194	0	2598.19236114858
1195	0	2598.17638422588
1196	0	2598.11389523351
1197	0	2598.01873667759
1198	0	2597.90588402767
1199	0	2597.8304600184
1200	0	2597.7665854947
1201	0	2597.65362968604
1202	0	2597.51293307226
1203	0	2597.3752469018
1204	0	2597.23394566109
1205	0	2597.08997703223
1206	0	2596.93533561951
1207	0	2596.79544537003
1208	0	2596.70125269037
1209	0	2596.60987785946
1210	0	2596.49662872015
1211	0	2596.3931625574
1212	0	2596.33007227324
1213	0	2596.32402200334
1214	0	2596.30351754309
1215	0	2596.23285899464
1216	0	2596.12574357436
1217	0	2596.04721846994
1218	0	2595.99387093615
1219	0	2595.90748733082
1220	0	2595.77195351576
1221	0	2595.62580209714
1222	0	2595.47736686845
1223	0	2595.32061435516
1224	0	2595.15072304082
1225	0	2594.98092564777
1226	0	2594.84812772818
1227	0	2594.73153698835
1228	0	2594.58594344908
1229	0	2594.44148004016
1230	0	2594.33343069293
1231	0	2594.28342176879
1232	0	2594.23042029973
1233	0	2594.12627228678
1234	0	2593.99966261513
1235	0	2593.87334475746
1236	0	2593.79359999992
1237	0	2593.68571933971
1238	0	2593.53488122856
1239	0	2593.3797560918
1240	0	2593.22724328641
1241	0	2593.07347312036
1242	0	2592.91179488389
1243	0	2592.76286861114
1244	0	2592.66017006354
1245	0	2592.56290837645
1246	0	2592.44406115391
1247	0	2592.33755663014
1248	0	2592.28017915186
1249	0	2592.2766910449
1250	0	2592.23933510755
1251	0	2592.15755705756
1252	0	2592.04813846358
1253	0	2591.98031771245
1254	0	2591.92397871623
1255	0	2591.8145630374
1256	0	2591.67698233207
1257	0	2591.53924674136
1258	0	2591.39528324017
1259	0	2591.24287502799
1260	0	2591.08403045199
1261	0	2590.96004622929
1262	0	2590.86440481058
1263	0	2590.74089043535
1264	0	2590.61532838283
1265	0	2590.527648154
1266	0	2590.5008108777
1267	0	2590.46355920951
1268	0	2590.37370488052
1269	0	2590.24912633392
1270	0	2590.16341872281
1271	0	2590.10074290989
1272	0	2589.99010967112
1273	0	2589.84801871773
1274	0	2589.70937459873
1275	0	2589.56794681177
1276	0	2589.42234936053
1277	0	2589.27183278671
1278	0	2589.16033470407
1279	0	2589.07967451721
1280	0	2588.97280545438
1281	0	2588.86874770947
1282	0	2588.80923801009
1283	0	2588.80841942907
1284	0	2588.78233826164
1285	0	2588.7050962223
1286	0	2588.59783383529
1287	0	2588.53534523435
1288	0	2588.47467313842
1289	0	2588.35622073894
1290	0	2588.21268554081
1291	0	2588.06676267462
1292	0	2587.9145312539
1293	0	2587.74821493149
1294	0	2587.58638339241
1295	0	2587.4664936114
1296	0	2587.34047525505
1297	0	2587.19459138132
1298	0	2587.07213098955
1299	0	2587.00412099507
1300	0	2586.95688231355
1301	0	2586.8563024835
1302	0	2586.70846825209
1303	0	2586.5982215721
1304	0	2586.51499816785
1305	0	2586.38978106556
1306	0	2586.23233305289
1307	0	2586.07726149274
1308	0	2585.92055210524
1309	0	2585.7637001153
1310	0	2585.6129887419
1311	0	2585.50662382833
1312	0	2585.40567258702
1313	0	2585.28989183888
1314	0	2585.20005113583
1315	0	2585.1632732792
1316	0	2585.14719574592
1317	0	2585.07892088068
1318	0	2584.9620695526
1319	0	2584.87908175359
1320	0	2584.80854666412
1321	0	2584.68515137817
1322	0	2584.52374607395
1323	0	2584.34225161402
1324	0	2584.1280678207
1325	0	2583.8689217145
1326	0	2583.56416645226
1327	0	2583.20328838751
1328	0	2582.68154362392
1329	0	2581.93908545024
1330	0	2580.92001910996
1331	0	2579.50904350958
1332	0	2577.44331610162
1333	0	2574.46092598906
1334	0	2570.26817042686
1335	0	2564.54580102481
1336	0	2556.7432288854
1337	0	2546.26324631915
1338	0	2532.46688193143
1339	0	2514.58542659313
1340	0	2491.78054104561
1341	0	2463.17277949597
1342	0	2427.90160010804
1343	0	2385.0560681007
1344	0	2333.8305235704
1345	0	2273.63256476677
1346	0	2204.07578389494
1347	0	2124.95027178075
1348	0	2036.35366218944
1349	0	1938.8036817583
1350	0	1833.2386022896
1351	0	1720.817784816
1352	0	1603.01241309388
1353	0	1481.6256226594
1354	0	1358.59668048552
1355	0	1235.95151409227
1356	0	1115.72686271942
1357	0	999.834761224844
1358	0	889.956896055316
1359	0	787.48020628717
1360	0	693.448299005745
1361	0	608.52969648237
1362	0	533.021490309806
1363	0	466.868738892517
1364	0	409.699259727795
1365	0	360.950552473344
1366	0	319.817482692592
1367	0	285.412223667742
1368	0	256.798705829621
1369	0	233.045402591765
1370	0	213.273681259983
1371	0	196.693754758902
1372	0	182.626935767507
1373	0	170.502079180659
1374	0	159.861985931208
1375	0	150.358342926686
1376	0	141.737141985207
1377	0	133.822191477546
1378	0	126.49690484174
1379	0	119.668722643114
1380	0	113.323910147912
1381	0	107.405832882948
1382	0	101.881989330626
1383	0	96.7168150381308
1384	0	91.869222536223
1385	0	87.2888803393073
1386	0	82.9166090062166
1387	0	78.6954198906111
1388	0	74.5660896356401
1389	0	70.4735493635255
1390	0	66.3690767349208
1391	0	62.2191221081047
1392	0	58.0079138455364
1393	0	53.7315485169331
1394	0	49.4002753181066
1395	0	45.0414364157479
1396	0	40.6942479749917
1397	0	36.4052502028548
1398	0	32.2271274944431
1399	0	28.2132279584678
1400	0	24.4125497387125
1401	0	20.8709296966989
1402	0	17.62118756987
1403	0	14.6870104642643
1404	0	12.0807238844275
1405	0	9.80360204704703
1406	0	7.84687310687491
1407	0	6.19285840948483
1408	0	4.81884985996646
1409	0	3.69601410848137
1410	0	2.79373444936816
1411	0	2.08079414173255
1412	0	1.52687356053442
1413	0	1.10369746765809
1414	0	0.785810903590127
1415	0	0.551010095299889
1416	0	0.380471109395681
1417	0	0.258693646606912
1418	0	0.173181836705901
1419	0	0.114139977776942
1420	0	0.07405613106479
1421	0	0.0467295087042094
1422	0	0.0293627131195277
1423	0	0.0181555659558107
1424	0	0.0110511914911245
1425	0	0.00662003685973269
1426	0	0.00390251130758395
1427	0	0.0022638210992378
1428	0	0.0012922218179636
1429	0	0.000725793369785852
1430	0	0.000401101974488115
1431	0	0.00021809630559701
1432	0	0.000116675642439839
1433	0	6.14098360873167E-5
1434	0	3.17987254065782E-5
1435	0	1.6198857757546E-5
1436	0	8.11804535767929E-6
1437	0	0
1438	0	0
1439	0	0
1440	0	0
1441	0	0
1442	0	0
1443	0	0
1444	0	0
1445	0	0
1446	0	0
1447	0	0
1448	0	0
1449	0	0
1450	0	0
1451	0	0
1452	0	0
1453	0	0
1454	0	0
1455	0	0
1456	0	0
1457	0	0
1458	0	0
1459	0	0
1460	0	0
1461	0	0
1462	0	0
1463	0	0
1464	0	0
1465	0	0
1466	0	0
1467	0	0
1468	0	0
1469	0	0
1470	0	0
1471	0	0
1472	0	0
1473	0	0
1474	0	0
1475	0	0
1476	0	0
1477	0	0
1478	0	0
1479	0	0
1480	0	0
1481	0	0
1482	0	0
1483	0	0
1484	0	0
1485	0	0
1486	0	0
1487	0	0
1488	0	0
1489	0	0
1490	0	0
1491	0	0
1492	0	0
1493	0	0
1494	0	0
1495	0	0
1496	0	0
1497	0	0
1498	0	0
1499	0	0
1500	0	0
1501	0	0
1502	0	0
1503	0	0
1504	0	0
1505	0	0
1506	0	0
1507	0	0
1508	0	0
1509	0	0
1510	0	0
1511	0	0
1512	0	0
1513	0	0
1514	0	0
1515	0	0
1516	0	0
1517	0	0
1518	0	0
1519	0	0
1520	0	0
1521	0	0
1522	0	0
1523	0	0
1524	0	0
1525	0	0
1526	0	0
1527	0	0
1528	0	0
1529	0	0
1530	0	0
1531	0	0
1532	0	0
1533	0	0
1534	0	0
1535	0	0
1536	0	0
1537	0	0
1538	0	0
1539	0	0
1540	0	0
1541	0	0
1542	0	0
1543	0	0
1544	0	0
1545	0	0
1546	0	0
1547	0	0
1548	0	0
1549	0	0
1550	0	0
1551	0	0
1552	0	0
1553	0	0
1554	0	0
1555	0	0
1556	0	0
1557	0	0
1558	0	0
1559	0	0
1560	0	0
1561	0	0
1562	0	0
1563	0	0
1564	0	0
1565	0	0
1566	0	0
1567	0	0
1568	0	0
1569	0	0
1570	0	0
1571	0	0
1572	0	0
1573	0	0
1574	0	0
1575	0	0
1576	0	0
1577	0	0
1578	0	0
1579	0	0
1580	0	0
1581	0	0
1582	0	0
1583	0	0
1584	0	0
1585	0	0
1586	0	0
1587	0	0
1588	0	0
1589	0	0
1590	0	0
1591	0	0
1592	0	0
1593	0	0
1594	0	0
1595	0	0
1596	0	0
1597	0	0
1598	0	0
1599	0	0
1600	0	0
1601	0	0
1602	0	0
1603	0	0
1604	0	0
1605	0	0
1606	0	0
1607	0	0
1608	0	0
1609	0	0
1610	0	0
1611	0	0
1612	0	0
1613	0	0
1614	0	0
1615	0	0
1616	0	0
1617	0	0
1618	0	0
1619	0	0
1620	0	0
1621	0	0
1622	0	0
1623	0	0
1624	0	0
1625	0	0
1626	0	0
1627	0	0
1628	0	0
1629	0	0
1630	0	0
1631	0	0
1632	0	0
1633	0	0
1634	0	0
1635	0	0
1636	0	0
1637	0	0
1638	0	0
1639	0	0
1640	0	0
1641	0	0
1642	0	0
1643	0	0
1644	0	0
1645	0	0
1646	0	0
1647	0	0
1648	0	0
1649	0	0
1650	0	0
1651	0	0
1652	0	0
1653	0	0
1654	0	0
1655	0	0
1656	0	0
1657	0	0
1658	0	0
1659	0	0
1660	0	0
1661	0	0
1662	0	0
1663	0	0
1664	0	0
1665	0	0
1666	0	0
1667	0	0
1668	0	0
1669	0	0
1670	0	0
1671	0	0
1672	0	0
1673	0	0
1674	0	0
1675	0	0
1676	0	0
1677	0	0
1678	0	0
1679	0	0
1680	0	0
1681	0	0
1682	0	0
1683	0	0
1684	0	0
1685	0	0
1686	0	0
1687	0	0
1688	0	0
1689	0	0
1690	0	0
1691	0	0
1692	0	0
1693	0	0
1694	0	0
1695	0	0
1696	0	0
1697	0	0
1698	0	0
1699	0	0
1700	0	0
1701	0	0
1702	0	0
1703	0	0
1704	0	0
1705	0	0
1706	0	0
1707	0	0
1708	0	0
1709	0	0.000834178688654976
1710	0	0.00158041156316626
1711	0	0.00294803335917477
1712	0	0.00541435252346566
1713	0	0.00979069234173155
1714	0	0.0186323155338034
1715	0	0.0328376683261706
1716	0	0.0570049129115094
1717	0	0.0974766989880558
1718	0	0.164192347474471
1719	0	0.27281601884498
1720	0	0.446062178393198
1721	0	0.718541342971195
1722	0	1.14041016478415
1723	0	1.78339386884329
1724	0	2.74870459016587
1725	0	4.1853115586614
1726	0	6.26139903137629
1727	0	9.23267110683232
1728	0	13.4194005825265
1729	0	19.2346984461888
1730	0	27.170141065301
1731	0	37.8426964789869
1732	0	51.9768566988086
1733	0	70.4101091243523
1734	0	94.0857700974944
1735	0	124.04101075213
1736	0	161.361022239214
1737	0	207.17127080949
1738	0	262.574108769258
1739	0	328.604104101686
1740	0	406.159211704394
1741	0	495.960009605577
1742	0	598.490361061851
1743	0	713.955084331939
1744	0	842.260187608888
1745	0	982.973326132796
1746	0	1135.36089267385
1747	0	1298.40662960633
1748	0	1470.84866735058
1749	0	1651.23909068703
1750	0	1837.97255434407
1751	0	2029.36776756657
1752	0	2223.75938498565
1753	0	2419.56955163384
1754	0	2615.35178357463
1755	0	2809.80882976904
1756	0	3001.90095323554
1757	0	3190.65835948066
1758	0	3375.290165901
1759	0	3555.27006874175
1760	0	3730.13516588471
1761	0	3899.3514707821
1762	0	4062.48934480267
1763	0	4219.26758699297
1764	0	4369.41301907247
1765	0	4512.50857862383
1766	0	4648.27030249812
1767	0	4776.4621386765
1768	0	4896.7542639822
1769	0	5008.93946185626
1770	0	5112.9115405649
1771	0	5208.52570166327
1772	0	5295.59026740161
1773	0	5374.22757255726
1774	0	5444.65929364739
1775	0	5507.0385127678
1776	0	5561.61165238434
1777	0	5608.88740003588
1778	0	5649.37479808878
1779	0	5683.61884080037
1780	0	5712.22627993999
1781	0	5735.86384640809
1782	0	5755.06208967568
1783	0	5770.44630301977
1784	0	5782.70522718938
1785	0	5792.3054207673
1786	0	5799.59963941492
1787	0	5805.10568388866
1788	0	5809.21436741955
1789	0	5812.15193796594
1790	0	5814.12333930259
1791	0	5815.42564621395
1792	0	5816.1742183853
1793	0	5816.49223100713
1794	0	5816.54684412225
1795	0	5816.41399140066
1796	0	5816.06637232854
1797	0	5815.6009354633
1798	0	5815.10140988613
1799	0	5814.46686463626
1800	0	5813.63787843427
1801	0	5812.63552188084
1802	0	5811.24548299063
1803	0	5809.26712445217
1804	0	5806.44751793287
1805	0	5802.36836476616
1806	0	5796.43433446493
1807	0	5787.90339926846
1808	0	5775.81039904269
1809	0	5758.84161696937
1810	0	5735.48527896078
1811	0	5704.03862775924
1812	0	5662.51987110604
1813	0	5608.89610361829
1814	0	5541.21612320269
1815	0	5457.68745317414
1816	0	5356.93795388424
1817	0	5238.1169639448
1818	0	5101.14615359032
1819	0	4946.57575305596
1820	0	4775.80936574719
1821	0	4590.96039033816
1822	0	4394.59775811184
1823	0	4189.66087826809
1824	0	3979.21910061472
1825	0	3766.16051846631
1826	0	3553.03854215644
1827	0	3341.95031427363
1828	0	3134.46053895643
1829	0	2931.60868688149
1830	0	2734.0512676478
1831	0	2542.02670362749
1832	0	2355.58294961561
1833	0	2174.69205711714
1834	0	1999.32774852362
1835	0	1829.49711517183
1836	0	1665.30862750972
1837	0	1506.98867904998
1838	0	1354.85247737414
1839	0	1209.32051208434
1840	0	1070.85719848482
1841	0	939.998423510785
1842	0	817.317826315683
1843	0	703.386332352121
1844	0	598.661473979181
1845	0	503.537738511305
1846	0	418.271202958969
1847	0	342.928217968377
1848	0	277.370967496907
1849	0	221.235476983295
1850	0	173.996691822346
1851	0	134.897245590311
1852	0	103.133874512874
1853	0	77.7486170939571
1854	0	57.8325486728025
1855	0	42.4577364187806
1856	0	30.7784399099223
1857	0	22.047218166542
1858	0	15.6103205609142
1859	0	10.9320493390482
1860	0	7.57390921780516
1861	0	5.18012668140978
1862	0	3.51337769614173
1863	0	2.348678578345
1864	0	1.55713445940926
1865	0	1.01952670024408
1866	0	0.658602686206524
1867	0	0.419502501101454
1868	0	0.263125417199945
1869	0	0.162356859894496
1870	0	0.0984460202137302
1871	0	0.0583314126899532
1872	0	0.0337856095713309
1873	0	0.0193270858560064
1874	0	0.0108326378770381
1875	0	0.00590713220669491
1876	0	0.00309616724727994
1877	0	0.00163689032431603
1878	0	0.000845346384676277
1879	0	0.000426422102548641
1880	0	0.000210090739996405
1881	0	0.000101090596980832
1882	0	4.75037238178166E-5
1883	0	2.17989591449021E-5
1884	0	9.76820667600394E-6
