 2200
 4000
 20000
 10000
 7000
 90000
 0
 459000
 454000
 10000
 1000
 56430
 21830
 0
 1000
 2
 1
 1
 1024
 88
 852
 41731
 35480
 0
 0
 11
 15
 18
 17
 10
 21
 21
 25
 45
 102
 180
 312
 457
 601
 674
 727
 637
 498
 342
 229
 144
 84
 46
 40
 26
 33
 41
 29
 37
 31
 53
 67
 68
 67
 95
 70
 70
 41
 46
 38
 32
 39
 24
 38
 43
 41
 47
 67
 69
 112
 186
 291
 460
 719
 809
 855
 908
 764
 577
 366
 252
 143
 127
 88
 95
 91
 97
 94
 83
 99
 77
 88
 89
 92
 80
 122
 119
 136
 126
 129
 126
 156
 155
 181
 190
 185
 190
 199
 199
 206
 214
 226
 251
 317
 457
 662
 1000
 1362
 1775
 1997
 1867
 1708
 1427
 1177
 1106
 966
 925
 819
 643
 509
 376
 290
 281
 248
 244
 196
 202
 178
 147
 143
 126
 109
 80
 75
 58
 38
 37
 26
 38
 31
 32
 28
 28
 21
 20
 15
 15
 18
 14
 6
 10
 13
 18
 21
 26
 24
 18
 23
 15
 9
 9
 10
 9
 7
 9
 10
 6
 7
 6
 5
 8
 8
 12
 9
 4
 5
 6
 9
 6
 6
 6
 6
 4
 6
 4
 4
 9
 4
 10
 2
 8
 2
 5
 9
 9
 5
 15
 10
 14
 14
 13
 11
 9
 7
 6
 0
 3
 10
 6
 11
 5
 5
 4
 2
 2
 5
 5
 3
 10
 7
 12
 6
 6
 5
 5
 5
 7
 6
 4
 9
 14
 9
 9
 8
 7
 11
 7
 6
 15
 10
 7
 6
 7
 3
 8
 6
 8
 5
 14
 7
 12
 9
 10
 9
 7
 11
 11
 17
 15
 15
 8
 23
 18
 15
 20
 14
 26
 36
 32
 43
 78
 133
 205
 429
 699
 1115
 1586
 1955
 2240
 2303
 2187
 1814
 1467
 980
 626
 348
 186
 95
 47
 18
 11
 8
 3
 5
 6
 8
 8
 9
 13
 13
 23
 28
 39
 56
 123
 133
 181
 262
 292
 321
 297
 302
 220
 186
 116
 102
 57
 30
 21
 10
 7
 7
 2
 4
 1
 3
 2
 0
 0
 3
 1
 0
 1
 4
 1
 1
 0
 3
 1
 1
 1
 2
 2
 3
 1
 2
 1
 1
 3
 3
 2
 7
 10
 17
 19
 30
 38
 59
 64
 52
 61
 34
 28
 26
 13
 16
 5
 6
 5
 2
 0
 2
 1
 2
 3
 2
 1
 2
 0
 1
 1
 1
 3
 1
 0
 2
 0
 2
 2
 3
 0
 0
 0
 3
 1
 1
 1
 4
 3
 2
 1
 2
 1
 1
 2
 2
 3
 6
 7
 13
 18
 19
 27
 25
 22
 22
 14
 19
 10
 8
 12
 4
 5
 4
 4
 5
 12
 13
 9
 13
 4
 5
 5
 5
 2
 0
 0
 4
 0
 1
 0
 0
 0
 5
 0
 0
 1
 0
 0
 0
 0
 1
 0
 0
 0
 0
 0
 1
 0
 0
 0
 0
 0
 0
 0
 2
 0
 2
 0
 0
 0
 2
 0
 1
 0
 1
 0
 0
 0
 0
 3
 3
 2
 0
 8
 2
 2
 2
 4
 2
 3
 0
 2
 0
 1
 1
 0
 1
 0
 2
 1
 1
 0
 2
 0
 2
 0
 0
 1
 0
 1
 0
 1
 0
 0
 1
 0
 0
 0
 0
 0
 0
 0
 0
 0
 1
 2
 1
 0
 0
 0
 1
 0
 0
 0
 1
 1
 0
 0
 0
 0
 1
 0
 1
 0
 0
 1
 0
 0
 0
 0
 0
 1
 0
 0
 1
 0
 1
 0
 0
 0
 0
 0
 0
 0
 0
 1
 0
 2
 1
 0
 1
 0
 1
 0
 0
 0
 0
 0
 0
 0
 0
 0
 0
 0
 0
 0
 0
 0
 0
 0
 0
 0
 0
 1
 0
 1
 0
 0
 1
 0
 0
 0
 1
 0
 0
 0
 0
 0
 1
 0
 0
 0
 0
 0
 0
 0
 0
 0
 0
 0
 0
 1
 0
 0
 0
 0
 0
 0
 0
 0
 0
 0
 0
 0
 0
 0
 0
 0
 0
 0
 0
 0
 0
 0
 0
 0
 0
 0
 0
 0
 0
 0
 0
 0
 0
 0
 0
 0
 0
 0
 0
 0
 0
 0
 0
 0
 0
 0
 0
 0
 0
 0
 0
 0
 0
 0
 0
 0
 0
 0
 0
 0
 0
 0
 0
 0
 0
 0
 0
 0
 0
 0
 0
 0
 0
 0
 0
 0
 0
 0
 0
 0
 0
 0
 0
 0
 0
 0
 0
 0
 0
 0
 0
 0
 0
 0
 0
 0
 0
 0
 0
 0
 0
 0
 0
 0
 0
 0
 0
 0
 0
 0
 0
 0
 0
 0
 0
 0
 0
 0
 0
 0
 0
 0
 0
 0
 0
 0
 0
 0
 0
 0
 0
 0
 0
 0
 0
 0
 0
 0
 0
 0
 0
 0
 0
 0
 0
 0
 0
 0
 0
 0
 0
 0
 0
 0
 0
 0
 0
 0
 1
 0
 0
 0
 0
 0
 0
 0
 0
 0
 0
 0
 0
 0
 0
 0
 0
 0
 0
 0
 0
 0
 0
 0
 0
 0
 0
 0
 0
 0
 0
 0
 0
 0
 0
 0
 0
 0
 0
 0
 0
 0
 0
 0
 0
 0
 0
 0
 0
 0
 0
 0
 0
 0
 0
 0
 0
 0
 0
 0
 1
 1
 0
 0
 0
 0
 0
 0
 0
 0
 0
 0
 0
 0
 0
 0
 0
 0
 0
 0
 0
 0
 0
 0
 0
 0
 0
 0
 0
 0
 0
 0
 0
 0
 0
 0
 0
 0
 0
 0
 0
 0
 0
 0
 0
 0
 0
 0
 0
 0
 0
 0
 0
 0
 0
 0
 0
 0
 0
 0
 0
 0
 0
 1
 0
 0
 2
 3
 0
 1
 2
 0
 0
 2
 1
 0
 1
 0
 0
 0
 1
 0
 0
 0
 0
 0
 0
 0
 0
 0
 0
 0
 0
 0
 0
 0
 0
 0
 0
 0
 0
 0
 0
 0
 0
 0
 0
 0
 0
 0
 0
 0
 0
 0
 0
 0
 0
 0
 0
 0
 0
 0
 0
 0
 0
 0
 0
 0
 0
 0
 0
 0
 0
 0
 0
 0
 0
 0
 0
 0
 0
 0
 0
 0
 0
 0
 0
 0
 1
 1
 0
 0
 0
 0
 0
 0
 0
 0
 0
 1
 0
 0
 0
 0
 0
 0
 1
 0
