Ion = Hydrogen    . Mass = 1.0079
Tgt = Ge (Solid). Density = 5.35 g/cm3
Stopping Units =  eV/(1E15 atoms/cm2)
Energy(keV)  S(Elec)    S(Nuc)
1.000E+00   5.882E+00  3.932E-01 
1.012E+00   5.916E+00  3.932E-01 
1.023E+00   5.950E+00  3.933E-01 
1.035E+00   5.984E+00  3.933E-01 
1.047E+00   6.019E+00  3.933E-01 
1.059E+00   6.054E+00  3.933E-01 
1.072E+00   6.089E+00  3.933E-01 
1.084E+00   6.124E+00  3.933E-01 
1.097E+00   6.159E+00  3.933E-01 
1.109E+00   6.195E+00  3.932E-01 
1.122E+00   6.231E+00  3.932E-01 
1.135E+00   6.267E+00  3.931E-01 
1.148E+00   6.303E+00  3.931E-01 
1.162E+00   6.339E+00  3.930E-01 
1.175E+00   6.376E+00  3.929E-01 
1.189E+00   6.413E+00  3.929E-01 
1.203E+00   6.450E+00  3.928E-01 
1.217E+00   6.487E+00  3.927E-01 
1.231E+00   6.525E+00  3.926E-01 
1.245E+00   6.563E+00  3.924E-01 
1.259E+00   6.601E+00  3.923E-01 
1.274E+00   6.639E+00  3.922E-01 
1.289E+00   6.677E+00  3.920E-01 
1.304E+00   6.716E+00  3.919E-01 
1.319E+00   6.755E+00  3.917E-01 
1.334E+00   6.794E+00  3.915E-01 
1.350E+00   6.833E+00  3.914E-01 
1.365E+00   6.872E+00  3.912E-01 
1.381E+00   6.912E+00  3.910E-01 
1.397E+00   6.952E+00  3.908E-01 
1.413E+00   6.992E+00  3.905E-01 
1.430E+00   7.033E+00  3.903E-01 
1.446E+00   7.073E+00  3.901E-01 
1.463E+00   7.114E+00  3.898E-01 
1.480E+00   7.156E+00  3.896E-01 
1.497E+00   7.197E+00  3.893E-01 
1.515E+00   7.239E+00  3.891E-01 
1.532E+00   7.280E+00  3.888E-01 
1.550E+00   7.322E+00  3.885E-01 
1.568E+00   7.365E+00  3.882E-01 
1.586E+00   7.407E+00  3.879E-01 
1.605E+00   7.450E+00  3.876E-01 
1.623E+00   7.493E+00  3.872E-01 
1.642E+00   7.537E+00  3.869E-01 
1.661E+00   7.580E+00  3.866E-01 
1.680E+00   7.624E+00  3.862E-01 
1.700E+00   7.668E+00  3.858E-01 
1.719E+00   7.713E+00  3.855E-01 
1.739E+00   7.757E+00  3.851E-01 
1.760E+00   7.802E+00  3.847E-01 
1.780E+00   7.847E+00  3.843E-01 
1.801E+00   7.892E+00  3.839E-01 
1.822E+00   7.938E+00  3.835E-01 
1.843E+00   7.984E+00  3.831E-01 
1.864E+00   8.030E+00  3.826E-01 
1.886E+00   8.077E+00  3.822E-01 
1.908E+00   8.123E+00  3.817E-01 
1.930E+00   8.170E+00  3.813E-01 
1.952E+00   8.218E+00  3.808E-01 
1.975E+00   8.265E+00  3.803E-01 
1.998E+00   8.313E+00  3.798E-01 
2.021E+00   8.360E+00  3.793E-01 
2.044E+00   8.405E+00  3.788E-01 
2.068E+00   8.449E+00  3.783E-01 
2.092E+00   8.494E+00  3.778E-01 
2.116E+00   8.540E+00  3.772E-01 
2.141E+00   8.585E+00  3.767E-01 
2.166E+00   8.631E+00  3.762E-01 
2.191E+00   8.677E+00  3.756E-01 
2.216E+00   8.723E+00  3.750E-01 
2.242E+00   8.770E+00  3.745E-01 
2.268E+00   8.817E+00  3.739E-01 
2.294E+00   8.864E+00  3.733E-01 
2.321E+00   8.911E+00  3.727E-01 
2.348E+00   8.959E+00  3.721E-01 
2.375E+00   9.007E+00  3.714E-01 
2.402E+00   9.055E+00  3.708E-01 
2.430E+00   9.104E+00  3.702E-01 
2.458E+00   9.153E+00  3.695E-01 
2.487E+00   9.202E+00  3.689E-01 
2.516E+00   9.251E+00  3.682E-01 
2.545E+00   9.301E+00  3.675E-01 
2.574E+00   9.350E+00  3.669E-01 
2.604E+00   9.401E+00  3.662E-01 
2.635E+00   9.451E+00  3.655E-01 
2.665E+00   9.502E+00  3.648E-01 
2.696E+00   9.553E+00  3.641E-01 
2.727E+00   9.604E+00  3.633E-01 
2.759E+00   9.656E+00  3.626E-01 
2.791E+00   9.708E+00  3.619E-01 
2.823E+00   9.760E+00  3.611E-01 
2.856E+00   9.812E+00  3.604E-01 
2.889E+00   9.865E+00  3.596E-01 
2.923E+00   9.918E+00  3.589E-01 
2.957E+00   9.972E+00  3.581E-01 
2.991E+00   1.003E+01  3.573E-01 
3.026E+00   1.008E+01  3.565E-01 
3.061E+00   1.013E+01  3.557E-01 
3.096E+00   1.019E+01  3.549E-01 
3.132E+00   1.024E+01  3.541E-01 
3.168E+00   1.030E+01  3.533E-01 
3.205E+00   1.035E+01  3.524E-01 
3.242E+00   1.041E+01  3.516E-01 
3.280E+00   1.047E+01  3.507E-01 
3.318E+00   1.052E+01  3.499E-01 
3.356E+00   1.058E+01  3.490E-01 
3.395E+00   1.064E+01  3.482E-01 
3.435E+00   1.069E+01  3.473E-01 
3.475E+00   1.075E+01  3.464E-01 
3.515E+00   1.081E+01  3.455E-01 
3.556E+00   1.087E+01  3.446E-01 
3.597E+00   1.093E+01  3.437E-01 
3.639E+00   1.099E+01  3.428E-01 
3.681E+00   1.104E+01  3.419E-01 
3.724E+00   1.110E+01  3.410E-01 
3.767E+00   1.116E+01  3.401E-01 
3.810E+00   1.122E+01  3.391E-01 
3.855E+00   1.128E+01  3.382E-01 
3.899E+00   1.135E+01  3.372E-01 
3.945E+00   1.141E+01  3.363E-01 
3.990E+00   1.147E+01  3.353E-01 
4.037E+00   1.153E+01  3.344E-01 
4.083E+00   1.159E+01  3.334E-01 
4.131E+00   1.166E+01  3.324E-01 
4.179E+00   1.172E+01  3.314E-01 
4.227E+00   1.178E+01  3.304E-01 
4.276E+00   1.185E+01  3.294E-01 
4.326E+00   1.191E+01  3.284E-01 
4.376E+00   1.197E+01  3.274E-01 
4.427E+00   1.204E+01  3.264E-01 
4.478E+00   1.210E+01  3.254E-01 
4.530E+00   1.217E+01  3.244E-01 
4.583E+00   1.223E+01  3.234E-01 
4.636E+00   1.230E+01  3.223E-01 
4.690E+00   1.237E+01  3.213E-01 
4.744E+00   1.243E+01  3.202E-01 
4.799E+00   1.250E+01  3.192E-01 
4.855E+00   1.257E+01  3.181E-01 
4.911E+00   1.264E+01  3.171E-01 
4.968E+00   1.270E+01  3.160E-01 
5.026E+00   1.277E+01  3.149E-01 
5.084E+00   1.284E+01  3.139E-01 
5.143E+00   1.291E+01  3.128E-01 
5.202E+00   1.298E+01  3.117E-01 
5.263E+00   1.305E+01  3.106E-01 
5.324E+00   1.312E+01  3.095E-01 
5.386E+00   1.319E+01  3.084E-01 
5.448E+00   1.326E+01  3.073E-01 
5.511E+00   1.333E+01  3.062E-01 
5.575E+00   1.341E+01  3.051E-01 
5.640E+00   1.348E+01  3.040E-01 
5.705E+00   1.355E+01  3.029E-01 
5.771E+00   1.362E+01  3.018E-01 
5.838E+00   1.370E+01  3.006E-01 
5.906E+00   1.377E+01  2.995E-01 
5.975E+00   1.385E+01  2.984E-01 
6.044E+00   1.392E+01  2.972E-01 
6.114E+00   1.399E+01  2.961E-01 
6.185E+00   1.407E+01  2.950E-01 
6.257E+00   1.415E+01  2.938E-01 
6.329E+00   1.422E+01  2.927E-01 
6.403E+00   1.430E+01  2.915E-01 
6.477E+00   1.437E+01  2.904E-01 
6.552E+00   1.445E+01  2.892E-01 
6.628E+00   1.453E+01  2.880E-01 
6.705E+00   1.461E+01  2.869E-01 
6.783E+00   1.468E+01  2.857E-01 
6.861E+00   1.476E+01  2.845E-01 
6.941E+00   1.484E+01  2.834E-01 
7.021E+00   1.492E+01  2.822E-01 
7.103E+00   1.500E+01  2.810E-01 
7.185E+00   1.508E+01  2.798E-01 
7.269E+00   1.516E+01  2.787E-01 
7.353E+00   1.524E+01  2.775E-01 
7.438E+00   1.532E+01  2.763E-01 
7.524E+00   1.541E+01  2.751E-01 
7.612E+00   1.549E+01  2.739E-01 
7.700E+00   1.557E+01  2.727E-01 
7.789E+00   1.565E+01  2.716E-01 
7.880E+00   1.574E+01  2.704E-01 
7.971E+00   1.582E+01  2.692E-01 
8.064E+00   1.590E+01  2.680E-01 
8.157E+00   1.599E+01  2.668E-01 
8.252E+00   1.607E+01  2.656E-01 
8.347E+00   1.616E+01  2.644E-01 
8.444E+00   1.624E+01  2.632E-01 
8.542E+00   1.633E+01  2.620E-01 
8.641E+00   1.641E+01  2.608E-01 
8.741E+00   1.650E+01  2.596E-01 
8.843E+00   1.659E+01  2.584E-01 
8.945E+00   1.667E+01  2.572E-01 
9.049E+00   1.676E+01  2.560E-01 
9.154E+00   1.685E+01  2.548E-01 
9.260E+00   1.694E+01  2.536E-01 
9.368E+00   1.703E+01  2.524E-01 
9.476E+00   1.712E+01  2.511E-01 
9.586E+00   1.720E+01  2.499E-01 
9.698E+00   1.729E+01  2.487E-01 
9.810E+00   1.738E+01  2.475E-01 
9.924E+00   1.747E+01  2.463E-01 
1.004E+01   1.757E+01  2.451E-01 
1.016E+01   1.766E+01  2.439E-01 
1.027E+01   1.775E+01  2.427E-01 
1.039E+01   1.784E+01  2.415E-01 
1.051E+01   1.793E+01  2.403E-01 
1.063E+01   1.802E+01  2.391E-01 
1.076E+01   1.812E+01  2.379E-01 
1.088E+01   1.821E+01  2.367E-01 
1.101E+01   1.830E+01  2.355E-01 
1.114E+01   1.840E+01  2.343E-01 
1.127E+01   1.849E+01  2.331E-01 
1.140E+01   1.859E+01  2.319E-01 
1.153E+01   1.868E+01  2.307E-01 
1.166E+01   1.878E+01  2.295E-01 
1.180E+01   1.887E+01  2.283E-01 
1.193E+01   1.897E+01  2.271E-01 
1.207E+01   1.906E+01  2.259E-01 
1.221E+01   1.916E+01  2.247E-01 
1.235E+01   1.926E+01  2.235E-01 
1.250E+01   1.935E+01  2.223E-01 
1.264E+01   1.945E+01  2.211E-01 
1.279E+01   1.955E+01  2.199E-01 
1.294E+01   1.965E+01  2.187E-01 
1.309E+01   1.974E+01  2.176E-01 
1.324E+01   1.984E+01  2.164E-01 
1.339E+01   1.994E+01  2.152E-01 
1.355E+01   2.004E+01  2.140E-01 
1.371E+01   2.014E+01  2.128E-01 
1.387E+01   2.024E+01  2.117E-01 
1.403E+01   2.034E+01  2.105E-01 
1.419E+01   2.044E+01  2.093E-01 
1.435E+01   2.054E+01  2.081E-01 
1.452E+01   2.064E+01  2.070E-01 
1.469E+01   2.074E+01  2.058E-01 
1.486E+01   2.084E+01  2.046E-01 
1.503E+01   2.094E+01  2.035E-01 
1.521E+01   2.104E+01  2.023E-01 
1.538E+01   2.114E+01  2.012E-01 
1.556E+01   2.125E+01  2.000E-01 
1.574E+01   2.135E+01  1.989E-01 
1.592E+01   2.145E+01  1.977E-01 
1.611E+01   2.155E+01  1.966E-01 
1.629E+01   2.165E+01  1.954E-01 
1.648E+01   2.176E+01  1.943E-01 
1.667E+01   2.186E+01  1.931E-01 
1.687E+01   2.196E+01  1.920E-01 
1.706E+01   2.206E+01  1.909E-01 
1.726E+01   2.217E+01  1.897E-01 
1.746E+01   2.227E+01  1.886E-01 
1.766E+01   2.237E+01  1.875E-01 
1.787E+01   2.247E+01  1.864E-01 
1.808E+01   2.258E+01  1.852E-01 
1.829E+01   2.268E+01  1.841E-01 
1.850E+01   2.278E+01  1.830E-01 
1.871E+01   2.289E+01  1.819E-01 
1.893E+01   2.299E+01  1.808E-01 
1.915E+01   2.309E+01  1.797E-01 
1.937E+01   2.320E+01  1.786E-01 
1.960E+01   2.330E+01  1.775E-01 
1.982E+01   2.340E+01  1.764E-01 
2.005E+01   2.351E+01  1.753E-01 
2.029E+01   2.361E+01  1.742E-01 
2.052E+01   2.371E+01  1.731E-01 
2.076E+01   2.382E+01  1.721E-01 
2.100E+01   2.392E+01  1.710E-01 
2.124E+01   2.402E+01  1.699E-01 
2.149E+01   2.412E+01  1.688E-01 
2.174E+01   2.423E+01  1.678E-01 
2.199E+01   2.433E+01  1.667E-01 
2.225E+01   2.443E+01  1.657E-01 
2.250E+01   2.453E+01  1.646E-01 
2.277E+01   2.463E+01  1.636E-01 
2.303E+01   2.474E+01  1.625E-01 
2.330E+01   2.484E+01  1.615E-01 
2.357E+01   2.494E+01  1.604E-01 
2.384E+01   2.504E+01  1.594E-01 
2.412E+01   2.514E+01  1.584E-01 
2.440E+01   2.524E+01  1.573E-01 
2.468E+01   2.534E+01  1.563E-01 
2.497E+01   2.544E+01  1.553E-01 
2.526E+01   2.554E+01  1.543E-01 
2.555E+01   2.564E+01  1.533E-01 
2.584E+01   2.573E+01  1.523E-01 
2.614E+01   2.583E+01  1.512E-01 
2.645E+01   2.593E+01  1.502E-01 
2.675E+01   2.603E+01  1.493E-01 
2.707E+01   2.612E+01  1.483E-01 
2.738E+01   2.622E+01  1.473E-01 
2.770E+01   2.631E+01  1.463E-01 
2.802E+01   2.641E+01  1.453E-01 
2.834E+01   2.650E+01  1.443E-01 
2.867E+01   2.660E+01  1.434E-01 
2.900E+01   2.669E+01  1.424E-01 
2.934E+01   2.678E+01  1.414E-01 
2.968E+01   2.688E+01  1.405E-01 
3.003E+01   2.697E+01  1.395E-01 
3.037E+01   2.706E+01  1.386E-01 
3.073E+01   2.715E+01  1.376E-01 
3.108E+01   2.724E+01  1.367E-01 
3.144E+01   2.733E+01  1.357E-01 
3.181E+01   2.741E+01  1.348E-01 
3.218E+01   2.750E+01  1.339E-01 
3.255E+01   2.759E+01  1.330E-01 
3.293E+01   2.767E+01  1.320E-01 
3.331E+01   2.776E+01  1.311E-01 
3.370E+01   2.784E+01  1.302E-01 
3.409E+01   2.792E+01  1.293E-01 
3.448E+01   2.801E+01  1.284E-01 
3.488E+01   2.809E+01  1.275E-01 
3.529E+01   2.817E+01  1.266E-01 
3.570E+01   2.825E+01  1.257E-01 
3.611E+01   2.833E+01  1.248E-01 
3.653E+01   2.840E+01  1.239E-01 
3.695E+01   2.848E+01  1.231E-01 
3.738E+01   2.855E+01  1.222E-01 
3.781E+01   2.863E+01  1.213E-01 
3.825E+01   2.870E+01  1.205E-01 
3.870E+01   2.877E+01  1.196E-01 
3.915E+01   2.884E+01  1.187E-01 
3.960E+01   2.891E+01  1.179E-01 
4.006E+01   2.898E+01  1.170E-01 
4.052E+01   2.905E+01  1.162E-01 
4.099E+01   2.911E+01  1.154E-01 
4.147E+01   2.918E+01  1.145E-01 
4.195E+01   2.924E+01  1.137E-01 
4.244E+01   2.930E+01  1.129E-01 
4.293E+01   2.936E+01  1.121E-01 
4.343E+01   2.942E+01  1.112E-01 
4.393E+01   2.948E+01  1.104E-01 
4.444E+01   2.954E+01  1.096E-01 
4.496E+01   2.959E+01  1.088E-01 
4.548E+01   2.965E+01  1.080E-01 
4.600E+01   2.970E+01  1.072E-01 
4.654E+01   2.975E+01  1.064E-01 
4.708E+01   2.980E+01  1.057E-01 
4.762E+01   2.985E+01  1.049E-01 
4.818E+01   2.990E+01  1.041E-01 
4.873E+01   2.994E+01  1.033E-01 
4.930E+01   2.999E+01  1.026E-01 
4.987E+01   3.003E+01  1.018E-01 
5.045E+01   3.007E+01  1.010E-01 
5.104E+01   3.011E+01  1.003E-01 
5.163E+01   3.015E+01  9.953E-02 
5.223E+01   3.018E+01  9.878E-02 
5.283E+01   3.022E+01  9.804E-02 
5.344E+01   3.025E+01  9.730E-02 
5.406E+01   3.028E+01  9.657E-02 
5.469E+01   3.031E+01  9.584E-02 
5.533E+01   3.034E+01  9.511E-02 
5.597E+01   3.037E+01  9.439E-02 
5.662E+01   3.039E+01  9.368E-02 
5.727E+01   3.042E+01  9.297E-02 
5.794E+01   3.044E+01  9.226E-02 
5.861E+01   3.046E+01  9.155E-02 
5.929E+01   3.048E+01  9.086E-02 
5.998E+01   3.050E+01  9.016E-02 
6.067E+01   3.051E+01  8.947E-02 
6.138E+01   3.053E+01  8.878E-02 
6.209E+01   3.054E+01  8.810E-02 
6.281E+01   3.055E+01  8.742E-02 
6.354E+01   3.056E+01  8.675E-02 
6.427E+01   3.057E+01  8.608E-02 
6.502E+01   3.058E+01  8.541E-02 
6.577E+01   3.058E+01  8.475E-02 
6.654E+01   3.059E+01  8.409E-02 
6.731E+01   3.059E+01  8.344E-02 
6.809E+01   3.059E+01  8.279E-02 
6.888E+01   3.059E+01  8.214E-02 
6.968E+01   3.058E+01  8.150E-02 
7.049E+01   3.058E+01  8.087E-02 
7.130E+01   3.057E+01  8.023E-02 
7.213E+01   3.057E+01  7.960E-02 
7.297E+01   3.056E+01  7.898E-02 
7.381E+01   3.055E+01  7.836E-02 
7.467E+01   3.053E+01  7.774E-02 
7.554E+01   3.052E+01  7.713E-02 
7.641E+01   3.051E+01  7.652E-02 
7.730E+01   3.049E+01  7.591E-02 
7.820E+01   3.047E+01  7.531E-02 
7.910E+01   3.045E+01  7.471E-02 
8.002E+01   3.043E+01  7.412E-02 
8.095E+01   3.041E+01  7.353E-02 
8.189E+01   3.039E+01  7.295E-02 
8.284E+01   3.037E+01  7.236E-02 
8.380E+01   3.034E+01  7.179E-02 
8.477E+01   3.031E+01  7.121E-02 
8.575E+01   3.029E+01  7.064E-02 
8.675E+01   3.026E+01  7.008E-02 
8.775E+01   3.023E+01  6.951E-02 
8.877E+01   3.019E+01  6.895E-02 
8.980E+01   3.016E+01  6.840E-02 
9.084E+01   3.013E+01  6.785E-02 
9.190E+01   3.009E+01  6.730E-02 
9.296E+01   3.006E+01  6.676E-02 
9.404E+01   3.002E+01  6.622E-02 
9.513E+01   2.998E+01  6.568E-02 
9.624E+01   2.994E+01  6.515E-02 
9.735E+01   2.990E+01  6.479E-02 
9.848E+01   2.986E+01  6.427E-02 
9.962E+01   2.981E+01  6.374E-02 
1.008E+02   2.977E+01  6.322E-02 
1.019E+02   2.973E+01  6.271E-02 
1.031E+02   2.968E+01  6.220E-02 
1.043E+02   2.963E+01  6.169E-02 
1.055E+02   2.959E+01  6.118E-02 
1.068E+02   2.954E+01  6.068E-02 
1.080E+02   2.949E+01  6.018E-02 
1.093E+02   2.944E+01  5.969E-02 
1.105E+02   2.939E+01  5.920E-02 
1.118E+02   2.933E+01  5.871E-02 
1.131E+02   2.928E+01  5.822E-02 
1.144E+02   2.923E+01  5.774E-02 
1.157E+02   2.917E+01  5.726E-02 
1.171E+02   2.912E+01  5.679E-02 
1.184E+02   2.906E+01  5.632E-02 
1.198E+02   2.901E+01  5.585E-02 
1.212E+02   2.895E+01  5.539E-02 
1.226E+02   2.889E+01  5.492E-02 
1.240E+02   2.883E+01  5.447E-02 
1.255E+02   2.877E+01  5.401E-02 
1.269E+02   2.871E+01  5.356E-02 
1.284E+02   2.865E+01  5.311E-02 
1.299E+02   2.859E+01  5.267E-02 
1.314E+02   2.853E+01  5.223E-02 
1.329E+02   2.847E+01  5.179E-02 
1.345E+02   2.840E+01  5.135E-02 
1.360E+02   2.834E+01  5.092E-02 
1.376E+02   2.828E+01  5.049E-02 
1.392E+02   2.821E+01  5.007E-02 
1.408E+02   2.815E+01  4.964E-02 
1.424E+02   2.808E+01  4.922E-02 
1.441E+02   2.801E+01  4.881E-02 
1.458E+02   2.795E+01  4.839E-02 
1.475E+02   2.788E+01  4.798E-02 
1.492E+02   2.781E+01  4.758E-02 
1.509E+02   2.774E+01  4.717E-02 
1.526E+02   2.767E+01  4.677E-02 
1.544E+02   2.760E+01  4.637E-02 
1.562E+02   2.753E+01  4.598E-02 
1.580E+02   2.746E+01  4.559E-02 
1.598E+02   2.739E+01  4.520E-02 
1.617E+02   2.732E+01  4.481E-02 
1.636E+02   2.725E+01  4.443E-02 
1.655E+02   2.718E+01  4.405E-02 
1.674E+02   2.711E+01  4.367E-02 
1.693E+02   2.703E+01  4.329E-02 
1.713E+02   2.696E+01  4.292E-02 
1.733E+02   2.689E+01  4.255E-02 
1.753E+02   2.681E+01  4.219E-02 
1.773E+02   2.674E+01  4.182E-02 
1.794E+02   2.667E+01  4.146E-02 
1.815E+02   2.659E+01  4.110E-02 
1.836E+02   2.651E+01  4.075E-02 
1.857E+02   2.644E+01  4.040E-02 
1.879E+02   2.636E+01  4.005E-02 
1.900E+02   2.629E+01  3.970E-02 
1.922E+02   2.621E+01  3.936E-02 
1.945E+02   2.613E+01  3.901E-02 
1.967E+02   2.605E+01  3.867E-02 
1.990E+02   2.598E+01  3.834E-02 
2.013E+02   2.590E+01  3.800E-02 
2.036E+02   2.582E+01  3.767E-02 
2.060E+02   2.574E+01  3.735E-02 
2.084E+02   2.566E+01  3.702E-02 
2.108E+02   2.558E+01  3.670E-02 
2.133E+02   2.550E+01  3.638E-02 
2.157E+02   2.542E+01  3.606E-02 
2.182E+02   2.534E+01  3.574E-02 
2.208E+02   2.526E+01  3.543E-02 
2.233E+02   2.518E+01  3.512E-02 
2.259E+02   2.510E+01  3.481E-02 
2.285E+02   2.502E+01  3.450E-02 
2.312E+02   2.494E+01  3.420E-02 
2.339E+02   2.485E+01  3.390E-02 
2.366E+02   2.477E+01  3.360E-02 
2.393E+02   2.469E+01  3.330E-02 
2.421E+02   2.461E+01  3.301E-02 
2.449E+02   2.452E+01  3.272E-02 
2.478E+02   2.444E+01  3.243E-02 
2.506E+02   2.436E+01  3.214E-02 
2.535E+02   2.427E+01  3.186E-02 
2.565E+02   2.419E+01  3.158E-02 
2.595E+02   2.410E+01  3.130E-02 
2.625E+02   2.402E+01  3.102E-02 
2.655E+02   2.393E+01  3.074E-02 
2.686E+02   2.385E+01  3.047E-02 
2.717E+02   2.376E+01  3.020E-02 
2.749E+02   2.368E+01  2.993E-02 
2.780E+02   2.359E+01  2.966E-02 
2.813E+02   2.350E+01  2.940E-02 
2.845E+02   2.342E+01  2.914E-02 
2.878E+02   2.333E+01  2.888E-02 
2.912E+02   2.324E+01  2.862E-02 
2.945E+02   2.316E+01  2.836E-02 
2.980E+02   2.307E+01  2.811E-02 
3.014E+02   2.298E+01  2.786E-02 
3.049E+02   2.289E+01  2.761E-02 
3.085E+02   2.280E+01  2.736E-02 
3.120E+02   2.272E+01  2.712E-02 
3.156E+02   2.263E+01  2.687E-02 
3.193E+02   2.254E+01  2.663E-02 
3.230E+02   2.245E+01  2.639E-02 
3.268E+02   2.236E+01  2.615E-02 
3.306E+02   2.227E+01  2.592E-02 
3.344E+02   2.218E+01  2.569E-02 
3.383E+02   2.209E+01  2.545E-02 
3.422E+02   2.200E+01  2.522E-02 
3.462E+02   2.191E+01  2.500E-02 
3.502E+02   2.182E+01  2.477E-02 
3.542E+02   2.173E+01  2.455E-02 
3.583E+02   2.164E+01  2.433E-02 
3.625E+02   2.155E+01  2.411E-02 
3.667E+02   2.146E+01  2.389E-02 
3.710E+02   2.137E+01  2.367E-02 
3.753E+02   2.128E+01  2.346E-02 
3.796E+02   2.119E+01  2.324E-02 
3.840E+02   2.110E+01  2.303E-02 
3.885E+02   2.101E+01  2.282E-02 
3.930E+02   2.092E+01  2.262E-02 
3.975E+02   2.083E+01  2.241E-02 
4.021E+02   2.074E+01  2.221E-02 
4.068E+02   2.064E+01  2.200E-02 
4.115E+02   2.055E+01  2.180E-02 
4.163E+02   2.046E+01  2.160E-02 
4.211E+02   2.037E+01  2.141E-02 
4.260E+02   2.028E+01  2.121E-02 
4.310E+02   2.019E+01  2.102E-02 
4.360E+02   2.009E+01  2.083E-02 
4.410E+02   2.000E+01  2.064E-02 
4.461E+02   1.991E+01  2.045E-02 
4.513E+02   1.982E+01  2.026E-02 
4.565E+02   1.973E+01  2.007E-02 
4.618E+02   1.963E+01  1.989E-02 
4.672E+02   1.954E+01  1.971E-02 
4.726E+02   1.945E+01  1.953E-02 
4.781E+02   1.936E+01  1.935E-02 
4.836E+02   1.927E+01  1.917E-02 
4.892E+02   1.917E+01  1.899E-02 
4.949E+02   1.908E+01  1.882E-02 
5.007E+02   1.899E+01  1.865E-02 
5.065E+02   1.890E+01  1.847E-02 
5.123E+02   1.881E+01  1.830E-02 
5.183E+02   1.871E+01  1.814E-02 
5.243E+02   1.862E+01  1.797E-02 
5.304E+02   1.853E+01  1.780E-02 
5.365E+02   1.844E+01  1.764E-02 
5.428E+02   1.835E+01  1.747E-02 
5.490E+02   1.826E+01  1.731E-02 
5.554E+02   1.816E+01  1.715E-02 
5.619E+02   1.807E+01  1.699E-02 
5.684E+02   1.798E+01  1.684E-02 
5.750E+02   1.789E+01  1.668E-02 
5.816E+02   1.780E+01  1.653E-02 
5.884E+02   1.771E+01  1.637E-02 
5.952E+02   1.762E+01  1.622E-02 
6.021E+02   1.752E+01  1.607E-02 
6.091E+02   1.743E+01  1.592E-02 
6.162E+02   1.734E+01  1.577E-02 
6.233E+02   1.725E+01  1.563E-02 
6.305E+02   1.716E+01  1.548E-02 
6.378E+02   1.707E+01  1.534E-02 
6.452E+02   1.698E+01  1.519E-02 
6.527E+02   1.689E+01  1.505E-02 
6.603E+02   1.680E+01  1.491E-02 
6.680E+02   1.671E+01  1.477E-02 
6.757E+02   1.662E+01  1.464E-02 
6.835E+02   1.653E+01  1.450E-02 
6.915E+02   1.644E+01  1.436E-02 
6.995E+02   1.635E+01  1.423E-02 
7.076E+02   1.626E+01  1.410E-02 
7.158E+02   1.617E+01  1.396E-02 
7.241E+02   1.608E+01  1.383E-02 
7.325E+02   1.600E+01  1.370E-02 
7.410E+02   1.591E+01  1.358E-02 
7.496E+02   1.582E+01  1.345E-02 
7.583E+02   1.573E+01  1.332E-02 
7.671E+02   1.564E+01  1.320E-02 
7.760E+02   1.555E+01  1.307E-02 
7.850E+02   1.547E+01  1.295E-02 
7.941E+02   1.538E+01  1.283E-02 
8.033E+02   1.529E+01  1.271E-02 
8.126E+02   1.521E+01  1.259E-02 
8.221E+02   1.512E+01  1.247E-02 
8.316E+02   1.503E+01  1.235E-02 
8.412E+02   1.495E+01  1.224E-02 
8.510E+02   1.486E+01  1.212E-02 
8.609E+02   1.477E+01  1.201E-02 
8.709E+02   1.469E+01  1.189E-02 
8.810E+02   1.460E+01  1.178E-02 
8.912E+02   1.452E+01  1.167E-02 
9.015E+02   1.443E+01  1.156E-02 
9.120E+02   1.435E+01  1.145E-02 
9.225E+02   1.426E+01  1.134E-02 
9.332E+02   1.418E+01  1.124E-02 
9.441E+02   1.410E+01  1.113E-02 
9.550E+02   1.401E+01  1.103E-02 
9.661E+02   1.393E+01  1.092E-02 
9.773E+02   1.385E+01  1.082E-02 
9.886E+02   1.376E+01  1.071E-02 
1.000E+03   1.368E+01  1.061E-02 
1.012E+03   1.360E+01  1.051E-02 
1.023E+03   1.352E+01  1.041E-02 
1.035E+03   1.345E+01  1.031E-02 
1.047E+03   1.337E+01  1.022E-02 
1.059E+03   1.329E+01  1.012E-02 
1.072E+03   1.321E+01  1.002E-02 
1.084E+03   1.313E+01  9.928E-03 
1.097E+03   1.305E+01  9.833E-03 
1.109E+03   1.297E+01  9.740E-03 
1.122E+03   1.289E+01  9.647E-03 
1.135E+03   1.280E+01  9.555E-03 
1.149E+03   1.272E+01  9.464E-03 
1.162E+03   1.263E+01  9.374E-03 
1.175E+03   1.255E+01  9.285E-03 
1.189E+03   1.246E+01  9.196E-03 
1.203E+03   1.237E+01  9.109E-03 
1.217E+03   1.228E+01  9.022E-03 
1.231E+03   1.221E+01  8.936E-03 
1.245E+03   1.213E+01  8.850E-03 
1.260E+03   1.205E+01  8.766E-03 
1.274E+03   1.197E+01  8.682E-03 
1.289E+03   1.189E+01  8.599E-03 
1.304E+03   1.182E+01  8.517E-03 
1.319E+03   1.174E+01  8.435E-03 
1.334E+03   1.166E+01  8.354E-03 
1.350E+03   1.159E+01  8.274E-03 
1.365E+03   1.151E+01  8.195E-03 
1.381E+03   1.144E+01  8.117E-03 
1.397E+03   1.136E+01  8.039E-03 
1.414E+03   1.129E+01  7.962E-03 
1.430E+03   1.121E+01  7.885E-03 
1.446E+03   1.114E+01  7.810E-03 
1.463E+03   1.107E+01  7.735E-03 
1.480E+03   1.099E+01  7.660E-03 
1.497E+03   1.092E+01  7.587E-03 
1.515E+03   1.085E+01  7.514E-03 
1.532E+03   1.078E+01  7.442E-03 
1.550E+03   1.071E+01  7.370E-03 
1.568E+03   1.063E+01  7.299E-03 
1.586E+03   1.056E+01  7.229E-03 
1.605E+03   1.049E+01  7.159E-03 
1.623E+03   1.042E+01  7.090E-03 
1.642E+03   1.035E+01  7.022E-03 
1.661E+03   1.028E+01  6.954E-03 
1.680E+03   1.021E+01  6.887E-03 
1.700E+03   1.014E+01  6.821E-03 
1.720E+03   1.008E+01  6.755E-03 
1.740E+03   1.001E+01  6.690E-03 
1.760E+03   9.939E+00  6.625E-03 
1.780E+03   9.871E+00  6.561E-03 
1.801E+03   9.804E+00  6.498E-03 
1.822E+03   9.737E+00  6.435E-03 
1.843E+03   9.670E+00  6.373E-03 
1.864E+03   9.604E+00  6.311E-03 
1.886E+03   9.538E+00  6.250E-03 
1.908E+03   9.473E+00  6.190E-03 
1.930E+03   9.407E+00  6.130E-03 
1.952E+03   9.342E+00  6.070E-03 
1.975E+03   9.278E+00  6.012E-03 
1.998E+03   9.213E+00  5.953E-03 
2.021E+03   9.149E+00  5.896E-03 
2.044E+03   9.086E+00  5.838E-03 
2.068E+03   9.023E+00  5.782E-03 
2.092E+03   8.960E+00  5.726E-03 
2.116E+03   8.897E+00  5.670E-03 
2.141E+03   8.835E+00  5.615E-03 
2.166E+03   8.773E+00  5.561E-03 
2.191E+03   8.711E+00  5.507E-03 
2.216E+03   8.650E+00  5.453E-03 
2.242E+03   8.589E+00  5.400E-03 
2.268E+03   8.528E+00  5.347E-03 
2.294E+03   8.468E+00  5.295E-03 
2.321E+03   8.408E+00  5.244E-03 
2.348E+03   8.348E+00  5.193E-03 
2.375E+03   8.289E+00  5.142E-03 
2.403E+03   8.230E+00  5.092E-03 
2.431E+03   8.171E+00  5.043E-03 
2.459E+03   8.112E+00  4.993E-03 
2.487E+03   8.054E+00  4.945E-03 
2.516E+03   7.997E+00  4.897E-03 
2.545E+03   7.939E+00  4.849E-03 
2.575E+03   7.882E+00  4.801E-03 
2.605E+03   7.825E+00  4.755E-03 
2.635E+03   7.769E+00  4.708E-03 
2.665E+03   7.713E+00  4.662E-03 
2.696E+03   7.657E+00  4.617E-03 
2.728E+03   7.601E+00  4.572E-03 
2.759E+03   7.546E+00  4.527E-03 
2.791E+03   7.491E+00  4.483E-03 
2.824E+03   7.436E+00  4.439E-03 
2.856E+03   7.382E+00  4.395E-03 
2.889E+03   7.328E+00  4.352E-03 
2.923E+03   7.274E+00  4.310E-03 
2.957E+03   7.221E+00  4.267E-03 
2.991E+03   7.168E+00  4.226E-03 
3.026E+03   7.115E+00  4.184E-03 
3.061E+03   7.063E+00  4.143E-03 
3.097E+03   7.011E+00  4.103E-03 
3.132E+03   6.959E+00  4.062E-03 
3.169E+03   6.907E+00  4.023E-03 
3.206E+03   6.856E+00  3.983E-03 
3.243E+03   6.805E+00  3.944E-03 
3.280E+03   6.755E+00  3.905E-03 
3.318E+03   6.704E+00  3.867E-03 
3.357E+03   6.654E+00  3.829E-03 
3.396E+03   6.605E+00  3.791E-03 
3.435E+03   6.555E+00  3.754E-03 
3.475E+03   6.506E+00  3.717E-03 
3.515E+03   6.457E+00  3.681E-03 
3.556E+03   6.409E+00  3.644E-03 
3.597E+03   6.361E+00  3.608E-03 
3.639E+03   6.313E+00  3.573E-03 
3.681E+03   6.265E+00  3.538E-03 
3.724E+03   6.218E+00  3.503E-03 
3.767E+03   6.171E+00  3.468E-03 
3.811E+03   6.124E+00  3.434E-03 
3.855E+03   6.077E+00  3.400E-03 
3.900E+03   6.031E+00  3.367E-03 
3.945E+03   5.985E+00  3.334E-03 
3.991E+03   5.940E+00  3.301E-03 
4.037E+03   5.894E+00  3.268E-03 
4.084E+03   5.849E+00  3.236E-03 
4.131E+03   5.804E+00  3.204E-03 
4.179E+03   5.760E+00  3.172E-03 
4.228E+03   5.716E+00  3.141E-03 
4.277E+03   5.672E+00  3.110E-03 
4.326E+03   5.628E+00  3.079E-03 
4.376E+03   5.585E+00  3.049E-03 
4.427E+03   5.542E+00  3.019E-03 
4.479E+03   5.499E+00  2.989E-03 
4.531E+03   5.456E+00  2.959E-03 
4.583E+03   5.414E+00  2.930E-03 
4.636E+03   5.372E+00  2.901E-03 
4.690E+03   5.330E+00  2.872E-03 
4.744E+03   5.289E+00  2.844E-03 
4.799E+03   5.248E+00  2.816E-03 
4.855E+03   5.207E+00  2.788E-03 
4.911E+03   5.166E+00  2.760E-03 
4.968E+03   5.126E+00  2.733E-03 
5.026E+03   5.086E+00  2.706E-03 
5.084E+03   5.046E+00  2.679E-03 
5.143E+03   5.006E+00  2.652E-03 
5.203E+03   4.967E+00  2.626E-03 
5.263E+03   4.928E+00  2.600E-03 
5.324E+03   4.889E+00  2.574E-03 
5.386E+03   4.851E+00  2.549E-03 
5.449E+03   4.812E+00  2.523E-03 
5.512E+03   4.774E+00  2.498E-03 
5.576E+03   4.736E+00  2.473E-03 
5.640E+03   4.699E+00  2.449E-03 
5.706E+03   4.662E+00  2.425E-03 
5.772E+03   4.625E+00  2.400E-03 
5.839E+03   4.588E+00  2.377E-03 
5.907E+03   4.551E+00  2.353E-03 
5.975E+03   4.515E+00  2.329E-03 
6.045E+03   4.479E+00  2.306E-03 
6.115E+03   4.443E+00  2.283E-03 
6.186E+03   4.408E+00  2.261E-03 
6.257E+03   4.373E+00  2.238E-03 
6.330E+03   4.338E+00  2.216E-03 
6.403E+03   4.303E+00  2.194E-03 
6.478E+03   4.268E+00  2.172E-03 
6.553E+03   4.234E+00  2.150E-03 
6.629E+03   4.200E+00  2.129E-03 
6.706E+03   4.166E+00  2.108E-03 
6.783E+03   4.132E+00  2.087E-03 
6.862E+03   4.099E+00  2.066E-03 
6.942E+03   4.066E+00  2.045E-03 
7.022E+03   4.033E+00  2.025E-03 
7.104E+03   4.000E+00  2.004E-03 
7.186E+03   3.968E+00  1.984E-03 
7.269E+03   3.936E+00  1.965E-03 
7.354E+03   3.904E+00  1.945E-03 
7.439E+03   3.872E+00  1.926E-03 
7.525E+03   3.841E+00  1.906E-03 
7.613E+03   3.809E+00  1.887E-03 
7.701E+03   3.778E+00  1.868E-03 
7.790E+03   3.747E+00  1.850E-03 
7.881E+03   3.717E+00  1.831E-03 
7.972E+03   3.686E+00  1.813E-03 
8.064E+03   3.656E+00  1.795E-03 
8.158E+03   3.626E+00  1.777E-03 
8.253E+03   3.596E+00  1.759E-03 
8.348E+03   3.567E+00  1.741E-03 
8.445E+03   3.538E+00  1.724E-03 
8.543E+03   3.509E+00  1.707E-03 
8.642E+03   3.480E+00  1.690E-03 
8.742E+03   3.451E+00  1.673E-03 
8.844E+03   3.423E+00  1.656E-03 
8.946E+03   3.394E+00  1.639E-03 
9.050E+03   3.366E+00  1.623E-03 
9.155E+03   3.338E+00  1.607E-03 
9.261E+03   3.311E+00  1.590E-03 
9.369E+03   3.283E+00  1.574E-03 
9.477E+03   3.256E+00  1.559E-03 
9.587E+03   3.229E+00  1.543E-03 
9.699E+03   3.202E+00  1.528E-03 
9.811E+03   3.176E+00  1.512E-03 
9.925E+03   3.149E+00  1.497E-03 
1.004E+04   3.123E+00  1.482E-03 
1.016E+04   3.097E+00  1.467E-03 
1.027E+04   3.071E+00  1.452E-03 
1.039E+04   3.046E+00  1.438E-03 
1.051E+04   3.020E+00  1.423E-03 
1.064E+04   2.995E+00  1.409E-03 
1.076E+04   2.970E+00  1.395E-03 
1.088E+04   2.945E+00  1.381E-03 
1.101E+04   2.920E+00  1.367E-03 
1.114E+04   2.896E+00  1.353E-03 
1.127E+04   2.871E+00  1.339E-03 
1.140E+04   2.847E+00  1.326E-03 
1.153E+04   2.823E+00  1.313E-03 
1.166E+04   2.800E+00  1.299E-03 
1.180E+04   2.776E+00  1.286E-03 
1.194E+04   2.753E+00  1.273E-03 
1.207E+04   2.729E+00  1.260E-03 
1.221E+04   2.706E+00  1.248E-03 
1.236E+04   2.684E+00  1.235E-03 
1.250E+04   2.661E+00  1.223E-03 
1.264E+04   2.638E+00  1.210E-03 
1.279E+04   2.616E+00  1.198E-03 
1.294E+04   2.594E+00  1.186E-03 
1.309E+04   2.572E+00  1.174E-03 
1.324E+04   2.550E+00  1.162E-03 
1.340E+04   2.529E+00  1.151E-03 
1.355E+04   2.507E+00  1.139E-03 
1.371E+04   2.486E+00  1.127E-03 
1.387E+04   2.465E+00  1.116E-03 
1.403E+04   2.444E+00  1.105E-03 
1.419E+04   2.423E+00  1.094E-03 
1.435E+04   2.402E+00  1.083E-03 
1.452E+04   2.382E+00  1.072E-03 
1.469E+04   2.362E+00  1.061E-03 
1.486E+04   2.341E+00  1.050E-03 
1.503E+04   2.321E+00  1.039E-03 
1.521E+04   2.302E+00  1.029E-03 
1.538E+04   2.282E+00  1.018E-03 
1.556E+04   2.262E+00  1.008E-03 
1.574E+04   2.243E+00  9.980E-04 
1.592E+04   2.224E+00  9.879E-04 
1.611E+04   2.205E+00  9.779E-04 
1.630E+04   2.186E+00  9.680E-04 
1.649E+04   2.167E+00  9.582E-04 
1.668E+04   2.149E+00  9.484E-04 
1.687E+04   2.130E+00  9.388E-04 
1.707E+04   2.112E+00  9.293E-04 
1.726E+04   2.094E+00  9.199E-04 
1.746E+04   2.076E+00  9.106E-04 
1.767E+04   2.058E+00  9.013E-04 
1.787E+04   2.040E+00  8.922E-04 
1.808E+04   2.023E+00  8.831E-04 
1.829E+04   2.005E+00  8.742E-04 
1.850E+04   1.988E+00  8.653E-04 
1.871E+04   1.971E+00  8.565E-04 
1.893E+04   1.954E+00  8.478E-04 
1.915E+04   1.937E+00  8.392E-04 
1.937E+04   1.920E+00  8.307E-04 
1.960E+04   1.904E+00  8.223E-04 
1.983E+04   1.887E+00  8.139E-04 
2.006E+04   1.871E+00  8.056E-04 
2.029E+04   1.855E+00  7.975E-04 
2.052E+04   1.839E+00  7.894E-04 
2.076E+04   1.823E+00  7.813E-04 
2.100E+04   1.807E+00  7.734E-04 
2.125E+04   1.792E+00  7.655E-04 
2.149E+04   1.776E+00  7.577E-04 
2.174E+04   1.761E+00  7.500E-04 
2.199E+04   1.745E+00  7.424E-04 
2.225E+04   1.730E+00  7.348E-04 
2.251E+04   1.715E+00  7.274E-04 
2.277E+04   1.700E+00  7.200E-04 
2.303E+04   1.686E+00  7.126E-04 
2.330E+04   1.671E+00  7.054E-04 
2.357E+04   1.657E+00  6.982E-04 
2.384E+04   1.642E+00  6.911E-04 
2.412E+04   1.628E+00  6.840E-04 
2.440E+04   1.614E+00  6.771E-04 
2.468E+04   1.600E+00  6.702E-04 
2.497E+04   1.586E+00  6.633E-04 
2.526E+04   1.572E+00  6.566E-04 
2.555E+04   1.559E+00  6.499E-04 
2.585E+04   1.545E+00  6.433E-04 
2.615E+04   1.532E+00  6.367E-04 
2.645E+04   1.518E+00  6.302E-04 
2.676E+04   1.505E+00  6.238E-04 
2.707E+04   1.492E+00  6.174E-04 
2.738E+04   1.479E+00  6.111E-04 
2.770E+04   1.466E+00  6.049E-04 
2.802E+04   1.453E+00  5.987E-04 
2.835E+04   1.441E+00  5.926E-04 
2.867E+04   1.428E+00  5.865E-04 
2.901E+04   1.416E+00  5.805E-04 
2.934E+04   1.403E+00  5.746E-04 
2.968E+04   1.391E+00  5.687E-04 
3.003E+04   1.379E+00  5.629E-04 
3.038E+04   1.367E+00  5.572E-04 
3.073E+04   1.355E+00  5.515E-04 
3.109E+04   1.343E+00  5.458E-04 
3.145E+04   1.332E+00  5.403E-04 
3.181E+04   1.320E+00  5.347E-04 
3.218E+04   1.309E+00  5.293E-04 
3.255E+04   1.297E+00  5.239E-04 
3.293E+04   1.286E+00  5.185E-04 
3.331E+04   1.275E+00  5.132E-04 
3.370E+04   1.264E+00  5.079E-04 
3.409E+04   1.253E+00  5.027E-04 
3.449E+04   1.242E+00  4.976E-04 
3.489E+04   1.231E+00  4.925E-04 
3.529E+04   1.220E+00  4.875E-04 
3.570E+04   1.209E+00  4.825E-04 
3.611E+04   1.199E+00  4.775E-04 
3.653E+04   1.189E+00  4.726E-04 
3.696E+04   1.178E+00  4.678E-04 
3.738E+04   1.168E+00  4.630E-04 
3.782E+04   1.158E+00  4.583E-04 
3.826E+04   1.148E+00  4.536E-04 
3.870E+04   1.138E+00  4.489E-04 
3.915E+04   1.128E+00  4.443E-04 
3.960E+04   1.118E+00  4.397E-04 
4.006E+04   1.108E+00  4.352E-04 
4.053E+04   1.099E+00  4.308E-04 
4.100E+04   1.089E+00  4.264E-04 
4.147E+04   1.080E+00  4.220E-04 
4.195E+04   1.070E+00  4.177E-04 
4.244E+04   1.061E+00  4.134E-04 
4.293E+04   1.052E+00  4.091E-04 
4.343E+04   1.043E+00  4.049E-04 
4.394E+04   1.034E+00  4.008E-04 
4.444E+04   1.025E+00  3.966E-04 
4.496E+04   1.016E+00  3.926E-04 
4.548E+04   1.007E+00  3.885E-04 
4.601E+04   9.981E-01  3.846E-04 
4.654E+04   9.895E-01  3.806E-04 
4.708E+04   9.809E-01  3.767E-04 
4.763E+04   9.724E-01  3.728E-04 
4.818E+04   9.640E-01  3.690E-04 
4.874E+04   9.557E-01  3.652E-04 
4.931E+04   9.474E-01  3.614E-04 
4.988E+04   9.392E-01  3.577E-04 
5.046E+04   9.311E-01  3.540E-04 
5.104E+04   9.230E-01  3.504E-04 
5.163E+04   9.151E-01  3.468E-04 
5.223E+04   9.072E-01  3.432E-04 
5.284E+04   8.993E-01  3.397E-04 
5.345E+04   8.916E-01  3.362E-04 
5.407E+04   8.839E-01  3.327E-04 
5.470E+04   8.763E-01  3.293E-04 
5.533E+04   8.687E-01  3.259E-04 
5.597E+04   8.613E-01  3.226E-04 
5.662E+04   8.539E-01  3.192E-04 
5.728E+04   8.465E-01  3.160E-04 
5.794E+04   8.392E-01  3.127E-04 
5.862E+04   8.320E-01  3.095E-04 
5.930E+04   8.249E-01  3.063E-04 
5.998E+04   8.178E-01  3.031E-04 
6.068E+04   8.108E-01  3.000E-04 
6.138E+04   8.039E-01  2.969E-04 
6.210E+04   7.970E-01  2.939E-04 
6.282E+04   7.902E-01  2.908E-04 
6.354E+04   7.834E-01  2.878E-04 
6.428E+04   7.767E-01  2.849E-04 
6.503E+04   7.701E-01  2.819E-04 
6.578E+04   7.635E-01  2.790E-04 
6.654E+04   7.570E-01  2.761E-04 
6.732E+04   7.506E-01  2.733E-04 
6.810E+04   7.442E-01  2.705E-04 
6.889E+04   7.379E-01  2.677E-04 
6.969E+04   7.316E-01  2.649E-04 
7.049E+04   7.254E-01  2.622E-04 
7.131E+04   7.193E-01  2.595E-04 
7.214E+04   7.132E-01  2.568E-04 
7.298E+04   7.071E-01  2.541E-04 
7.382E+04   7.011E-01  2.515E-04 
7.468E+04   6.952E-01  2.489E-04 
7.555E+04   6.894E-01  2.463E-04 
7.642E+04   6.835E-01  2.438E-04 
7.731E+04   6.778E-01  2.413E-04 
7.820E+04   6.721E-01  2.388E-04 
7.911E+04   6.664E-01  2.363E-04 
8.003E+04   6.608E-01  2.339E-04 
8.096E+04   6.553E-01  2.314E-04 
8.190E+04   6.498E-01  2.291E-04 
8.285E+04   6.444E-01  2.267E-04 
8.381E+04   6.390E-01  2.243E-04 
8.478E+04   6.337E-01  2.220E-04 
8.576E+04   6.284E-01  2.197E-04 
8.676E+04   6.231E-01  2.175E-04 
8.776E+04   6.179E-01  2.152E-04 
8.878E+04   6.128E-01  2.130E-04 
8.981E+04   6.077E-01  2.108E-04 
9.085E+04   6.027E-01  2.086E-04 
9.191E+04   5.977E-01  2.064E-04 
9.297E+04   5.928E-01  2.043E-04 
9.405E+04   5.879E-01  2.022E-04 
9.514E+04   5.830E-01  2.001E-04 
9.625E+04   5.782E-01  1.980E-04 
9.736E+04   5.735E-01  1.960E-04 
9.849E+04   5.688E-01  1.939E-04 
9.963E+04   5.641E-01  1.919E-04 
1.008E+05   5.595E-01  1.899E-04 
