Ion = Helium      . Mass = 4.0026
Tgt = Ce (Solid). Density = 6.6724 g/cm3
Stopping Units =  eV/(1E15 atoms/cm2)
Energy(keV)  S(Elec)    S(Nuc)
1.000E+00   6.227E+00  2.135E+00 
1.013E+00   6.267E+00  2.140E+00 
1.026E+00   6.308E+00  2.145E+00 
1.039E+00   6.349E+00  2.150E+00 
1.053E+00   6.390E+00  2.155E+00 
1.067E+00   6.431E+00  2.160E+00 
1.081E+00   6.473E+00  2.165E+00 
1.095E+00   6.515E+00  2.171E+00 
1.109E+00   6.557E+00  2.176E+00 
1.123E+00   6.600E+00  2.181E+00 
1.138E+00   6.642E+00  2.185E+00 
1.153E+00   6.685E+00  2.190E+00 
1.168E+00   6.729E+00  2.195E+00 
1.183E+00   6.772E+00  2.200E+00 
1.198E+00   6.816E+00  2.205E+00 
1.214E+00   6.860E+00  2.210E+00 
1.229E+00   6.905E+00  2.215E+00 
1.245E+00   6.949E+00  2.219E+00 
1.262E+00   6.994E+00  2.224E+00 
1.278E+00   7.040E+00  2.229E+00 
1.295E+00   7.085E+00  2.233E+00 
1.311E+00   7.131E+00  2.238E+00 
1.329E+00   7.177E+00  2.243E+00 
1.346E+00   7.224E+00  2.247E+00 
1.363E+00   7.271E+00  2.252E+00 
1.381E+00   7.318E+00  2.256E+00 
1.399E+00   7.365E+00  2.261E+00 
1.417E+00   7.413E+00  2.265E+00 
1.436E+00   7.461E+00  2.269E+00 
1.454E+00   7.509E+00  2.274E+00 
1.473E+00   7.558E+00  2.278E+00 
1.492E+00   7.607E+00  2.282E+00 
1.512E+00   7.656E+00  2.287E+00 
1.531E+00   7.706E+00  2.291E+00 
1.551E+00   7.756E+00  2.295E+00 
1.571E+00   7.806E+00  2.299E+00 
1.592E+00   7.856E+00  2.303E+00 
1.612E+00   7.907E+00  2.307E+00 
1.633E+00   7.959E+00  2.311E+00 
1.655E+00   8.010E+00  2.315E+00 
1.676E+00   8.062E+00  2.319E+00 
1.698E+00   8.114E+00  2.323E+00 
1.720E+00   8.167E+00  2.327E+00 
1.742E+00   8.220E+00  2.331E+00 
1.765E+00   8.273E+00  2.334E+00 
1.788E+00   8.326E+00  2.338E+00 
1.811E+00   8.380E+00  2.342E+00 
1.835E+00   8.435E+00  2.345E+00 
1.859E+00   8.489E+00  2.349E+00 
1.883E+00   8.544E+00  2.353E+00 
1.907E+00   8.600E+00  2.356E+00 
1.932E+00   8.655E+00  2.360E+00 
1.957E+00   8.711E+00  2.363E+00 
1.983E+00   8.768E+00  2.366E+00 
2.008E+00   8.825E+00  2.370E+00 
2.034E+00   8.882E+00  2.373E+00 
2.061E+00   8.939E+00  2.376E+00 
2.088E+00   8.997E+00  2.379E+00 
2.115E+00   9.056E+00  2.383E+00 
2.142E+00   9.114E+00  2.386E+00 
2.170E+00   9.173E+00  2.389E+00 
2.198E+00   9.233E+00  2.392E+00 
2.227E+00   9.292E+00  2.395E+00 
2.256E+00   9.353E+00  2.398E+00 
2.285E+00   9.413E+00  2.400E+00 
2.315E+00   9.474E+00  2.403E+00 
2.345E+00   9.536E+00  2.406E+00 
2.375E+00   9.597E+00  2.409E+00 
2.406E+00   9.659E+00  2.411E+00 
2.438E+00   9.722E+00  2.414E+00 
2.469E+00   9.785E+00  2.417E+00 
2.501E+00   9.848E+00  2.419E+00 
2.534E+00   9.912E+00  2.422E+00 
2.567E+00   9.976E+00  2.424E+00 
2.600E+00   1.004E+01  2.426E+00 
2.634E+00   1.011E+01  2.429E+00 
2.668E+00   1.017E+01  2.431E+00 
2.703E+00   1.024E+01  2.433E+00 
2.738E+00   1.030E+01  2.435E+00 
2.773E+00   1.037E+01  2.437E+00 
2.810E+00   1.044E+01  2.439E+00 
2.846E+00   1.051E+01  2.441E+00 
2.883E+00   1.057E+01  2.443E+00 
2.921E+00   1.064E+01  2.445E+00 
2.958E+00   1.071E+01  2.447E+00 
2.997E+00   1.078E+01  2.449E+00 
3.036E+00   1.085E+01  2.451E+00 
3.075E+00   1.092E+01  2.452E+00 
3.115E+00   1.099E+01  2.454E+00 
3.156E+00   1.106E+01  2.455E+00 
3.197E+00   1.113E+01  2.457E+00 
3.238E+00   1.121E+01  2.458E+00 
3.280E+00   1.128E+01  2.460E+00 
3.323E+00   1.135E+01  2.461E+00 
3.366E+00   1.142E+01  2.462E+00 
3.410E+00   1.150E+01  2.463E+00 
3.454E+00   1.157E+01  2.465E+00 
3.499E+00   1.165E+01  2.466E+00 
3.545E+00   1.172E+01  2.467E+00 
3.591E+00   1.180E+01  2.468E+00 
3.637E+00   1.188E+01  2.469E+00 
3.685E+00   1.195E+01  2.469E+00 
3.733E+00   1.203E+01  2.470E+00 
3.781E+00   1.211E+01  2.471E+00 
3.830E+00   1.219E+01  2.472E+00 
3.880E+00   1.227E+01  2.472E+00 
3.930E+00   1.235E+01  2.473E+00 
3.982E+00   1.243E+01  2.473E+00 
4.033E+00   1.251E+01  2.473E+00 
4.086E+00   1.259E+01  2.474E+00 
4.139E+00   1.267E+01  2.474E+00 
4.193E+00   1.275E+01  2.474E+00 
4.247E+00   1.283E+01  2.474E+00 
4.302E+00   1.292E+01  2.475E+00 
4.358E+00   1.300E+01  2.475E+00 
4.415E+00   1.308E+01  2.475E+00 
4.472E+00   1.317E+01  2.474E+00 
4.530E+00   1.325E+01  2.474E+00 
4.589E+00   1.334E+01  2.474E+00 
4.649E+00   1.343E+01  2.474E+00 
4.709E+00   1.351E+01  2.473E+00 
4.770E+00   1.360E+01  2.473E+00 
4.832E+00   1.369E+01  2.472E+00 
4.895E+00   1.378E+01  2.472E+00 
4.959E+00   1.387E+01  2.471E+00 
5.023E+00   1.396E+01  2.470E+00 
5.089E+00   1.405E+01  2.470E+00 
5.155E+00   1.414E+01  2.469E+00 
5.222E+00   1.423E+01  2.468E+00 
5.290E+00   1.432E+01  2.467E+00 
5.358E+00   1.441E+01  2.466E+00 
5.428E+00   1.451E+01  2.465E+00 
5.499E+00   1.460E+01  2.464E+00 
5.570E+00   1.470E+01  2.462E+00 
5.642E+00   1.479E+01  2.461E+00 
5.716E+00   1.489E+01  2.460E+00 
5.790E+00   1.498E+01  2.458E+00 
5.865E+00   1.508E+01  2.457E+00 
5.942E+00   1.518E+01  2.455E+00 
6.019E+00   1.528E+01  2.454E+00 
6.097E+00   1.538E+01  2.452E+00 
6.176E+00   1.548E+01  2.450E+00 
6.256E+00   1.558E+01  2.448E+00 
6.338E+00   1.568E+01  2.446E+00 
6.420E+00   1.578E+01  2.444E+00 
6.504E+00   1.588E+01  2.442E+00 
6.588E+00   1.598E+01  2.440E+00 
6.674E+00   1.609E+01  2.438E+00 
6.760E+00   1.619E+01  2.436E+00 
6.848E+00   1.630E+01  2.433E+00 
6.937E+00   1.640E+01  2.431E+00 
7.027E+00   1.651E+01  2.428E+00 
7.119E+00   1.661E+01  2.426E+00 
7.211E+00   1.672E+01  2.423E+00 
7.305E+00   1.683E+01  2.421E+00 
7.400E+00   1.694E+01  2.418E+00 
7.496E+00   1.705E+01  2.415E+00 
7.594E+00   1.716E+01  2.412E+00 
7.692E+00   1.727E+01  2.409E+00 
7.792E+00   1.738E+01  2.406E+00 
7.894E+00   1.750E+01  2.403E+00 
7.996E+00   1.761E+01  2.400E+00 
8.100E+00   1.772E+01  2.397E+00 
8.205E+00   1.784E+01  2.393E+00 
8.312E+00   1.796E+01  2.390E+00 
8.420E+00   1.808E+01  2.386E+00 
8.529E+00   1.820E+01  2.383E+00 
8.640E+00   1.832E+01  2.379E+00 
8.753E+00   1.844E+01  2.376E+00 
8.866E+00   1.856E+01  2.372E+00 
8.982E+00   1.869E+01  2.368E+00 
9.098E+00   1.881E+01  2.364E+00 
9.217E+00   1.894E+01  2.360E+00 
9.336E+00   1.907E+01  2.356E+00 
9.458E+00   1.920E+01  2.352E+00 
9.581E+00   1.933E+01  2.348E+00 
9.705E+00   1.946E+01  2.344E+00 
9.831E+00   1.959E+01  2.340E+00 
9.959E+00   1.972E+01  2.335E+00 
1.009E+01   1.986E+01  2.331E+00 
1.022E+01   1.999E+01  2.327E+00 
1.035E+01   2.013E+01  2.322E+00 
1.049E+01   2.027E+01  2.318E+00 
1.062E+01   2.041E+01  2.313E+00 
1.076E+01   2.055E+01  2.308E+00 
1.090E+01   2.069E+01  2.303E+00 
1.104E+01   2.083E+01  2.299E+00 
1.119E+01   2.098E+01  2.294E+00 
1.133E+01   2.112E+01  2.289E+00 
1.148E+01   2.127E+01  2.284E+00 
1.163E+01   2.142E+01  2.279E+00 
1.178E+01   2.157E+01  2.273E+00 
1.193E+01   2.172E+01  2.268E+00 
1.209E+01   2.187E+01  2.263E+00 
1.224E+01   2.203E+01  2.258E+00 
1.240E+01   2.218E+01  2.252E+00 
1.256E+01   2.234E+01  2.247E+00 
1.273E+01   2.250E+01  2.241E+00 
1.289E+01   2.265E+01  2.236E+00 
1.306E+01   2.282E+01  2.230E+00 
1.323E+01   2.298E+01  2.224E+00 
1.340E+01   2.314E+01  2.219E+00 
1.358E+01   2.331E+01  2.213E+00 
1.375E+01   2.347E+01  2.207E+00 
1.393E+01   2.364E+01  2.201E+00 
1.411E+01   2.381E+01  2.195E+00 
1.430E+01   2.398E+01  2.189E+00 
1.448E+01   2.416E+01  2.183E+00 
1.467E+01   2.433E+01  2.177E+00 
1.486E+01   2.451E+01  2.171E+00 
1.505E+01   2.468E+01  2.164E+00 
1.525E+01   2.486E+01  2.158E+00 
1.545E+01   2.504E+01  2.152E+00 
1.565E+01   2.522E+01  2.145E+00 
1.585E+01   2.541E+01  2.139E+00 
1.606E+01   2.559E+01  2.132E+00 
1.627E+01   2.578E+01  2.126E+00 
1.648E+01   2.597E+01  2.119E+00 
1.669E+01   2.616E+01  2.112E+00 
1.691E+01   2.635E+01  2.106E+00 
1.713E+01   2.655E+01  2.099E+00 
1.735E+01   2.674E+01  2.092E+00 
1.758E+01   2.694E+01  2.085E+00 
1.781E+01   2.714E+01  2.078E+00 
1.804E+01   2.734E+01  2.072E+00 
1.827E+01   2.754E+01  2.065E+00 
1.851E+01   2.775E+01  2.057E+00 
1.875E+01   2.795E+01  2.050E+00 
1.899E+01   2.816E+01  2.043E+00 
1.924E+01   2.837E+01  2.036E+00 
1.949E+01   2.859E+01  2.029E+00 
1.974E+01   2.880E+01  2.022E+00 
2.000E+01   2.901E+01  2.014E+00 
2.026E+01   2.923E+01  2.007E+00 
2.052E+01   2.945E+01  2.000E+00 
2.079E+01   2.967E+01  1.992E+00 
2.106E+01   2.990E+01  1.985E+00 
2.133E+01   3.012E+01  1.977E+00 
2.161E+01   3.035E+01  1.970E+00 
2.189E+01   3.058E+01  1.962E+00 
2.218E+01   3.081E+01  1.955E+00 
2.247E+01   3.105E+01  1.947E+00 
2.276E+01   3.128E+01  1.939E+00 
2.305E+01   3.152E+01  1.932E+00 
2.335E+01   3.176E+01  1.924E+00 
2.366E+01   3.200E+01  1.916E+00 
2.396E+01   3.225E+01  1.909E+00 
2.428E+01   3.250E+01  1.901E+00 
2.459E+01   3.274E+01  1.893E+00 
2.491E+01   3.300E+01  1.885E+00 
2.523E+01   3.325E+01  1.877E+00 
2.556E+01   3.350E+01  1.869E+00 
2.589E+01   3.376E+01  1.861E+00 
2.623E+01   3.402E+01  1.853E+00 
2.657E+01   3.429E+01  1.845E+00 
2.692E+01   3.455E+01  1.837E+00 
2.727E+01   3.482E+01  1.829E+00 
2.762E+01   3.509E+01  1.821E+00 
2.798E+01   3.536E+01  1.813E+00 
2.834E+01   3.563E+01  1.805E+00 
2.871E+01   3.591E+01  1.797E+00 
2.909E+01   3.619E+01  1.789E+00 
2.946E+01   3.647E+01  1.780E+00 
2.985E+01   3.676E+01  1.772E+00 
3.023E+01   3.704E+01  1.764E+00 
3.063E+01   3.733E+01  1.756E+00 
3.103E+01   3.763E+01  1.747E+00 
3.143E+01   3.792E+01  1.739E+00 
3.184E+01   3.822E+01  1.731E+00 
3.225E+01   3.852E+01  1.723E+00 
3.267E+01   3.882E+01  1.714E+00 
3.309E+01   3.913E+01  1.706E+00 
3.352E+01   3.943E+01  1.698E+00 
3.396E+01   3.974E+01  1.689E+00 
3.440E+01   4.006E+01  1.681E+00 
3.485E+01   4.037E+01  1.673E+00 
3.530E+01   4.069E+01  1.664E+00 
3.576E+01   4.101E+01  1.656E+00 
3.623E+01   4.134E+01  1.647E+00 
3.670E+01   4.167E+01  1.639E+00 
3.717E+01   4.200E+01  1.631E+00 
3.766E+01   4.233E+01  1.622E+00 
3.815E+01   4.267E+01  1.614E+00 
3.864E+01   4.301E+01  1.605E+00 
3.914E+01   4.335E+01  1.597E+00 
3.965E+01   4.369E+01  1.588E+00 
4.017E+01   4.404E+01  1.580E+00 
4.069E+01   4.439E+01  1.572E+00 
4.122E+01   4.475E+01  1.563E+00 
4.175E+01   4.510E+01  1.555E+00 
4.230E+01   4.546E+01  1.546E+00 
4.285E+01   4.583E+01  1.538E+00 
4.340E+01   4.620E+01  1.529E+00 
4.397E+01   4.657E+01  1.521E+00 
4.454E+01   4.694E+01  1.512E+00 
4.512E+01   4.731E+01  1.504E+00 
4.570E+01   4.769E+01  1.496E+00 
4.630E+01   4.808E+01  1.487E+00 
4.690E+01   4.846E+01  1.479E+00 
4.751E+01   4.885E+01  1.470E+00 
4.813E+01   4.925E+01  1.462E+00 
4.875E+01   4.964E+01  1.453E+00 
4.939E+01   5.004E+01  1.445E+00 
5.003E+01   5.045E+01  1.437E+00 
5.068E+01   5.085E+01  1.428E+00 
5.134E+01   5.126E+01  1.420E+00 
5.200E+01   5.168E+01  1.412E+00 
5.268E+01   5.209E+01  1.403E+00 
5.336E+01   5.251E+01  1.395E+00 
5.406E+01   5.294E+01  1.387E+00 
5.476E+01   5.337E+01  1.378E+00 
5.547E+01   5.380E+01  1.370E+00 
5.619E+01   5.423E+01  1.362E+00 
5.692E+01   5.467E+01  1.353E+00 
5.766E+01   5.512E+01  1.345E+00 
5.841E+01   5.556E+01  1.337E+00 
5.917E+01   5.601E+01  1.329E+00 
5.994E+01   5.647E+01  1.320E+00 
6.072E+01   5.692E+01  1.312E+00 
6.151E+01   5.739E+01  1.304E+00 
6.231E+01   5.785E+01  1.296E+00 
6.312E+01   5.832E+01  1.288E+00 
6.394E+01   5.879E+01  1.279E+00 
6.477E+01   5.927E+01  1.271E+00 
6.561E+01   5.975E+01  1.263E+00 
6.646E+01   6.024E+01  1.255E+00 
6.733E+01   6.072E+01  1.247E+00 
6.820E+01   6.122E+01  1.239E+00 
6.909E+01   6.171E+01  1.231E+00 
6.999E+01   6.221E+01  1.223E+00 
7.090E+01   6.272E+01  1.215E+00 
7.182E+01   6.323E+01  1.207E+00 
7.275E+01   6.374E+01  1.199E+00 
7.370E+01   6.426E+01  1.191E+00 
7.465E+01   6.478E+01  1.183E+00 
7.562E+01   6.531E+01  1.175E+00 
7.661E+01   6.584E+01  1.167E+00 
7.760E+01   6.637E+01  1.160E+00 
7.861E+01   6.691E+01  1.152E+00 
7.963E+01   6.745E+01  1.144E+00 
8.067E+01   6.800E+01  1.136E+00 
8.172E+01   6.855E+01  1.129E+00 
8.278E+01   6.910E+01  1.121E+00 
8.385E+01   6.966E+01  1.113E+00 
8.494E+01   7.022E+01  1.105E+00 
8.605E+01   7.079E+01  1.098E+00 
8.717E+01   7.136E+01  1.090E+00 
8.830E+01   7.194E+01  1.083E+00 
8.945E+01   7.252E+01  1.075E+00 
9.061E+01   7.311E+01  1.068E+00 
9.179E+01   7.370E+01  1.060E+00 
9.298E+01   7.429E+01  1.053E+00 
9.419E+01   7.489E+01  1.045E+00 
9.541E+01   7.549E+01  1.038E+00 
9.665E+01   7.610E+01  1.030E+00 
9.791E+01   7.671E+01  1.023E+00 
9.918E+01   7.732E+01  1.016E+00 
1.005E+02   7.794E+01  1.008E+00 
1.018E+02   7.857E+01  1.001E+00 
1.031E+02   7.920E+01  9.939E-01 
1.044E+02   7.983E+01  9.867E-01 
1.058E+02   8.047E+01  9.795E-01 
1.072E+02   8.111E+01  9.724E-01 
1.086E+02   8.176E+01  9.653E-01 
1.100E+02   8.241E+01  9.582E-01 
1.114E+02   8.306E+01  9.511E-01 
1.129E+02   8.372E+01  9.441E-01 
1.143E+02   8.438E+01  9.371E-01 
1.158E+02   8.505E+01  9.302E-01 
1.173E+02   8.572E+01  9.232E-01 
1.188E+02   8.640E+01  9.164E-01 
1.204E+02   8.708E+01  9.095E-01 
1.219E+02   8.776E+01  9.027E-01 
1.235E+02   8.845E+01  8.959E-01 
1.251E+02   8.914E+01  8.891E-01 
1.268E+02   8.984E+01  8.824E-01 
1.284E+02   9.054E+01  8.757E-01 
1.301E+02   9.125E+01  8.690E-01 
1.318E+02   9.196E+01  8.624E-01 
1.335E+02   9.267E+01  8.558E-01 
1.352E+02   9.339E+01  8.492E-01 
1.370E+02   9.411E+01  8.427E-01 
1.388E+02   9.483E+01  8.362E-01 
1.406E+02   9.556E+01  8.297E-01 
1.424E+02   9.629E+01  8.233E-01 
1.442E+02   9.703E+01  8.169E-01 
1.461E+02   9.777E+01  8.105E-01 
1.480E+02   9.851E+01  8.042E-01 
1.499E+02   9.925E+01  7.979E-01 
1.519E+02   1.000E+02  7.916E-01 
1.539E+02   1.008E+02  7.854E-01 
1.559E+02   1.015E+02  7.792E-01 
1.579E+02   1.023E+02  7.731E-01 
1.599E+02   1.030E+02  7.669E-01 
1.620E+02   1.038E+02  7.608E-01 
1.641E+02   1.046E+02  7.548E-01 
1.662E+02   1.053E+02  7.488E-01 
1.684E+02   1.061E+02  7.428E-01 
1.706E+02   1.069E+02  7.368E-01 
1.728E+02   1.077E+02  7.309E-01 
1.751E+02   1.084E+02  7.250E-01 
1.773E+02   1.092E+02  7.192E-01 
1.796E+02   1.100E+02  7.133E-01 
1.820E+02   1.108E+02  7.076E-01 
1.843E+02   1.116E+02  7.018E-01 
1.867E+02   1.124E+02  6.961E-01 
1.892E+02   1.132E+02  6.904E-01 
1.916E+02   1.140E+02  6.848E-01 
1.941E+02   1.148E+02  6.792E-01 
1.966E+02   1.156E+02  6.736E-01 
1.992E+02   1.164E+02  6.680E-01 
2.018E+02   1.172E+02  6.625E-01 
2.044E+02   1.180E+02  6.571E-01 
2.071E+02   1.188E+02  6.516E-01 
2.097E+02   1.196E+02  6.462E-01 
2.125E+02   1.204E+02  6.408E-01 
2.152E+02   1.211E+02  6.355E-01 
2.180E+02   1.219E+02  6.302E-01 
2.209E+02   1.227E+02  6.249E-01 
2.237E+02   1.235E+02  6.197E-01 
2.266E+02   1.243E+02  6.145E-01 
2.296E+02   1.251E+02  6.093E-01 
2.326E+02   1.259E+02  6.042E-01 
2.356E+02   1.267E+02  5.991E-01 
2.387E+02   1.275E+02  5.940E-01 
2.418E+02   1.283E+02  5.890E-01 
2.449E+02   1.291E+02  5.840E-01 
2.481E+02   1.299E+02  5.790E-01 
2.513E+02   1.306E+02  5.740E-01 
2.546E+02   1.314E+02  5.691E-01 
2.579E+02   1.322E+02  5.643E-01 
2.612E+02   1.330E+02  5.594E-01 
2.646E+02   1.337E+02  5.546E-01 
2.681E+02   1.345E+02  5.499E-01 
2.716E+02   1.353E+02  5.451E-01 
2.751E+02   1.360E+02  5.404E-01 
2.787E+02   1.367E+02  5.357E-01 
2.823E+02   1.375E+02  5.311E-01 
2.859E+02   1.382E+02  5.265E-01 
2.897E+02   1.390E+02  5.219E-01 
2.934E+02   1.397E+02  5.174E-01 
2.972E+02   1.404E+02  5.129E-01 
3.011E+02   1.411E+02  5.084E-01 
3.050E+02   1.418E+02  5.039E-01 
3.090E+02   1.425E+02  4.995E-01 
3.130E+02   1.432E+02  4.951E-01 
3.171E+02   1.439E+02  4.908E-01 
3.212E+02   1.445E+02  4.865E-01 
3.254E+02   1.452E+02  4.822E-01 
3.296E+02   1.458E+02  4.779E-01 
3.339E+02   1.465E+02  4.737E-01 
3.382E+02   1.471E+02  4.695E-01 
3.426E+02   1.477E+02  4.653E-01 
3.471E+02   1.483E+02  4.612E-01 
3.516E+02   1.489E+02  4.571E-01 
3.561E+02   1.495E+02  4.530E-01 
3.608E+02   1.501E+02  4.489E-01 
3.655E+02   1.506E+02  4.449E-01 
3.702E+02   1.512E+02  4.409E-01 
3.750E+02   1.517E+02  4.370E-01 
3.799E+02   1.522E+02  4.331E-01 
3.848E+02   1.527E+02  4.292E-01 
3.898E+02   1.532E+02  4.253E-01 
3.949E+02   1.537E+02  4.215E-01 
4.000E+02   1.542E+02  4.177E-01 
4.052E+02   1.546E+02  4.139E-01 
4.105E+02   1.550E+02  4.147E-01 
4.158E+02   1.555E+02  4.109E-01 
4.212E+02   1.559E+02  4.072E-01 
4.267E+02   1.562E+02  4.035E-01 
4.323E+02   1.566E+02  3.998E-01 
4.379E+02   1.570E+02  3.961E-01 
4.436E+02   1.573E+02  3.925E-01 
4.493E+02   1.576E+02  3.889E-01 
4.552E+02   1.579E+02  3.853E-01 
4.611E+02   1.582E+02  3.818E-01 
4.671E+02   1.584E+02  3.783E-01 
4.731E+02   1.587E+02  3.748E-01 
4.793E+02   1.589E+02  3.713E-01 
4.855E+02   1.591E+02  3.679E-01 
4.918E+02   1.593E+02  3.645E-01 
4.982E+02   1.595E+02  3.611E-01 
5.047E+02   1.596E+02  3.577E-01 
5.113E+02   1.597E+02  3.544E-01 
5.179E+02   1.599E+02  3.511E-01 
5.246E+02   1.599E+02  3.478E-01 
5.315E+02   1.600E+02  3.446E-01 
5.384E+02   1.601E+02  3.414E-01 
5.454E+02   1.601E+02  3.382E-01 
5.524E+02   1.601E+02  3.350E-01 
5.596E+02   1.601E+02  3.319E-01 
5.669E+02   1.601E+02  3.287E-01 
5.743E+02   1.600E+02  3.256E-01 
5.817E+02   1.600E+02  3.226E-01 
5.893E+02   1.599E+02  3.195E-01 
5.969E+02   1.598E+02  3.165E-01 
6.047E+02   1.597E+02  3.135E-01 
6.126E+02   1.595E+02  3.105E-01 
6.205E+02   1.593E+02  3.076E-01 
6.286E+02   1.592E+02  3.047E-01 
6.368E+02   1.590E+02  3.018E-01 
6.450E+02   1.587E+02  2.989E-01 
6.534E+02   1.585E+02  2.961E-01 
6.619E+02   1.582E+02  2.932E-01 
6.705E+02   1.580E+02  2.904E-01 
6.792E+02   1.577E+02  2.877E-01 
6.881E+02   1.574E+02  2.849E-01 
6.970E+02   1.570E+02  2.822E-01 
7.061E+02   1.567E+02  2.795E-01 
7.152E+02   1.563E+02  2.768E-01 
7.245E+02   1.560E+02  2.741E-01 
7.339E+02   1.556E+02  2.715E-01 
7.435E+02   1.552E+02  2.689E-01 
7.531E+02   1.548E+02  2.663E-01 
7.629E+02   1.543E+02  2.637E-01 
7.728E+02   1.539E+02  2.612E-01 
7.829E+02   1.534E+02  2.587E-01 
7.931E+02   1.529E+02  2.561E-01 
8.034E+02   1.524E+02  2.537E-01 
8.138E+02   1.519E+02  2.512E-01 
8.244E+02   1.514E+02  2.488E-01 
8.351E+02   1.509E+02  2.463E-01 
8.460E+02   1.503E+02  2.439E-01 
8.570E+02   1.498E+02  2.416E-01 
8.681E+02   1.492E+02  2.392E-01 
8.794E+02   1.487E+02  2.369E-01 
8.908E+02   1.481E+02  2.346E-01 
9.024E+02   1.475E+02  2.323E-01 
9.141E+02   1.469E+02  2.300E-01 
9.260E+02   1.463E+02  2.277E-01 
9.380E+02   1.457E+02  2.255E-01 
9.502E+02   1.450E+02  2.233E-01 
9.626E+02   1.444E+02  2.211E-01 
9.751E+02   1.438E+02  2.189E-01 
9.877E+02   1.431E+02  2.168E-01 
1.001E+03   1.425E+02  2.146E-01 
1.014E+03   1.418E+02  2.125E-01 
1.027E+03   1.412E+02  2.104E-01 
1.040E+03   1.405E+02  2.083E-01 
1.054E+03   1.398E+02  2.063E-01 
1.067E+03   1.392E+02  2.042E-01 
1.081E+03   1.385E+02  2.022E-01 
1.095E+03   1.378E+02  2.002E-01 
1.109E+03   1.371E+02  1.982E-01 
1.124E+03   1.364E+02  1.963E-01 
1.138E+03   1.357E+02  1.943E-01 
1.153E+03   1.351E+02  1.924E-01 
1.168E+03   1.344E+02  1.905E-01 
1.183E+03   1.337E+02  1.886E-01 
1.199E+03   1.330E+02  1.867E-01 
1.214E+03   1.323E+02  1.848E-01 
1.230E+03   1.316E+02  1.830E-01 
1.246E+03   1.309E+02  1.811E-01 
1.262E+03   1.302E+02  1.793E-01 
1.279E+03   1.295E+02  1.775E-01 
1.295E+03   1.288E+02  1.758E-01 
1.312E+03   1.281E+02  1.740E-01 
1.329E+03   1.274E+02  1.722E-01 
1.347E+03   1.267E+02  1.705E-01 
1.364E+03   1.260E+02  1.688E-01 
1.382E+03   1.253E+02  1.671E-01 
1.400E+03   1.247E+02  1.654E-01 
1.418E+03   1.240E+02  1.637E-01 
1.436E+03   1.233E+02  1.621E-01 
1.455E+03   1.226E+02  1.605E-01 
1.474E+03   1.219E+02  1.588E-01 
1.493E+03   1.212E+02  1.572E-01 
1.513E+03   1.206E+02  1.556E-01 
1.532E+03   1.199E+02  1.541E-01 
1.552E+03   1.192E+02  1.525E-01 
1.572E+03   1.186E+02  1.510E-01 
1.593E+03   1.179E+02  1.494E-01 
1.613E+03   1.172E+02  1.479E-01 
1.634E+03   1.166E+02  1.464E-01 
1.656E+03   1.159E+02  1.449E-01 
1.677E+03   1.153E+02  1.434E-01 
1.699E+03   1.146E+02  1.420E-01 
1.721E+03   1.140E+02  1.405E-01 
1.743E+03   1.133E+02  1.391E-01 
1.766E+03   1.127E+02  1.377E-01 
1.789E+03   1.120E+02  1.363E-01 
1.812E+03   1.114E+02  1.349E-01 
1.836E+03   1.108E+02  1.335E-01 
1.860E+03   1.101E+02  1.321E-01 
1.884E+03   1.095E+02  1.308E-01 
1.908E+03   1.089E+02  1.295E-01 
1.933E+03   1.083E+02  1.281E-01 
1.958E+03   1.077E+02  1.268E-01 
1.984E+03   1.070E+02  1.255E-01 
2.009E+03   1.064E+02  1.242E-01 
2.036E+03   1.058E+02  1.229E-01 
2.062E+03   1.052E+02  1.217E-01 
2.089E+03   1.046E+02  1.204E-01 
2.116E+03   1.040E+02  1.192E-01 
2.143E+03   1.034E+02  1.180E-01 
2.171E+03   1.028E+02  1.167E-01 
2.200E+03   1.023E+02  1.155E-01 
2.228E+03   1.017E+02  1.143E-01 
2.257E+03   1.011E+02  1.132E-01 
2.286E+03   1.005E+02  1.120E-01 
2.316E+03   9.993E+01  1.108E-01 
2.346E+03   9.936E+01  1.097E-01 
2.377E+03   9.879E+01  1.086E-01 
2.408E+03   9.822E+01  1.074E-01 
2.439E+03   9.765E+01  1.063E-01 
2.471E+03   9.709E+01  1.052E-01 
2.503E+03   9.653E+01  1.041E-01 
2.535E+03   9.597E+01  1.030E-01 
2.568E+03   9.542E+01  1.020E-01 
2.602E+03   9.486E+01  1.009E-01 
2.635E+03   9.431E+01  9.986E-02 
2.670E+03   9.377E+01  9.882E-02 
2.704E+03   9.322E+01  9.779E-02 
2.740E+03   9.268E+01  9.677E-02 
2.775E+03   9.214E+01  9.577E-02 
2.811E+03   9.160E+01  9.477E-02 
2.848E+03   9.106E+01  9.378E-02 
2.885E+03   9.053E+01  9.280E-02 
2.922E+03   9.000E+01  9.183E-02 
2.960E+03   8.947E+01  9.087E-02 
2.999E+03   8.894E+01  8.992E-02 
3.038E+03   8.842E+01  8.898E-02 
3.077E+03   8.789E+01  8.805E-02 
3.117E+03   8.737E+01  8.712E-02 
3.158E+03   8.685E+01  8.621E-02 
3.199E+03   8.634E+01  8.531E-02 
3.240E+03   8.582E+01  8.441E-02 
3.282E+03   8.531E+01  8.352E-02 
3.325E+03   8.480E+01  8.265E-02 
3.368E+03   8.429E+01  8.178E-02 
3.412E+03   8.378E+01  8.092E-02 
3.456E+03   8.328E+01  8.007E-02 
3.501E+03   8.278E+01  7.922E-02 
3.547E+03   8.228E+01  7.839E-02 
3.593E+03   8.178E+01  7.756E-02 
3.640E+03   8.128E+01  7.675E-02 
3.687E+03   8.078E+01  7.594E-02 
3.735E+03   8.029E+01  7.513E-02 
3.783E+03   7.980E+01  7.434E-02 
3.832E+03   7.931E+01  7.356E-02 
3.882E+03   7.882E+01  7.278E-02 
3.933E+03   7.834E+01  7.201E-02 
3.984E+03   7.785E+01  7.125E-02 
4.036E+03   7.737E+01  7.049E-02 
4.088E+03   7.689E+01  6.975E-02 
4.141E+03   7.641E+01  6.901E-02 
4.195E+03   7.593E+01  6.828E-02 
4.250E+03   7.545E+01  6.755E-02 
4.305E+03   7.498E+01  6.683E-02 
4.361E+03   7.451E+01  6.613E-02 
4.417E+03   7.404E+01  6.542E-02 
4.475E+03   7.357E+01  6.473E-02 
4.533E+03   7.310E+01  6.404E-02 
4.592E+03   7.264E+01  6.336E-02 
4.652E+03   7.217E+01  6.268E-02 
4.712E+03   7.171E+01  6.202E-02 
4.773E+03   7.125E+01  6.136E-02 
4.835E+03   7.079E+01  6.070E-02 
4.898E+03   7.033E+01  6.006E-02 
4.962E+03   6.988E+01  5.942E-02 
5.026E+03   6.943E+01  5.878E-02 
5.092E+03   6.897E+01  5.815E-02 
5.158E+03   6.852E+01  5.753E-02 
5.225E+03   6.808E+01  5.692E-02 
5.293E+03   6.763E+01  5.631E-02 
5.362E+03   6.719E+01  5.571E-02 
5.431E+03   6.674E+01  5.511E-02 
5.502E+03   6.630E+01  5.452E-02 
5.573E+03   6.586E+01  5.394E-02 
5.646E+03   6.542E+01  5.336E-02 
5.719E+03   6.499E+01  5.279E-02 
5.793E+03   6.455E+01  5.222E-02 
5.869E+03   6.412E+01  5.166E-02 
5.945E+03   6.369E+01  5.111E-02 
6.022E+03   6.326E+01  5.056E-02 
6.101E+03   6.283E+01  5.002E-02 
6.180E+03   6.241E+01  4.948E-02 
6.260E+03   6.198E+01  4.895E-02 
6.341E+03   6.156E+01  4.842E-02 
6.424E+03   6.114E+01  4.790E-02 
6.507E+03   6.072E+01  4.739E-02 
6.592E+03   6.031E+01  4.688E-02 
6.678E+03   5.989E+01  4.637E-02 
6.764E+03   5.948E+01  4.587E-02 
6.852E+03   5.907E+01  4.538E-02 
6.941E+03   5.866E+01  4.489E-02 
7.032E+03   5.825E+01  4.441E-02 
7.123E+03   5.785E+01  4.393E-02 
7.216E+03   5.744E+01  4.345E-02 
7.309E+03   5.704E+01  4.298E-02 
7.404E+03   5.664E+01  4.252E-02 
7.501E+03   5.624E+01  4.206E-02 
7.598E+03   5.584E+01  4.160E-02 
7.697E+03   5.545E+01  4.115E-02 
7.797E+03   5.506E+01  4.071E-02 
7.898E+03   5.467E+01  4.027E-02 
8.001E+03   5.428E+01  3.983E-02 
8.105E+03   5.395E+01  3.940E-02 
8.210E+03   5.361E+01  3.897E-02 
8.317E+03   5.328E+01  3.855E-02 
8.425E+03   5.293E+01  3.813E-02 
8.534E+03   5.259E+01  3.772E-02 
8.645E+03   5.224E+01  3.731E-02 
8.758E+03   5.188E+01  3.691E-02 
8.871E+03   5.152E+01  3.651E-02 
8.987E+03   5.116E+01  3.611E-02 
9.104E+03   5.079E+01  3.572E-02 
9.222E+03   5.042E+01  3.533E-02 
9.342E+03   5.004E+01  3.494E-02 
9.463E+03   4.966E+01  3.456E-02 
9.586E+03   4.927E+01  3.419E-02 
9.711E+03   4.891E+01  3.382E-02 
9.837E+03   4.855E+01  3.345E-02 
9.965E+03   4.820E+01  3.308E-02 
1.009E+04   4.785E+01  3.272E-02 
1.023E+04   4.750E+01  3.237E-02 
1.036E+04   4.716E+01  3.201E-02 
1.049E+04   4.681E+01  3.166E-02 
1.063E+04   4.647E+01  3.132E-02 
1.077E+04   4.613E+01  3.098E-02 
1.091E+04   4.578E+01  3.064E-02 
1.105E+04   4.545E+01  3.030E-02 
1.119E+04   4.511E+01  2.997E-02 
1.134E+04   4.477E+01  2.965E-02 
1.149E+04   4.444E+01  2.932E-02 
1.163E+04   4.411E+01  2.900E-02 
1.179E+04   4.378E+01  2.868E-02 
1.194E+04   4.345E+01  2.837E-02 
1.209E+04   4.312E+01  2.806E-02 
1.225E+04   4.280E+01  2.775E-02 
1.241E+04   4.247E+01  2.745E-02 
1.257E+04   4.215E+01  2.715E-02 
1.274E+04   4.183E+01  2.685E-02 
1.290E+04   4.151E+01  2.655E-02 
1.307E+04   4.120E+01  2.626E-02 
1.324E+04   4.088E+01  2.598E-02 
1.341E+04   4.057E+01  2.569E-02 
1.358E+04   4.026E+01  2.541E-02 
1.376E+04   3.995E+01  2.513E-02 
1.394E+04   3.964E+01  2.485E-02 
1.412E+04   3.933E+01  2.458E-02 
1.431E+04   3.903E+01  2.431E-02 
1.449E+04   3.873E+01  2.404E-02 
1.468E+04   3.842E+01  2.378E-02 
1.487E+04   3.812E+01  2.352E-02 
1.506E+04   3.783E+01  2.326E-02 
1.526E+04   3.753E+01  2.300E-02 
1.546E+04   3.724E+01  2.275E-02 
1.566E+04   3.694E+01  2.250E-02 
1.586E+04   3.665E+01  2.225E-02 
1.607E+04   3.636E+01  2.200E-02 
1.628E+04   3.608E+01  2.176E-02 
1.649E+04   3.579E+01  2.152E-02 
1.670E+04   3.550E+01  2.128E-02 
1.692E+04   3.522E+01  2.105E-02 
1.714E+04   3.494E+01  2.082E-02 
1.736E+04   3.466E+01  2.059E-02 
1.759E+04   3.438E+01  2.036E-02 
1.782E+04   3.411E+01  2.013E-02 
1.805E+04   3.383E+01  1.991E-02 
1.828E+04   3.356E+01  1.969E-02 
1.852E+04   3.329E+01  1.947E-02 
1.876E+04   3.302E+01  1.926E-02 
1.900E+04   3.275E+01  1.905E-02 
1.925E+04   3.249E+01  1.883E-02 
1.950E+04   3.222E+01  1.863E-02 
1.976E+04   3.196E+01  1.842E-02 
2.001E+04   3.170E+01  1.822E-02 
2.027E+04   3.144E+01  1.801E-02 
2.054E+04   3.119E+01  1.781E-02 
2.080E+04   3.093E+01  1.762E-02 
2.107E+04   3.068E+01  1.742E-02 
2.135E+04   3.042E+01  1.723E-02 
2.162E+04   3.017E+01  1.704E-02 
2.191E+04   2.992E+01  1.685E-02 
2.219E+04   2.967E+01  1.666E-02 
2.248E+04   2.943E+01  1.648E-02 
2.277E+04   2.918E+01  1.629E-02 
2.307E+04   2.894E+01  1.611E-02 
2.337E+04   2.870E+01  1.593E-02 
2.367E+04   2.846E+01  1.576E-02 
2.398E+04   2.822E+01  1.558E-02 
2.429E+04   2.799E+01  1.541E-02 
2.461E+04   2.775E+01  1.524E-02 
2.492E+04   2.752E+01  1.507E-02 
2.525E+04   2.729E+01  1.490E-02 
2.558E+04   2.706E+01  1.473E-02 
2.591E+04   2.683E+01  1.457E-02 
2.625E+04   2.660E+01  1.441E-02 
2.659E+04   2.638E+01  1.424E-02 
2.693E+04   2.615E+01  1.409E-02 
2.728E+04   2.593E+01  1.393E-02 
2.764E+04   2.571E+01  1.377E-02 
2.800E+04   2.549E+01  1.362E-02 
2.836E+04   2.527E+01  1.347E-02 
2.873E+04   2.506E+01  1.332E-02 
2.910E+04   2.484E+01  1.317E-02 
2.948E+04   2.463E+01  1.302E-02 
2.986E+04   2.442E+01  1.288E-02 
3.025E+04   2.421E+01  1.273E-02 
3.065E+04   2.400E+01  1.259E-02 
3.104E+04   2.379E+01  1.245E-02 
3.145E+04   2.359E+01  1.231E-02 
3.186E+04   2.338E+01  1.217E-02 
3.227E+04   2.318E+01  1.204E-02 
3.269E+04   2.298E+01  1.190E-02 
3.311E+04   2.278E+01  1.177E-02 
3.354E+04   2.258E+01  1.164E-02 
3.398E+04   2.238E+01  1.151E-02 
3.442E+04   2.219E+01  1.138E-02 
3.487E+04   2.200E+01  1.125E-02 
3.532E+04   2.180E+01  1.112E-02 
3.578E+04   2.161E+01  1.100E-02 
3.625E+04   2.142E+01  1.088E-02 
3.672E+04   2.123E+01  1.075E-02 
3.719E+04   2.105E+01  1.063E-02 
3.768E+04   2.086E+01  1.051E-02 
3.817E+04   2.068E+01  1.040E-02 
3.866E+04   2.050E+01  1.028E-02 
3.917E+04   2.032E+01  1.016E-02 
3.968E+04   2.014E+01  1.005E-02 
4.019E+04   1.996E+01  9.937E-03 
4.071E+04   1.978E+01  9.826E-03 
4.124E+04   1.960E+01  9.715E-03 
4.178E+04   1.943E+01  9.606E-03 
4.232E+04   1.926E+01  9.498E-03 
4.287E+04   1.909E+01  9.391E-03 
4.343E+04   1.892E+01  9.286E-03 
4.399E+04   1.875E+01  9.181E-03 
4.456E+04   1.858E+01  9.078E-03 
4.514E+04   1.841E+01  8.976E-03 
4.573E+04   1.825E+01  8.875E-03 
4.632E+04   1.808E+01  8.775E-03 
4.693E+04   1.792E+01  8.676E-03 
4.754E+04   1.776E+01  8.578E-03 
4.815E+04   1.760E+01  8.482E-03 
4.878E+04   1.744E+01  8.386E-03 
4.941E+04   1.728E+01  8.292E-03 
5.006E+04   1.713E+01  8.198E-03 
5.071E+04   1.697E+01  8.106E-03 
5.137E+04   1.682E+01  8.014E-03 
5.203E+04   1.667E+01  7.924E-03 
5.271E+04   1.652E+01  7.834E-03 
5.340E+04   1.637E+01  7.746E-03 
5.409E+04   1.622E+01  7.658E-03 
5.479E+04   1.607E+01  7.572E-03 
5.550E+04   1.592E+01  7.486E-03 
5.623E+04   1.578E+01  7.402E-03 
5.696E+04   1.563E+01  7.318E-03 
5.770E+04   1.549E+01  7.236E-03 
5.845E+04   1.535E+01  7.154E-03 
5.921E+04   1.521E+01  7.073E-03 
5.998E+04   1.507E+01  6.993E-03 
6.075E+04   1.493E+01  6.914E-03 
6.154E+04   1.479E+01  6.836E-03 
6.234E+04   1.466E+01  6.758E-03 
6.315E+04   1.452E+01  6.682E-03 
6.398E+04   1.439E+01  6.606E-03 
6.481E+04   1.426E+01  6.531E-03 
6.565E+04   1.413E+01  6.457E-03 
6.650E+04   1.400E+01  6.384E-03 
6.737E+04   1.387E+01  6.312E-03 
6.824E+04   1.374E+01  6.240E-03 
6.913E+04   1.361E+01  6.170E-03 
7.003E+04   1.348E+01  6.100E-03 
7.094E+04   1.336E+01  6.031E-03 
7.186E+04   1.324E+01  5.962E-03 
7.279E+04   1.311E+01  5.895E-03 
7.374E+04   1.299E+01  5.828E-03 
7.470E+04   1.287E+01  5.762E-03 
7.567E+04   1.275E+01  5.696E-03 
7.665E+04   1.263E+01  5.632E-03 
7.765E+04   1.251E+01  5.568E-03 
7.866E+04   1.240E+01  5.504E-03 
7.968E+04   1.228E+01  5.442E-03 
8.072E+04   1.217E+01  5.380E-03 
8.176E+04   1.205E+01  5.319E-03 
8.283E+04   1.194E+01  5.258E-03 
8.390E+04   1.183E+01  5.199E-03 
8.499E+04   1.172E+01  5.140E-03 
8.610E+04   1.161E+01  5.081E-03 
8.722E+04   1.150E+01  5.023E-03 
8.835E+04   1.139E+01  4.966E-03 
8.950E+04   1.129E+01  4.910E-03 
9.066E+04   1.118E+01  4.854E-03 
9.184E+04   1.108E+01  4.799E-03 
9.303E+04   1.097E+01  4.744E-03 
9.424E+04   1.087E+01  4.690E-03 
9.547E+04   1.077E+01  4.637E-03 
9.671E+04   1.067E+01  4.584E-03 
9.797E+04   1.056E+01  4.532E-03 
9.924E+04   1.047E+01  4.480E-03 
1.005E+05   1.037E+01  4.429E-03 
1.018E+05   1.027E+01  4.378E-03 
1.032E+05   1.017E+01  4.328E-03 
1.045E+05   1.008E+01  4.279E-03 
1.059E+05   9.981E+00  4.230E-03 
1.072E+05   9.887E+00  4.182E-03 
1.086E+05   9.794E+00  4.134E-03 
1.100E+05   9.701E+00  4.087E-03 
1.115E+05   9.610E+00  4.040E-03 
1.129E+05   9.519E+00  3.994E-03 
1.144E+05   9.429E+00  3.949E-03 
1.159E+05   9.340E+00  3.904E-03 
1.174E+05   9.251E+00  3.859E-03 
1.189E+05   9.164E+00  3.815E-03 
1.204E+05   9.077E+00  3.771E-03 
1.220E+05   8.991E+00  3.728E-03 
1.236E+05   8.906E+00  3.686E-03 
1.252E+05   8.822E+00  3.644E-03 
1.268E+05   8.738E+00  3.602E-03 
1.285E+05   8.655E+00  3.561E-03 
1.302E+05   8.573E+00  3.520E-03 
1.318E+05   8.492E+00  3.480E-03 
1.336E+05   8.411E+00  3.440E-03 
1.353E+05   8.332E+00  3.401E-03 
1.371E+05   8.253E+00  3.362E-03 
1.388E+05   8.174E+00  3.323E-03 
1.406E+05   8.097E+00  3.285E-03 
1.425E+05   8.020E+00  3.248E-03 
1.443E+05   7.944E+00  3.210E-03 
1.462E+05   7.868E+00  3.174E-03 
1.481E+05   7.794E+00  3.137E-03 
1.500E+05   7.720E+00  3.101E-03 
1.520E+05   7.646E+00  3.066E-03 
1.539E+05   7.574E+00  3.031E-03 
1.559E+05   7.502E+00  2.996E-03 
1.580E+05   7.431E+00  2.961E-03 
1.600E+05   7.360E+00  2.928E-03 
1.621E+05   7.290E+00  2.894E-03 
1.642E+05   7.221E+00  2.861E-03 
1.663E+05   7.153E+00  2.828E-03 
1.685E+05   7.085E+00  2.795E-03 
1.707E+05   7.018E+00  2.763E-03 
1.729E+05   6.951E+00  2.732E-03 
1.752E+05   6.885E+00  2.700E-03 
1.774E+05   6.820E+00  2.669E-03 
1.797E+05   6.755E+00  2.639E-03 
1.821E+05   6.691E+00  2.608E-03 
1.844E+05   6.628E+00  2.578E-03 
1.868E+05   6.565E+00  2.549E-03 
1.893E+05   6.503E+00  2.519E-03 
1.917E+05   6.441E+00  2.491E-03 
1.942E+05   6.380E+00  2.462E-03 
1.967E+05   6.320E+00  2.434E-03 
1.993E+05   6.260E+00  2.406E-03 
2.019E+05   6.201E+00  2.378E-03 
2.045E+05   6.142E+00  2.351E-03 
2.072E+05   6.084E+00  2.324E-03 
2.099E+05   6.027E+00  2.297E-03 
2.126E+05   5.970E+00  2.270E-03 
2.154E+05   5.914E+00  2.244E-03 
2.182E+05   5.858E+00  2.218E-03 
2.210E+05   5.802E+00  2.193E-03 
2.239E+05   5.748E+00  2.168E-03 
2.268E+05   5.694E+00  2.143E-03 
2.297E+05   5.640E+00  2.118E-03 
2.327E+05   5.587E+00  2.094E-03 
2.357E+05   5.534E+00  2.069E-03 
2.388E+05   5.482E+00  2.046E-03 
2.419E+05   5.431E+00  2.022E-03 
2.450E+05   5.380E+00  1.999E-03 
2.482E+05   5.329E+00  1.976E-03 
2.515E+05   5.279E+00  1.953E-03 
2.547E+05   5.230E+00  1.930E-03 
2.580E+05   5.181E+00  1.908E-03 
2.614E+05   5.133E+00  1.886E-03 
2.648E+05   5.085E+00  1.864E-03 
2.682E+05   5.037E+00  1.843E-03 
2.717E+05   4.990E+00  1.822E-03 
2.752E+05   4.944E+00  1.801E-03 
2.788E+05   4.897E+00  1.780E-03 
2.824E+05   4.852E+00  1.759E-03 
2.861E+05   4.807E+00  1.739E-03 
2.898E+05   4.762E+00  1.719E-03 
2.936E+05   4.718E+00  1.699E-03 
2.974E+05   4.674E+00  1.679E-03 
3.013E+05   4.631E+00  1.660E-03 
3.052E+05   4.588E+00  1.641E-03 
3.092E+05   4.545E+00  1.622E-03 
3.132E+05   4.503E+00  1.603E-03 
3.172E+05   4.462E+00  1.585E-03 
3.214E+05   4.421E+00  1.566E-03 
3.255E+05   4.380E+00  1.548E-03 
3.298E+05   4.340E+00  1.530E-03 
3.341E+05   4.300E+00  1.512E-03 
3.384E+05   4.260E+00  1.495E-03 
3.428E+05   4.221E+00  1.478E-03 
3.473E+05   4.183E+00  1.461E-03 
3.518E+05   4.144E+00  1.444E-03 
3.563E+05   4.107E+00  1.427E-03 
3.610E+05   4.069E+00  1.410E-03 
3.657E+05   4.032E+00  1.394E-03 
3.704E+05   3.995E+00  1.378E-03 
3.752E+05   3.959E+00  1.362E-03 
3.801E+05   3.923E+00  1.346E-03 
3.851E+05   3.888E+00  1.331E-03 
3.901E+05   3.853E+00  1.315E-03 
3.951E+05   3.818E+00  1.300E-03 
4.003E+05   3.783E+00  1.285E-03 
