Ion = Helium      . Mass = 4.0026
Tgt = Nd (Solid). Density = 7.008 g/cm3
Stopping Units =  eV/(1E15 atoms/cm2)
Energy(keV)  S(Elec)    S(Nuc)
1.000E+00   5.997E+00  2.158E+00 
1.013E+00   6.036E+00  2.164E+00 
1.026E+00   6.075E+00  2.169E+00 
1.039E+00   6.114E+00  2.175E+00 
1.053E+00   6.154E+00  2.180E+00 
1.067E+00   6.193E+00  2.186E+00 
1.081E+00   6.234E+00  2.192E+00 
1.095E+00   6.274E+00  2.197E+00 
1.109E+00   6.315E+00  2.203E+00 
1.123E+00   6.355E+00  2.208E+00 
1.138E+00   6.397E+00  2.213E+00 
1.153E+00   6.438E+00  2.219E+00 
1.168E+00   6.480E+00  2.224E+00 
1.183E+00   6.522E+00  2.230E+00 
1.198E+00   6.564E+00  2.235E+00 
1.214E+00   6.607E+00  2.240E+00 
1.229E+00   6.649E+00  2.246E+00 
1.245E+00   6.692E+00  2.251E+00 
1.262E+00   6.736E+00  2.256E+00 
1.278E+00   6.779E+00  2.261E+00 
1.295E+00   6.823E+00  2.266E+00 
1.311E+00   6.867E+00  2.271E+00 
1.329E+00   6.912E+00  2.276E+00 
1.346E+00   6.957E+00  2.282E+00 
1.363E+00   7.002E+00  2.287E+00 
1.381E+00   7.047E+00  2.292E+00 
1.399E+00   7.093E+00  2.296E+00 
1.417E+00   7.139E+00  2.301E+00 
1.436E+00   7.185E+00  2.306E+00 
1.454E+00   7.231E+00  2.311E+00 
1.473E+00   7.278E+00  2.316E+00 
1.492E+00   7.325E+00  2.321E+00 
1.512E+00   7.373E+00  2.325E+00 
1.531E+00   7.421E+00  2.330E+00 
1.551E+00   7.469E+00  2.335E+00 
1.571E+00   7.517E+00  2.339E+00 
1.592E+00   7.566E+00  2.344E+00 
1.612E+00   7.615E+00  2.348E+00 
1.633E+00   7.664E+00  2.353E+00 
1.655E+00   7.714E+00  2.357E+00 
1.676E+00   7.764E+00  2.362E+00 
1.698E+00   7.814E+00  2.366E+00 
1.720E+00   7.865E+00  2.370E+00 
1.742E+00   7.916E+00  2.375E+00 
1.765E+00   7.967E+00  2.379E+00 
1.788E+00   8.018E+00  2.383E+00 
1.811E+00   8.070E+00  2.387E+00 
1.835E+00   8.123E+00  2.391E+00 
1.859E+00   8.175E+00  2.396E+00 
1.883E+00   8.228E+00  2.400E+00 
1.907E+00   8.282E+00  2.404E+00 
1.932E+00   8.335E+00  2.408E+00 
1.957E+00   8.389E+00  2.411E+00 
1.983E+00   8.444E+00  2.415E+00 
2.008E+00   8.498E+00  2.419E+00 
2.034E+00   8.553E+00  2.423E+00 
2.061E+00   8.609E+00  2.427E+00 
2.088E+00   8.664E+00  2.430E+00 
2.115E+00   8.721E+00  2.434E+00 
2.142E+00   8.777E+00  2.437E+00 
2.170E+00   8.834E+00  2.441E+00 
2.198E+00   8.891E+00  2.444E+00 
2.227E+00   8.949E+00  2.448E+00 
2.256E+00   9.007E+00  2.451E+00 
2.285E+00   9.065E+00  2.455E+00 
2.315E+00   9.124E+00  2.458E+00 
2.345E+00   9.183E+00  2.461E+00 
2.375E+00   9.242E+00  2.464E+00 
2.406E+00   9.302E+00  2.467E+00 
2.438E+00   9.362E+00  2.470E+00 
2.469E+00   9.423E+00  2.473E+00 
2.501E+00   9.484E+00  2.476E+00 
2.534E+00   9.546E+00  2.479E+00 
2.567E+00   9.607E+00  2.482E+00 
2.600E+00   9.670E+00  2.485E+00 
2.634E+00   9.732E+00  2.488E+00 
2.668E+00   9.795E+00  2.490E+00 
2.703E+00   9.859E+00  2.493E+00 
2.738E+00   9.923E+00  2.496E+00 
2.773E+00   9.987E+00  2.498E+00 
2.810E+00   1.005E+01  2.501E+00 
2.846E+00   1.012E+01  2.503E+00 
2.883E+00   1.018E+01  2.505E+00 
2.921E+00   1.025E+01  2.508E+00 
2.958E+00   1.031E+01  2.510E+00 
2.997E+00   1.038E+01  2.512E+00 
3.036E+00   1.045E+01  2.514E+00 
3.075E+00   1.052E+01  2.516E+00 
3.115E+00   1.058E+01  2.518E+00 
3.156E+00   1.065E+01  2.520E+00 
3.197E+00   1.072E+01  2.522E+00 
3.238E+00   1.079E+01  2.524E+00 
3.280E+00   1.086E+01  2.526E+00 
3.323E+00   1.093E+01  2.527E+00 
3.366E+00   1.100E+01  2.529E+00 
3.410E+00   1.107E+01  2.531E+00 
3.454E+00   1.115E+01  2.532E+00 
3.499E+00   1.122E+01  2.534E+00 
3.545E+00   1.129E+01  2.535E+00 
3.591E+00   1.136E+01  2.536E+00 
3.637E+00   1.144E+01  2.538E+00 
3.685E+00   1.151E+01  2.539E+00 
3.733E+00   1.159E+01  2.540E+00 
3.781E+00   1.166E+01  2.541E+00 
3.830E+00   1.174E+01  2.542E+00 
3.880E+00   1.181E+01  2.543E+00 
3.930E+00   1.189E+01  2.544E+00 
3.982E+00   1.197E+01  2.545E+00 
4.033E+00   1.204E+01  2.545E+00 
4.086E+00   1.212E+01  2.546E+00 
4.139E+00   1.220E+01  2.547E+00 
4.193E+00   1.228E+01  2.547E+00 
4.247E+00   1.236E+01  2.548E+00 
4.302E+00   1.244E+01  2.548E+00 
4.358E+00   1.252E+01  2.548E+00 
4.415E+00   1.260E+01  2.549E+00 
4.472E+00   1.268E+01  2.549E+00 
4.530E+00   1.276E+01  2.549E+00 
4.589E+00   1.285E+01  2.549E+00 
4.649E+00   1.293E+01  2.549E+00 
4.709E+00   1.301E+01  2.549E+00 
4.770E+00   1.310E+01  2.549E+00 
4.832E+00   1.318E+01  2.548E+00 
4.895E+00   1.327E+01  2.548E+00 
4.959E+00   1.335E+01  2.548E+00 
5.023E+00   1.344E+01  2.547E+00 
5.089E+00   1.353E+01  2.547E+00 
5.155E+00   1.361E+01  2.546E+00 
5.222E+00   1.370E+01  2.546E+00 
5.290E+00   1.379E+01  2.545E+00 
5.358E+00   1.388E+01  2.544E+00 
5.428E+00   1.397E+01  2.543E+00 
5.499E+00   1.406E+01  2.542E+00 
5.570E+00   1.415E+01  2.541E+00 
5.642E+00   1.424E+01  2.540E+00 
5.716E+00   1.434E+01  2.539E+00 
5.790E+00   1.443E+01  2.538E+00 
5.865E+00   1.452E+01  2.537E+00 
5.942E+00   1.462E+01  2.535E+00 
6.019E+00   1.471E+01  2.534E+00 
6.097E+00   1.481E+01  2.532E+00 
6.176E+00   1.490E+01  2.531E+00 
6.256E+00   1.500E+01  2.529E+00 
6.338E+00   1.510E+01  2.527E+00 
6.420E+00   1.519E+01  2.525E+00 
6.504E+00   1.529E+01  2.524E+00 
6.588E+00   1.539E+01  2.522E+00 
6.674E+00   1.549E+01  2.520E+00 
6.760E+00   1.559E+01  2.517E+00 
6.848E+00   1.569E+01  2.515E+00 
6.937E+00   1.579E+01  2.513E+00 
7.027E+00   1.590E+01  2.511E+00 
7.119E+00   1.600E+01  2.508E+00 
7.211E+00   1.610E+01  2.506E+00 
7.305E+00   1.621E+01  2.503E+00 
7.400E+00   1.631E+01  2.501E+00 
7.496E+00   1.642E+01  2.498E+00 
7.594E+00   1.652E+01  2.495E+00 
7.692E+00   1.663E+01  2.492E+00 
7.792E+00   1.674E+01  2.489E+00 
7.894E+00   1.685E+01  2.486E+00 
7.996E+00   1.696E+01  2.483E+00 
8.100E+00   1.708E+01  2.480E+00 
8.205E+00   1.720E+01  2.477E+00 
8.312E+00   1.732E+01  2.474E+00 
8.420E+00   1.744E+01  2.470E+00 
8.529E+00   1.757E+01  2.467E+00 
8.640E+00   1.769E+01  2.463E+00 
8.753E+00   1.782E+01  2.460E+00 
8.866E+00   1.794E+01  2.456E+00 
8.982E+00   1.807E+01  2.452E+00 
9.098E+00   1.820E+01  2.449E+00 
9.217E+00   1.833E+01  2.445E+00 
9.336E+00   1.846E+01  2.441E+00 
9.458E+00   1.860E+01  2.437E+00 
9.581E+00   1.873E+01  2.433E+00 
9.705E+00   1.886E+01  2.429E+00 
9.831E+00   1.900E+01  2.424E+00 
9.959E+00   1.913E+01  2.420E+00 
1.009E+01   1.927E+01  2.416E+00 
1.022E+01   1.941E+01  2.411E+00 
1.035E+01   1.955E+01  2.407E+00 
1.049E+01   1.969E+01  2.402E+00 
1.062E+01   1.983E+01  2.398E+00 
1.076E+01   1.998E+01  2.393E+00 
1.090E+01   2.012E+01  2.388E+00 
1.104E+01   2.027E+01  2.383E+00 
1.119E+01   2.041E+01  2.378E+00 
1.133E+01   2.056E+01  2.373E+00 
1.148E+01   2.071E+01  2.368E+00 
1.163E+01   2.086E+01  2.363E+00 
1.178E+01   2.101E+01  2.358E+00 
1.193E+01   2.117E+01  2.353E+00 
1.209E+01   2.132E+01  2.347E+00 
1.224E+01   2.147E+01  2.342E+00 
1.240E+01   2.163E+01  2.336E+00 
1.256E+01   2.179E+01  2.331E+00 
1.273E+01   2.195E+01  2.325E+00 
1.289E+01   2.211E+01  2.320E+00 
1.306E+01   2.227E+01  2.314E+00 
1.323E+01   2.243E+01  2.308E+00 
1.340E+01   2.260E+01  2.302E+00 
1.358E+01   2.277E+01  2.297E+00 
1.375E+01   2.293E+01  2.291E+00 
1.393E+01   2.310E+01  2.285E+00 
1.411E+01   2.327E+01  2.278E+00 
1.430E+01   2.344E+01  2.272E+00 
1.448E+01   2.362E+01  2.266E+00 
1.467E+01   2.379E+01  2.260E+00 
1.486E+01   2.397E+01  2.254E+00 
1.505E+01   2.414E+01  2.247E+00 
1.525E+01   2.432E+01  2.241E+00 
1.545E+01   2.450E+01  2.234E+00 
1.565E+01   2.469E+01  2.228E+00 
1.585E+01   2.487E+01  2.221E+00 
1.606E+01   2.505E+01  2.214E+00 
1.627E+01   2.524E+01  2.208E+00 
1.648E+01   2.543E+01  2.201E+00 
1.669E+01   2.562E+01  2.194E+00 
1.691E+01   2.581E+01  2.187E+00 
1.713E+01   2.600E+01  2.180E+00 
1.735E+01   2.620E+01  2.173E+00 
1.758E+01   2.640E+01  2.166E+00 
1.781E+01   2.659E+01  2.159E+00 
1.804E+01   2.679E+01  2.152E+00 
1.827E+01   2.700E+01  2.145E+00 
1.851E+01   2.720E+01  2.138E+00 
1.875E+01   2.740E+01  2.131E+00 
1.899E+01   2.761E+01  2.123E+00 
1.924E+01   2.782E+01  2.116E+00 
1.949E+01   2.803E+01  2.109E+00 
1.974E+01   2.824E+01  2.101E+00 
2.000E+01   2.846E+01  2.094E+00 
2.026E+01   2.867E+01  2.086E+00 
2.052E+01   2.889E+01  2.079E+00 
2.079E+01   2.911E+01  2.071E+00 
2.106E+01   2.933E+01  2.063E+00 
2.133E+01   2.956E+01  2.056E+00 
2.161E+01   2.978E+01  2.048E+00 
2.189E+01   3.001E+01  2.040E+00 
2.218E+01   3.024E+01  2.032E+00 
2.247E+01   3.047E+01  2.024E+00 
2.276E+01   3.071E+01  2.016E+00 
2.305E+01   3.094E+01  2.009E+00 
2.335E+01   3.118E+01  2.001E+00 
2.366E+01   3.142E+01  1.993E+00 
2.396E+01   3.166E+01  1.985E+00 
2.428E+01   3.191E+01  1.977E+00 
2.459E+01   3.215E+01  1.968E+00 
2.491E+01   3.240E+01  1.960E+00 
2.523E+01   3.265E+01  1.952E+00 
2.556E+01   3.290E+01  1.944E+00 
2.589E+01   3.316E+01  1.936E+00 
2.623E+01   3.342E+01  1.928E+00 
2.657E+01   3.368E+01  1.919E+00 
2.692E+01   3.394E+01  1.911E+00 
2.727E+01   3.420E+01  1.903E+00 
2.762E+01   3.447E+01  1.894E+00 
2.798E+01   3.474E+01  1.886E+00 
2.834E+01   3.501E+01  1.878E+00 
2.871E+01   3.528E+01  1.869E+00 
2.909E+01   3.556E+01  1.861E+00 
2.946E+01   3.584E+01  1.852E+00 
2.985E+01   3.612E+01  1.844E+00 
3.023E+01   3.640E+01  1.835E+00 
3.063E+01   3.669E+01  1.827E+00 
3.103E+01   3.698E+01  1.818E+00 
3.143E+01   3.727E+01  1.810E+00 
3.184E+01   3.757E+01  1.801E+00 
3.225E+01   3.786E+01  1.793E+00 
3.267E+01   3.816E+01  1.784E+00 
3.309E+01   3.846E+01  1.775E+00 
3.352E+01   3.877E+01  1.767E+00 
3.396E+01   3.908E+01  1.758E+00 
3.440E+01   3.939E+01  1.749E+00 
3.485E+01   3.970E+01  1.741E+00 
3.530E+01   4.001E+01  1.732E+00 
3.576E+01   4.033E+01  1.723E+00 
3.623E+01   4.065E+01  1.715E+00 
3.670E+01   4.098E+01  1.706E+00 
3.717E+01   4.131E+01  1.697E+00 
3.766E+01   4.164E+01  1.688E+00 
3.815E+01   4.197E+01  1.680E+00 
3.864E+01   4.230E+01  1.671E+00 
3.914E+01   4.264E+01  1.662E+00 
3.965E+01   4.298E+01  1.653E+00 
4.017E+01   4.333E+01  1.645E+00 
4.069E+01   4.368E+01  1.636E+00 
4.122E+01   4.403E+01  1.627E+00 
4.175E+01   4.438E+01  1.618E+00 
4.230E+01   4.474E+01  1.610E+00 
4.285E+01   4.510E+01  1.601E+00 
4.340E+01   4.546E+01  1.592E+00 
4.397E+01   4.583E+01  1.583E+00 
4.454E+01   4.620E+01  1.575E+00 
4.512E+01   4.657E+01  1.566E+00 
4.570E+01   4.694E+01  1.557E+00 
4.630E+01   4.732E+01  1.548E+00 
4.690E+01   4.770E+01  1.540E+00 
4.751E+01   4.809E+01  1.531E+00 
4.813E+01   4.848E+01  1.522E+00 
4.875E+01   4.887E+01  1.513E+00 
4.939E+01   4.926E+01  1.505E+00 
5.003E+01   4.966E+01  1.496E+00 
5.068E+01   5.006E+01  1.487E+00 
5.134E+01   5.047E+01  1.479E+00 
5.200E+01   5.088E+01  1.470E+00 
5.268E+01   5.129E+01  1.461E+00 
5.336E+01   5.170E+01  1.453E+00 
5.406E+01   5.212E+01  1.444E+00 
5.476E+01   5.254E+01  1.435E+00 
5.547E+01   5.296E+01  1.427E+00 
5.619E+01   5.339E+01  1.418E+00 
5.692E+01   5.382E+01  1.409E+00 
5.766E+01   5.426E+01  1.401E+00 
5.841E+01   5.469E+01  1.392E+00 
5.917E+01   5.514E+01  1.384E+00 
5.994E+01   5.558E+01  1.375E+00 
6.072E+01   5.603E+01  1.367E+00 
6.151E+01   5.648E+01  1.358E+00 
6.231E+01   5.693E+01  1.350E+00 
6.312E+01   5.739E+01  1.341E+00 
6.394E+01   5.785E+01  1.333E+00 
6.477E+01   5.831E+01  1.324E+00 
6.561E+01   5.878E+01  1.316E+00 
6.646E+01   5.925E+01  1.307E+00 
6.733E+01   5.972E+01  1.299E+00 
6.820E+01   6.019E+01  1.291E+00 
6.909E+01   6.067E+01  1.282E+00 
6.999E+01   6.115E+01  1.274E+00 
7.090E+01   6.164E+01  1.266E+00 
7.182E+01   6.212E+01  1.257E+00 
7.275E+01   6.261E+01  1.249E+00 
7.370E+01   6.311E+01  1.241E+00 
7.465E+01   6.360E+01  1.233E+00 
7.562E+01   6.410E+01  1.224E+00 
7.661E+01   6.460E+01  1.216E+00 
7.760E+01   6.510E+01  1.208E+00 
7.861E+01   6.561E+01  1.200E+00 
7.963E+01   6.612E+01  1.192E+00 
8.067E+01   6.663E+01  1.184E+00 
8.172E+01   6.714E+01  1.176E+00 
8.278E+01   6.765E+01  1.168E+00 
8.385E+01   6.817E+01  1.160E+00 
8.494E+01   6.869E+01  1.152E+00 
8.605E+01   6.921E+01  1.144E+00 
8.717E+01   6.973E+01  1.136E+00 
8.830E+01   7.026E+01  1.128E+00 
8.945E+01   7.078E+01  1.120E+00 
9.061E+01   7.131E+01  1.112E+00 
9.179E+01   7.184E+01  1.105E+00 
9.298E+01   7.237E+01  1.097E+00 
9.419E+01   7.290E+01  1.089E+00 
9.541E+01   7.343E+01  1.081E+00 
9.665E+01   7.396E+01  1.074E+00 
9.791E+01   7.449E+01  1.066E+00 
9.918E+01   7.503E+01  1.058E+00 
1.005E+02   7.556E+01  1.051E+00 
1.018E+02   7.610E+01  1.043E+00 
1.031E+02   7.663E+01  1.036E+00 
1.044E+02   7.717E+01  1.028E+00 
1.058E+02   7.770E+01  1.021E+00 
1.072E+02   7.823E+01  1.013E+00 
1.086E+02   7.877E+01  1.006E+00 
1.100E+02   7.930E+01  9.985E-01 
1.114E+02   7.983E+01  9.912E-01 
1.129E+02   8.036E+01  9.839E-01 
1.143E+02   8.089E+01  9.766E-01 
1.158E+02   8.142E+01  9.694E-01 
1.173E+02   8.195E+01  9.622E-01 
1.188E+02   8.247E+01  9.550E-01 
1.204E+02   8.300E+01  9.478E-01 
1.219E+02   8.352E+01  9.407E-01 
1.235E+02   8.404E+01  9.337E-01 
1.251E+02   8.456E+01  9.266E-01 
1.268E+02   8.507E+01  9.196E-01 
1.284E+02   8.559E+01  9.126E-01 
1.301E+02   8.610E+01  9.057E-01 
1.318E+02   8.660E+01  8.988E-01 
1.335E+02   8.711E+01  8.919E-01 
1.352E+02   8.761E+01  8.851E-01 
1.370E+02   8.811E+01  8.783E-01 
1.388E+02   8.860E+01  8.715E-01 
1.406E+02   8.909E+01  8.648E-01 
1.424E+02   8.958E+01  8.581E-01 
1.442E+02   9.006E+01  8.514E-01 
1.461E+02   9.054E+01  8.448E-01 
1.480E+02   9.102E+01  8.382E-01 
1.499E+02   9.149E+01  8.317E-01 
1.519E+02   9.196E+01  8.251E-01 
1.539E+02   9.243E+01  8.186E-01 
1.559E+02   9.289E+01  8.122E-01 
1.579E+02   9.334E+01  8.058E-01 
1.599E+02   9.380E+01  7.994E-01 
1.620E+02   9.424E+01  7.931E-01 
1.641E+02   9.469E+01  7.867E-01 
1.662E+02   9.513E+01  7.805E-01 
1.684E+02   9.556E+01  7.742E-01 
1.706E+02   9.600E+01  7.680E-01 
1.728E+02   9.642E+01  7.619E-01 
1.751E+02   9.685E+01  7.557E-01 
1.773E+02   9.727E+01  7.496E-01 
1.796E+02   9.768E+01  7.436E-01 
1.820E+02   9.809E+01  7.376E-01 
1.843E+02   9.850E+01  7.316E-01 
1.867E+02   9.891E+01  7.256E-01 
1.892E+02   9.931E+01  7.197E-01 
1.916E+02   9.970E+01  7.138E-01 
1.941E+02   1.001E+02  7.080E-01 
1.966E+02   1.005E+02  7.022E-01 
1.992E+02   1.009E+02  6.964E-01 
2.018E+02   1.013E+02  6.906E-01 
2.044E+02   1.016E+02  6.849E-01 
2.071E+02   1.020E+02  6.793E-01 
2.097E+02   1.024E+02  6.736E-01 
2.125E+02   1.028E+02  6.680E-01 
2.152E+02   1.031E+02  6.625E-01 
2.180E+02   1.035E+02  6.570E-01 
2.209E+02   1.039E+02  6.515E-01 
2.237E+02   1.042E+02  6.460E-01 
2.266E+02   1.046E+02  6.406E-01 
2.296E+02   1.050E+02  6.352E-01 
2.326E+02   1.053E+02  6.298E-01 
2.356E+02   1.057E+02  6.245E-01 
2.387E+02   1.061E+02  6.192E-01 
2.418E+02   1.064E+02  6.140E-01 
2.449E+02   1.068E+02  6.088E-01 
2.481E+02   1.071E+02  6.036E-01 
2.513E+02   1.075E+02  5.985E-01 
2.546E+02   1.078E+02  5.934E-01 
2.579E+02   1.082E+02  5.883E-01 
2.612E+02   1.085E+02  5.832E-01 
2.646E+02   1.089E+02  5.782E-01 
2.681E+02   1.093E+02  5.733E-01 
2.716E+02   1.096E+02  5.683E-01 
2.751E+02   1.100E+02  5.634E-01 
2.787E+02   1.103E+02  5.586E-01 
2.823E+02   1.107E+02  5.537E-01 
2.859E+02   1.110E+02  5.489E-01 
2.897E+02   1.114E+02  5.441E-01 
2.934E+02   1.117E+02  5.394E-01 
2.972E+02   1.121E+02  5.347E-01 
3.011E+02   1.125E+02  5.300E-01 
3.050E+02   1.128E+02  5.254E-01 
3.090E+02   1.132E+02  5.208E-01 
3.130E+02   1.135E+02  5.162E-01 
3.171E+02   1.139E+02  5.117E-01 
3.212E+02   1.142E+02  5.072E-01 
3.254E+02   1.146E+02  5.027E-01 
3.296E+02   1.150E+02  4.983E-01 
3.339E+02   1.153E+02  4.939E-01 
3.382E+02   1.157E+02  4.895E-01 
3.426E+02   1.160E+02  4.851E-01 
3.471E+02   1.164E+02  4.808E-01 
3.516E+02   1.168E+02  4.766E-01 
3.561E+02   1.171E+02  4.723E-01 
3.608E+02   1.175E+02  4.681E-01 
3.655E+02   1.178E+02  4.639E-01 
3.702E+02   1.182E+02  4.598E-01 
3.750E+02   1.185E+02  4.556E-01 
3.799E+02   1.189E+02  4.515E-01 
3.848E+02   1.192E+02  4.475E-01 
3.898E+02   1.196E+02  4.434E-01 
3.949E+02   1.199E+02  4.394E-01 
4.000E+02   1.203E+02  4.355E-01 
4.052E+02   1.206E+02  4.315E-01 
4.105E+02   1.210E+02  4.276E-01 
4.158E+02   1.213E+02  4.237E-01 
4.212E+02   1.217E+02  4.199E-01 
4.267E+02   1.220E+02  4.147E-01 
4.323E+02   1.223E+02  4.110E-01 
4.379E+02   1.227E+02  4.072E-01 
4.436E+02   1.230E+02  4.035E-01 
4.493E+02   1.233E+02  3.998E-01 
4.552E+02   1.236E+02  3.962E-01 
4.611E+02   1.240E+02  3.926E-01 
4.671E+02   1.243E+02  3.890E-01 
4.731E+02   1.246E+02  3.854E-01 
4.793E+02   1.249E+02  3.818E-01 
4.855E+02   1.252E+02  3.783E-01 
4.918E+02   1.255E+02  3.748E-01 
4.982E+02   1.258E+02  3.714E-01 
5.047E+02   1.261E+02  3.679E-01 
5.113E+02   1.264E+02  3.645E-01 
5.179E+02   1.266E+02  3.611E-01 
5.246E+02   1.269E+02  3.578E-01 
5.315E+02   1.272E+02  3.545E-01 
5.384E+02   1.274E+02  3.512E-01 
5.454E+02   1.277E+02  3.479E-01 
5.524E+02   1.279E+02  3.446E-01 
5.596E+02   1.282E+02  3.414E-01 
5.669E+02   1.284E+02  3.382E-01 
5.743E+02   1.286E+02  3.351E-01 
5.817E+02   1.289E+02  3.319E-01 
5.893E+02   1.291E+02  3.288E-01 
5.969E+02   1.293E+02  3.257E-01 
6.047E+02   1.295E+02  3.226E-01 
6.126E+02   1.297E+02  3.196E-01 
6.205E+02   1.299E+02  3.166E-01 
6.286E+02   1.300E+02  3.136E-01 
6.368E+02   1.302E+02  3.106E-01 
6.450E+02   1.304E+02  3.077E-01 
6.534E+02   1.305E+02  3.047E-01 
6.619E+02   1.307E+02  3.018E-01 
6.705E+02   1.308E+02  2.990E-01 
6.792E+02   1.309E+02  2.961E-01 
6.881E+02   1.311E+02  2.933E-01 
6.970E+02   1.312E+02  2.905E-01 
7.061E+02   1.313E+02  2.877E-01 
7.152E+02   1.314E+02  2.850E-01 
7.245E+02   1.315E+02  2.822E-01 
7.339E+02   1.315E+02  2.795E-01 
7.435E+02   1.316E+02  2.768E-01 
7.531E+02   1.317E+02  2.742E-01 
7.629E+02   1.317E+02  2.715E-01 
7.728E+02   1.318E+02  2.689E-01 
7.829E+02   1.318E+02  2.663E-01 
7.931E+02   1.318E+02  2.638E-01 
8.034E+02   1.318E+02  2.612E-01 
8.138E+02   1.318E+02  2.587E-01 
8.244E+02   1.318E+02  2.562E-01 
8.351E+02   1.318E+02  2.537E-01 
8.460E+02   1.318E+02  2.512E-01 
8.570E+02   1.317E+02  2.488E-01 
8.681E+02   1.317E+02  2.464E-01 
8.794E+02   1.316E+02  2.440E-01 
8.908E+02   1.316E+02  2.416E-01 
9.024E+02   1.315E+02  2.393E-01 
9.141E+02   1.314E+02  2.369E-01 
9.260E+02   1.313E+02  2.346E-01 
9.380E+02   1.312E+02  2.323E-01 
9.502E+02   1.311E+02  2.300E-01 
9.626E+02   1.310E+02  2.278E-01 
9.751E+02   1.308E+02  2.255E-01 
9.877E+02   1.307E+02  2.233E-01 
1.001E+03   1.305E+02  2.211E-01 
1.014E+03   1.304E+02  2.190E-01 
1.027E+03   1.302E+02  2.168E-01 
1.040E+03   1.300E+02  2.147E-01 
1.054E+03   1.298E+02  2.126E-01 
1.067E+03   1.296E+02  2.105E-01 
1.081E+03   1.294E+02  2.084E-01 
1.095E+03   1.292E+02  2.063E-01 
1.109E+03   1.290E+02  2.043E-01 
1.124E+03   1.288E+02  2.022E-01 
1.138E+03   1.285E+02  2.002E-01 
1.153E+03   1.283E+02  1.983E-01 
1.168E+03   1.280E+02  1.963E-01 
1.183E+03   1.277E+02  1.943E-01 
1.199E+03   1.275E+02  1.924E-01 
1.214E+03   1.272E+02  1.905E-01 
1.230E+03   1.269E+02  1.886E-01 
1.246E+03   1.266E+02  1.867E-01 
1.262E+03   1.263E+02  1.848E-01 
1.279E+03   1.260E+02  1.830E-01 
1.295E+03   1.256E+02  1.812E-01 
1.312E+03   1.253E+02  1.794E-01 
1.329E+03   1.250E+02  1.776E-01 
1.347E+03   1.246E+02  1.758E-01 
1.364E+03   1.243E+02  1.740E-01 
1.382E+03   1.239E+02  1.723E-01 
1.400E+03   1.235E+02  1.705E-01 
1.418E+03   1.232E+02  1.688E-01 
1.436E+03   1.228E+02  1.671E-01 
1.455E+03   1.224E+02  1.654E-01 
1.474E+03   1.220E+02  1.638E-01 
1.493E+03   1.216E+02  1.621E-01 
1.513E+03   1.212E+02  1.605E-01 
1.532E+03   1.208E+02  1.589E-01 
1.552E+03   1.203E+02  1.573E-01 
1.572E+03   1.199E+02  1.557E-01 
1.593E+03   1.195E+02  1.541E-01 
1.613E+03   1.190E+02  1.525E-01 
1.634E+03   1.186E+02  1.510E-01 
1.656E+03   1.181E+02  1.495E-01 
1.677E+03   1.177E+02  1.479E-01 
1.699E+03   1.172E+02  1.464E-01 
1.721E+03   1.168E+02  1.449E-01 
1.743E+03   1.163E+02  1.435E-01 
1.766E+03   1.158E+02  1.420E-01 
1.789E+03   1.153E+02  1.406E-01 
1.812E+03   1.148E+02  1.391E-01 
1.836E+03   1.144E+02  1.377E-01 
1.860E+03   1.139E+02  1.363E-01 
1.884E+03   1.134E+02  1.349E-01 
1.908E+03   1.129E+02  1.335E-01 
1.933E+03   1.124E+02  1.322E-01 
1.958E+03   1.118E+02  1.308E-01 
1.984E+03   1.113E+02  1.295E-01 
2.009E+03   1.108E+02  1.281E-01 
2.036E+03   1.103E+02  1.268E-01 
2.062E+03   1.098E+02  1.255E-01 
2.089E+03   1.092E+02  1.242E-01 
2.116E+03   1.087E+02  1.230E-01 
2.143E+03   1.082E+02  1.217E-01 
2.171E+03   1.077E+02  1.204E-01 
2.200E+03   1.071E+02  1.192E-01 
2.228E+03   1.066E+02  1.180E-01 
2.257E+03   1.060E+02  1.168E-01 
2.286E+03   1.055E+02  1.156E-01 
2.316E+03   1.049E+02  1.144E-01 
2.346E+03   1.044E+02  1.132E-01 
2.377E+03   1.038E+02  1.120E-01 
2.408E+03   1.033E+02  1.109E-01 
2.439E+03   1.027E+02  1.097E-01 
2.471E+03   1.022E+02  1.086E-01 
2.503E+03   1.016E+02  1.074E-01 
2.535E+03   1.011E+02  1.063E-01 
2.568E+03   1.005E+02  1.052E-01 
2.602E+03   9.995E+01  1.041E-01 
2.635E+03   9.939E+01  1.031E-01 
2.670E+03   9.883E+01  1.020E-01 
2.704E+03   9.827E+01  1.009E-01 
2.740E+03   9.770E+01  9.988E-02 
2.775E+03   9.714E+01  9.884E-02 
2.811E+03   9.657E+01  9.781E-02 
2.848E+03   9.601E+01  9.679E-02 
2.885E+03   9.544E+01  9.578E-02 
2.922E+03   9.488E+01  9.478E-02 
2.960E+03   9.431E+01  9.379E-02 
2.999E+03   9.374E+01  9.281E-02 
3.038E+03   9.318E+01  9.184E-02 
3.077E+03   9.261E+01  9.088E-02 
3.117E+03   9.204E+01  8.993E-02 
3.158E+03   9.148E+01  8.899E-02 
3.199E+03   9.091E+01  8.806E-02 
3.240E+03   9.035E+01  8.713E-02 
3.282E+03   8.978E+01  8.622E-02 
3.325E+03   8.922E+01  8.532E-02 
3.368E+03   8.865E+01  8.442E-02 
3.412E+03   8.809E+01  8.354E-02 
3.456E+03   8.753E+01  8.266E-02 
3.501E+03   8.697E+01  8.179E-02 
3.547E+03   8.641E+01  8.093E-02 
3.593E+03   8.585E+01  8.008E-02 
3.640E+03   8.529E+01  7.923E-02 
3.687E+03   8.473E+01  7.840E-02 
3.735E+03   8.417E+01  7.757E-02 
3.783E+03   8.362E+01  7.676E-02 
3.832E+03   8.306E+01  7.595E-02 
3.882E+03   8.251E+01  7.514E-02 
3.933E+03   8.196E+01  7.435E-02 
3.984E+03   8.140E+01  7.357E-02 
4.036E+03   8.086E+01  7.279E-02 
4.088E+03   8.031E+01  7.202E-02 
4.141E+03   7.976E+01  7.126E-02 
4.195E+03   7.922E+01  7.050E-02 
4.250E+03   7.867E+01  6.976E-02 
4.305E+03   7.813E+01  6.902E-02 
4.361E+03   7.759E+01  6.828E-02 
4.417E+03   7.705E+01  6.756E-02 
4.475E+03   7.652E+01  6.684E-02 
4.533E+03   7.598E+01  6.613E-02 
4.592E+03   7.545E+01  6.543E-02 
4.652E+03   7.492E+01  6.474E-02 
4.712E+03   7.439E+01  6.405E-02 
4.773E+03   7.386E+01  6.337E-02 
4.835E+03   7.334E+01  6.269E-02 
4.898E+03   7.281E+01  6.203E-02 
4.962E+03   7.229E+01  6.137E-02 
5.026E+03   7.177E+01  6.071E-02 
5.092E+03   7.126E+01  6.006E-02 
5.158E+03   7.074E+01  5.942E-02 
5.225E+03   7.023E+01  5.879E-02 
5.293E+03   6.972E+01  5.816E-02 
5.362E+03   6.921E+01  5.754E-02 
5.431E+03   6.870E+01  5.693E-02 
5.502E+03   6.820E+01  5.632E-02 
5.573E+03   6.770E+01  5.572E-02 
5.646E+03   6.720E+01  5.512E-02 
5.719E+03   6.670E+01  5.453E-02 
5.793E+03   6.621E+01  5.395E-02 
5.869E+03   6.572E+01  5.337E-02 
5.945E+03   6.523E+01  5.280E-02 
6.022E+03   6.474E+01  5.223E-02 
6.101E+03   6.425E+01  5.167E-02 
6.180E+03   6.377E+01  5.112E-02 
6.260E+03   6.329E+01  5.057E-02 
6.341E+03   6.281E+01  5.003E-02 
6.424E+03   6.234E+01  4.949E-02 
6.507E+03   6.186E+01  4.896E-02 
6.592E+03   6.139E+01  4.843E-02 
6.678E+03   6.092E+01  4.791E-02 
6.764E+03   6.046E+01  4.739E-02 
6.852E+03   6.000E+01  4.688E-02 
6.941E+03   5.953E+01  4.638E-02 
7.032E+03   5.908E+01  4.588E-02 
7.123E+03   5.862E+01  4.538E-02 
7.216E+03   5.817E+01  4.490E-02 
7.309E+03   5.772E+01  4.441E-02 
7.404E+03   5.727E+01  4.393E-02 
7.501E+03   5.682E+01  4.346E-02 
7.598E+03   5.638E+01  4.299E-02 
7.697E+03   5.594E+01  4.252E-02 
7.797E+03   5.550E+01  4.206E-02 
7.898E+03   5.507E+01  4.161E-02 
8.001E+03   5.464E+01  4.116E-02 
8.105E+03   5.432E+01  4.071E-02 
8.210E+03   5.400E+01  4.027E-02 
8.317E+03   5.369E+01  3.984E-02 
8.425E+03   5.336E+01  3.941E-02 
8.534E+03   5.304E+01  3.898E-02 
8.645E+03   5.270E+01  3.856E-02 
8.758E+03   5.237E+01  3.814E-02 
8.871E+03   5.203E+01  3.773E-02 
8.987E+03   5.168E+01  3.732E-02 
9.104E+03   5.134E+01  3.691E-02 
9.222E+03   5.098E+01  3.651E-02 
9.342E+03   5.062E+01  3.611E-02 
9.463E+03   5.026E+01  3.572E-02 
9.586E+03   4.989E+01  3.533E-02 
9.711E+03   4.953E+01  3.495E-02 
9.837E+03   4.916E+01  3.457E-02 
9.965E+03   4.880E+01  3.419E-02 
1.009E+04   4.844E+01  3.382E-02 
1.023E+04   4.808E+01  3.345E-02 
1.036E+04   4.773E+01  3.309E-02 
1.049E+04   4.737E+01  3.273E-02 
1.063E+04   4.702E+01  3.237E-02 
1.077E+04   4.667E+01  3.202E-02 
1.091E+04   4.632E+01  3.167E-02 
1.105E+04   4.597E+01  3.132E-02 
1.119E+04   4.563E+01  3.098E-02 
1.134E+04   4.529E+01  3.064E-02 
1.149E+04   4.494E+01  3.031E-02 
1.163E+04   4.460E+01  2.998E-02 
1.179E+04   4.427E+01  2.965E-02 
1.194E+04   4.393E+01  2.932E-02 
1.209E+04   4.360E+01  2.900E-02 
1.225E+04   4.326E+01  2.869E-02 
1.241E+04   4.293E+01  2.837E-02 
1.257E+04   4.260E+01  2.806E-02 
1.274E+04   4.228E+01  2.775E-02 
1.290E+04   4.195E+01  2.745E-02 
1.307E+04   4.163E+01  2.715E-02 
1.324E+04   4.131E+01  2.685E-02 
1.341E+04   4.099E+01  2.656E-02 
1.358E+04   4.067E+01  2.627E-02 
1.376E+04   4.035E+01  2.598E-02 
1.394E+04   4.004E+01  2.569E-02 
1.412E+04   3.973E+01  2.541E-02 
1.431E+04   3.942E+01  2.513E-02 
1.449E+04   3.911E+01  2.486E-02 
1.468E+04   3.880E+01  2.458E-02 
1.487E+04   3.850E+01  2.431E-02 
1.506E+04   3.819E+01  2.405E-02 
1.526E+04   3.789E+01  2.378E-02 
1.546E+04   3.759E+01  2.352E-02 
1.566E+04   3.730E+01  2.326E-02 
1.586E+04   3.700E+01  2.300E-02 
1.607E+04   3.671E+01  2.275E-02 
1.628E+04   3.641E+01  2.250E-02 
1.649E+04   3.612E+01  2.225E-02 
1.670E+04   3.583E+01  2.201E-02 
1.692E+04   3.555E+01  2.176E-02 
1.714E+04   3.526E+01  2.152E-02 
1.736E+04   3.498E+01  2.129E-02 
1.759E+04   3.470E+01  2.105E-02 
1.782E+04   3.442E+01  2.082E-02 
1.805E+04   3.414E+01  2.059E-02 
1.828E+04   3.386E+01  2.036E-02 
1.852E+04   3.359E+01  2.014E-02 
1.876E+04   3.332E+01  1.991E-02 
1.900E+04   3.305E+01  1.969E-02 
1.925E+04   3.278E+01  1.948E-02 
1.950E+04   3.251E+01  1.926E-02 
1.976E+04   3.224E+01  1.905E-02 
2.001E+04   3.198E+01  1.884E-02 
2.027E+04   3.172E+01  1.863E-02 
2.054E+04   3.146E+01  1.842E-02 
2.080E+04   3.120E+01  1.822E-02 
2.107E+04   3.094E+01  1.802E-02 
2.135E+04   3.069E+01  1.782E-02 
2.162E+04   3.043E+01  1.762E-02 
2.191E+04   3.018E+01  1.742E-02 
2.219E+04   2.993E+01  1.723E-02 
2.248E+04   2.968E+01  1.704E-02 
2.277E+04   2.944E+01  1.685E-02 
2.307E+04   2.919E+01  1.666E-02 
2.337E+04   2.895E+01  1.648E-02 
2.367E+04   2.870E+01  1.629E-02 
2.398E+04   2.846E+01  1.611E-02 
2.429E+04   2.823E+01  1.593E-02 
2.461E+04   2.799E+01  1.576E-02 
2.492E+04   2.775E+01  1.558E-02 
2.525E+04   2.752E+01  1.541E-02 
2.558E+04   2.729E+01  1.524E-02 
2.591E+04   2.706E+01  1.507E-02 
2.625E+04   2.683E+01  1.490E-02 
2.659E+04   2.660E+01  1.473E-02 
2.693E+04   2.638E+01  1.457E-02 
2.728E+04   2.615E+01  1.441E-02 
2.764E+04   2.593E+01  1.425E-02 
2.800E+04   2.571E+01  1.409E-02 
2.836E+04   2.549E+01  1.393E-02 
2.873E+04   2.527E+01  1.378E-02 
2.910E+04   2.506E+01  1.362E-02 
2.948E+04   2.484E+01  1.347E-02 
2.986E+04   2.463E+01  1.332E-02 
3.025E+04   2.442E+01  1.317E-02 
3.065E+04   2.421E+01  1.302E-02 
3.104E+04   2.400E+01  1.288E-02 
3.145E+04   2.379E+01  1.273E-02 
3.186E+04   2.359E+01  1.259E-02 
3.227E+04   2.338E+01  1.245E-02 
3.269E+04   2.318E+01  1.231E-02 
3.311E+04   2.298E+01  1.217E-02 
3.354E+04   2.278E+01  1.204E-02 
3.398E+04   2.258E+01  1.190E-02 
3.442E+04   2.239E+01  1.177E-02 
3.487E+04   2.219E+01  1.164E-02 
3.532E+04   2.200E+01  1.151E-02 
3.578E+04   2.181E+01  1.138E-02 
3.625E+04   2.162E+01  1.125E-02 
3.672E+04   2.143E+01  1.113E-02 
3.719E+04   2.124E+01  1.100E-02 
3.768E+04   2.105E+01  1.088E-02 
3.817E+04   2.087E+01  1.076E-02 
3.866E+04   2.068E+01  1.064E-02 
3.917E+04   2.050E+01  1.052E-02 
3.968E+04   2.032E+01  1.040E-02 
4.019E+04   2.014E+01  1.028E-02 
4.071E+04   1.996E+01  1.017E-02 
4.124E+04   1.979E+01  1.005E-02 
4.178E+04   1.961E+01  9.939E-03 
4.232E+04   1.944E+01  9.827E-03 
4.287E+04   1.927E+01  9.717E-03 
4.343E+04   1.909E+01  9.607E-03 
4.399E+04   1.892E+01  9.499E-03 
4.456E+04   1.876E+01  9.392E-03 
4.514E+04   1.859E+01  9.287E-03 
4.573E+04   1.842E+01  9.182E-03 
4.632E+04   1.826E+01  9.079E-03 
4.693E+04   1.809E+01  8.977E-03 
4.754E+04   1.793E+01  8.876E-03 
4.815E+04   1.777E+01  8.776E-03 
4.878E+04   1.761E+01  8.677E-03 
4.941E+04   1.745E+01  8.579E-03 
5.006E+04   1.730E+01  8.483E-03 
5.071E+04   1.714E+01  8.387E-03 
5.137E+04   1.699E+01  8.293E-03 
5.203E+04   1.683E+01  8.199E-03 
5.271E+04   1.668E+01  8.107E-03 
5.340E+04   1.653E+01  8.015E-03 
5.409E+04   1.638E+01  7.925E-03 
5.479E+04   1.623E+01  7.835E-03 
5.550E+04   1.609E+01  7.747E-03 
5.623E+04   1.594E+01  7.659E-03 
5.696E+04   1.580E+01  7.573E-03 
5.770E+04   1.565E+01  7.487E-03 
5.845E+04   1.551E+01  7.403E-03 
5.921E+04   1.537E+01  7.319E-03 
5.998E+04   1.523E+01  7.236E-03 
6.075E+04   1.509E+01  7.155E-03 
6.154E+04   1.495E+01  7.074E-03 
6.234E+04   1.482E+01  6.994E-03 
6.315E+04   1.468E+01  6.915E-03 
6.398E+04   1.455E+01  6.836E-03 
6.481E+04   1.441E+01  6.759E-03 
6.565E+04   1.428E+01  6.683E-03 
6.650E+04   1.415E+01  6.607E-03 
6.737E+04   1.402E+01  6.532E-03 
6.824E+04   1.389E+01  6.458E-03 
6.913E+04   1.376E+01  6.385E-03 
7.003E+04   1.364E+01  6.313E-03 
7.094E+04   1.351E+01  6.241E-03 
7.186E+04   1.339E+01  6.170E-03 
7.279E+04   1.326E+01  6.100E-03 
7.374E+04   1.314E+01  6.031E-03 
7.470E+04   1.302E+01  5.963E-03 
7.567E+04   1.290E+01  5.895E-03 
7.665E+04   1.278E+01  5.828E-03 
7.765E+04   1.266E+01  5.762E-03 
7.866E+04   1.255E+01  5.697E-03 
7.968E+04   1.243E+01  5.632E-03 
8.072E+04   1.231E+01  5.568E-03 
8.176E+04   1.220E+01  5.505E-03 
8.283E+04   1.209E+01  5.443E-03 
8.390E+04   1.197E+01  5.381E-03 
8.499E+04   1.186E+01  5.320E-03 
8.610E+04   1.175E+01  5.259E-03 
8.722E+04   1.164E+01  5.199E-03 
8.835E+04   1.153E+01  5.140E-03 
8.950E+04   1.143E+01  5.082E-03 
9.066E+04   1.132E+01  5.024E-03 
9.184E+04   1.122E+01  4.967E-03 
9.303E+04   1.111E+01  4.910E-03 
9.424E+04   1.101E+01  4.854E-03 
9.547E+04   1.090E+01  4.799E-03 
9.671E+04   1.080E+01  4.745E-03 
9.797E+04   1.070E+01  4.691E-03 
9.924E+04   1.060E+01  4.637E-03 
1.005E+05   1.050E+01  4.584E-03 
1.018E+05   1.040E+01  4.532E-03 
1.032E+05   1.031E+01  4.480E-03 
1.045E+05   1.021E+01  4.429E-03 
1.059E+05   1.011E+01  4.379E-03 
1.072E+05   1.002E+01  4.329E-03 
1.086E+05   9.925E+00  4.280E-03 
1.100E+05   9.832E+00  4.231E-03 
1.115E+05   9.740E+00  4.183E-03 
1.129E+05   9.648E+00  4.135E-03 
1.144E+05   9.558E+00  4.088E-03 
1.159E+05   9.468E+00  4.041E-03 
1.174E+05   9.379E+00  3.995E-03 
1.189E+05   9.291E+00  3.949E-03 
1.204E+05   9.203E+00  3.904E-03 
1.220E+05   9.117E+00  3.860E-03 
1.236E+05   9.031E+00  3.815E-03 
1.252E+05   8.946E+00  3.772E-03 
1.268E+05   8.862E+00  3.729E-03 
1.285E+05   8.778E+00  3.686E-03 
1.302E+05   8.696E+00  3.644E-03 
1.318E+05   8.614E+00  3.602E-03 
1.336E+05   8.532E+00  3.561E-03 
1.353E+05   8.452E+00  3.520E-03 
1.371E+05   8.372E+00  3.480E-03 
1.388E+05   8.293E+00  3.440E-03 
1.406E+05   8.215E+00  3.401E-03 
1.425E+05   8.138E+00  3.362E-03 
1.443E+05   8.061E+00  3.324E-03 
1.462E+05   7.985E+00  3.286E-03 
1.481E+05   7.910E+00  3.248E-03 
1.500E+05   7.835E+00  3.211E-03 
1.520E+05   7.761E+00  3.174E-03 
1.539E+05   7.688E+00  3.138E-03 
1.559E+05   7.615E+00  3.102E-03 
1.580E+05   7.544E+00  3.066E-03 
1.600E+05   7.472E+00  3.031E-03 
1.621E+05   7.402E+00  2.996E-03 
1.642E+05   7.332E+00  2.962E-03 
1.663E+05   7.263E+00  2.928E-03 
1.685E+05   7.194E+00  2.894E-03 
1.707E+05   7.127E+00  2.861E-03 
1.729E+05   7.059E+00  2.828E-03 
1.752E+05   6.993E+00  2.796E-03 
1.774E+05   6.927E+00  2.764E-03 
1.797E+05   6.862E+00  2.732E-03 
1.821E+05   6.797E+00  2.701E-03 
1.844E+05   6.733E+00  2.670E-03 
1.868E+05   6.669E+00  2.639E-03 
1.893E+05   6.607E+00  2.609E-03 
1.917E+05   6.544E+00  2.579E-03 
1.942E+05   6.483E+00  2.549E-03 
1.967E+05   6.422E+00  2.520E-03 
1.993E+05   6.361E+00  2.491E-03 
2.019E+05   6.302E+00  2.462E-03 
2.045E+05   6.242E+00  2.434E-03 
2.072E+05   6.184E+00  2.406E-03 
2.099E+05   6.126E+00  2.378E-03 
2.126E+05   6.068E+00  2.351E-03 
2.154E+05   6.011E+00  2.324E-03 
2.182E+05   5.955E+00  2.297E-03 
2.210E+05   5.899E+00  2.271E-03 
2.239E+05   5.843E+00  2.244E-03 
2.268E+05   5.789E+00  2.219E-03 
2.297E+05   5.734E+00  2.193E-03 
2.327E+05   5.681E+00  2.168E-03 
2.357E+05   5.628E+00  2.143E-03 
2.388E+05   5.575E+00  2.118E-03 
2.419E+05   5.523E+00  2.094E-03 
2.450E+05   5.471E+00  2.070E-03 
2.482E+05   5.420E+00  2.046E-03 
2.515E+05   5.370E+00  2.022E-03 
2.547E+05   5.320E+00  1.999E-03 
2.580E+05   5.270E+00  1.976E-03 
2.614E+05   5.221E+00  1.953E-03 
2.648E+05   5.172E+00  1.931E-03 
2.682E+05   5.124E+00  1.908E-03 
2.717E+05   5.077E+00  1.886E-03 
2.752E+05   5.030E+00  1.865E-03 
2.788E+05   4.983E+00  1.843E-03 
2.824E+05   4.937E+00  1.822E-03 
2.861E+05   4.891E+00  1.801E-03 
2.898E+05   4.846E+00  1.780E-03 
2.936E+05   4.801E+00  1.759E-03 
2.974E+05   4.757E+00  1.739E-03 
3.013E+05   4.713E+00  1.719E-03 
3.052E+05   4.669E+00  1.699E-03 
3.092E+05   4.626E+00  1.680E-03 
3.132E+05   4.584E+00  1.660E-03 
3.172E+05   4.542E+00  1.641E-03 
3.214E+05   4.500E+00  1.622E-03 
3.255E+05   4.459E+00  1.603E-03 
3.298E+05   4.418E+00  1.585E-03 
3.341E+05   4.377E+00  1.566E-03 
3.384E+05   4.337E+00  1.548E-03 
3.428E+05   4.298E+00  1.530E-03 
3.473E+05   4.259E+00  1.513E-03 
3.518E+05   4.220E+00  1.495E-03 
3.563E+05   4.181E+00  1.478E-03 
3.610E+05   4.143E+00  1.461E-03 
3.657E+05   4.106E+00  1.444E-03 
3.704E+05   4.069E+00  1.427E-03 
3.752E+05   4.032E+00  1.411E-03 
3.801E+05   3.995E+00  1.394E-03 
3.851E+05   3.959E+00  1.378E-03 
3.901E+05   3.924E+00  1.362E-03 
3.951E+05   3.888E+00  1.346E-03 
4.003E+05   3.853E+00  1.331E-03 
