Ion = Hydrogen    . Mass = 1.0079
Tgt =  I (Solid). Density = 4.9373 g/cm3
Stopping Units =  eV/(1E15 atoms/cm2)
Energy(keV)  S(Elec)    S(Nuc)
1.000E+00   7.272E+00  3.238E-01 
1.012E+00   7.314E+00  3.241E-01 
1.023E+00   7.356E+00  3.244E-01 
1.035E+00   7.399E+00  3.247E-01 
1.047E+00   7.442E+00  3.250E-01 
1.059E+00   7.485E+00  3.253E-01 
1.072E+00   7.528E+00  3.256E-01 
1.084E+00   7.572E+00  3.259E-01 
1.097E+00   7.615E+00  3.261E-01 
1.109E+00   7.659E+00  3.264E-01 
1.122E+00   7.704E+00  3.267E-01 
1.135E+00   7.748E+00  3.269E-01 
1.148E+00   7.793E+00  3.272E-01 
1.162E+00   7.838E+00  3.274E-01 
1.175E+00   7.884E+00  3.276E-01 
1.189E+00   7.929E+00  3.279E-01 
1.203E+00   7.975E+00  3.281E-01 
1.217E+00   8.021E+00  3.283E-01 
1.231E+00   8.067E+00  3.285E-01 
1.245E+00   8.114E+00  3.287E-01 
1.259E+00   8.161E+00  3.289E-01 
1.274E+00   8.208E+00  3.291E-01 
1.289E+00   8.256E+00  3.293E-01 
1.304E+00   8.303E+00  3.295E-01 
1.319E+00   8.351E+00  3.297E-01 
1.334E+00   8.400E+00  3.299E-01 
1.350E+00   8.448E+00  3.300E-01 
1.365E+00   8.497E+00  3.302E-01 
1.381E+00   8.546E+00  3.304E-01 
1.397E+00   8.596E+00  3.305E-01 
1.413E+00   8.645E+00  3.306E-01 
1.430E+00   8.695E+00  3.308E-01 
1.446E+00   8.746E+00  3.309E-01 
1.463E+00   8.796E+00  3.310E-01 
1.480E+00   8.847E+00  3.312E-01 
1.497E+00   8.898E+00  3.313E-01 
1.515E+00   8.950E+00  3.314E-01 
1.532E+00   9.002E+00  3.315E-01 
1.550E+00   9.054E+00  3.316E-01 
1.568E+00   9.106E+00  3.317E-01 
1.586E+00   9.159E+00  3.317E-01 
1.605E+00   9.212E+00  3.318E-01 
1.623E+00   9.265E+00  3.319E-01 
1.642E+00   9.318E+00  3.319E-01 
1.661E+00   9.372E+00  3.320E-01 
1.680E+00   9.427E+00  3.320E-01 
1.700E+00   9.481E+00  3.321E-01 
1.719E+00   9.536E+00  3.321E-01 
1.739E+00   9.591E+00  3.321E-01 
1.760E+00   9.646E+00  3.322E-01 
1.780E+00   9.702E+00  3.322E-01 
1.801E+00   9.758E+00  3.322E-01 
1.822E+00   9.815E+00  3.322E-01 
1.843E+00   9.872E+00  3.322E-01 
1.864E+00   9.929E+00  3.322E-01 
1.886E+00   9.986E+00  3.322E-01 
1.908E+00   1.004E+01  3.321E-01 
1.930E+00   1.010E+01  3.321E-01 
1.952E+00   1.016E+01  3.321E-01 
1.975E+00   1.022E+01  3.320E-01 
1.998E+00   1.028E+01  3.320E-01 
2.021E+00   1.034E+01  3.319E-01 
2.044E+00   1.039E+01  3.318E-01 
2.068E+00   1.044E+01  3.318E-01 
2.092E+00   1.049E+01  3.317E-01 
2.116E+00   1.054E+01  3.316E-01 
2.141E+00   1.060E+01  3.315E-01 
2.166E+00   1.065E+01  3.314E-01 
2.191E+00   1.070E+01  3.313E-01 
2.216E+00   1.076E+01  3.312E-01 
2.242E+00   1.081E+01  3.311E-01 
2.268E+00   1.087E+01  3.309E-01 
2.294E+00   1.092E+01  3.308E-01 
2.321E+00   1.098E+01  3.307E-01 
2.348E+00   1.103E+01  3.305E-01 
2.375E+00   1.109E+01  3.304E-01 
2.402E+00   1.114E+01  3.302E-01 
2.430E+00   1.120E+01  3.300E-01 
2.458E+00   1.125E+01  3.298E-01 
2.487E+00   1.131E+01  3.297E-01 
2.516E+00   1.137E+01  3.295E-01 
2.545E+00   1.143E+01  3.293E-01 
2.574E+00   1.148E+01  3.291E-01 
2.604E+00   1.154E+01  3.288E-01 
2.635E+00   1.160E+01  3.286E-01 
2.665E+00   1.166E+01  3.284E-01 
2.696E+00   1.172E+01  3.282E-01 
2.727E+00   1.178E+01  3.279E-01 
2.759E+00   1.184E+01  3.277E-01 
2.791E+00   1.190E+01  3.274E-01 
2.823E+00   1.196E+01  3.271E-01 
2.856E+00   1.202E+01  3.269E-01 
2.889E+00   1.208E+01  3.266E-01 
2.923E+00   1.214E+01  3.263E-01 
2.957E+00   1.220E+01  3.260E-01 
2.991E+00   1.226E+01  3.257E-01 
3.026E+00   1.233E+01  3.254E-01 
3.061E+00   1.239E+01  3.251E-01 
3.096E+00   1.245E+01  3.248E-01 
3.132E+00   1.252E+01  3.244E-01 
3.168E+00   1.258E+01  3.241E-01 
3.205E+00   1.264E+01  3.238E-01 
3.242E+00   1.271E+01  3.234E-01 
3.280E+00   1.277E+01  3.230E-01 
3.318E+00   1.284E+01  3.227E-01 
3.356E+00   1.290E+01  3.223E-01 
3.395E+00   1.297E+01  3.219E-01 
3.435E+00   1.304E+01  3.215E-01 
3.475E+00   1.310E+01  3.211E-01 
3.515E+00   1.317E+01  3.207E-01 
3.556E+00   1.324E+01  3.203E-01 
3.597E+00   1.330E+01  3.199E-01 
3.639E+00   1.337E+01  3.195E-01 
3.681E+00   1.344E+01  3.191E-01 
3.724E+00   1.351E+01  3.186E-01 
3.767E+00   1.358E+01  3.182E-01 
3.810E+00   1.365E+01  3.177E-01 
3.855E+00   1.372E+01  3.173E-01 
3.899E+00   1.379E+01  3.168E-01 
3.945E+00   1.386E+01  3.163E-01 
3.990E+00   1.393E+01  3.159E-01 
4.037E+00   1.400E+01  3.154E-01 
4.083E+00   1.407E+01  3.149E-01 
4.131E+00   1.415E+01  3.144E-01 
4.179E+00   1.422E+01  3.139E-01 
4.227E+00   1.429E+01  3.134E-01 
4.276E+00   1.437E+01  3.128E-01 
4.326E+00   1.444E+01  3.123E-01 
4.376E+00   1.451E+01  3.118E-01 
4.427E+00   1.459E+01  3.112E-01 
4.478E+00   1.466E+01  3.107E-01 
4.530E+00   1.474E+01  3.101E-01 
4.583E+00   1.482E+01  3.096E-01 
4.636E+00   1.489E+01  3.090E-01 
4.690E+00   1.497E+01  3.084E-01 
4.744E+00   1.505E+01  3.078E-01 
4.799E+00   1.512E+01  3.073E-01 
4.855E+00   1.520E+01  3.067E-01 
4.911E+00   1.528E+01  3.061E-01 
4.968E+00   1.536E+01  3.054E-01 
5.026E+00   1.544E+01  3.048E-01 
5.084E+00   1.552E+01  3.042E-01 
5.143E+00   1.560E+01  3.036E-01 
5.202E+00   1.568E+01  3.029E-01 
5.263E+00   1.576E+01  3.023E-01 
5.324E+00   1.584E+01  3.017E-01 
5.386E+00   1.592E+01  3.010E-01 
5.448E+00   1.601E+01  3.003E-01 
5.511E+00   1.609E+01  2.997E-01 
5.575E+00   1.617E+01  2.990E-01 
5.640E+00   1.626E+01  2.983E-01 
5.705E+00   1.634E+01  2.976E-01 
5.771E+00   1.643E+01  2.970E-01 
5.838E+00   1.651E+01  2.963E-01 
5.906E+00   1.660E+01  2.956E-01 
5.975E+00   1.668E+01  2.948E-01 
6.044E+00   1.677E+01  2.941E-01 
6.114E+00   1.686E+01  2.934E-01 
6.185E+00   1.694E+01  2.927E-01 
6.257E+00   1.703E+01  2.920E-01 
6.329E+00   1.712E+01  2.912E-01 
6.403E+00   1.721E+01  2.905E-01 
6.477E+00   1.730E+01  2.897E-01 
6.552E+00   1.739E+01  2.890E-01 
6.628E+00   1.748E+01  2.882E-01 
6.705E+00   1.757E+01  2.874E-01 
6.783E+00   1.766E+01  2.867E-01 
6.861E+00   1.775E+01  2.859E-01 
6.941E+00   1.785E+01  2.851E-01 
7.021E+00   1.794E+01  2.843E-01 
7.103E+00   1.803E+01  2.835E-01 
7.185E+00   1.813E+01  2.827E-01 
7.269E+00   1.822E+01  2.819E-01 
7.353E+00   1.832E+01  2.811E-01 
7.438E+00   1.841E+01  2.803E-01 
7.524E+00   1.851E+01  2.795E-01 
7.612E+00   1.860E+01  2.787E-01 
7.700E+00   1.870E+01  2.778E-01 
7.789E+00   1.880E+01  2.770E-01 
7.880E+00   1.890E+01  2.762E-01 
7.971E+00   1.899E+01  2.753E-01 
8.064E+00   1.909E+01  2.745E-01 
8.157E+00   1.919E+01  2.736E-01 
8.252E+00   1.929E+01  2.728E-01 
8.347E+00   1.939E+01  2.719E-01 
8.444E+00   1.950E+01  2.711E-01 
8.542E+00   1.960E+01  2.702E-01 
8.641E+00   1.970E+01  2.693E-01 
8.741E+00   1.980E+01  2.684E-01 
8.843E+00   1.991E+01  2.676E-01 
8.945E+00   2.001E+01  2.667E-01 
9.049E+00   2.011E+01  2.658E-01 
9.154E+00   2.022E+01  2.649E-01 
9.260E+00   2.033E+01  2.640E-01 
9.368E+00   2.043E+01  2.631E-01 
9.476E+00   2.054E+01  2.622E-01 
9.586E+00   2.065E+01  2.613E-01 
9.698E+00   2.075E+01  2.604E-01 
9.810E+00   2.086E+01  2.595E-01 
9.924E+00   2.097E+01  2.585E-01 
1.004E+01   2.108E+01  2.576E-01 
1.016E+01   2.119E+01  2.567E-01 
1.027E+01   2.130E+01  2.558E-01 
1.039E+01   2.141E+01  2.548E-01 
1.051E+01   2.152E+01  2.539E-01 
1.063E+01   2.164E+01  2.530E-01 
1.076E+01   2.175E+01  2.520E-01 
1.088E+01   2.186E+01  2.511E-01 
1.101E+01   2.198E+01  2.501E-01 
1.114E+01   2.209E+01  2.492E-01 
1.127E+01   2.221E+01  2.482E-01 
1.140E+01   2.232E+01  2.473E-01 
1.153E+01   2.244E+01  2.463E-01 
1.166E+01   2.256E+01  2.454E-01 
1.180E+01   2.268E+01  2.444E-01 
1.193E+01   2.279E+01  2.434E-01 
1.207E+01   2.291E+01  2.425E-01 
1.221E+01   2.303E+01  2.415E-01 
1.235E+01   2.315E+01  2.405E-01 
1.250E+01   2.327E+01  2.396E-01 
1.264E+01   2.339E+01  2.386E-01 
1.279E+01   2.352E+01  2.376E-01 
1.294E+01   2.364E+01  2.366E-01 
1.309E+01   2.376E+01  2.356E-01 
1.324E+01   2.389E+01  2.347E-01 
1.339E+01   2.401E+01  2.337E-01 
1.355E+01   2.414E+01  2.327E-01 
1.371E+01   2.426E+01  2.317E-01 
1.387E+01   2.439E+01  2.307E-01 
1.403E+01   2.451E+01  2.297E-01 
1.419E+01   2.464E+01  2.287E-01 
1.435E+01   2.477E+01  2.277E-01 
1.452E+01   2.490E+01  2.267E-01 
1.469E+01   2.503E+01  2.257E-01 
1.486E+01   2.516E+01  2.247E-01 
1.503E+01   2.529E+01  2.237E-01 
1.521E+01   2.542E+01  2.227E-01 
1.538E+01   2.555E+01  2.217E-01 
1.556E+01   2.569E+01  2.207E-01 
1.574E+01   2.582E+01  2.197E-01 
1.592E+01   2.595E+01  2.187E-01 
1.611E+01   2.609E+01  2.177E-01 
1.629E+01   2.622E+01  2.167E-01 
1.648E+01   2.636E+01  2.157E-01 
1.667E+01   2.649E+01  2.147E-01 
1.687E+01   2.663E+01  2.137E-01 
1.706E+01   2.677E+01  2.127E-01 
1.726E+01   2.691E+01  2.117E-01 
1.746E+01   2.704E+01  2.107E-01 
1.766E+01   2.718E+01  2.097E-01 
1.787E+01   2.732E+01  2.087E-01 
1.808E+01   2.746E+01  2.077E-01 
1.829E+01   2.761E+01  2.066E-01 
1.850E+01   2.775E+01  2.056E-01 
1.871E+01   2.789E+01  2.046E-01 
1.893E+01   2.803E+01  2.036E-01 
1.915E+01   2.818E+01  2.026E-01 
1.937E+01   2.832E+01  2.016E-01 
1.960E+01   2.847E+01  2.006E-01 
1.982E+01   2.861E+01  1.996E-01 
2.005E+01   2.876E+01  1.986E-01 
2.029E+01   2.890E+01  1.976E-01 
2.052E+01   2.905E+01  1.966E-01 
2.076E+01   2.920E+01  1.956E-01 
2.100E+01   2.935E+01  1.946E-01 
2.124E+01   2.950E+01  1.936E-01 
2.149E+01   2.965E+01  1.926E-01 
2.174E+01   2.980E+01  1.916E-01 
2.199E+01   2.995E+01  1.906E-01 
2.225E+01   3.010E+01  1.896E-01 
2.250E+01   3.025E+01  1.886E-01 
2.277E+01   3.040E+01  1.876E-01 
2.303E+01   3.056E+01  1.866E-01 
2.330E+01   3.071E+01  1.856E-01 
2.357E+01   3.086E+01  1.846E-01 
2.384E+01   3.102E+01  1.836E-01 
2.412E+01   3.117E+01  1.826E-01 
2.440E+01   3.133E+01  1.816E-01 
2.468E+01   3.149E+01  1.806E-01 
2.497E+01   3.164E+01  1.796E-01 
2.526E+01   3.180E+01  1.787E-01 
2.555E+01   3.196E+01  1.777E-01 
2.584E+01   3.212E+01  1.767E-01 
2.614E+01   3.227E+01  1.757E-01 
2.645E+01   3.243E+01  1.747E-01 
2.675E+01   3.259E+01  1.738E-01 
2.707E+01   3.275E+01  1.728E-01 
2.738E+01   3.291E+01  1.718E-01 
2.770E+01   3.307E+01  1.708E-01 
2.802E+01   3.323E+01  1.699E-01 
2.834E+01   3.340E+01  1.689E-01 
2.867E+01   3.356E+01  1.679E-01 
2.900E+01   3.372E+01  1.670E-01 
2.934E+01   3.388E+01  1.660E-01 
2.968E+01   3.404E+01  1.651E-01 
3.003E+01   3.421E+01  1.641E-01 
3.037E+01   3.437E+01  1.631E-01 
3.073E+01   3.454E+01  1.622E-01 
3.108E+01   3.470E+01  1.612E-01 
3.144E+01   3.486E+01  1.603E-01 
3.181E+01   3.503E+01  1.593E-01 
3.218E+01   3.519E+01  1.584E-01 
3.255E+01   3.536E+01  1.575E-01 
3.293E+01   3.552E+01  1.565E-01 
3.331E+01   3.569E+01  1.556E-01 
3.370E+01   3.585E+01  1.547E-01 
3.409E+01   3.602E+01  1.537E-01 
3.448E+01   3.618E+01  1.528E-01 
3.488E+01   3.635E+01  1.519E-01 
3.529E+01   3.651E+01  1.509E-01 
3.570E+01   3.668E+01  1.500E-01 
3.611E+01   3.685E+01  1.491E-01 
3.653E+01   3.701E+01  1.482E-01 
3.695E+01   3.718E+01  1.473E-01 
3.738E+01   3.734E+01  1.464E-01 
3.781E+01   3.751E+01  1.455E-01 
3.825E+01   3.767E+01  1.446E-01 
3.870E+01   3.784E+01  1.437E-01 
3.915E+01   3.800E+01  1.428E-01 
3.960E+01   3.816E+01  1.419E-01 
4.006E+01   3.833E+01  1.410E-01 
4.052E+01   3.849E+01  1.401E-01 
4.099E+01   3.866E+01  1.392E-01 
4.147E+01   3.882E+01  1.383E-01 
4.195E+01   3.898E+01  1.374E-01 
4.244E+01   3.914E+01  1.366E-01 
4.293E+01   3.930E+01  1.357E-01 
4.343E+01   3.946E+01  1.348E-01 
4.393E+01   3.962E+01  1.340E-01 
4.444E+01   3.978E+01  1.331E-01 
4.496E+01   3.994E+01  1.322E-01 
4.548E+01   4.010E+01  1.314E-01 
4.600E+01   4.026E+01  1.305E-01 
4.654E+01   4.041E+01  1.297E-01 
4.708E+01   4.057E+01  1.288E-01 
4.762E+01   4.072E+01  1.280E-01 
4.818E+01   4.088E+01  1.271E-01 
4.873E+01   4.103E+01  1.263E-01 
4.930E+01   4.118E+01  1.255E-01 
4.987E+01   4.133E+01  1.246E-01 
5.045E+01   4.148E+01  1.238E-01 
5.104E+01   4.163E+01  1.230E-01 
5.163E+01   4.177E+01  1.222E-01 
5.223E+01   4.192E+01  1.213E-01 
5.283E+01   4.206E+01  1.205E-01 
5.344E+01   4.220E+01  1.197E-01 
5.406E+01   4.234E+01  1.189E-01 
5.469E+01   4.248E+01  1.181E-01 
5.533E+01   4.262E+01  1.173E-01 
5.597E+01   4.275E+01  1.165E-01 
5.662E+01   4.289E+01  1.157E-01 
5.727E+01   4.302E+01  1.149E-01 
5.794E+01   4.315E+01  1.141E-01 
5.861E+01   4.327E+01  1.134E-01 
5.929E+01   4.340E+01  1.126E-01 
5.998E+01   4.352E+01  1.118E-01 
6.067E+01   4.364E+01  1.110E-01 
6.138E+01   4.376E+01  1.103E-01 
6.209E+01   4.388E+01  1.095E-01 
6.281E+01   4.399E+01  1.087E-01 
6.354E+01   4.410E+01  1.080E-01 
6.427E+01   4.421E+01  1.072E-01 
6.502E+01   4.431E+01  1.065E-01 
6.577E+01   4.442E+01  1.057E-01 
6.654E+01   4.452E+01  1.050E-01 
6.731E+01   4.461E+01  1.043E-01 
6.809E+01   4.471E+01  1.035E-01 
6.888E+01   4.480E+01  1.028E-01 
6.968E+01   4.489E+01  1.021E-01 
7.049E+01   4.497E+01  1.013E-01 
7.130E+01   4.505E+01  1.006E-01 
7.213E+01   4.513E+01  9.990E-02 
7.297E+01   4.520E+01  9.918E-02 
7.381E+01   4.527E+01  9.847E-02 
7.467E+01   4.534E+01  9.777E-02 
7.554E+01   4.540E+01  9.706E-02 
7.641E+01   4.546E+01  9.637E-02 
7.730E+01   4.552E+01  9.567E-02 
7.820E+01   4.557E+01  9.498E-02 
7.910E+01   4.562E+01  9.429E-02 
8.002E+01   4.566E+01  9.360E-02 
8.095E+01   4.570E+01  9.292E-02 
8.189E+01   4.574E+01  9.225E-02 
8.284E+01   4.577E+01  9.157E-02 
8.380E+01   4.580E+01  9.090E-02 
8.477E+01   4.582E+01  9.024E-02 
8.575E+01   4.584E+01  8.957E-02 
8.675E+01   4.585E+01  8.891E-02 
8.775E+01   4.587E+01  8.826E-02 
8.877E+01   4.587E+01  8.761E-02 
8.980E+01   4.587E+01  8.696E-02 
9.084E+01   4.587E+01  8.631E-02 
9.190E+01   4.586E+01  8.567E-02 
9.296E+01   4.585E+01  8.504E-02 
9.404E+01   4.583E+01  8.440E-02 
9.513E+01   4.581E+01  8.377E-02 
9.624E+01   4.578E+01  8.315E-02 
9.735E+01   4.575E+01  8.252E-02 
9.848E+01   4.572E+01  8.190E-02 
9.962E+01   4.568E+01  8.129E-02 
1.008E+02   4.564E+01  8.068E-02 
1.019E+02   4.559E+01  8.007E-02 
1.031E+02   4.553E+01  7.946E-02 
1.043E+02   4.547E+01  7.886E-02 
1.055E+02   4.541E+01  7.826E-02 
1.068E+02   4.535E+01  7.767E-02 
1.080E+02   4.527E+01  7.708E-02 
1.093E+02   4.520E+01  7.649E-02 
1.105E+02   4.512E+01  7.591E-02 
1.118E+02   4.503E+01  7.533E-02 
1.131E+02   4.494E+01  7.475E-02 
1.144E+02   4.485E+01  7.418E-02 
1.157E+02   4.475E+01  7.361E-02 
1.171E+02   4.465E+01  7.304E-02 
1.184E+02   4.455E+01  7.248E-02 
1.198E+02   4.444E+01  7.192E-02 
1.212E+02   4.433E+01  7.136E-02 
1.226E+02   4.421E+01  7.081E-02 
1.240E+02   4.409E+01  7.026E-02 
1.255E+02   4.396E+01  6.971E-02 
1.269E+02   4.384E+01  6.917E-02 
1.284E+02   4.370E+01  6.863E-02 
1.299E+02   4.357E+01  6.810E-02 
1.314E+02   4.343E+01  6.757E-02 
1.329E+02   4.329E+01  6.704E-02 
1.345E+02   4.315E+01  6.651E-02 
1.360E+02   4.300E+01  6.599E-02 
1.376E+02   4.285E+01  6.547E-02 
1.392E+02   4.270E+01  6.496E-02 
1.408E+02   4.254E+01  6.445E-02 
1.424E+02   4.239E+01  6.394E-02 
1.441E+02   4.223E+01  6.343E-02 
1.458E+02   4.207E+01  6.293E-02 
1.475E+02   4.190E+01  6.243E-02 
1.492E+02   4.174E+01  6.194E-02 
1.509E+02   4.157E+01  6.144E-02 
1.526E+02   4.140E+01  6.095E-02 
1.544E+02   4.123E+01  6.047E-02 
1.562E+02   4.105E+01  5.999E-02 
1.580E+02   4.088E+01  5.951E-02 
1.598E+02   4.070E+01  5.903E-02 
1.617E+02   4.053E+01  5.856E-02 
1.636E+02   4.035E+01  5.809E-02 
1.655E+02   4.017E+01  5.762E-02 
1.674E+02   3.999E+01  5.716E-02 
1.693E+02   3.981E+01  5.670E-02 
1.713E+02   3.963E+01  5.624E-02 
1.733E+02   3.944E+01  5.708E-02 
1.753E+02   3.926E+01  5.661E-02 
1.773E+02   3.908E+01  5.615E-02 
1.794E+02   3.889E+01  5.569E-02 
1.815E+02   3.871E+01  5.524E-02 
1.836E+02   3.853E+01  5.479E-02 
1.857E+02   3.834E+01  5.434E-02 
1.879E+02   3.816E+01  5.390E-02 
1.900E+02   3.797E+01  5.345E-02 
1.922E+02   3.779E+01  5.302E-02 
1.945E+02   3.761E+01  5.258E-02 
1.967E+02   3.742E+01  5.215E-02 
1.990E+02   3.724E+01  5.172E-02 
2.013E+02   3.706E+01  5.129E-02 
2.036E+02   3.687E+01  5.087E-02 
2.060E+02   3.669E+01  5.045E-02 
2.084E+02   3.651E+01  5.003E-02 
2.108E+02   3.633E+01  4.961E-02 
2.133E+02   3.615E+01  4.920E-02 
2.157E+02   3.597E+01  4.879E-02 
2.182E+02   3.579E+01  4.839E-02 
2.208E+02   3.561E+01  4.798E-02 
2.233E+02   3.544E+01  4.758E-02 
2.259E+02   3.526E+01  4.718E-02 
2.285E+02   3.508E+01  4.679E-02 
2.312E+02   3.491E+01  4.640E-02 
2.339E+02   3.474E+01  4.601E-02 
2.366E+02   3.456E+01  4.562E-02 
2.393E+02   3.439E+01  4.524E-02 
2.421E+02   3.422E+01  4.486E-02 
2.449E+02   3.405E+01  4.448E-02 
2.478E+02   3.388E+01  4.411E-02 
2.506E+02   3.371E+01  4.373E-02 
2.535E+02   3.354E+01  4.337E-02 
2.565E+02   3.337E+01  4.300E-02 
2.595E+02   3.321E+01  4.263E-02 
2.625E+02   3.304E+01  4.227E-02 
2.655E+02   3.288E+01  4.191E-02 
2.686E+02   3.271E+01  4.156E-02 
2.717E+02   3.255E+01  4.120E-02 
2.749E+02   3.239E+01  4.085E-02 
2.780E+02   3.223E+01  4.051E-02 
2.813E+02   3.207E+01  4.016E-02 
2.845E+02   3.191E+01  3.982E-02 
2.878E+02   3.175E+01  3.948E-02 
2.912E+02   3.159E+01  3.914E-02 
2.945E+02   3.143E+01  3.880E-02 
2.980E+02   3.128E+01  3.847E-02 
3.014E+02   3.112E+01  3.814E-02 
3.049E+02   3.097E+01  3.781E-02 
3.085E+02   3.081E+01  3.749E-02 
3.120E+02   3.066E+01  3.717E-02 
3.156E+02   3.051E+01  3.685E-02 
3.193E+02   3.035E+01  3.653E-02 
3.230E+02   3.020E+01  3.621E-02 
3.268E+02   3.005E+01  3.590E-02 
3.306E+02   2.990E+01  3.559E-02 
3.344E+02   2.975E+01  3.528E-02 
3.383E+02   2.960E+01  3.498E-02 
3.422E+02   2.945E+01  3.467E-02 
3.462E+02   2.931E+01  3.437E-02 
3.502E+02   2.916E+01  3.407E-02 
3.542E+02   2.901E+01  3.378E-02 
3.583E+02   2.886E+01  3.348E-02 
3.625E+02   2.872E+01  3.319E-02 
3.667E+02   2.857E+01  3.290E-02 
3.710E+02   2.843E+01  3.262E-02 
3.753E+02   2.828E+01  3.233E-02 
3.796E+02   2.814E+01  3.205E-02 
3.840E+02   2.799E+01  3.177E-02 
3.885E+02   2.785E+01  3.149E-02 
3.930E+02   2.771E+01  3.121E-02 
3.975E+02   2.756E+01  3.094E-02 
4.021E+02   2.742E+01  3.067E-02 
4.068E+02   2.728E+01  3.040E-02 
4.115E+02   2.714E+01  3.013E-02 
4.163E+02   2.699E+01  2.987E-02 
4.211E+02   2.685E+01  2.960E-02 
4.260E+02   2.671E+01  2.934E-02 
4.310E+02   2.657E+01  2.908E-02 
4.360E+02   2.643E+01  2.883E-02 
4.410E+02   2.629E+01  2.857E-02 
4.461E+02   2.615E+01  2.832E-02 
4.513E+02   2.601E+01  2.807E-02 
4.565E+02   2.587E+01  2.782E-02 
4.618E+02   2.573E+01  2.757E-02 
4.672E+02   2.559E+01  2.733E-02 
4.726E+02   2.545E+01  2.709E-02 
4.781E+02   2.531E+01  2.685E-02 
4.836E+02   2.517E+01  2.661E-02 
4.892E+02   2.503E+01  2.637E-02 
4.949E+02   2.489E+01  2.614E-02 
5.007E+02   2.475E+01  2.590E-02 
5.065E+02   2.461E+01  2.567E-02 
5.123E+02   2.448E+01  2.544E-02 
5.183E+02   2.434E+01  2.522E-02 
5.243E+02   2.420E+01  2.499E-02 
5.304E+02   2.406E+01  2.477E-02 
5.365E+02   2.393E+01  2.455E-02 
5.428E+02   2.379E+01  2.433E-02 
5.490E+02   2.365E+01  2.411E-02 
5.554E+02   2.351E+01  2.389E-02 
5.619E+02   2.338E+01  2.368E-02 
5.684E+02   2.324E+01  2.347E-02 
5.750E+02   2.310E+01  2.325E-02 
5.816E+02   2.297E+01  2.305E-02 
5.884E+02   2.283E+01  2.284E-02 
5.952E+02   2.270E+01  2.263E-02 
6.021E+02   2.256E+01  2.243E-02 
6.091E+02   2.243E+01  2.223E-02 
6.162E+02   2.229E+01  2.203E-02 
6.233E+02   2.216E+01  2.183E-02 
6.305E+02   2.202E+01  2.163E-02 
6.378E+02   2.189E+01  2.143E-02 
6.452E+02   2.175E+01  2.124E-02 
6.527E+02   2.162E+01  2.105E-02 
6.603E+02   2.149E+01  2.086E-02 
6.680E+02   2.135E+01  2.067E-02 
6.757E+02   2.122E+01  2.048E-02 
6.835E+02   2.109E+01  2.030E-02 
6.915E+02   2.096E+01  2.011E-02 
6.995E+02   2.082E+01  1.993E-02 
7.076E+02   2.069E+01  1.975E-02 
7.158E+02   2.056E+01  1.957E-02 
7.241E+02   2.043E+01  1.939E-02 
7.325E+02   2.030E+01  1.921E-02 
7.410E+02   2.017E+01  1.904E-02 
7.496E+02   2.004E+01  1.886E-02 
7.583E+02   1.991E+01  1.869E-02 
7.671E+02   1.978E+01  1.852E-02 
7.760E+02   1.966E+01  1.835E-02 
7.850E+02   1.953E+01  1.818E-02 
7.941E+02   1.940E+01  1.802E-02 
8.033E+02   1.928E+01  1.785E-02 
8.126E+02   1.915E+01  1.769E-02 
8.221E+02   1.902E+01  1.753E-02 
8.316E+02   1.890E+01  1.737E-02 
8.412E+02   1.878E+01  1.721E-02 
8.510E+02   1.865E+01  1.705E-02 
8.609E+02   1.853E+01  1.689E-02 
8.709E+02   1.841E+01  1.674E-02 
8.810E+02   1.828E+01  1.658E-02 
8.912E+02   1.816E+01  1.643E-02 
9.015E+02   1.804E+01  1.628E-02 
9.120E+02   1.792E+01  1.613E-02 
9.225E+02   1.780E+01  1.598E-02 
9.332E+02   1.768E+01  1.583E-02 
9.441E+02   1.757E+01  1.569E-02 
9.550E+02   1.745E+01  1.554E-02 
9.661E+02   1.733E+01  1.540E-02 
9.773E+02   1.721E+01  1.526E-02 
9.886E+02   1.710E+01  1.512E-02 
1.000E+03   1.698E+01  1.498E-02 
1.012E+03   1.689E+01  1.484E-02 
1.023E+03   1.683E+01  1.470E-02 
1.035E+03   1.677E+01  1.456E-02 
1.047E+03   1.671E+01  1.443E-02 
1.059E+03   1.666E+01  1.429E-02 
1.072E+03   1.660E+01  1.416E-02 
1.084E+03   1.654E+01  1.403E-02 
1.097E+03   1.647E+01  1.390E-02 
1.109E+03   1.641E+01  1.377E-02 
1.122E+03   1.635E+01  1.364E-02 
1.135E+03   1.629E+01  1.352E-02 
1.149E+03   1.622E+01  1.339E-02 
1.162E+03   1.616E+01  1.326E-02 
1.175E+03   1.609E+01  1.314E-02 
1.189E+03   1.603E+01  1.302E-02 
1.203E+03   1.596E+01  1.290E-02 
1.217E+03   1.589E+01  1.278E-02 
1.231E+03   1.581E+01  1.266E-02 
1.245E+03   1.574E+01  1.254E-02 
1.260E+03   1.567E+01  1.242E-02 
1.274E+03   1.559E+01  1.231E-02 
1.289E+03   1.552E+01  1.219E-02 
1.304E+03   1.545E+01  1.208E-02 
1.319E+03   1.537E+01  1.196E-02 
1.334E+03   1.530E+01  1.185E-02 
1.350E+03   1.522E+01  1.174E-02 
1.365E+03   1.515E+01  1.163E-02 
1.381E+03   1.508E+01  1.152E-02 
1.397E+03   1.500E+01  1.141E-02 
1.414E+03   1.493E+01  1.131E-02 
1.430E+03   1.486E+01  1.120E-02 
1.446E+03   1.478E+01  1.109E-02 
1.463E+03   1.471E+01  1.099E-02 
1.480E+03   1.463E+01  1.089E-02 
1.497E+03   1.456E+01  1.078E-02 
1.515E+03   1.448E+01  1.068E-02 
1.532E+03   1.441E+01  1.058E-02 
1.550E+03   1.433E+01  1.048E-02 
1.568E+03   1.426E+01  1.038E-02 
1.586E+03   1.418E+01  1.029E-02 
1.605E+03   1.410E+01  1.019E-02 
1.623E+03   1.403E+01  1.009E-02 
1.642E+03   1.395E+01  9.997E-03 
1.661E+03   1.387E+01  9.902E-03 
1.680E+03   1.380E+01  9.809E-03 
1.700E+03   1.372E+01  9.716E-03 
1.720E+03   1.364E+01  9.624E-03 
1.740E+03   1.356E+01  9.533E-03 
1.760E+03   1.349E+01  9.442E-03 
1.780E+03   1.341E+01  9.353E-03 
1.801E+03   1.333E+01  9.264E-03 
1.822E+03   1.325E+01  9.176E-03 
1.843E+03   1.317E+01  9.089E-03 
1.864E+03   1.310E+01  9.003E-03 
1.886E+03   1.302E+01  8.918E-03 
1.908E+03   1.294E+01  8.833E-03 
1.930E+03   1.286E+01  8.749E-03 
1.952E+03   1.278E+01  8.666E-03 
1.975E+03   1.271E+01  8.583E-03 
1.998E+03   1.263E+01  8.502E-03 
2.021E+03   1.255E+01  8.421E-03 
2.044E+03   1.247E+01  8.341E-03 
2.068E+03   1.239E+01  8.261E-03 
2.092E+03   1.232E+01  8.182E-03 
2.116E+03   1.224E+01  8.104E-03 
2.141E+03   1.216E+01  8.027E-03 
2.166E+03   1.208E+01  7.951E-03 
2.191E+03   1.201E+01  7.875E-03 
2.216E+03   1.193E+01  7.800E-03 
2.242E+03   1.185E+01  7.725E-03 
2.268E+03   1.178E+01  7.651E-03 
2.294E+03   1.170E+01  7.578E-03 
2.321E+03   1.162E+01  7.506E-03 
2.348E+03   1.155E+01  7.434E-03 
2.375E+03   1.147E+01  7.363E-03 
2.403E+03   1.140E+01  7.292E-03 
2.431E+03   1.132E+01  7.222E-03 
2.459E+03   1.125E+01  7.153E-03 
2.487E+03   1.117E+01  7.085E-03 
2.516E+03   1.110E+01  7.017E-03 
2.545E+03   1.103E+01  6.949E-03 
2.575E+03   1.095E+01  6.883E-03 
2.605E+03   1.088E+01  6.817E-03 
2.635E+03   1.081E+01  6.751E-03 
2.665E+03   1.073E+01  6.686E-03 
2.696E+03   1.066E+01  6.622E-03 
2.728E+03   1.059E+01  6.558E-03 
2.759E+03   1.052E+01  6.495E-03 
2.791E+03   1.045E+01  6.433E-03 
2.824E+03   1.038E+01  6.371E-03 
2.856E+03   1.031E+01  6.310E-03 
2.889E+03   1.024E+01  6.249E-03 
2.923E+03   1.017E+01  6.189E-03 
2.957E+03   1.010E+01  6.129E-03 
2.991E+03   1.003E+01  6.070E-03 
3.026E+03   9.959E+00  6.011E-03 
3.061E+03   9.890E+00  5.953E-03 
3.097E+03   9.822E+00  5.896E-03 
3.132E+03   9.754E+00  5.839E-03 
3.169E+03   9.687E+00  5.783E-03 
3.206E+03   9.620E+00  5.727E-03 
3.243E+03   9.553E+00  5.671E-03 
3.280E+03   9.486E+00  5.616E-03 
3.318E+03   9.420E+00  5.562E-03 
3.357E+03   9.355E+00  5.508E-03 
3.396E+03   9.289E+00  5.455E-03 
3.435E+03   9.224E+00  5.402E-03 
3.475E+03   9.160E+00  5.350E-03 
3.515E+03   9.095E+00  5.298E-03 
3.556E+03   9.031E+00  5.247E-03 
3.597E+03   8.968E+00  5.196E-03 
3.639E+03   8.905E+00  5.146E-03 
3.681E+03   8.842E+00  5.096E-03 
3.724E+03   8.779E+00  5.046E-03 
3.767E+03   8.717E+00  4.997E-03 
3.811E+03   8.655E+00  4.949E-03 
3.855E+03   8.593E+00  4.901E-03 
3.900E+03   8.532E+00  4.853E-03 
3.945E+03   8.471E+00  4.806E-03 
3.991E+03   8.411E+00  4.759E-03 
4.037E+03   8.351E+00  4.713E-03 
4.084E+03   8.291E+00  4.667E-03 
4.131E+03   8.231E+00  4.622E-03 
4.179E+03   8.172E+00  4.577E-03 
4.228E+03   8.113E+00  4.532E-03 
4.277E+03   8.055E+00  4.488E-03 
4.326E+03   7.997E+00  4.444E-03 
4.376E+03   7.939E+00  4.401E-03 
4.427E+03   7.882E+00  4.358E-03 
4.479E+03   7.824E+00  4.315E-03 
4.531E+03   7.768E+00  4.273E-03 
4.583E+03   7.711E+00  4.232E-03 
4.636E+03   7.655E+00  4.190E-03 
4.690E+03   7.599E+00  4.149E-03 
4.744E+03   7.544E+00  4.109E-03 
4.799E+03   7.489E+00  4.069E-03 
4.855E+03   7.434E+00  4.029E-03 
4.911E+03   7.379E+00  3.990E-03 
4.968E+03   7.325E+00  3.951E-03 
5.026E+03   7.271E+00  3.912E-03 
5.084E+03   7.218E+00  3.874E-03 
5.143E+03   7.164E+00  3.836E-03 
5.203E+03   7.112E+00  3.798E-03 
5.263E+03   7.059E+00  3.761E-03 
5.324E+03   7.007E+00  3.724E-03 
5.386E+03   6.955E+00  3.688E-03 
5.449E+03   6.903E+00  3.652E-03 
5.512E+03   6.852E+00  3.616E-03 
5.576E+03   6.801E+00  3.580E-03 
5.640E+03   6.750E+00  3.545E-03 
5.706E+03   6.700E+00  3.510E-03 
5.772E+03   6.650E+00  3.476E-03 
5.839E+03   6.600E+00  3.442E-03 
5.907E+03   6.550E+00  3.408E-03 
5.975E+03   6.501E+00  3.375E-03 
6.045E+03   6.452E+00  3.341E-03 
6.115E+03   6.404E+00  3.309E-03 
6.186E+03   6.356E+00  3.276E-03 
6.257E+03   6.308E+00  3.244E-03 
6.330E+03   6.260E+00  3.212E-03 
6.403E+03   6.213E+00  3.180E-03 
6.478E+03   6.166E+00  3.149E-03 
6.553E+03   6.119E+00  3.118E-03 
6.629E+03   6.073E+00  3.087E-03 
6.706E+03   6.026E+00  3.057E-03 
6.783E+03   5.981E+00  3.027E-03 
6.862E+03   5.935E+00  2.997E-03 
6.942E+03   5.890E+00  2.967E-03 
7.022E+03   5.845E+00  2.938E-03 
7.104E+03   5.800E+00  2.909E-03 
7.186E+03   5.756E+00  2.881E-03 
7.269E+03   5.711E+00  2.852E-03 
7.354E+03   5.668E+00  2.824E-03 
7.439E+03   5.624E+00  2.796E-03 
7.525E+03   5.581E+00  2.768E-03 
7.613E+03   5.538E+00  2.741E-03 
7.701E+03   5.495E+00  2.714E-03 
7.790E+03   5.453E+00  2.687E-03 
7.881E+03   5.410E+00  2.661E-03 
7.972E+03   5.369E+00  2.634E-03 
8.064E+03   5.327E+00  2.608E-03 
8.158E+03   5.286E+00  2.582E-03 
8.253E+03   5.245E+00  2.557E-03 
8.348E+03   5.204E+00  2.532E-03 
8.445E+03   5.163E+00  2.507E-03 
8.543E+03   5.123E+00  2.482E-03 
8.642E+03   5.083E+00  2.457E-03 
8.742E+03   5.043E+00  2.433E-03 
8.844E+03   5.004E+00  2.409E-03 
8.946E+03   4.965E+00  2.385E-03 
9.050E+03   4.926E+00  2.361E-03 
9.155E+03   4.887E+00  2.338E-03 
9.261E+03   4.849E+00  2.315E-03 
9.369E+03   4.811E+00  2.292E-03 
9.477E+03   4.773E+00  2.269E-03 
9.587E+03   4.735E+00  2.246E-03 
9.699E+03   4.698E+00  2.224E-03 
9.811E+03   4.661E+00  2.202E-03 
9.925E+03   4.624E+00  2.180E-03 
1.004E+04   4.587E+00  2.158E-03 
1.016E+04   4.551E+00  2.137E-03 
1.027E+04   4.515E+00  2.116E-03 
1.039E+04   4.479E+00  2.095E-03 
1.051E+04   4.443E+00  2.074E-03 
1.064E+04   4.408E+00  2.053E-03 
1.076E+04   4.373E+00  2.033E-03 
1.088E+04   4.338E+00  2.012E-03 
1.101E+04   4.303E+00  1.992E-03 
1.114E+04   4.269E+00  1.973E-03 
1.127E+04   4.235E+00  1.953E-03 
1.140E+04   4.201E+00  1.934E-03 
1.153E+04   4.167E+00  1.914E-03 
1.166E+04   4.134E+00  1.895E-03 
1.180E+04   4.101E+00  1.876E-03 
1.194E+04   4.068E+00  1.858E-03 
1.207E+04   4.035E+00  1.839E-03 
1.221E+04   4.003E+00  1.821E-03 
1.236E+04   3.970E+00  1.803E-03 
1.250E+04   3.938E+00  1.785E-03 
1.264E+04   3.907E+00  1.767E-03 
1.279E+04   3.875E+00  1.749E-03 
1.294E+04   3.844E+00  1.732E-03 
1.309E+04   3.813E+00  1.714E-03 
1.324E+04   3.782E+00  1.697E-03 
1.340E+04   3.751E+00  1.680E-03 
1.355E+04   3.721E+00  1.663E-03 
1.371E+04   3.690E+00  1.647E-03 
1.387E+04   3.660E+00  1.630E-03 
1.403E+04   3.631E+00  1.614E-03 
1.419E+04   3.601E+00  1.598E-03 
1.435E+04   3.572E+00  1.582E-03 
1.452E+04   3.543E+00  1.566E-03 
1.469E+04   3.514E+00  1.550E-03 
1.486E+04   3.485E+00  1.535E-03 
1.503E+04   3.456E+00  1.519E-03 
1.521E+04   3.428E+00  1.504E-03 
1.538E+04   3.400E+00  1.489E-03 
1.556E+04   3.372E+00  1.474E-03 
1.574E+04   3.345E+00  1.459E-03 
1.592E+04   3.317E+00  1.445E-03 
1.611E+04   3.290E+00  1.430E-03 
1.630E+04   3.263E+00  1.416E-03 
1.649E+04   3.236E+00  1.402E-03 
1.668E+04   3.209E+00  1.388E-03 
1.687E+04   3.183E+00  1.374E-03 
1.707E+04   3.157E+00  1.360E-03 
1.726E+04   3.131E+00  1.346E-03 
1.746E+04   3.105E+00  1.333E-03 
1.767E+04   3.079E+00  1.319E-03 
1.787E+04   3.054E+00  1.306E-03 
1.808E+04   3.028E+00  1.293E-03 
1.829E+04   3.003E+00  1.280E-03 
1.850E+04   2.978E+00  1.267E-03 
1.871E+04   2.954E+00  1.254E-03 
1.893E+04   2.929E+00  1.242E-03 
1.915E+04   2.905E+00  1.229E-03 
1.937E+04   2.881E+00  1.217E-03 
1.960E+04   2.857E+00  1.205E-03 
1.983E+04   2.833E+00  1.193E-03 
2.006E+04   2.810E+00  1.181E-03 
2.029E+04   2.786E+00  1.169E-03 
2.052E+04   2.763E+00  1.157E-03 
2.076E+04   2.740E+00  1.145E-03 
2.100E+04   2.717E+00  1.134E-03 
2.125E+04   2.694E+00  1.122E-03 
2.149E+04   2.672E+00  1.111E-03 
2.174E+04   2.650E+00  1.100E-03 
2.199E+04   2.628E+00  1.089E-03 
2.225E+04   2.606E+00  1.078E-03 
2.251E+04   2.584E+00  1.067E-03 
2.277E+04   2.562E+00  1.056E-03 
2.303E+04   2.541E+00  1.045E-03 
2.330E+04   2.519E+00  1.035E-03 
2.357E+04   2.498E+00  1.024E-03 
2.384E+04   2.477E+00  1.014E-03 
2.412E+04   2.457E+00  1.004E-03 
2.440E+04   2.436E+00  9.937E-04 
2.468E+04   2.415E+00  9.837E-04 
2.497E+04   2.395E+00  9.738E-04 
2.526E+04   2.375E+00  9.639E-04 
2.555E+04   2.355E+00  9.542E-04 
2.585E+04   2.335E+00  9.445E-04 
2.615E+04   2.316E+00  9.350E-04 
2.645E+04   2.296E+00  9.255E-04 
2.676E+04   2.277E+00  9.162E-04 
2.707E+04   2.258E+00  9.069E-04 
2.738E+04   2.239E+00  8.977E-04 
2.770E+04   2.220E+00  8.886E-04 
2.802E+04   2.201E+00  8.796E-04 
2.835E+04   2.183E+00  8.707E-04 
2.867E+04   2.164E+00  8.619E-04 
2.901E+04   2.146E+00  8.532E-04 
2.934E+04   2.128E+00  8.445E-04 
2.968E+04   2.110E+00  8.360E-04 
3.003E+04   2.092E+00  8.275E-04 
3.038E+04   2.074E+00  8.191E-04 
3.073E+04   2.057E+00  8.108E-04 
3.109E+04   2.039E+00  8.026E-04 
3.145E+04   2.022E+00  7.945E-04 
3.181E+04   2.005E+00  7.864E-04 
3.218E+04   1.988E+00  7.784E-04 
3.255E+04   1.971E+00  7.705E-04 
3.293E+04   1.955E+00  7.627E-04 
3.331E+04   1.938E+00  7.550E-04 
3.370E+04   1.922E+00  7.473E-04 
3.409E+04   1.905E+00  7.397E-04 
3.449E+04   1.889E+00  7.322E-04 
3.489E+04   1.873E+00  7.248E-04 
3.529E+04   1.857E+00  7.174E-04 
3.570E+04   1.842E+00  7.101E-04 
3.611E+04   1.826E+00  7.029E-04 
3.653E+04   1.811E+00  6.958E-04 
3.696E+04   1.795E+00  6.887E-04 
3.738E+04   1.780E+00  6.817E-04 
3.782E+04   1.765E+00  6.748E-04 
3.826E+04   1.750E+00  6.679E-04 
3.870E+04   1.735E+00  6.611E-04 
3.915E+04   1.721E+00  6.544E-04 
3.960E+04   1.706E+00  6.477E-04 
4.006E+04   1.692E+00  6.411E-04 
4.053E+04   1.677E+00  6.346E-04 
4.100E+04   1.663E+00  6.281E-04 
4.147E+04   1.649E+00  6.217E-04 
4.195E+04   1.635E+00  6.154E-04 
4.244E+04   1.621E+00  6.092E-04 
4.293E+04   1.608E+00  6.029E-04 
4.343E+04   1.594E+00  5.968E-04 
4.394E+04   1.580E+00  5.907E-04 
4.444E+04   1.567E+00  5.847E-04 
4.496E+04   1.554E+00  5.787E-04 
4.548E+04   1.541E+00  5.728E-04 
4.601E+04   1.528E+00  5.670E-04 
4.654E+04   1.515E+00  5.612E-04 
4.708E+04   1.502E+00  5.555E-04 
4.763E+04   1.489E+00  5.498E-04 
4.818E+04   1.477E+00  5.442E-04 
4.874E+04   1.464E+00  5.387E-04 
4.931E+04   1.452E+00  5.332E-04 
4.988E+04   1.440E+00  5.277E-04 
5.046E+04   1.427E+00  5.223E-04 
5.104E+04   1.415E+00  5.170E-04 
5.163E+04   1.403E+00  5.117E-04 
5.223E+04   1.392E+00  5.065E-04 
5.284E+04   1.380E+00  5.013E-04 
5.345E+04   1.368E+00  4.962E-04 
5.407E+04   1.357E+00  4.911E-04 
5.470E+04   1.345E+00  4.861E-04 
5.533E+04   1.334E+00  4.811E-04 
5.597E+04   1.323E+00  4.762E-04 
5.662E+04   1.312E+00  4.714E-04 
5.728E+04   1.301E+00  4.665E-04 
5.794E+04   1.290E+00  4.618E-04 
5.862E+04   1.279E+00  4.570E-04 
5.930E+04   1.268E+00  4.524E-04 
5.998E+04   1.258E+00  4.477E-04 
6.068E+04   1.247E+00  4.431E-04 
6.138E+04   1.237E+00  4.386E-04 
6.210E+04   1.226E+00  4.341E-04 
6.282E+04   1.216E+00  4.297E-04 
6.354E+04   1.206E+00  4.253E-04 
6.428E+04   1.196E+00  4.209E-04 
6.503E+04   1.186E+00  4.166E-04 
6.578E+04   1.176E+00  4.123E-04 
6.654E+04   1.166E+00  4.081E-04 
6.732E+04   1.156E+00  4.039E-04 
6.810E+04   1.147E+00  3.998E-04 
6.889E+04   1.137E+00  3.957E-04 
6.969E+04   1.128E+00  3.916E-04 
7.049E+04   1.118E+00  3.876E-04 
7.131E+04   1.109E+00  3.836E-04 
7.214E+04   1.100E+00  3.797E-04 
7.298E+04   1.091E+00  3.758E-04 
7.382E+04   1.082E+00  3.720E-04 
7.468E+04   1.073E+00  3.681E-04 
7.555E+04   1.064E+00  3.644E-04 
7.642E+04   1.055E+00  3.606E-04 
7.731E+04   1.046E+00  3.569E-04 
7.820E+04   1.038E+00  3.533E-04 
7.911E+04   1.029E+00  3.496E-04 
8.003E+04   1.021E+00  3.460E-04 
8.096E+04   1.012E+00  3.425E-04 
8.190E+04   1.004E+00  3.390E-04 
8.285E+04   9.957E-01  3.355E-04 
8.381E+04   9.875E-01  3.320E-04 
8.478E+04   9.794E-01  3.286E-04 
8.576E+04   9.714E-01  3.252E-04 
8.676E+04   9.635E-01  3.219E-04 
8.776E+04   9.556E-01  3.186E-04 
8.878E+04   9.478E-01  3.153E-04 
8.981E+04   9.401E-01  3.121E-04 
9.085E+04   9.324E-01  3.089E-04 
9.191E+04   9.249E-01  3.057E-04 
9.297E+04   9.174E-01  3.025E-04 
9.405E+04   9.099E-01  2.994E-04 
9.514E+04   9.026E-01  2.963E-04 
9.625E+04   8.953E-01  2.933E-04 
9.736E+04   8.880E-01  2.903E-04 
9.849E+04   8.809E-01  2.873E-04 
9.963E+04   8.738E-01  2.843E-04 
1.008E+05   8.668E-01  2.814E-04 
