Ion = Helium      . Mass = 4.0026
Tgt = Be (Solid). Density = 1.848 g/cm3
Stopping Units =  eV/(1E15 atoms/cm2)
Energy(keV)  S(Elec)    S(Nuc)
1.000E+00   1.977E+00  2.804E+00 
1.013E+00   1.990E+00  2.794E+00 
1.026E+00   2.003E+00  2.785E+00 
1.039E+00   2.016E+00  2.776E+00 
1.053E+00   2.029E+00  2.766E+00 
1.067E+00   2.042E+00  2.757E+00 
1.081E+00   2.055E+00  2.747E+00 
1.095E+00   2.069E+00  2.738E+00 
1.109E+00   2.082E+00  2.728E+00 
1.123E+00   2.096E+00  2.719E+00 
1.138E+00   2.109E+00  2.709E+00 
1.153E+00   2.123E+00  2.699E+00 
1.168E+00   2.137E+00  2.689E+00 
1.183E+00   2.150E+00  2.679E+00 
1.198E+00   2.164E+00  2.669E+00 
1.214E+00   2.178E+00  2.659E+00 
1.229E+00   2.193E+00  2.649E+00 
1.245E+00   2.207E+00  2.639E+00 
1.262E+00   2.221E+00  2.629E+00 
1.278E+00   2.235E+00  2.619E+00 
1.295E+00   2.250E+00  2.608E+00 
1.311E+00   2.264E+00  2.598E+00 
1.329E+00   2.279E+00  2.588E+00 
1.346E+00   2.294E+00  2.577E+00 
1.363E+00   2.309E+00  2.567E+00 
1.381E+00   2.324E+00  2.556E+00 
1.399E+00   2.339E+00  2.546E+00 
1.417E+00   2.354E+00  2.535E+00 
1.436E+00   2.369E+00  2.525E+00 
1.454E+00   2.384E+00  2.514E+00 
1.473E+00   2.400E+00  2.503E+00 
1.492E+00   2.415E+00  2.492E+00 
1.512E+00   2.431E+00  2.482E+00 
1.531E+00   2.447E+00  2.471E+00 
1.551E+00   2.463E+00  2.460E+00 
1.571E+00   2.479E+00  2.449E+00 
1.592E+00   2.495E+00  2.438E+00 
1.612E+00   2.511E+00  2.427E+00 
1.633E+00   2.527E+00  2.416E+00 
1.655E+00   2.544E+00  2.405E+00 
1.676E+00   2.560E+00  2.394E+00 
1.698E+00   2.577E+00  2.383E+00 
1.720E+00   2.593E+00  2.372E+00 
1.742E+00   2.610E+00  2.361E+00 
1.765E+00   2.627E+00  2.350E+00 
1.788E+00   2.644E+00  2.338E+00 
1.811E+00   2.661E+00  2.327E+00 
1.835E+00   2.678E+00  2.316E+00 
1.859E+00   2.696E+00  2.305E+00 
1.883E+00   2.713E+00  2.294E+00 
1.907E+00   2.731E+00  2.282E+00 
1.932E+00   2.748E+00  2.271E+00 
1.957E+00   2.766E+00  2.260E+00 
1.983E+00   2.784E+00  2.248E+00 
2.008E+00   2.802E+00  2.237E+00 
2.034E+00   2.820E+00  2.226E+00 
2.061E+00   2.839E+00  2.214E+00 
2.088E+00   2.857E+00  2.203E+00 
2.115E+00   2.875E+00  2.192E+00 
2.142E+00   2.894E+00  2.180E+00 
2.170E+00   2.913E+00  2.169E+00 
2.198E+00   2.932E+00  2.157E+00 
2.227E+00   2.951E+00  2.146E+00 
2.256E+00   2.970E+00  2.135E+00 
2.285E+00   2.989E+00  2.123E+00 
2.315E+00   3.008E+00  2.112E+00 
2.345E+00   3.028E+00  2.100E+00 
2.375E+00   3.048E+00  2.089E+00 
2.406E+00   3.067E+00  2.077E+00 
2.438E+00   3.087E+00  2.066E+00 
2.469E+00   3.107E+00  2.055E+00 
2.501E+00   3.127E+00  2.043E+00 
2.534E+00   3.147E+00  2.032E+00 
2.567E+00   3.168E+00  2.020E+00 
2.600E+00   3.188E+00  2.009E+00 
2.634E+00   3.209E+00  1.997E+00 
2.668E+00   3.230E+00  1.986E+00 
2.703E+00   3.251E+00  1.975E+00 
2.738E+00   3.272E+00  1.963E+00 
2.773E+00   3.293E+00  1.952E+00 
2.810E+00   3.314E+00  1.941E+00 
2.846E+00   3.336E+00  1.929E+00 
2.883E+00   3.357E+00  1.918E+00 
2.921E+00   3.379E+00  1.906E+00 
2.958E+00   3.401E+00  1.895E+00 
2.997E+00   3.423E+00  1.884E+00 
3.036E+00   3.445E+00  1.873E+00 
3.075E+00   3.468E+00  1.861E+00 
3.115E+00   3.490E+00  1.850E+00 
3.156E+00   3.513E+00  1.839E+00 
3.197E+00   3.535E+00  1.828E+00 
3.238E+00   3.558E+00  1.816E+00 
3.280E+00   3.581E+00  1.805E+00 
3.323E+00   3.605E+00  1.794E+00 
3.366E+00   3.628E+00  1.783E+00 
3.410E+00   3.651E+00  1.772E+00 
3.454E+00   3.675E+00  1.761E+00 
3.499E+00   3.699E+00  1.749E+00 
3.545E+00   3.723E+00  1.738E+00 
3.591E+00   3.747E+00  1.727E+00 
3.637E+00   3.771E+00  1.716E+00 
3.685E+00   3.796E+00  1.705E+00 
3.733E+00   3.820E+00  1.694E+00 
3.781E+00   3.845E+00  1.683E+00 
3.830E+00   3.870E+00  1.673E+00 
3.880E+00   3.895E+00  1.662E+00 
3.930E+00   3.920E+00  1.651E+00 
3.982E+00   3.946E+00  1.640E+00 
4.033E+00   3.971E+00  1.629E+00 
4.086E+00   3.997E+00  1.618E+00 
4.139E+00   4.023E+00  1.608E+00 
4.193E+00   4.049E+00  1.597E+00 
4.247E+00   4.075E+00  1.586E+00 
4.302E+00   4.101E+00  1.576E+00 
4.358E+00   4.128E+00  1.565E+00 
4.415E+00   4.155E+00  1.554E+00 
4.472E+00   4.182E+00  1.544E+00 
4.530E+00   4.209E+00  1.533E+00 
4.589E+00   4.236E+00  1.523E+00 
4.649E+00   4.263E+00  1.512E+00 
4.709E+00   4.291E+00  1.502E+00 
4.770E+00   4.319E+00  1.492E+00 
4.832E+00   4.347E+00  1.481E+00 
4.895E+00   4.375E+00  1.471E+00 
4.959E+00   4.403E+00  1.461E+00 
5.023E+00   4.432E+00  1.451E+00 
5.089E+00   4.460E+00  1.440E+00 
5.155E+00   4.489E+00  1.430E+00 
5.222E+00   4.518E+00  1.420E+00 
5.290E+00   4.548E+00  1.410E+00 
5.358E+00   4.577E+00  1.400E+00 
5.428E+00   4.607E+00  1.390E+00 
5.499E+00   4.637E+00  1.380E+00 
5.570E+00   4.667E+00  1.370E+00 
5.642E+00   4.697E+00  1.360E+00 
5.716E+00   4.727E+00  1.350E+00 
5.790E+00   4.758E+00  1.341E+00 
5.865E+00   4.789E+00  1.331E+00 
5.942E+00   4.820E+00  1.321E+00 
6.019E+00   4.851E+00  1.311E+00 
6.097E+00   4.882E+00  1.302E+00 
6.176E+00   4.914E+00  1.292E+00 
6.256E+00   4.946E+00  1.283E+00 
6.338E+00   4.978E+00  1.273E+00 
6.420E+00   5.010E+00  1.264E+00 
6.504E+00   5.043E+00  1.254E+00 
6.588E+00   5.075E+00  1.245E+00 
6.674E+00   5.108E+00  1.236E+00 
6.760E+00   5.141E+00  1.226E+00 
6.848E+00   5.175E+00  1.217E+00 
6.937E+00   5.208E+00  1.208E+00 
7.027E+00   5.242E+00  1.199E+00 
7.119E+00   5.276E+00  1.190E+00 
7.211E+00   5.310E+00  1.181E+00 
7.305E+00   5.344E+00  1.172E+00 
7.400E+00   5.379E+00  1.163E+00 
7.496E+00   5.414E+00  1.154E+00 
7.594E+00   5.449E+00  1.145E+00 
7.692E+00   5.484E+00  1.136E+00 
7.792E+00   5.520E+00  1.127E+00 
7.894E+00   5.555E+00  1.118E+00 
7.996E+00   5.591E+00  1.110E+00 
8.100E+00   5.629E+00  1.101E+00 
8.205E+00   5.666E+00  1.092E+00 
8.312E+00   5.704E+00  1.084E+00 
8.420E+00   5.742E+00  1.075E+00 
8.529E+00   5.781E+00  1.067E+00 
8.640E+00   5.819E+00  1.058E+00 
8.753E+00   5.858E+00  1.050E+00 
8.866E+00   5.897E+00  1.042E+00 
8.982E+00   5.937E+00  1.033E+00 
9.098E+00   5.976E+00  1.025E+00 
9.217E+00   6.016E+00  1.017E+00 
9.336E+00   6.056E+00  1.009E+00 
9.458E+00   6.097E+00  1.001E+00 
9.581E+00   6.137E+00  9.927E-01 
9.705E+00   6.178E+00  9.847E-01 
9.831E+00   6.219E+00  9.768E-01 
9.959E+00   6.260E+00  9.689E-01 
1.009E+01   6.302E+00  9.610E-01 
1.022E+01   6.344E+00  9.532E-01 
1.035E+01   6.386E+00  9.454E-01 
1.049E+01   6.428E+00  9.377E-01 
1.062E+01   6.470E+00  9.300E-01 
1.076E+01   6.513E+00  9.224E-01 
1.090E+01   6.556E+00  9.148E-01 
1.104E+01   6.600E+00  9.073E-01 
1.119E+01   6.643E+00  8.998E-01 
1.133E+01   6.687E+00  8.923E-01 
1.148E+01   6.731E+00  8.849E-01 
1.163E+01   6.776E+00  8.776E-01 
1.178E+01   6.820E+00  8.703E-01 
1.193E+01   6.865E+00  8.630E-01 
1.209E+01   6.910E+00  8.558E-01 
1.224E+01   6.956E+00  8.486E-01 
1.240E+01   7.001E+00  8.415E-01 
1.256E+01   7.047E+00  8.344E-01 
1.273E+01   7.093E+00  8.274E-01 
1.289E+01   7.140E+00  8.204E-01 
1.306E+01   7.187E+00  8.135E-01 
1.323E+01   7.234E+00  8.066E-01 
1.340E+01   7.281E+00  7.997E-01 
1.358E+01   7.329E+00  7.929E-01 
1.375E+01   7.376E+00  7.862E-01 
1.393E+01   7.425E+00  7.795E-01 
1.411E+01   7.473E+00  7.728E-01 
1.430E+01   7.522E+00  7.662E-01 
1.448E+01   7.571E+00  7.596E-01 
1.467E+01   7.620E+00  7.531E-01 
1.486E+01   7.670E+00  7.466E-01 
1.505E+01   7.719E+00  7.401E-01 
1.525E+01   7.770E+00  7.337E-01 
1.545E+01   7.820E+00  7.274E-01 
1.565E+01   7.871E+00  7.211E-01 
1.585E+01   7.922E+00  7.148E-01 
1.606E+01   7.973E+00  7.086E-01 
1.627E+01   8.025E+00  7.024E-01 
1.648E+01   8.077E+00  6.963E-01 
1.669E+01   8.129E+00  6.902E-01 
1.691E+01   8.181E+00  6.841E-01 
1.713E+01   8.234E+00  6.781E-01 
1.735E+01   8.287E+00  6.722E-01 
1.758E+01   8.341E+00  6.663E-01 
1.781E+01   8.395E+00  6.604E-01 
1.804E+01   8.449E+00  6.546E-01 
1.827E+01   8.503E+00  6.488E-01 
1.851E+01   8.558E+00  6.430E-01 
1.875E+01   8.613E+00  6.373E-01 
1.899E+01   8.668E+00  6.316E-01 
1.924E+01   8.724E+00  6.260E-01 
1.949E+01   8.780E+00  6.204E-01 
1.974E+01   8.836E+00  6.149E-01 
2.000E+01   8.893E+00  6.094E-01 
2.026E+01   8.950E+00  6.039E-01 
2.052E+01   9.007E+00  5.985E-01 
2.079E+01   9.065E+00  5.931E-01 
2.106E+01   9.123E+00  5.878E-01 
2.133E+01   9.181E+00  5.825E-01 
2.161E+01   9.240E+00  5.773E-01 
2.189E+01   9.299E+00  5.720E-01 
2.218E+01   9.359E+00  5.669E-01 
2.247E+01   9.418E+00  5.617E-01 
2.276E+01   9.478E+00  5.566E-01 
2.305E+01   9.539E+00  5.516E-01 
2.335E+01   9.600E+00  5.466E-01 
2.366E+01   9.661E+00  5.416E-01 
2.396E+01   9.722E+00  5.366E-01 
2.428E+01   9.784E+00  5.317E-01 
2.459E+01   9.846E+00  5.269E-01 
2.491E+01   9.909E+00  5.220E-01 
2.523E+01   9.972E+00  5.172E-01 
2.556E+01   1.004E+01  5.125E-01 
2.589E+01   1.010E+01  5.078E-01 
2.623E+01   1.016E+01  5.031E-01 
2.657E+01   1.023E+01  4.985E-01 
2.692E+01   1.029E+01  4.939E-01 
2.727E+01   1.036E+01  4.617E-01 
2.762E+01   1.042E+01  4.575E-01 
2.798E+01   1.049E+01  4.534E-01 
2.834E+01   1.056E+01  4.492E-01 
2.871E+01   1.062E+01  4.451E-01 
2.909E+01   1.069E+01  4.411E-01 
2.946E+01   1.076E+01  4.370E-01 
2.985E+01   1.082E+01  4.330E-01 
3.023E+01   1.089E+01  4.290E-01 
3.063E+01   1.096E+01  4.251E-01 
3.103E+01   1.103E+01  4.212E-01 
3.143E+01   1.110E+01  4.173E-01 
3.184E+01   1.117E+01  4.134E-01 
3.225E+01   1.124E+01  4.096E-01 
3.267E+01   1.131E+01  4.058E-01 
3.309E+01   1.138E+01  4.021E-01 
3.352E+01   1.145E+01  3.983E-01 
3.396E+01   1.152E+01  3.946E-01 
3.440E+01   1.160E+01  3.909E-01 
3.485E+01   1.167E+01  3.873E-01 
3.530E+01   1.174E+01  3.837E-01 
3.576E+01   1.181E+01  3.801E-01 
3.623E+01   1.189E+01  3.765E-01 
3.670E+01   1.196E+01  3.730E-01 
3.717E+01   1.204E+01  3.695E-01 
3.766E+01   1.211E+01  3.660E-01 
3.815E+01   1.219E+01  3.626E-01 
3.864E+01   1.226E+01  3.592E-01 
3.914E+01   1.234E+01  3.558E-01 
3.965E+01   1.241E+01  3.524E-01 
4.017E+01   1.249E+01  3.491E-01 
4.069E+01   1.257E+01  3.458E-01 
4.122E+01   1.264E+01  3.425E-01 
4.175E+01   1.272E+01  3.393E-01 
4.230E+01   1.280E+01  3.360E-01 
4.285E+01   1.288E+01  3.328E-01 
4.340E+01   1.296E+01  3.297E-01 
4.397E+01   1.304E+01  3.265E-01 
4.454E+01   1.312E+01  3.234E-01 
4.512E+01   1.320E+01  3.203E-01 
4.570E+01   1.328E+01  3.172E-01 
4.630E+01   1.336E+01  3.142E-01 
4.690E+01   1.344E+01  3.112E-01 
4.751E+01   1.352E+01  3.082E-01 
4.813E+01   1.360E+01  3.052E-01 
4.875E+01   1.369E+01  3.023E-01 
4.939E+01   1.377E+01  2.994E-01 
5.003E+01   1.385E+01  2.965E-01 
5.068E+01   1.394E+01  2.936E-01 
5.134E+01   1.402E+01  2.908E-01 
5.200E+01   1.410E+01  2.880E-01 
5.268E+01   1.419E+01  2.852E-01 
5.336E+01   1.427E+01  2.824E-01 
5.406E+01   1.436E+01  2.797E-01 
5.476E+01   1.444E+01  2.770E-01 
5.547E+01   1.453E+01  2.743E-01 
5.619E+01   1.462E+01  2.716E-01 
5.692E+01   1.470E+01  2.690E-01 
5.766E+01   1.479E+01  2.664E-01 
5.841E+01   1.488E+01  2.638E-01 
5.917E+01   1.496E+01  2.612E-01 
5.994E+01   1.505E+01  2.586E-01 
6.072E+01   1.514E+01  2.561E-01 
6.151E+01   1.523E+01  2.536E-01 
6.231E+01   1.532E+01  2.511E-01 
6.312E+01   1.541E+01  2.486E-01 
6.394E+01   1.550E+01  2.462E-01 
6.477E+01   1.559E+01  2.438E-01 
6.561E+01   1.568E+01  2.414E-01 
6.646E+01   1.577E+01  2.390E-01 
6.733E+01   1.586E+01  2.366E-01 
6.820E+01   1.595E+01  2.343E-01 
6.909E+01   1.604E+01  2.320E-01 
6.999E+01   1.613E+01  2.297E-01 
7.090E+01   1.623E+01  2.274E-01 
7.182E+01   1.632E+01  2.252E-01 
7.275E+01   1.641E+01  2.229E-01 
7.370E+01   1.650E+01  2.207E-01 
7.465E+01   1.660E+01  2.185E-01 
7.562E+01   1.669E+01  2.163E-01 
7.661E+01   1.678E+01  2.142E-01 
7.760E+01   1.688E+01  2.121E-01 
7.861E+01   1.697E+01  2.099E-01 
7.963E+01   1.707E+01  2.079E-01 
8.067E+01   1.716E+01  2.058E-01 
8.172E+01   1.726E+01  2.037E-01 
8.278E+01   1.735E+01  2.017E-01 
8.385E+01   1.745E+01  1.997E-01 
8.494E+01   1.754E+01  1.977E-01 
8.605E+01   1.764E+01  1.957E-01 
8.717E+01   1.773E+01  1.937E-01 
8.830E+01   1.783E+01  1.918E-01 
8.945E+01   1.792E+01  1.899E-01 
9.061E+01   1.802E+01  1.879E-01 
9.179E+01   1.812E+01  1.861E-01 
9.298E+01   1.821E+01  1.842E-01 
9.419E+01   1.831E+01  1.823E-01 
9.541E+01   1.841E+01  1.805E-01 
9.665E+01   1.850E+01  1.787E-01 
9.791E+01   1.860E+01  1.769E-01 
9.918E+01   1.870E+01  1.751E-01 
1.005E+02   1.880E+01  1.733E-01 
1.018E+02   1.889E+01  1.715E-01 
1.031E+02   1.899E+01  1.698E-01 
1.044E+02   1.909E+01  1.681E-01 
1.058E+02   1.919E+01  1.664E-01 
1.072E+02   1.928E+01  1.647E-01 
1.086E+02   1.938E+01  1.630E-01 
1.100E+02   1.948E+01  1.614E-01 
1.114E+02   1.958E+01  1.597E-01 
1.129E+02   1.967E+01  1.581E-01 
1.143E+02   1.977E+01  1.565E-01 
1.158E+02   1.987E+01  1.549E-01 
1.173E+02   1.997E+01  1.533E-01 
1.188E+02   2.007E+01  1.517E-01 
1.204E+02   2.016E+01  1.502E-01 
1.219E+02   2.026E+01  1.487E-01 
1.235E+02   2.036E+01  1.471E-01 
1.251E+02   2.046E+01  1.456E-01 
1.268E+02   2.055E+01  1.441E-01 
1.284E+02   2.065E+01  1.427E-01 
1.301E+02   2.075E+01  1.412E-01 
1.318E+02   2.084E+01  1.397E-01 
1.335E+02   2.094E+01  1.383E-01 
1.352E+02   2.104E+01  1.369E-01 
1.370E+02   2.114E+01  1.355E-01 
1.388E+02   2.123E+01  1.341E-01 
1.406E+02   2.133E+01  1.327E-01 
1.424E+02   2.142E+01  1.313E-01 
1.442E+02   2.152E+01  1.300E-01 
1.461E+02   2.161E+01  1.286E-01 
1.480E+02   2.171E+01  1.273E-01 
1.499E+02   2.180E+01  1.260E-01 
1.519E+02   2.190E+01  1.247E-01 
1.539E+02   2.199E+01  1.234E-01 
1.559E+02   2.209E+01  1.221E-01 
1.579E+02   2.218E+01  1.209E-01 
1.599E+02   2.227E+01  1.196E-01 
1.620E+02   2.237E+01  1.184E-01 
1.641E+02   2.246E+01  1.171E-01 
1.662E+02   2.255E+01  1.159E-01 
1.684E+02   2.264E+01  1.147E-01 
1.706E+02   2.274E+01  1.135E-01 
1.728E+02   2.283E+01  1.124E-01 
1.751E+02   2.292E+01  1.112E-01 
1.773E+02   2.301E+01  1.100E-01 
1.796E+02   2.310E+01  1.089E-01 
1.820E+02   2.319E+01  1.078E-01 
1.843E+02   2.327E+01  1.066E-01 
1.867E+02   2.336E+01  1.055E-01 
1.892E+02   2.345E+01  1.044E-01 
1.916E+02   2.354E+01  1.033E-01 
1.941E+02   2.362E+01  1.022E-01 
1.966E+02   2.371E+01  1.012E-01 
1.992E+02   2.379E+01  1.001E-01 
2.018E+02   2.388E+01  9.907E-02 
2.044E+02   2.396E+01  9.803E-02 
2.071E+02   2.404E+01  9.700E-02 
2.097E+02   2.412E+01  9.599E-02 
2.125E+02   2.421E+01  9.498E-02 
2.152E+02   2.429E+01  9.398E-02 
2.180E+02   2.437E+01  9.300E-02 
2.209E+02   2.445E+01  9.202E-02 
2.237E+02   2.452E+01  9.105E-02 
2.266E+02   2.460E+01  9.009E-02 
2.296E+02   2.468E+01  8.915E-02 
2.326E+02   2.475E+01  8.821E-02 
2.356E+02   2.483E+01  8.728E-02 
2.387E+02   2.490E+01  8.636E-02 
2.418E+02   2.498E+01  8.545E-02 
2.449E+02   2.505E+01  8.455E-02 
2.481E+02   2.512E+01  8.365E-02 
2.513E+02   2.519E+01  8.277E-02 
2.546E+02   2.526E+01  8.190E-02 
2.579E+02   2.533E+01  8.103E-02 
2.612E+02   2.539E+01  8.017E-02 
2.646E+02   2.546E+01  7.933E-02 
2.681E+02   2.553E+01  7.849E-02 
2.716E+02   2.559E+01  7.766E-02 
2.751E+02   2.565E+01  7.683E-02 
2.787E+02   2.571E+01  7.602E-02 
2.823E+02   2.577E+01  7.521E-02 
2.859E+02   2.583E+01  7.441E-02 
2.897E+02   2.589E+01  7.362E-02 
2.934E+02   2.595E+01  7.284E-02 
2.972E+02   2.601E+01  7.207E-02 
3.011E+02   2.606E+01  7.130E-02 
3.050E+02   2.611E+01  7.054E-02 
3.090E+02   2.617E+01  6.979E-02 
3.130E+02   2.622E+01  6.905E-02 
3.171E+02   2.627E+01  6.832E-02 
3.212E+02   2.632E+01  6.759E-02 
3.254E+02   2.636E+01  6.687E-02 
3.296E+02   2.641E+01  6.615E-02 
3.339E+02   2.645E+01  6.545E-02 
3.382E+02   2.650E+01  6.475E-02 
3.426E+02   2.654E+01  6.406E-02 
3.471E+02   2.658E+01  6.337E-02 
3.516E+02   2.662E+01  6.270E-02 
3.561E+02   2.665E+01  6.203E-02 
3.608E+02   2.669E+01  6.136E-02 
3.655E+02   2.672E+01  6.071E-02 
3.702E+02   2.676E+01  6.006E-02 
3.750E+02   2.679E+01  5.941E-02 
3.799E+02   2.682E+01  5.878E-02 
3.848E+02   2.685E+01  5.815E-02 
3.898E+02   2.687E+01  5.752E-02 
3.949E+02   2.690E+01  5.691E-02 
4.000E+02   2.692E+01  5.630E-02 
4.052E+02   2.694E+01  5.569E-02 
4.105E+02   2.697E+01  5.509E-02 
4.158E+02   2.698E+01  5.450E-02 
4.212E+02   2.700E+01  5.391E-02 
4.267E+02   2.702E+01  5.333E-02 
4.323E+02   2.703E+01  5.276E-02 
4.379E+02   2.705E+01  5.219E-02 
4.436E+02   2.706E+01  5.163E-02 
4.493E+02   2.707E+01  5.107E-02 
4.552E+02   2.707E+01  5.052E-02 
4.611E+02   2.708E+01  4.998E-02 
4.671E+02   2.708E+01  4.944E-02 
4.731E+02   2.709E+01  4.891E-02 
4.793E+02   2.709E+01  4.838E-02 
4.855E+02   2.709E+01  4.786E-02 
4.918E+02   2.709E+01  4.734E-02 
4.982E+02   2.708E+01  4.683E-02 
5.047E+02   2.708E+01  4.632E-02 
5.113E+02   2.707E+01  4.582E-02 
5.179E+02   2.706E+01  4.533E-02 
5.246E+02   2.705E+01  4.484E-02 
5.315E+02   2.704E+01  4.435E-02 
5.384E+02   2.703E+01  4.387E-02 
5.454E+02   2.701E+01  4.339E-02 
5.524E+02   2.699E+01  4.292E-02 
5.596E+02   2.697E+01  4.246E-02 
5.669E+02   2.695E+01  4.200E-02 
5.743E+02   2.693E+01  4.154E-02 
5.817E+02   2.691E+01  4.109E-02 
5.893E+02   2.688E+01  4.065E-02 
5.969E+02   2.686E+01  4.020E-02 
6.047E+02   2.683E+01  3.977E-02 
6.126E+02   2.680E+01  3.933E-02 
6.205E+02   2.676E+01  3.891E-02 
6.286E+02   2.673E+01  3.848E-02 
6.368E+02   2.669E+01  3.806E-02 
6.450E+02   2.666E+01  3.765E-02 
6.534E+02   2.662E+01  3.724E-02 
6.619E+02   2.658E+01  3.683E-02 
6.705E+02   2.654E+01  3.643E-02 
6.792E+02   2.649E+01  3.604E-02 
6.881E+02   2.645E+01  3.564E-02 
6.970E+02   2.640E+01  3.525E-02 
7.061E+02   2.635E+01  3.487E-02 
7.152E+02   2.630E+01  3.449E-02 
7.245E+02   2.625E+01  3.411E-02 
7.339E+02   2.620E+01  3.374E-02 
7.435E+02   2.614E+01  3.337E-02 
7.531E+02   2.609E+01  3.301E-02 
7.629E+02   2.603E+01  3.265E-02 
7.728E+02   2.597E+01  3.229E-02 
7.829E+02   2.591E+01  3.194E-02 
7.931E+02   2.585E+01  3.159E-02 
8.034E+02   2.579E+01  3.124E-02 
8.138E+02   2.572E+01  3.090E-02 
8.244E+02   2.565E+01  3.056E-02 
8.351E+02   2.559E+01  3.022E-02 
8.460E+02   2.552E+01  2.989E-02 
8.570E+02   2.545E+01  2.957E-02 
8.681E+02   2.538E+01  2.924E-02 
8.794E+02   2.530E+01  2.892E-02 
8.908E+02   2.523E+01  2.860E-02 
9.024E+02   2.515E+01  2.829E-02 
9.141E+02   2.508E+01  2.798E-02 
9.260E+02   2.500E+01  2.767E-02 
9.380E+02   2.492E+01  2.737E-02 
9.502E+02   2.484E+01  2.707E-02 
9.626E+02   2.475E+01  2.677E-02 
9.751E+02   2.467E+01  2.647E-02 
9.877E+02   2.459E+01  2.618E-02 
1.001E+03   2.450E+01  2.589E-02 
1.014E+03   2.441E+01  2.561E-02 
1.027E+03   2.433E+01  2.533E-02 
1.040E+03   2.424E+01  2.505E-02 
1.054E+03   2.415E+01  2.477E-02 
1.067E+03   2.406E+01  2.450E-02 
1.081E+03   2.396E+01  2.423E-02 
1.095E+03   2.387E+01  2.396E-02 
1.109E+03   2.378E+01  2.370E-02 
1.124E+03   2.368E+01  2.344E-02 
1.138E+03   2.359E+01  2.318E-02 
1.153E+03   2.349E+01  2.292E-02 
1.168E+03   2.339E+01  2.267E-02 
1.183E+03   2.329E+01  2.242E-02 
1.199E+03   2.319E+01  2.217E-02 
1.214E+03   2.309E+01  2.192E-02 
1.230E+03   2.299E+01  2.168E-02 
1.246E+03   2.289E+01  2.144E-02 
1.262E+03   2.279E+01  2.120E-02 
1.279E+03   2.268E+01  2.097E-02 
1.295E+03   2.258E+01  2.074E-02 
1.312E+03   2.247E+01  2.051E-02 
1.329E+03   2.237E+01  2.028E-02 
1.347E+03   2.226E+01  2.006E-02 
1.364E+03   2.216E+01  1.983E-02 
1.382E+03   2.205E+01  1.961E-02 
1.400E+03   2.194E+01  1.940E-02 
1.418E+03   2.183E+01  1.918E-02 
1.436E+03   2.172E+01  1.897E-02 
1.455E+03   2.161E+01  1.876E-02 
1.474E+03   2.150E+01  1.855E-02 
1.493E+03   2.139E+01  1.834E-02 
1.513E+03   2.128E+01  1.814E-02 
1.532E+03   2.117E+01  1.794E-02 
1.552E+03   2.105E+01  1.774E-02 
1.572E+03   2.094E+01  1.754E-02 
1.593E+03   2.083E+01  1.735E-02 
1.613E+03   2.071E+01  1.715E-02 
1.634E+03   2.060E+01  1.696E-02 
1.656E+03   2.049E+01  1.677E-02 
1.677E+03   2.037E+01  1.659E-02 
1.699E+03   2.026E+01  1.640E-02 
1.721E+03   2.014E+01  1.622E-02 
1.743E+03   2.003E+01  1.604E-02 
1.766E+03   1.991E+01  1.586E-02 
1.789E+03   1.980E+01  1.568E-02 
1.812E+03   1.968E+01  1.551E-02 
1.836E+03   1.956E+01  1.534E-02 
1.860E+03   1.945E+01  1.516E-02 
1.884E+03   1.933E+01  1.500E-02 
1.908E+03   1.921E+01  1.483E-02 
1.933E+03   1.910E+01  1.466E-02 
1.958E+03   1.898E+01  1.450E-02 
1.984E+03   1.886E+01  1.434E-02 
2.009E+03   1.875E+01  1.418E-02 
2.036E+03   1.863E+01  1.402E-02 
2.062E+03   1.851E+01  1.386E-02 
2.089E+03   1.840E+01  1.371E-02 
2.116E+03   1.828E+01  1.355E-02 
2.143E+03   1.816E+01  1.340E-02 
2.171E+03   1.804E+01  1.325E-02 
2.200E+03   1.793E+01  1.310E-02 
2.228E+03   1.781E+01  1.296E-02 
2.257E+03   1.769E+01  1.281E-02 
2.286E+03   1.758E+01  1.267E-02 
2.316E+03   1.746E+01  1.253E-02 
2.346E+03   1.734E+01  1.239E-02 
2.377E+03   1.723E+01  1.225E-02 
2.408E+03   1.711E+01  1.211E-02 
2.439E+03   1.700E+01  1.197E-02 
2.471E+03   1.688E+01  1.184E-02 
2.503E+03   1.677E+01  1.171E-02 
2.535E+03   1.665E+01  1.158E-02 
2.568E+03   1.653E+01  1.145E-02 
2.602E+03   1.642E+01  1.132E-02 
2.635E+03   1.631E+01  1.119E-02 
2.670E+03   1.619E+01  1.106E-02 
2.704E+03   1.608E+01  1.094E-02 
2.740E+03   1.596E+01  1.082E-02 
2.775E+03   1.585E+01  1.070E-02 
2.811E+03   1.574E+01  1.057E-02 
2.848E+03   1.562E+01  1.046E-02 
2.885E+03   1.551E+01  1.034E-02 
2.922E+03   1.540E+01  1.022E-02 
2.960E+03   1.529E+01  1.011E-02 
2.999E+03   1.517E+01  9.993E-03 
3.038E+03   1.506E+01  9.881E-03 
3.077E+03   1.495E+01  9.770E-03 
3.117E+03   1.484E+01  9.660E-03 
3.158E+03   1.473E+01  9.551E-03 
3.199E+03   1.462E+01  9.443E-03 
3.240E+03   1.451E+01  9.337E-03 
3.282E+03   1.440E+01  9.231E-03 
3.325E+03   1.430E+01  9.127E-03 
3.368E+03   1.419E+01  9.024E-03 
3.412E+03   1.408E+01  8.923E-03 
3.456E+03   1.397E+01  8.822E-03 
3.501E+03   1.387E+01  8.722E-03 
3.547E+03   1.376E+01  8.624E-03 
3.593E+03   1.365E+01  8.527E-03 
3.640E+03   1.355E+01  8.430E-03 
3.687E+03   1.344E+01  8.335E-03 
3.735E+03   1.334E+01  8.241E-03 
3.783E+03   1.324E+01  8.148E-03 
3.832E+03   1.313E+01  8.056E-03 
3.882E+03   1.303E+01  7.965E-03 
3.933E+03   1.293E+01  7.875E-03 
3.984E+03   1.282E+01  7.786E-03 
4.036E+03   1.272E+01  7.698E-03 
4.088E+03   1.262E+01  7.611E-03 
4.141E+03   1.252E+01  7.524E-03 
4.195E+03   1.242E+01  7.439E-03 
4.250E+03   1.232E+01  7.355E-03 
4.305E+03   1.222E+01  7.272E-03 
4.361E+03   1.212E+01  7.189E-03 
4.417E+03   1.203E+01  7.108E-03 
4.475E+03   1.193E+01  7.027E-03 
4.533E+03   1.183E+01  6.948E-03 
4.592E+03   1.174E+01  6.869E-03 
4.652E+03   1.164E+01  6.791E-03 
4.712E+03   1.155E+01  6.714E-03 
4.773E+03   1.145E+01  6.638E-03 
4.835E+03   1.136E+01  6.563E-03 
4.898E+03   1.126E+01  6.488E-03 
4.962E+03   1.117E+01  6.415E-03 
5.026E+03   1.108E+01  6.342E-03 
5.092E+03   1.099E+01  6.270E-03 
5.158E+03   1.089E+01  6.199E-03 
5.225E+03   1.080E+01  6.128E-03 
5.293E+03   1.071E+01  6.059E-03 
5.362E+03   1.062E+01  5.990E-03 
5.431E+03   1.053E+01  5.922E-03 
5.502E+03   1.045E+01  5.855E-03 
5.573E+03   1.036E+01  5.788E-03 
5.646E+03   1.027E+01  5.722E-03 
5.719E+03   1.018E+01  5.657E-03 
5.793E+03   1.010E+01  5.593E-03 
5.869E+03   1.001E+01  5.529E-03 
5.945E+03   9.926E+00  5.466E-03 
6.022E+03   9.841E+00  5.404E-03 
6.101E+03   9.757E+00  5.343E-03 
6.180E+03   9.673E+00  5.282E-03 
6.260E+03   9.590E+00  5.222E-03 
6.341E+03   9.508E+00  5.162E-03 
6.424E+03   9.426E+00  5.103E-03 
6.507E+03   9.345E+00  5.045E-03 
6.592E+03   9.264E+00  4.988E-03 
6.678E+03   9.184E+00  4.931E-03 
6.764E+03   9.104E+00  4.875E-03 
6.852E+03   9.025E+00  4.819E-03 
6.941E+03   8.947E+00  4.764E-03 
7.032E+03   8.869E+00  4.710E-03 
7.123E+03   8.791E+00  4.656E-03 
7.216E+03   8.715E+00  4.603E-03 
7.309E+03   8.638E+00  4.550E-03 
7.404E+03   8.562E+00  4.499E-03 
7.501E+03   8.487E+00  4.447E-03 
7.598E+03   8.413E+00  4.396E-03 
7.697E+03   8.338E+00  4.346E-03 
7.797E+03   8.265E+00  4.297E-03 
7.898E+03   8.192E+00  4.247E-03 
8.001E+03   8.119E+00  4.199E-03 
8.105E+03   8.050E+00  4.151E-03 
8.210E+03   7.979E+00  4.104E-03 
8.317E+03   7.907E+00  4.057E-03 
8.425E+03   7.835E+00  4.010E-03 
8.534E+03   7.761E+00  3.964E-03 
8.645E+03   7.687E+00  3.919E-03 
8.758E+03   7.612E+00  3.874E-03 
8.871E+03   7.535E+00  3.830E-03 
8.987E+03   7.458E+00  3.786E-03 
9.104E+03   7.380E+00  3.743E-03 
9.222E+03   7.300E+00  3.700E-03 
9.342E+03   7.220E+00  3.658E-03 
9.463E+03   7.139E+00  3.616E-03 
9.586E+03   7.056E+00  3.574E-03 
9.711E+03   6.984E+00  3.533E-03 
9.837E+03   6.914E+00  3.493E-03 
9.965E+03   6.845E+00  3.453E-03 
1.009E+04   6.777E+00  3.413E-03 
1.023E+04   6.710E+00  3.374E-03 
1.036E+04   6.643E+00  3.335E-03 
1.049E+04   6.576E+00  3.297E-03 
1.063E+04   6.511E+00  3.259E-03 
1.077E+04   6.445E+00  3.222E-03 
1.091E+04   6.381E+00  3.185E-03 
1.105E+04   6.317E+00  3.148E-03 
1.119E+04   6.254E+00  3.112E-03 
1.134E+04   6.191E+00  3.077E-03 
1.149E+04   6.129E+00  3.041E-03 
1.163E+04   6.068E+00  3.006E-03 
1.179E+04   6.007E+00  2.972E-03 
1.194E+04   5.946E+00  2.938E-03 
1.209E+04   5.887E+00  2.904E-03 
1.225E+04   5.828E+00  2.871E-03 
1.241E+04   5.769E+00  2.838E-03 
1.257E+04   5.711E+00  2.805E-03 
1.274E+04   5.653E+00  2.773E-03 
1.290E+04   5.596E+00  2.741E-03 
1.307E+04   5.540E+00  2.709E-03 
1.324E+04   5.484E+00  2.678E-03 
1.341E+04   5.429E+00  2.647E-03 
1.358E+04   5.374E+00  2.617E-03 
1.376E+04   5.320E+00  2.587E-03 
1.394E+04   5.266E+00  2.557E-03 
1.412E+04   5.213E+00  2.528E-03 
1.431E+04   5.160E+00  2.499E-03 
1.449E+04   5.108E+00  2.470E-03 
1.468E+04   5.056E+00  2.441E-03 
1.487E+04   5.005E+00  2.413E-03 
1.506E+04   4.954E+00  2.386E-03 
1.526E+04   4.904E+00  2.358E-03 
1.546E+04   4.854E+00  2.331E-03 
1.566E+04   4.805E+00  2.304E-03 
1.586E+04   4.756E+00  2.277E-03 
1.607E+04   4.707E+00  2.251E-03 
1.628E+04   4.660E+00  2.225E-03 
1.649E+04   4.612E+00  2.200E-03 
1.670E+04   4.565E+00  2.174E-03 
1.692E+04   4.519E+00  2.149E-03 
1.714E+04   4.473E+00  2.124E-03 
1.736E+04   4.427E+00  2.100E-03 
1.759E+04   4.382E+00  2.076E-03 
1.782E+04   4.337E+00  2.052E-03 
1.805E+04   4.293E+00  2.028E-03 
1.828E+04   4.249E+00  2.005E-03 
1.852E+04   4.206E+00  1.981E-03 
1.876E+04   4.163E+00  1.959E-03 
1.900E+04   4.120E+00  1.936E-03 
1.925E+04   4.078E+00  1.914E-03 
1.950E+04   4.036E+00  1.892E-03 
1.976E+04   3.995E+00  1.870E-03 
2.001E+04   3.954E+00  1.848E-03 
2.027E+04   3.913E+00  1.827E-03 
2.054E+04   3.873E+00  1.806E-03 
2.080E+04   3.833E+00  1.785E-03 
2.107E+04   3.794E+00  1.764E-03 
2.135E+04   3.755E+00  1.744E-03 
2.162E+04   3.716E+00  1.724E-03 
2.191E+04   3.678E+00  1.704E-03 
2.219E+04   3.640E+00  1.684E-03 
2.248E+04   3.603E+00  1.664E-03 
2.277E+04   3.566E+00  1.645E-03 
2.307E+04   3.529E+00  1.626E-03 
2.337E+04   3.493E+00  1.607E-03 
2.367E+04   3.457E+00  1.589E-03 
2.398E+04   3.421E+00  1.570E-03 
2.429E+04   3.386E+00  1.552E-03 
2.461E+04   3.351E+00  1.534E-03 
2.492E+04   3.316E+00  1.516E-03 
2.525E+04   3.282E+00  1.499E-03 
2.558E+04   3.248E+00  1.481E-03 
2.591E+04   3.214E+00  1.464E-03 
2.625E+04   3.181E+00  1.447E-03 
2.659E+04   3.148E+00  1.431E-03 
2.693E+04   3.115E+00  1.414E-03 
2.728E+04   3.083E+00  1.398E-03 
2.764E+04   3.051E+00  1.381E-03 
2.800E+04   3.020E+00  1.365E-03 
2.836E+04   2.988E+00  1.350E-03 
2.873E+04   2.957E+00  1.334E-03 
2.910E+04   2.927E+00  1.318E-03 
2.948E+04   2.896E+00  1.303E-03 
2.986E+04   2.866E+00  1.288E-03 
3.025E+04   2.836E+00  1.273E-03 
3.065E+04   2.807E+00  1.258E-03 
3.104E+04   2.778E+00  1.244E-03 
3.145E+04   2.749E+00  1.229E-03 
3.186E+04   2.720E+00  1.215E-03 
3.227E+04   2.692E+00  1.201E-03 
3.269E+04   2.664E+00  1.187E-03 
3.311E+04   2.636E+00  1.173E-03 
3.354E+04   2.609E+00  1.159E-03 
3.398E+04   2.582E+00  1.146E-03 
3.442E+04   2.555E+00  1.133E-03 
3.487E+04   2.528E+00  1.120E-03 
3.532E+04   2.502E+00  1.107E-03 
3.578E+04   2.476E+00  1.094E-03 
3.625E+04   2.450E+00  1.081E-03 
3.672E+04   2.424E+00  1.068E-03 
3.719E+04   2.399E+00  1.056E-03 
3.768E+04   2.374E+00  1.044E-03 
3.817E+04   2.349E+00  1.032E-03 
3.866E+04   2.324E+00  1.020E-03 
3.917E+04   2.300E+00  1.008E-03 
3.968E+04   2.276E+00  9.959E-04 
4.019E+04   2.252E+00  9.844E-04 
4.071E+04   2.229E+00  9.729E-04 
4.124E+04   2.205E+00  9.616E-04 
4.178E+04   2.182E+00  9.504E-04 
4.232E+04   2.159E+00  9.393E-04 
4.287E+04   2.137E+00  9.284E-04 
4.343E+04   2.114E+00  9.176E-04 
4.399E+04   2.092E+00  9.069E-04 
4.456E+04   2.070E+00  8.963E-04 
4.514E+04   2.049E+00  8.859E-04 
4.573E+04   2.027E+00  8.756E-04 
4.632E+04   2.006E+00  8.654E-04 
4.693E+04   1.985E+00  8.553E-04 
4.754E+04   1.964E+00  8.453E-04 
4.815E+04   1.943E+00  8.354E-04 
4.878E+04   1.923E+00  8.257E-04 
4.941E+04   1.903E+00  8.161E-04 
5.006E+04   1.883E+00  8.066E-04 
5.071E+04   1.863E+00  7.972E-04 
5.137E+04   1.843E+00  7.879E-04 
5.203E+04   1.824E+00  7.787E-04 
5.271E+04   1.805E+00  7.696E-04 
5.340E+04   1.786E+00  7.606E-04 
5.409E+04   1.767E+00  7.517E-04 
5.479E+04   1.749E+00  7.430E-04 
5.550E+04   1.730E+00  7.343E-04 
5.623E+04   1.712E+00  7.257E-04 
5.696E+04   1.694E+00  7.172E-04 
5.770E+04   1.676E+00  7.089E-04 
5.845E+04   1.659E+00  7.006E-04 
5.921E+04   1.641E+00  6.924E-04 
5.998E+04   1.624E+00  6.843E-04 
6.075E+04   1.607E+00  6.763E-04 
6.154E+04   1.590E+00  6.684E-04 
6.234E+04   1.573E+00  6.606E-04 
6.315E+04   1.557E+00  6.529E-04 
6.398E+04   1.540E+00  6.453E-04 
6.481E+04   1.524E+00  6.377E-04 
6.565E+04   1.508E+00  6.303E-04 
6.650E+04   1.492E+00  6.229E-04 
6.737E+04   1.476E+00  6.156E-04 
6.824E+04   1.461E+00  6.084E-04 
6.913E+04   1.445E+00  6.013E-04 
7.003E+04   1.430E+00  5.943E-04 
7.094E+04   1.415E+00  5.873E-04 
7.186E+04   1.400E+00  5.804E-04 
7.279E+04   1.386E+00  5.737E-04 
7.374E+04   1.371E+00  5.669E-04 
7.470E+04   1.357E+00  5.603E-04 
7.567E+04   1.342E+00  5.537E-04 
7.665E+04   1.328E+00  5.473E-04 
7.765E+04   1.314E+00  5.409E-04 
7.866E+04   1.300E+00  5.345E-04 
7.968E+04   1.287E+00  5.283E-04 
8.072E+04   1.273E+00  5.221E-04 
8.176E+04   1.260E+00  5.160E-04 
8.283E+04   1.246E+00  5.099E-04 
8.390E+04   1.233E+00  5.040E-04 
8.499E+04   1.220E+00  4.980E-04 
8.610E+04   1.207E+00  4.922E-04 
8.722E+04   1.195E+00  4.864E-04 
8.835E+04   1.182E+00  4.807E-04 
8.950E+04   1.170E+00  4.751E-04 
9.066E+04   1.157E+00  4.695E-04 
9.184E+04   1.145E+00  4.640E-04 
9.303E+04   1.133E+00  4.586E-04 
9.424E+04   1.121E+00  4.532E-04 
9.547E+04   1.109E+00  4.479E-04 
9.671E+04   1.098E+00  4.427E-04 
9.797E+04   1.086E+00  4.375E-04 
9.924E+04   1.075E+00  4.323E-04 
1.005E+05   1.064E+00  4.273E-04 
1.018E+05   1.052E+00  4.222E-04 
1.032E+05   1.041E+00  4.173E-04 
1.045E+05   1.030E+00  4.124E-04 
1.059E+05   1.020E+00  4.076E-04 
1.072E+05   1.009E+00  4.028E-04 
1.086E+05   9.982E-01  3.980E-04 
1.100E+05   9.878E-01  3.934E-04 
1.115E+05   9.774E-01  3.887E-04 
1.129E+05   9.671E-01  3.842E-04 
1.144E+05   9.570E-01  3.797E-04 
1.159E+05   9.470E-01  3.752E-04 
1.174E+05   9.370E-01  3.708E-04 
1.189E+05   9.272E-01  3.665E-04 
1.204E+05   9.175E-01  3.621E-04 
1.220E+05   9.079E-01  3.579E-04 
1.236E+05   8.984E-01  3.537E-04 
1.252E+05   8.890E-01  3.495E-04 
1.268E+05   8.797E-01  3.454E-04 
1.285E+05   8.705E-01  3.414E-04 
1.302E+05   8.614E-01  3.373E-04 
1.318E+05   8.524E-01  3.334E-04 
1.336E+05   8.435E-01  3.295E-04 
1.353E+05   8.347E-01  3.256E-04 
1.371E+05   8.259E-01  3.218E-04 
1.388E+05   8.173E-01  3.180E-04 
1.406E+05   8.088E-01  3.142E-04 
1.425E+05   8.004E-01  3.105E-04 
1.443E+05   7.920E-01  3.069E-04 
1.462E+05   7.838E-01  3.033E-04 
1.481E+05   7.756E-01  2.997E-04 
1.500E+05   7.675E-01  2.962E-04 
1.520E+05   7.595E-01  2.927E-04 
1.539E+05   7.516E-01  2.892E-04 
1.559E+05   7.438E-01  2.858E-04 
1.580E+05   7.361E-01  2.825E-04 
1.600E+05   7.285E-01  2.792E-04 
1.621E+05   7.209E-01  2.759E-04 
1.642E+05   7.134E-01  2.726E-04 
1.663E+05   7.060E-01  2.694E-04 
1.685E+05   6.987E-01  2.662E-04 
1.707E+05   6.915E-01  2.631E-04 
1.729E+05   6.843E-01  2.600E-04 
1.752E+05   6.772E-01  2.569E-04 
1.774E+05   6.702E-01  2.539E-04 
1.797E+05   6.633E-01  2.509E-04 
1.821E+05   6.565E-01  2.480E-04 
1.844E+05   6.497E-01  2.450E-04 
1.868E+05   6.430E-01  2.421E-04 
1.893E+05   6.364E-01  2.393E-04 
1.917E+05   6.298E-01  2.365E-04 
1.942E+05   6.233E-01  2.337E-04 
1.967E+05   6.169E-01  2.309E-04 
1.993E+05   6.106E-01  2.282E-04 
2.019E+05   6.043E-01  2.255E-04 
2.045E+05   5.981E-01  2.229E-04 
2.072E+05   5.920E-01  2.202E-04 
2.099E+05   5.859E-01  2.176E-04 
2.126E+05   5.799E-01  2.151E-04 
2.154E+05   5.740E-01  2.125E-04 
2.182E+05   5.681E-01  2.100E-04 
2.210E+05   5.623E-01  2.075E-04 
2.239E+05   5.566E-01  2.051E-04 
2.268E+05   5.509E-01  2.027E-04 
2.297E+05   5.453E-01  2.003E-04 
2.327E+05   5.398E-01  1.979E-04 
2.357E+05   5.343E-01  1.956E-04 
2.388E+05   5.289E-01  1.933E-04 
2.419E+05   5.235E-01  1.910E-04 
2.450E+05   5.182E-01  1.887E-04 
2.482E+05   5.130E-01  1.865E-04 
2.515E+05   5.078E-01  1.843E-04 
2.547E+05   5.026E-01  1.821E-04 
2.580E+05   4.976E-01  1.800E-04 
2.614E+05   4.925E-01  1.778E-04 
2.648E+05   4.876E-01  1.757E-04 
2.682E+05   4.827E-01  1.737E-04 
2.717E+05   4.778E-01  1.716E-04 
2.752E+05   4.730E-01  1.696E-04 
2.788E+05   4.683E-01  1.676E-04 
2.824E+05   4.636E-01  1.656E-04 
2.861E+05   4.590E-01  1.636E-04 
2.898E+05   4.544E-01  1.617E-04 
2.936E+05   4.499E-01  1.598E-04 
2.974E+05   4.454E-01  1.579E-04 
3.013E+05   4.409E-01  1.560E-04 
3.052E+05   4.366E-01  1.542E-04 
3.092E+05   4.322E-01  1.524E-04 
3.132E+05   4.279E-01  1.506E-04 
3.172E+05   4.237E-01  1.488E-04 
3.214E+05   4.195E-01  1.470E-04 
3.255E+05   4.154E-01  1.453E-04 
3.298E+05   4.113E-01  1.436E-04 
3.341E+05   4.072E-01  1.419E-04 
3.384E+05   4.032E-01  1.402E-04 
3.428E+05   3.993E-01  1.385E-04 
3.473E+05   3.954E-01  1.369E-04 
3.518E+05   3.915E-01  1.353E-04 
3.563E+05   3.877E-01  1.337E-04 
3.610E+05   3.839E-01  1.321E-04 
3.657E+05   3.801E-01  1.305E-04 
3.704E+05   3.765E-01  1.290E-04 
3.752E+05   3.728E-01  1.274E-04 
3.801E+05   3.692E-01  1.259E-04 
3.851E+05   3.656E-01  1.244E-04 
3.901E+05   3.621E-01  1.230E-04 
3.951E+05   3.586E-01  1.215E-04 
4.003E+05   3.551E-01  1.201E-04 
