Ion = Hydrogen    . Mass = 1.0079
Tgt = Cl (Solid). Density = 1.8956 g/cm3
Stopping Units =  eV/(1E15 atoms/cm2)
Energy(keV)  S(Elec)    S(Nuc)
1.000E+00   4.870E+00  4.818E-01 
1.012E+00   4.898E+00  4.810E-01 
1.023E+00   4.927E+00  4.802E-01 
1.035E+00   4.955E+00  4.794E-01 
1.047E+00   4.984E+00  4.786E-01 
1.059E+00   5.013E+00  4.777E-01 
1.072E+00   5.042E+00  4.768E-01 
1.084E+00   5.071E+00  4.760E-01 
1.097E+00   5.100E+00  4.751E-01 
1.109E+00   5.130E+00  4.742E-01 
1.122E+00   5.159E+00  4.733E-01 
1.135E+00   5.189E+00  4.724E-01 
1.148E+00   5.219E+00  4.715E-01 
1.162E+00   5.249E+00  4.705E-01 
1.175E+00   5.280E+00  4.696E-01 
1.189E+00   5.310E+00  4.687E-01 
1.203E+00   5.341E+00  4.677E-01 
1.217E+00   5.372E+00  4.667E-01 
1.231E+00   5.403E+00  4.657E-01 
1.245E+00   5.434E+00  4.648E-01 
1.259E+00   5.465E+00  4.638E-01 
1.274E+00   5.497E+00  4.628E-01 
1.289E+00   5.529E+00  4.617E-01 
1.304E+00   5.561E+00  4.607E-01 
1.319E+00   5.593E+00  4.597E-01 
1.334E+00   5.625E+00  4.586E-01 
1.350E+00   5.658E+00  4.576E-01 
1.365E+00   5.691E+00  4.565E-01 
1.381E+00   5.724E+00  4.554E-01 
1.397E+00   5.757E+00  4.544E-01 
1.413E+00   5.790E+00  4.533E-01 
1.430E+00   5.823E+00  4.522E-01 
1.446E+00   5.857E+00  4.511E-01 
1.463E+00   5.891E+00  4.499E-01 
1.480E+00   5.925E+00  4.488E-01 
1.497E+00   5.959E+00  4.477E-01 
1.515E+00   5.994E+00  4.465E-01 
1.532E+00   6.028E+00  4.454E-01 
1.550E+00   6.063E+00  4.442E-01 
1.568E+00   6.098E+00  4.431E-01 
1.586E+00   6.134E+00  4.419E-01 
1.605E+00   6.169E+00  4.407E-01 
1.623E+00   6.205E+00  4.395E-01 
1.642E+00   6.241E+00  4.383E-01 
1.661E+00   6.277E+00  4.371E-01 
1.680E+00   6.313E+00  4.359E-01 
1.700E+00   6.349E+00  4.347E-01 
1.719E+00   6.386E+00  4.334E-01 
1.739E+00   6.423E+00  4.322E-01 
1.760E+00   6.460E+00  4.309E-01 
1.780E+00   6.498E+00  4.297E-01 
1.801E+00   6.535E+00  4.284E-01 
1.822E+00   6.573E+00  4.271E-01 
1.843E+00   6.611E+00  4.259E-01 
1.864E+00   6.649E+00  4.246E-01 
1.886E+00   6.688E+00  4.233E-01 
1.908E+00   6.726E+00  4.220E-01 
1.930E+00   6.765E+00  4.207E-01 
1.952E+00   6.804E+00  4.194E-01 
1.975E+00   6.844E+00  4.181E-01 
1.998E+00   6.883E+00  4.167E-01 
2.021E+00   6.922E+00  4.154E-01 
2.044E+00   6.959E+00  4.141E-01 
2.068E+00   6.996E+00  4.127E-01 
2.092E+00   7.033E+00  4.114E-01 
2.116E+00   7.070E+00  4.100E-01 
2.141E+00   7.107E+00  4.086E-01 
2.166E+00   7.145E+00  4.073E-01 
2.191E+00   7.182E+00  4.059E-01 
2.216E+00   7.220E+00  4.045E-01 
2.242E+00   7.259E+00  4.031E-01 
2.268E+00   7.297E+00  4.017E-01 
2.294E+00   7.336E+00  4.003E-01 
2.321E+00   7.375E+00  3.989E-01 
2.348E+00   7.414E+00  3.975E-01 
2.375E+00   7.453E+00  3.961E-01 
2.402E+00   7.493E+00  3.947E-01 
2.430E+00   7.533E+00  3.933E-01 
2.458E+00   7.573E+00  3.919E-01 
2.487E+00   7.613E+00  3.904E-01 
2.516E+00   7.653E+00  3.890E-01 
2.545E+00   7.694E+00  3.875E-01 
2.574E+00   7.735E+00  3.861E-01 
2.604E+00   7.776E+00  3.846E-01 
2.635E+00   7.818E+00  3.832E-01 
2.665E+00   7.859E+00  3.817E-01 
2.696E+00   7.901E+00  3.803E-01 
2.727E+00   7.943E+00  3.788E-01 
2.759E+00   7.986E+00  3.773E-01 
2.791E+00   8.028E+00  3.758E-01 
2.823E+00   8.071E+00  3.744E-01 
2.856E+00   8.114E+00  3.729E-01 
2.889E+00   8.158E+00  3.714E-01 
2.923E+00   8.201E+00  3.699E-01 
2.957E+00   8.245E+00  3.684E-01 
2.991E+00   8.289E+00  3.669E-01 
3.026E+00   8.334E+00  3.654E-01 
3.061E+00   8.378E+00  3.639E-01 
3.096E+00   8.423E+00  3.624E-01 
3.132E+00   8.468E+00  3.609E-01 
3.168E+00   8.514E+00  3.594E-01 
3.205E+00   8.559E+00  3.579E-01 
3.242E+00   8.605E+00  3.564E-01 
3.280E+00   8.652E+00  3.549E-01 
3.318E+00   8.698E+00  3.533E-01 
3.356E+00   8.745E+00  3.518E-01 
3.395E+00   8.792E+00  3.503E-01 
3.435E+00   8.839E+00  3.488E-01 
3.475E+00   8.886E+00  3.472E-01 
3.515E+00   8.934E+00  3.457E-01 
3.556E+00   8.982E+00  3.442E-01 
3.597E+00   9.031E+00  3.426E-01 
3.639E+00   9.079E+00  3.411E-01 
3.681E+00   9.128E+00  3.396E-01 
3.724E+00   9.177E+00  3.380E-01 
3.767E+00   9.227E+00  3.365E-01 
3.810E+00   9.276E+00  3.349E-01 
3.855E+00   9.326E+00  3.334E-01 
3.899E+00   9.377E+00  3.319E-01 
3.945E+00   9.427E+00  3.303E-01 
3.990E+00   9.478E+00  3.288E-01 
4.037E+00   9.529E+00  3.272E-01 
4.083E+00   9.581E+00  3.257E-01 
4.131E+00   9.632E+00  3.241E-01 
4.179E+00   9.684E+00  3.226E-01 
4.227E+00   9.737E+00  3.211E-01 
4.276E+00   9.789E+00  3.195E-01 
4.326E+00   9.842E+00  3.180E-01 
4.376E+00   9.895E+00  3.164E-01 
4.427E+00   9.949E+00  3.149E-01 
4.478E+00   1.000E+01  3.133E-01 
4.530E+00   1.006E+01  3.118E-01 
4.583E+00   1.011E+01  3.102E-01 
4.636E+00   1.017E+01  3.087E-01 
4.690E+00   1.022E+01  3.072E-01 
4.744E+00   1.028E+01  3.056E-01 
4.799E+00   1.033E+01  3.041E-01 
4.855E+00   1.039E+01  3.025E-01 
4.911E+00   1.044E+01  3.010E-01 
4.968E+00   1.050E+01  2.995E-01 
5.026E+00   1.056E+01  2.979E-01 
5.084E+00   1.061E+01  2.964E-01 
5.143E+00   1.067E+01  2.948E-01 
5.202E+00   1.073E+01  2.933E-01 
5.263E+00   1.079E+01  2.918E-01 
5.324E+00   1.085E+01  2.902E-01 
5.386E+00   1.091E+01  2.887E-01 
5.448E+00   1.096E+01  2.872E-01 
5.511E+00   1.102E+01  2.857E-01 
5.575E+00   1.108E+01  2.841E-01 
5.640E+00   1.114E+01  2.826E-01 
5.705E+00   1.120E+01  2.811E-01 
5.771E+00   1.126E+01  2.796E-01 
5.838E+00   1.133E+01  2.781E-01 
5.906E+00   1.139E+01  2.765E-01 
5.975E+00   1.145E+01  2.750E-01 
6.044E+00   1.151E+01  2.735E-01 
6.114E+00   1.157E+01  2.720E-01 
6.185E+00   1.164E+01  2.705E-01 
6.257E+00   1.170E+01  2.690E-01 
6.329E+00   1.176E+01  2.675E-01 
6.403E+00   1.183E+01  2.660E-01 
6.477E+00   1.189E+01  2.645E-01 
6.552E+00   1.195E+01  2.630E-01 
6.628E+00   1.202E+01  2.615E-01 
6.705E+00   1.208E+01  2.601E-01 
6.783E+00   1.215E+01  2.586E-01 
6.861E+00   1.222E+01  2.571E-01 
6.941E+00   1.228E+01  2.556E-01 
7.021E+00   1.235E+01  2.542E-01 
7.103E+00   1.242E+01  2.527E-01 
7.185E+00   1.248E+01  2.512E-01 
7.269E+00   1.255E+01  2.498E-01 
7.353E+00   1.262E+01  2.483E-01 
7.438E+00   1.269E+01  2.468E-01 
7.524E+00   1.276E+01  2.454E-01 
7.612E+00   1.282E+01  2.439E-01 
7.700E+00   1.289E+01  2.425E-01 
7.789E+00   1.296E+01  2.411E-01 
7.880E+00   1.303E+01  2.396E-01 
7.971E+00   1.310E+01  2.382E-01 
8.064E+00   1.318E+01  2.368E-01 
8.157E+00   1.325E+01  2.353E-01 
8.252E+00   1.332E+01  2.339E-01 
8.347E+00   1.339E+01  2.325E-01 
8.444E+00   1.346E+01  2.311E-01 
8.542E+00   1.354E+01  2.297E-01 
8.641E+00   1.361E+01  2.283E-01 
8.741E+00   1.368E+01  2.269E-01 
8.843E+00   1.376E+01  2.255E-01 
8.945E+00   1.383E+01  2.241E-01 
9.049E+00   1.390E+01  2.227E-01 
9.154E+00   1.398E+01  2.213E-01 
9.260E+00   1.406E+01  2.199E-01 
9.368E+00   1.413E+01  2.185E-01 
9.476E+00   1.421E+01  2.172E-01 
9.586E+00   1.428E+01  2.158E-01 
9.698E+00   1.436E+01  2.145E-01 
9.810E+00   1.444E+01  2.131E-01 
9.924E+00   1.451E+01  2.117E-01 
1.004E+01   1.459E+01  2.104E-01 
1.016E+01   1.467E+01  2.091E-01 
1.027E+01   1.475E+01  2.077E-01 
1.039E+01   1.483E+01  2.064E-01 
1.051E+01   1.491E+01  2.051E-01 
1.063E+01   1.499E+01  2.037E-01 
1.076E+01   1.507E+01  2.024E-01 
1.088E+01   1.515E+01  2.011E-01 
1.101E+01   1.523E+01  1.998E-01 
1.114E+01   1.531E+01  1.985E-01 
1.127E+01   1.539E+01  1.972E-01 
1.140E+01   1.548E+01  1.959E-01 
1.153E+01   1.556E+01  1.946E-01 
1.166E+01   1.564E+01  1.933E-01 
1.180E+01   1.572E+01  1.921E-01 
1.193E+01   1.581E+01  1.908E-01 
1.207E+01   1.589E+01  1.895E-01 
1.221E+01   1.598E+01  1.883E-01 
1.235E+01   1.606E+01  1.870E-01 
1.250E+01   1.615E+01  1.857E-01 
1.264E+01   1.623E+01  1.845E-01 
1.279E+01   1.632E+01  1.833E-01 
1.294E+01   1.640E+01  1.820E-01 
1.309E+01   1.649E+01  1.808E-01 
1.324E+01   1.658E+01  1.796E-01 
1.339E+01   1.667E+01  1.784E-01 
1.355E+01   1.675E+01  1.771E-01 
1.371E+01   1.684E+01  1.759E-01 
1.387E+01   1.693E+01  1.747E-01 
1.403E+01   1.702E+01  1.735E-01 
1.419E+01   1.711E+01  1.723E-01 
1.435E+01   1.720E+01  1.711E-01 
1.452E+01   1.729E+01  1.700E-01 
1.469E+01   1.738E+01  1.688E-01 
1.486E+01   1.747E+01  1.676E-01 
1.503E+01   1.756E+01  1.665E-01 
1.521E+01   1.765E+01  1.653E-01 
1.538E+01   1.774E+01  1.641E-01 
1.556E+01   1.783E+01  1.630E-01 
1.574E+01   1.793E+01  1.619E-01 
1.592E+01   1.802E+01  1.607E-01 
1.611E+01   1.811E+01  1.596E-01 
1.629E+01   1.821E+01  1.585E-01 
1.648E+01   1.830E+01  1.573E-01 
1.667E+01   1.839E+01  1.562E-01 
1.687E+01   1.849E+01  1.551E-01 
1.706E+01   1.858E+01  1.540E-01 
1.726E+01   1.868E+01  1.529E-01 
1.746E+01   1.877E+01  1.518E-01 
1.766E+01   1.887E+01  1.507E-01 
1.787E+01   1.897E+01  1.496E-01 
1.808E+01   1.906E+01  1.486E-01 
1.829E+01   1.916E+01  1.475E-01 
1.850E+01   1.926E+01  1.464E-01 
1.871E+01   1.935E+01  1.454E-01 
1.893E+01   1.945E+01  1.443E-01 
1.915E+01   1.955E+01  1.433E-01 
1.937E+01   1.965E+01  1.422E-01 
1.960E+01   1.974E+01  1.412E-01 
1.982E+01   1.984E+01  1.402E-01 
2.005E+01   1.994E+01  1.391E-01 
2.029E+01   2.004E+01  1.381E-01 
2.052E+01   2.014E+01  1.371E-01 
2.076E+01   2.024E+01  1.361E-01 
2.100E+01   2.034E+01  1.351E-01 
2.124E+01   2.044E+01  1.341E-01 
2.149E+01   2.054E+01  1.331E-01 
2.174E+01   2.064E+01  1.321E-01 
2.199E+01   2.074E+01  1.311E-01 
2.225E+01   2.084E+01  1.302E-01 
2.250E+01   2.094E+01  1.292E-01 
2.277E+01   2.104E+01  1.282E-01 
2.303E+01   2.114E+01  1.273E-01 
2.330E+01   2.124E+01  1.263E-01 
2.357E+01   2.135E+01  1.254E-01 
2.384E+01   2.145E+01  1.244E-01 
2.412E+01   2.155E+01  1.235E-01 
2.440E+01   2.165E+01  1.225E-01 
2.468E+01   2.175E+01  1.216E-01 
2.497E+01   2.186E+01  1.207E-01 
2.526E+01   2.196E+01  1.198E-01 
2.555E+01   2.206E+01  1.189E-01 
2.584E+01   2.216E+01  1.180E-01 
2.614E+01   2.226E+01  1.171E-01 
2.645E+01   2.237E+01  1.162E-01 
2.675E+01   2.247E+01  1.153E-01 
2.707E+01   2.257E+01  1.144E-01 
2.738E+01   2.267E+01  1.135E-01 
2.770E+01   2.278E+01  1.127E-01 
2.802E+01   2.288E+01  1.118E-01 
2.834E+01   2.298E+01  1.109E-01 
2.867E+01   2.308E+01  1.101E-01 
2.900E+01   2.319E+01  1.092E-01 
2.934E+01   2.329E+01  1.084E-01 
2.968E+01   2.339E+01  1.075E-01 
3.003E+01   2.349E+01  1.067E-01 
3.037E+01   2.359E+01  1.059E-01 
3.073E+01   2.369E+01  1.050E-01 
3.108E+01   2.380E+01  1.042E-01 
3.144E+01   2.390E+01  1.034E-01 
3.181E+01   2.400E+01  1.026E-01 
3.218E+01   2.410E+01  1.018E-01 
3.255E+01   2.420E+01  1.010E-01 
3.293E+01   2.430E+01  1.002E-01 
3.331E+01   2.440E+01  9.942E-02 
3.370E+01   2.450E+01  9.864E-02 
3.409E+01   2.460E+01  9.786E-02 
3.448E+01   2.470E+01  9.709E-02 
3.488E+01   2.480E+01  9.632E-02 
3.529E+01   2.489E+01  9.555E-02 
3.570E+01   2.499E+01  9.480E-02 
3.611E+01   2.509E+01  9.404E-02 
3.653E+01   2.519E+01  9.329E-02 
3.695E+01   2.528E+01  9.255E-02 
3.738E+01   2.538E+01  9.181E-02 
3.781E+01   2.547E+01  9.108E-02 
3.825E+01   2.557E+01  9.035E-02 
3.870E+01   2.566E+01  8.963E-02 
3.915E+01   2.576E+01  8.891E-02 
3.960E+01   2.585E+01  8.819E-02 
4.006E+01   2.594E+01  8.748E-02 
4.052E+01   2.603E+01  8.678E-02 
4.099E+01   2.613E+01  8.608E-02 
4.147E+01   2.622E+01  8.539E-02 
4.195E+01   2.631E+01  8.470E-02 
4.244E+01   2.639E+01  8.401E-02 
4.293E+01   2.648E+01  8.333E-02 
4.343E+01   2.657E+01  8.265E-02 
4.393E+01   2.666E+01  8.198E-02 
4.444E+01   2.674E+01  8.131E-02 
4.496E+01   2.683E+01  8.065E-02 
4.548E+01   2.691E+01  7.999E-02 
4.600E+01   2.699E+01  7.934E-02 
4.654E+01   2.707E+01  7.869E-02 
4.708E+01   2.715E+01  7.721E-02 
4.762E+01   2.723E+01  7.659E-02 
4.818E+01   2.731E+01  7.596E-02 
4.873E+01   2.739E+01  7.535E-02 
4.930E+01   2.746E+01  7.473E-02 
4.987E+01   2.754E+01  7.412E-02 
5.045E+01   2.761E+01  7.352E-02 
5.104E+01   2.768E+01  7.291E-02 
5.163E+01   2.775E+01  7.232E-02 
5.223E+01   2.782E+01  7.172E-02 
5.283E+01   2.789E+01  7.114E-02 
5.344E+01   2.796E+01  7.055E-02 
5.406E+01   2.802E+01  6.997E-02 
5.469E+01   2.809E+01  6.939E-02 
5.533E+01   2.815E+01  6.882E-02 
5.597E+01   2.821E+01  6.825E-02 
5.662E+01   2.827E+01  6.769E-02 
5.727E+01   2.833E+01  6.712E-02 
5.794E+01   2.838E+01  6.657E-02 
5.861E+01   2.844E+01  6.601E-02 
5.929E+01   2.849E+01  6.547E-02 
5.998E+01   2.854E+01  6.492E-02 
6.067E+01   2.859E+01  6.438E-02 
6.138E+01   2.864E+01  6.384E-02 
6.209E+01   2.868E+01  6.331E-02 
6.281E+01   2.873E+01  6.278E-02 
6.354E+01   2.877E+01  6.225E-02 
6.427E+01   2.881E+01  6.173E-02 
6.502E+01   2.885E+01  6.121E-02 
6.577E+01   2.888E+01  6.070E-02 
6.654E+01   2.891E+01  6.019E-02 
6.731E+01   2.895E+01  5.968E-02 
6.809E+01   2.898E+01  5.918E-02 
6.888E+01   2.900E+01  5.868E-02 
6.968E+01   2.903E+01  5.818E-02 
7.049E+01   2.905E+01  5.769E-02 
7.130E+01   2.907E+01  5.720E-02 
7.213E+01   2.909E+01  5.672E-02 
7.297E+01   2.911E+01  5.623E-02 
7.381E+01   2.912E+01  5.576E-02 
7.467E+01   2.913E+01  5.528E-02 
7.554E+01   2.914E+01  5.481E-02 
7.641E+01   2.915E+01  5.434E-02 
7.730E+01   2.915E+01  5.388E-02 
7.820E+01   2.916E+01  5.342E-02 
7.910E+01   2.916E+01  5.296E-02 
8.002E+01   2.915E+01  5.251E-02 
8.095E+01   2.915E+01  5.206E-02 
8.189E+01   2.914E+01  5.161E-02 
8.284E+01   2.913E+01  5.117E-02 
8.380E+01   2.912E+01  5.073E-02 
8.477E+01   2.910E+01  5.029E-02 
8.575E+01   2.909E+01  4.986E-02 
8.675E+01   2.907E+01  4.943E-02 
8.775E+01   2.905E+01  4.901E-02 
8.877E+01   2.902E+01  4.858E-02 
8.980E+01   2.899E+01  4.816E-02 
9.084E+01   2.896E+01  4.775E-02 
9.190E+01   2.893E+01  4.733E-02 
9.296E+01   2.889E+01  4.692E-02 
9.404E+01   2.886E+01  4.652E-02 
9.513E+01   2.882E+01  4.611E-02 
9.624E+01   2.877E+01  4.571E-02 
9.735E+01   2.873E+01  4.531E-02 
9.848E+01   2.868E+01  4.492E-02 
9.962E+01   2.863E+01  4.453E-02 
1.008E+02   2.858E+01  4.414E-02 
1.019E+02   2.852E+01  4.375E-02 
1.031E+02   2.846E+01  4.337E-02 
1.043E+02   2.840E+01  4.299E-02 
1.055E+02   2.834E+01  4.262E-02 
1.068E+02   2.827E+01  4.224E-02 
1.080E+02   2.821E+01  4.187E-02 
1.093E+02   2.814E+01  4.151E-02 
1.105E+02   2.806E+01  4.114E-02 
1.118E+02   2.799E+01  4.078E-02 
1.131E+02   2.791E+01  4.042E-02 
1.144E+02   2.783E+01  4.007E-02 
1.157E+02   2.775E+01  3.971E-02 
1.171E+02   2.766E+01  3.936E-02 
1.184E+02   2.758E+01  3.902E-02 
1.198E+02   2.749E+01  3.867E-02 
1.212E+02   2.740E+01  3.833E-02 
1.226E+02   2.731E+01  3.799E-02 
1.240E+02   2.721E+01  3.765E-02 
1.255E+02   2.711E+01  3.732E-02 
1.269E+02   2.702E+01  3.699E-02 
1.284E+02   2.691E+01  3.666E-02 
1.299E+02   2.681E+01  3.634E-02 
1.314E+02   2.671E+01  3.601E-02 
1.329E+02   2.660E+01  3.569E-02 
1.345E+02   2.649E+01  3.538E-02 
1.360E+02   2.638E+01  3.506E-02 
1.376E+02   2.627E+01  3.475E-02 
1.392E+02   2.616E+01  3.444E-02 
1.408E+02   2.604E+01  3.413E-02 
1.424E+02   2.592E+01  3.383E-02 
1.441E+02   2.581E+01  3.352E-02 
1.458E+02   2.569E+01  3.322E-02 
1.475E+02   2.557E+01  3.293E-02 
1.492E+02   2.544E+01  3.263E-02 
1.509E+02   2.532E+01  3.234E-02 
1.526E+02   2.520E+01  3.205E-02 
1.544E+02   2.507E+01  3.176E-02 
1.562E+02   2.494E+01  3.148E-02 
1.580E+02   2.482E+01  3.119E-02 
1.598E+02   2.469E+01  3.091E-02 
1.617E+02   2.456E+01  3.063E-02 
1.636E+02   2.443E+01  3.036E-02 
1.655E+02   2.429E+01  3.008E-02 
1.674E+02   2.416E+01  2.981E-02 
1.693E+02   2.403E+01  2.954E-02 
1.713E+02   2.389E+01  2.928E-02 
1.733E+02   2.376E+01  2.901E-02 
1.753E+02   2.362E+01  2.875E-02 
1.773E+02   2.349E+01  2.849E-02 
1.794E+02   2.335E+01  2.823E-02 
1.815E+02   2.322E+01  2.798E-02 
1.836E+02   2.308E+01  2.772E-02 
1.857E+02   2.294E+01  2.747E-02 
1.879E+02   2.281E+01  2.722E-02 
1.900E+02   2.267E+01  2.697E-02 
1.922E+02   2.253E+01  2.673E-02 
1.945E+02   2.239E+01  2.649E-02 
1.967E+02   2.225E+01  2.625E-02 
1.990E+02   2.212E+01  2.601E-02 
2.013E+02   2.198E+01  2.577E-02 
2.036E+02   2.184E+01  2.553E-02 
2.060E+02   2.170E+01  2.530E-02 
2.084E+02   2.157E+01  2.507E-02 
2.108E+02   2.143E+01  2.484E-02 
2.133E+02   2.129E+01  2.461E-02 
2.157E+02   2.115E+01  2.439E-02 
2.182E+02   2.102E+01  2.417E-02 
2.208E+02   2.088E+01  2.394E-02 
2.233E+02   2.075E+01  2.373E-02 
2.259E+02   2.061E+01  2.351E-02 
2.285E+02   2.048E+01  2.329E-02 
2.312E+02   2.034E+01  2.308E-02 
2.339E+02   2.021E+01  2.287E-02 
2.366E+02   2.007E+01  2.266E-02 
2.393E+02   1.994E+01  2.245E-02 
2.421E+02   1.981E+01  2.224E-02 
2.449E+02   1.968E+01  2.204E-02 
2.478E+02   1.955E+01  2.183E-02 
2.506E+02   1.942E+01  2.163E-02 
2.535E+02   1.929E+01  2.143E-02 
2.565E+02   1.916E+01  2.124E-02 
2.595E+02   1.903E+01  2.104E-02 
2.625E+02   1.890E+01  2.085E-02 
2.655E+02   1.878E+01  2.065E-02 
2.686E+02   1.865E+01  2.046E-02 
2.717E+02   1.853E+01  2.027E-02 
2.749E+02   1.840E+01  2.009E-02 
2.780E+02   1.828E+01  1.990E-02 
2.813E+02   1.816E+01  1.971E-02 
2.845E+02   1.804E+01  1.953E-02 
2.878E+02   1.792E+01  1.935E-02 
2.912E+02   1.780E+01  1.917E-02 
2.945E+02   1.768E+01  1.899E-02 
2.980E+02   1.756E+01  1.882E-02 
3.014E+02   1.744E+01  1.864E-02 
3.049E+02   1.733E+01  1.847E-02 
3.085E+02   1.721E+01  1.830E-02 
3.120E+02   1.710E+01  1.813E-02 
3.156E+02   1.698E+01  1.796E-02 
3.193E+02   1.687E+01  1.779E-02 
3.230E+02   1.676E+01  1.762E-02 
3.268E+02   1.665E+01  1.746E-02 
3.306E+02   1.654E+01  1.730E-02 
3.344E+02   1.643E+01  1.714E-02 
3.383E+02   1.632E+01  1.698E-02 
3.422E+02   1.622E+01  1.682E-02 
3.462E+02   1.611E+01  1.666E-02 
3.502E+02   1.600E+01  1.650E-02 
3.542E+02   1.590E+01  1.635E-02 
3.583E+02   1.580E+01  1.620E-02 
3.625E+02   1.569E+01  1.604E-02 
3.667E+02   1.559E+01  1.589E-02 
3.710E+02   1.549E+01  1.575E-02 
3.753E+02   1.539E+01  1.560E-02 
3.796E+02   1.529E+01  1.545E-02 
3.840E+02   1.519E+01  1.531E-02 
3.885E+02   1.510E+01  1.516E-02 
3.930E+02   1.500E+01  1.502E-02 
3.975E+02   1.490E+01  1.488E-02 
4.021E+02   1.481E+01  1.474E-02 
4.068E+02   1.471E+01  1.460E-02 
4.115E+02   1.462E+01  1.446E-02 
4.163E+02   1.453E+01  1.433E-02 
4.211E+02   1.444E+01  1.419E-02 
4.260E+02   1.435E+01  1.406E-02 
4.310E+02   1.425E+01  1.393E-02 
4.360E+02   1.417E+01  1.379E-02 
4.410E+02   1.408E+01  1.366E-02 
4.461E+02   1.399E+01  1.353E-02 
4.513E+02   1.390E+01  1.341E-02 
4.565E+02   1.381E+01  1.328E-02 
4.618E+02   1.373E+01  1.315E-02 
4.672E+02   1.364E+01  1.303E-02 
4.726E+02   1.356E+01  1.291E-02 
4.781E+02   1.348E+01  1.278E-02 
4.836E+02   1.339E+01  1.266E-02 
4.892E+02   1.331E+01  1.254E-02 
4.949E+02   1.323E+01  1.242E-02 
5.007E+02   1.315E+01  1.231E-02 
5.065E+02   1.307E+01  1.219E-02 
5.123E+02   1.299E+01  1.207E-02 
5.183E+02   1.291E+01  1.196E-02 
5.243E+02   1.283E+01  1.185E-02 
5.304E+02   1.275E+01  1.173E-02 
5.365E+02   1.267E+01  1.162E-02 
5.428E+02   1.260E+01  1.151E-02 
5.490E+02   1.252E+01  1.140E-02 
5.554E+02   1.244E+01  1.129E-02 
5.619E+02   1.237E+01  1.119E-02 
5.684E+02   1.229E+01  1.108E-02 
5.750E+02   1.222E+01  1.097E-02 
5.816E+02   1.215E+01  1.087E-02 
5.884E+02   1.207E+01  1.076E-02 
5.952E+02   1.200E+01  1.066E-02 
6.021E+02   1.193E+01  1.056E-02 
6.091E+02   1.186E+01  1.046E-02 
6.162E+02   1.179E+01  1.036E-02 
6.233E+02   1.172E+01  1.026E-02 
6.305E+02   1.165E+01  1.016E-02 
6.378E+02   1.158E+01  1.007E-02 
6.452E+02   1.151E+01  9.969E-03 
6.527E+02   1.144E+01  9.874E-03 
6.603E+02   1.137E+01  9.779E-03 
6.680E+02   1.130E+01  9.685E-03 
6.757E+02   1.124E+01  9.592E-03 
6.835E+02   1.117E+01  9.501E-03 
6.915E+02   1.111E+01  9.409E-03 
6.995E+02   1.104E+01  9.319E-03 
7.076E+02   1.097E+01  9.230E-03 
7.158E+02   1.091E+01  9.141E-03 
7.241E+02   1.085E+01  9.053E-03 
7.325E+02   1.078E+01  8.966E-03 
7.410E+02   1.072E+01  8.880E-03 
7.496E+02   1.066E+01  8.795E-03 
7.583E+02   1.059E+01  8.710E-03 
7.671E+02   1.053E+01  8.626E-03 
7.760E+02   1.047E+01  8.543E-03 
7.850E+02   1.041E+01  8.461E-03 
7.941E+02   1.035E+01  8.380E-03 
8.033E+02   1.029E+01  8.299E-03 
8.126E+02   1.023E+01  8.219E-03 
8.221E+02   1.017E+01  8.140E-03 
8.316E+02   1.011E+01  8.061E-03 
8.412E+02   1.006E+01  7.983E-03 
8.510E+02   9.997E+00  7.906E-03 
8.609E+02   9.940E+00  7.830E-03 
8.709E+02   9.883E+00  7.754E-03 
8.810E+02   9.827E+00  7.679E-03 
8.912E+02   9.771E+00  7.605E-03 
9.015E+02   9.716E+00  7.532E-03 
9.120E+02   9.661E+00  7.459E-03 
9.225E+02   9.607E+00  7.387E-03 
9.332E+02   9.553E+00  7.315E-03 
9.441E+02   9.499E+00  7.244E-03 
9.550E+02   9.446E+00  7.174E-03 
9.661E+02   9.393E+00  7.105E-03 
9.773E+02   9.341E+00  7.036E-03 
9.886E+02   9.289E+00  6.968E-03 
1.000E+03   9.238E+00  6.900E-03 
1.012E+03   9.193E+00  6.833E-03 
1.023E+03   9.158E+00  6.767E-03 
1.035E+03   9.124E+00  6.701E-03 
1.047E+03   9.089E+00  6.636E-03 
1.059E+03   9.053E+00  6.572E-03 
1.072E+03   9.018E+00  6.508E-03 
1.084E+03   8.982E+00  6.444E-03 
1.097E+03   8.945E+00  6.382E-03 
1.109E+03   8.908E+00  6.320E-03 
1.122E+03   8.871E+00  6.258E-03 
1.135E+03   8.833E+00  6.197E-03 
1.149E+03   8.795E+00  6.137E-03 
1.162E+03   8.756E+00  6.077E-03 
1.175E+03   8.717E+00  6.018E-03 
1.189E+03   8.677E+00  5.959E-03 
1.203E+03   8.637E+00  5.901E-03 
1.217E+03   8.589E+00  5.844E-03 
1.231E+03   8.534E+00  5.787E-03 
1.245E+03   8.480E+00  5.730E-03 
1.260E+03   8.427E+00  5.674E-03 
1.274E+03   8.373E+00  5.619E-03 
1.289E+03   8.320E+00  5.564E-03 
1.304E+03   8.267E+00  5.510E-03 
1.319E+03   8.215E+00  5.456E-03 
1.334E+03   8.162E+00  5.403E-03 
1.350E+03   8.110E+00  5.350E-03 
1.365E+03   8.058E+00  5.298E-03 
1.381E+03   8.006E+00  5.246E-03 
1.397E+03   7.955E+00  5.194E-03 
1.414E+03   7.903E+00  5.144E-03 
1.430E+03   7.852E+00  5.093E-03 
1.446E+03   7.800E+00  5.043E-03 
1.463E+03   7.749E+00  4.994E-03 
1.480E+03   7.698E+00  4.945E-03 
1.497E+03   7.647E+00  4.896E-03 
1.515E+03   7.596E+00  4.848E-03 
1.532E+03   7.545E+00  4.801E-03 
1.550E+03   7.494E+00  4.754E-03 
1.568E+03   7.443E+00  4.707E-03 
1.586E+03   7.392E+00  4.661E-03 
1.605E+03   7.341E+00  4.615E-03 
1.623E+03   7.290E+00  4.570E-03 
1.642E+03   7.240E+00  4.525E-03 
1.661E+03   7.189E+00  4.481E-03 
1.680E+03   7.139E+00  4.436E-03 
1.700E+03   7.088E+00  4.393E-03 
1.720E+03   7.038E+00  4.350E-03 
1.740E+03   6.987E+00  4.307E-03 
1.760E+03   6.937E+00  4.264E-03 
1.780E+03   6.887E+00  4.223E-03 
1.801E+03   6.837E+00  4.181E-03 
1.822E+03   6.787E+00  4.140E-03 
1.843E+03   6.738E+00  4.099E-03 
1.864E+03   6.688E+00  4.059E-03 
1.886E+03   6.638E+00  4.019E-03 
1.908E+03   6.589E+00  3.979E-03 
1.930E+03   6.540E+00  3.940E-03 
1.952E+03   6.491E+00  3.901E-03 
1.975E+03   6.442E+00  3.862E-03 
1.998E+03   6.393E+00  3.824E-03 
2.021E+03   6.345E+00  3.787E-03 
2.044E+03   6.296E+00  3.749E-03 
2.068E+03   6.248E+00  3.712E-03 
2.092E+03   6.200E+00  3.675E-03 
2.116E+03   6.153E+00  3.639E-03 
2.141E+03   6.105E+00  3.603E-03 
2.166E+03   6.058E+00  3.568E-03 
2.191E+03   6.011E+00  3.532E-03 
2.216E+03   5.964E+00  3.497E-03 
2.242E+03   5.918E+00  3.463E-03 
2.268E+03   5.871E+00  3.428E-03 
2.294E+03   5.825E+00  3.394E-03 
2.321E+03   5.779E+00  3.361E-03 
2.348E+03   5.734E+00  3.328E-03 
2.375E+03   5.689E+00  3.295E-03 
2.403E+03   5.644E+00  3.262E-03 
2.431E+03   5.599E+00  3.230E-03 
2.459E+03   5.554E+00  3.198E-03 
2.487E+03   5.510E+00  3.166E-03 
2.516E+03   5.466E+00  3.135E-03 
2.545E+03   5.423E+00  3.103E-03 
2.575E+03   5.379E+00  3.073E-03 
2.605E+03   5.336E+00  3.042E-03 
2.635E+03   5.293E+00  3.012E-03 
2.665E+03   5.251E+00  2.982E-03 
2.696E+03   5.208E+00  2.952E-03 
2.728E+03   5.166E+00  2.923E-03 
2.759E+03   5.124E+00  2.894E-03 
2.791E+03   5.083E+00  2.865E-03 
2.824E+03   5.042E+00  2.837E-03 
2.856E+03   5.001E+00  2.809E-03 
2.889E+03   4.960E+00  2.781E-03 
2.923E+03   4.920E+00  2.753E-03 
2.957E+03   4.880E+00  2.726E-03 
2.991E+03   4.840E+00  2.698E-03 
3.026E+03   4.800E+00  2.672E-03 
3.061E+03   4.761E+00  2.645E-03 
3.097E+03   4.722E+00  2.619E-03 
3.132E+03   4.683E+00  2.592E-03 
3.169E+03   4.645E+00  2.567E-03 
3.206E+03   4.607E+00  2.541E-03 
3.243E+03   4.569E+00  2.516E-03 
3.280E+03   4.531E+00  2.491E-03 
3.318E+03   4.494E+00  2.466E-03 
3.357E+03   4.457E+00  2.441E-03 
3.396E+03   4.420E+00  2.417E-03 
3.435E+03   4.384E+00  2.393E-03 
3.475E+03   4.347E+00  2.369E-03 
3.515E+03   4.311E+00  2.345E-03 
3.556E+03   4.276E+00  2.322E-03 
3.597E+03   4.240E+00  2.299E-03 
3.639E+03   4.205E+00  2.276E-03 
3.681E+03   4.170E+00  2.253E-03 
3.724E+03   4.135E+00  2.230E-03 
3.767E+03   4.101E+00  2.208E-03 
3.811E+03   4.067E+00  2.186E-03 
3.855E+03   4.033E+00  2.164E-03 
3.900E+03   3.999E+00  2.142E-03 
3.945E+03   3.965E+00  2.121E-03 
3.991E+03   3.932E+00  2.100E-03 
4.037E+03   3.899E+00  2.079E-03 
4.084E+03   3.867E+00  2.058E-03 
4.131E+03   3.834E+00  2.037E-03 
4.179E+03   3.802E+00  2.017E-03 
4.228E+03   3.770E+00  1.997E-03 
4.277E+03   3.738E+00  1.977E-03 
4.326E+03   3.707E+00  1.957E-03 
4.376E+03   3.676E+00  1.937E-03 
4.427E+03   3.645E+00  1.918E-03 
4.479E+03   3.614E+00  1.899E-03 
4.531E+03   3.583E+00  1.879E-03 
4.583E+03   3.553E+00  1.861E-03 
4.636E+03   3.523E+00  1.842E-03 
4.690E+03   3.493E+00  1.823E-03 
4.744E+03   3.464E+00  1.805E-03 
4.799E+03   3.434E+00  1.787E-03 
4.855E+03   3.405E+00  1.769E-03 
4.911E+03   3.376E+00  1.751E-03 
4.968E+03   3.347E+00  1.734E-03 
5.026E+03   3.319E+00  1.716E-03 
5.084E+03   3.291E+00  1.699E-03 
5.143E+03   3.263E+00  1.682E-03 
5.203E+03   3.235E+00  1.665E-03 
5.263E+03   3.207E+00  1.648E-03 
5.324E+03   3.180E+00  1.632E-03 
5.386E+03   3.153E+00  1.615E-03 
5.449E+03   3.126E+00  1.599E-03 
5.512E+03   3.099E+00  1.583E-03 
5.576E+03   3.072E+00  1.567E-03 
5.640E+03   3.046E+00  1.551E-03 
5.706E+03   3.020E+00  1.536E-03 
5.772E+03   2.994E+00  1.520E-03 
5.839E+03   2.968E+00  1.505E-03 
5.907E+03   2.943E+00  1.490E-03 
5.975E+03   2.917E+00  1.475E-03 
6.045E+03   2.892E+00  1.460E-03 
6.115E+03   2.867E+00  1.445E-03 
6.186E+03   2.843E+00  1.430E-03 
6.257E+03   2.818E+00  1.416E-03 
6.330E+03   2.794E+00  1.402E-03 
6.403E+03   2.770E+00  1.388E-03 
6.478E+03   2.746E+00  1.374E-03 
6.553E+03   2.722E+00  1.360E-03 
6.629E+03   2.698E+00  1.346E-03 
6.706E+03   2.675E+00  1.332E-03 
6.783E+03   2.652E+00  1.319E-03 
6.862E+03   2.629E+00  1.306E-03 
6.942E+03   2.606E+00  1.292E-03 
7.022E+03   2.583E+00  1.279E-03 
7.104E+03   2.561E+00  1.266E-03 
7.186E+03   2.539E+00  1.254E-03 
7.269E+03   2.517E+00  1.241E-03 
7.354E+03   2.495E+00  1.228E-03 
7.439E+03   2.473E+00  1.216E-03 
7.525E+03   2.451E+00  1.204E-03 
7.613E+03   2.430E+00  1.191E-03 
7.701E+03   2.409E+00  1.179E-03 
7.790E+03   2.388E+00  1.167E-03 
7.881E+03   2.367E+00  1.156E-03 
7.972E+03   2.346E+00  1.144E-03 
8.064E+03   2.326E+00  1.132E-03 
8.158E+03   2.305E+00  1.121E-03 
8.253E+03   2.285E+00  1.109E-03 
8.348E+03   2.265E+00  1.098E-03 
8.445E+03   2.245E+00  1.087E-03 
8.543E+03   2.226E+00  1.076E-03 
8.642E+03   2.206E+00  1.065E-03 
8.742E+03   2.187E+00  1.054E-03 
8.844E+03   2.168E+00  1.044E-03 
8.946E+03   2.148E+00  1.033E-03 
9.050E+03   2.130E+00  1.023E-03 
9.155E+03   2.111E+00  1.012E-03 
9.261E+03   2.092E+00  1.002E-03 
9.369E+03   2.074E+00  9.918E-04 
9.477E+03   2.056E+00  9.817E-04 
9.587E+03   2.037E+00  9.717E-04 
9.699E+03   2.019E+00  9.618E-04 
9.811E+03   2.002E+00  9.521E-04 
9.925E+03   1.984E+00  9.424E-04 
1.004E+04   1.966E+00  9.328E-04 
1.016E+04   1.949E+00  9.233E-04 
1.027E+04   1.932E+00  9.139E-04 
1.039E+04   1.915E+00  9.047E-04 
1.051E+04   1.898E+00  8.955E-04 
1.064E+04   1.881E+00  8.863E-04 
1.076E+04   1.864E+00  8.773E-04 
1.088E+04   1.848E+00  8.684E-04 
1.101E+04   1.831E+00  8.596E-04 
1.114E+04   1.815E+00  8.508E-04 
1.127E+04   1.799E+00  8.422E-04 
1.140E+04   1.783E+00  8.336E-04 
1.153E+04   1.767E+00  8.251E-04 
1.166E+04   1.751E+00  8.167E-04 
1.180E+04   1.736E+00  8.084E-04 
1.194E+04   1.720E+00  8.001E-04 
1.207E+04   1.705E+00  7.920E-04 
1.221E+04   1.690E+00  7.839E-04 
1.236E+04   1.675E+00  7.759E-04 
1.250E+04   1.660E+00  7.680E-04 
1.264E+04   1.645E+00  7.602E-04 
1.279E+04   1.630E+00  7.524E-04 
1.294E+04   1.616E+00  7.447E-04 
1.309E+04   1.602E+00  7.371E-04 
1.324E+04   1.587E+00  7.296E-04 
1.340E+04   1.573E+00  7.222E-04 
1.355E+04   1.559E+00  7.148E-04 
1.371E+04   1.545E+00  7.075E-04 
1.387E+04   1.531E+00  7.003E-04 
1.403E+04   1.518E+00  6.931E-04 
1.419E+04   1.504E+00  6.861E-04 
1.435E+04   1.491E+00  6.790E-04 
1.452E+04   1.477E+00  6.721E-04 
1.469E+04   1.464E+00  6.652E-04 
1.486E+04   1.451E+00  6.584E-04 
1.503E+04   1.438E+00  6.517E-04 
1.521E+04   1.425E+00  6.451E-04 
1.538E+04   1.412E+00  6.385E-04 
1.556E+04   1.400E+00  6.319E-04 
1.574E+04   1.387E+00  6.255E-04 
1.592E+04   1.375E+00  6.191E-04 
1.611E+04   1.362E+00  6.127E-04 
1.630E+04   1.350E+00  6.065E-04 
1.649E+04   1.338E+00  6.003E-04 
1.668E+04   1.326E+00  5.941E-04 
1.687E+04   1.314E+00  5.880E-04 
1.707E+04   1.302E+00  5.820E-04 
1.726E+04   1.290E+00  5.761E-04 
1.746E+04   1.279E+00  5.702E-04 
1.767E+04   1.267E+00  5.643E-04 
1.787E+04   1.256E+00  5.585E-04 
1.808E+04   1.245E+00  5.528E-04 
1.829E+04   1.233E+00  5.471E-04 
1.850E+04   1.222E+00  5.415E-04 
1.871E+04   1.211E+00  5.360E-04 
1.893E+04   1.200E+00  5.305E-04 
1.915E+04   1.190E+00  5.251E-04 
1.937E+04   1.179E+00  5.197E-04 
1.960E+04   1.168E+00  5.143E-04 
1.983E+04   1.158E+00  5.091E-04 
2.006E+04   1.147E+00  5.038E-04 
2.029E+04   1.137E+00  4.987E-04 
2.052E+04   1.127E+00  4.936E-04 
2.076E+04   1.116E+00  4.885E-04 
2.100E+04   1.106E+00  4.835E-04 
2.125E+04   1.096E+00  4.785E-04 
2.149E+04   1.087E+00  4.736E-04 
2.174E+04   1.077E+00  4.687E-04 
2.199E+04   1.067E+00  4.639E-04 
2.225E+04   1.057E+00  4.592E-04 
2.251E+04   1.048E+00  4.544E-04 
2.277E+04   1.038E+00  4.498E-04 
2.303E+04   1.029E+00  4.451E-04 
2.330E+04   1.020E+00  4.406E-04 
2.357E+04   1.011E+00  4.360E-04 
2.384E+04   1.001E+00  4.316E-04 
2.412E+04   9.924E-01  4.271E-04 
2.440E+04   9.834E-01  4.227E-04 
2.468E+04   9.745E-01  4.184E-04 
2.497E+04   9.657E-01  4.141E-04 
2.526E+04   9.570E-01  4.098E-04 
2.555E+04   9.484E-01  4.056E-04 
2.585E+04   9.398E-01  4.014E-04 
2.615E+04   9.313E-01  3.973E-04 
2.645E+04   9.229E-01  3.932E-04 
2.676E+04   9.146E-01  3.892E-04 
2.707E+04   9.063E-01  3.852E-04 
2.738E+04   8.981E-01  3.812E-04 
2.770E+04   8.900E-01  3.773E-04 
2.802E+04   8.820E-01  3.734E-04 
2.835E+04   8.740E-01  3.695E-04 
2.867E+04   8.661E-01  3.657E-04 
2.901E+04   8.583E-01  3.620E-04 
2.934E+04   8.506E-01  3.582E-04 
2.968E+04   8.429E-01  3.545E-04 
3.003E+04   8.353E-01  3.509E-04 
3.038E+04   8.277E-01  3.473E-04 
3.073E+04   8.203E-01  3.437E-04 
3.109E+04   8.129E-01  3.401E-04 
3.145E+04   8.055E-01  3.366E-04 
3.181E+04   7.983E-01  3.332E-04 
3.218E+04   7.911E-01  3.297E-04 
3.255E+04   7.839E-01  3.263E-04 
3.293E+04   7.769E-01  3.229E-04 
3.331E+04   7.699E-01  3.196E-04 
3.370E+04   7.629E-01  3.163E-04 
3.409E+04   7.561E-01  3.130E-04 
3.449E+04   7.493E-01  3.098E-04 
3.489E+04   7.425E-01  3.066E-04 
3.529E+04   7.358E-01  3.035E-04 
3.570E+04   7.292E-01  3.003E-04 
3.611E+04   7.226E-01  2.972E-04 
3.653E+04   7.161E-01  2.941E-04 
3.696E+04   7.097E-01  2.911E-04 
3.738E+04   7.033E-01  2.881E-04 
3.782E+04   6.970E-01  2.851E-04 
3.826E+04   6.907E-01  2.822E-04 
3.870E+04   6.845E-01  2.793E-04 
3.915E+04   6.784E-01  2.764E-04 
3.960E+04   6.723E-01  2.735E-04 
4.006E+04   6.662E-01  2.707E-04 
4.053E+04   6.603E-01  2.679E-04 
4.100E+04   6.543E-01  2.651E-04 
4.147E+04   6.485E-01  2.624E-04 
4.195E+04   6.427E-01  2.597E-04 
4.244E+04   6.369E-01  2.570E-04 
4.293E+04   6.312E-01  2.543E-04 
4.343E+04   6.256E-01  2.517E-04 
4.394E+04   6.200E-01  2.491E-04 
4.444E+04   6.144E-01  2.465E-04 
4.496E+04   6.089E-01  2.439E-04 
4.548E+04   6.035E-01  2.414E-04 
4.601E+04   5.981E-01  2.389E-04 
4.654E+04   5.927E-01  2.364E-04 
4.708E+04   5.874E-01  2.340E-04 
4.763E+04   5.822E-01  2.316E-04 
4.818E+04   5.770E-01  2.292E-04 
4.874E+04   5.719E-01  2.268E-04 
4.931E+04   5.668E-01  2.244E-04 
4.988E+04   5.617E-01  2.221E-04 
5.046E+04   5.567E-01  2.198E-04 
5.104E+04   5.518E-01  2.175E-04 
5.163E+04   5.469E-01  2.153E-04 
5.223E+04   5.420E-01  2.130E-04 
5.284E+04   5.372E-01  2.108E-04 
5.345E+04   5.325E-01  2.086E-04 
5.407E+04   5.277E-01  2.065E-04 
5.470E+04   5.231E-01  2.043E-04 
5.533E+04   5.184E-01  2.022E-04 
5.597E+04   5.138E-01  2.001E-04 
5.662E+04   5.093E-01  1.980E-04 
5.728E+04   5.048E-01  1.960E-04 
5.794E+04   5.003E-01  1.940E-04 
5.862E+04   4.959E-01  1.919E-04 
5.930E+04   4.915E-01  1.899E-04 
5.998E+04   4.872E-01  1.880E-04 
6.068E+04   4.829E-01  1.860E-04 
6.138E+04   4.787E-01  1.841E-04 
6.210E+04   4.745E-01  1.822E-04 
6.282E+04   4.703E-01  1.803E-04 
6.354E+04   4.662E-01  1.784E-04 
6.428E+04   4.621E-01  1.766E-04 
6.503E+04   4.580E-01  1.747E-04 
6.578E+04   4.540E-01  1.729E-04 
6.654E+04   4.501E-01  1.711E-04 
6.732E+04   4.461E-01  1.693E-04 
6.810E+04   4.422E-01  1.676E-04 
6.889E+04   4.384E-01  1.658E-04 
6.969E+04   4.346E-01  1.641E-04 
7.049E+04   4.308E-01  1.624E-04 
7.131E+04   4.270E-01  1.607E-04 
7.214E+04   4.233E-01  1.590E-04 
7.298E+04   4.197E-01  1.574E-04 
7.382E+04   4.160E-01  1.557E-04 
7.468E+04   4.124E-01  1.541E-04 
7.555E+04   4.088E-01  1.525E-04 
7.642E+04   4.053E-01  1.509E-04 
7.731E+04   4.018E-01  1.494E-04 
7.820E+04   3.983E-01  1.478E-04 
7.911E+04   3.949E-01  1.463E-04 
8.003E+04   3.915E-01  1.447E-04 
8.096E+04   3.882E-01  1.432E-04 
8.190E+04   3.848E-01  1.417E-04 
8.285E+04   3.815E-01  1.403E-04 
8.381E+04   3.783E-01  1.388E-04 
8.478E+04   3.750E-01  1.374E-04 
8.576E+04   3.718E-01  1.359E-04 
8.676E+04   3.686E-01  1.345E-04 
8.776E+04   3.655E-01  1.331E-04 
8.878E+04   3.624E-01  1.317E-04 
8.981E+04   3.593E-01  1.303E-04 
9.085E+04   3.563E-01  1.290E-04 
9.191E+04   3.533E-01  1.276E-04 
9.297E+04   3.503E-01  1.263E-04 
9.405E+04   3.473E-01  1.250E-04 
9.514E+04   3.444E-01  1.237E-04 
9.625E+04   3.415E-01  1.224E-04 
9.736E+04   3.386E-01  1.211E-04 
9.849E+04   3.358E-01  1.199E-04 
9.963E+04   3.329E-01  1.186E-04 
1.008E+05   3.302E-01  1.174E-04 
