Ion = Helium      . Mass = 4.0026
Tgt =  S (Solid). Density = 2.0686 g/cm3
Stopping Units =  eV/(1E15 atoms/cm2)
Energy(keV)  S(Elec)    S(Nuc)
1.000E+00   3.149E+00  3.697E+00 
1.013E+00   3.170E+00  3.697E+00 
1.026E+00   3.190E+00  3.697E+00 
1.039E+00   3.211E+00  3.698E+00 
1.053E+00   3.232E+00  3.698E+00 
1.067E+00   3.253E+00  3.698E+00 
1.081E+00   3.274E+00  3.698E+00 
1.095E+00   3.295E+00  3.697E+00 
1.109E+00   3.316E+00  3.697E+00 
1.123E+00   3.338E+00  3.697E+00 
1.138E+00   3.359E+00  3.696E+00 
1.153E+00   3.381E+00  3.695E+00 
1.168E+00   3.403E+00  3.695E+00 
1.183E+00   3.425E+00  3.694E+00 
1.198E+00   3.447E+00  3.693E+00 
1.214E+00   3.469E+00  3.692E+00 
1.229E+00   3.492E+00  3.691E+00 
1.245E+00   3.515E+00  3.689E+00 
1.262E+00   3.537E+00  3.688E+00 
1.278E+00   3.560E+00  3.686E+00 
1.295E+00   3.583E+00  3.685E+00 
1.311E+00   3.606E+00  3.683E+00 
1.329E+00   3.630E+00  3.681E+00 
1.346E+00   3.653E+00  3.679E+00 
1.363E+00   3.677E+00  3.677E+00 
1.381E+00   3.701E+00  3.675E+00 
1.399E+00   3.725E+00  3.673E+00 
1.417E+00   3.749E+00  3.670E+00 
1.436E+00   3.773E+00  3.668E+00 
1.454E+00   3.798E+00  3.665E+00 
1.473E+00   3.822E+00  3.662E+00 
1.492E+00   3.847E+00  3.660E+00 
1.512E+00   3.872E+00  3.657E+00 
1.531E+00   3.897E+00  3.654E+00 
1.551E+00   3.922E+00  3.650E+00 
1.571E+00   3.948E+00  3.647E+00 
1.592E+00   3.973E+00  3.644E+00 
1.612E+00   3.999E+00  3.640E+00 
1.633E+00   4.025E+00  3.637E+00 
1.655E+00   4.051E+00  3.633E+00 
1.676E+00   4.077E+00  3.629E+00 
1.698E+00   4.104E+00  3.625E+00 
1.720E+00   4.130E+00  3.621E+00 
1.742E+00   4.157E+00  3.617E+00 
1.765E+00   4.184E+00  3.613E+00 
1.788E+00   4.211E+00  3.608E+00 
1.811E+00   4.238E+00  3.604E+00 
1.835E+00   4.266E+00  3.599E+00 
1.859E+00   4.293E+00  3.595E+00 
1.883E+00   4.321E+00  3.590E+00 
1.907E+00   4.349E+00  3.585E+00 
1.932E+00   4.377E+00  3.580E+00 
1.957E+00   4.406E+00  3.575E+00 
1.983E+00   4.434E+00  3.569E+00 
2.008E+00   4.463E+00  3.564E+00 
2.034E+00   4.492E+00  3.558E+00 
2.061E+00   4.521E+00  3.553E+00 
2.088E+00   4.550E+00  3.547E+00 
2.115E+00   4.580E+00  3.541E+00 
2.142E+00   4.609E+00  3.536E+00 
2.170E+00   4.639E+00  3.530E+00 
2.198E+00   4.669E+00  3.523E+00 
2.227E+00   4.699E+00  3.517E+00 
2.256E+00   4.730E+00  3.511E+00 
2.285E+00   4.761E+00  3.504E+00 
2.315E+00   4.791E+00  3.498E+00 
2.345E+00   4.822E+00  3.491E+00 
2.375E+00   4.854E+00  3.485E+00 
2.406E+00   4.885E+00  3.478E+00 
2.438E+00   4.917E+00  3.471E+00 
2.469E+00   4.949E+00  3.464E+00 
2.501E+00   4.981E+00  3.457E+00 
2.534E+00   5.013E+00  3.449E+00 
2.567E+00   5.045E+00  3.442E+00 
2.600E+00   5.078E+00  3.434E+00 
2.634E+00   5.111E+00  3.427E+00 
2.668E+00   5.144E+00  3.419E+00 
2.703E+00   5.177E+00  3.412E+00 
2.738E+00   5.211E+00  3.404E+00 
2.773E+00   5.245E+00  3.396E+00 
2.810E+00   5.279E+00  3.388E+00 
2.846E+00   5.313E+00  3.380E+00 
2.883E+00   5.347E+00  3.371E+00 
2.921E+00   5.382E+00  3.363E+00 
2.958E+00   5.417E+00  3.355E+00 
2.997E+00   5.452E+00  3.346E+00 
3.036E+00   5.487E+00  3.338E+00 
3.075E+00   5.523E+00  3.329E+00 
3.115E+00   5.558E+00  3.320E+00 
3.156E+00   5.594E+00  3.311E+00 
3.197E+00   5.631E+00  3.302E+00 
3.238E+00   5.667E+00  3.293E+00 
3.280E+00   5.704E+00  3.284E+00 
3.323E+00   5.741E+00  3.275E+00 
3.366E+00   5.778E+00  3.266E+00 
3.410E+00   5.815E+00  3.256E+00 
3.454E+00   5.853E+00  3.247E+00 
3.499E+00   5.891E+00  3.237E+00 
3.545E+00   5.929E+00  3.227E+00 
3.591E+00   5.968E+00  3.218E+00 
3.637E+00   6.006E+00  3.208E+00 
3.685E+00   6.045E+00  3.198E+00 
3.733E+00   6.084E+00  3.188E+00 
3.781E+00   6.124E+00  3.178E+00 
3.830E+00   6.163E+00  3.168E+00 
3.880E+00   6.203E+00  3.158E+00 
3.930E+00   6.243E+00  3.148E+00 
3.982E+00   6.284E+00  3.137E+00 
4.033E+00   6.325E+00  3.127E+00 
4.086E+00   6.365E+00  3.116E+00 
4.139E+00   6.407E+00  3.106E+00 
4.193E+00   6.448E+00  3.095E+00 
4.247E+00   6.490E+00  3.085E+00 
4.302E+00   6.532E+00  3.074E+00 
4.358E+00   6.574E+00  3.063E+00 
4.415E+00   6.617E+00  3.052E+00 
4.472E+00   6.660E+00  3.041E+00 
4.530E+00   6.703E+00  3.030E+00 
4.589E+00   6.746E+00  3.019E+00 
4.649E+00   6.790E+00  3.008E+00 
4.709E+00   6.834E+00  2.997E+00 
4.770E+00   6.878E+00  2.985E+00 
4.832E+00   6.923E+00  2.974E+00 
4.895E+00   6.968E+00  2.963E+00 
4.959E+00   7.013E+00  2.951E+00 
5.023E+00   7.058E+00  2.940E+00 
5.089E+00   7.104E+00  2.928E+00 
5.155E+00   7.150E+00  2.917E+00 
5.222E+00   7.196E+00  2.905E+00 
5.290E+00   7.243E+00  2.893E+00 
5.358E+00   7.290E+00  2.882E+00 
5.428E+00   7.337E+00  2.870E+00 
5.499E+00   7.385E+00  2.858E+00 
5.570E+00   7.432E+00  2.846E+00 
5.642E+00   7.481E+00  2.834E+00 
5.716E+00   7.529E+00  2.822E+00 
5.790E+00   7.578E+00  2.810E+00 
5.865E+00   7.627E+00  2.798E+00 
5.942E+00   7.676E+00  2.786E+00 
6.019E+00   7.726E+00  2.774E+00 
6.097E+00   7.776E+00  2.762E+00 
6.176E+00   7.826E+00  2.750E+00 
6.256E+00   7.877E+00  2.738E+00 
6.338E+00   7.928E+00  2.725E+00 
6.420E+00   7.979E+00  2.713E+00 
6.504E+00   8.031E+00  2.701E+00 
6.588E+00   8.083E+00  2.688E+00 
6.674E+00   8.135E+00  2.676E+00 
6.760E+00   8.188E+00  2.663E+00 
6.848E+00   8.241E+00  2.651E+00 
6.937E+00   8.295E+00  2.639E+00 
7.027E+00   8.348E+00  2.626E+00 
7.119E+00   8.402E+00  2.614E+00 
7.211E+00   8.457E+00  2.601E+00 
7.305E+00   8.512E+00  2.588E+00 
7.400E+00   8.567E+00  2.576E+00 
7.496E+00   8.622E+00  2.563E+00 
7.594E+00   8.678E+00  2.551E+00 
7.692E+00   8.734E+00  2.538E+00 
7.792E+00   8.791E+00  2.525E+00 
7.894E+00   8.848E+00  2.513E+00 
7.996E+00   8.905E+00  2.500E+00 
8.100E+00   8.970E+00  2.487E+00 
8.205E+00   9.037E+00  2.474E+00 
8.312E+00   9.104E+00  2.462E+00 
8.420E+00   9.172E+00  2.449E+00 
8.529E+00   9.241E+00  2.436E+00 
8.640E+00   9.310E+00  2.424E+00 
8.753E+00   9.381E+00  2.411E+00 
8.866E+00   9.452E+00  2.398E+00 
8.982E+00   9.524E+00  2.385E+00 
9.098E+00   9.596E+00  2.372E+00 
9.217E+00   9.670E+00  2.360E+00 
9.336E+00   9.744E+00  2.347E+00 
9.458E+00   9.820E+00  2.334E+00 
9.581E+00   9.896E+00  2.321E+00 
9.705E+00   9.973E+00  2.309E+00 
9.831E+00   1.005E+01  2.296E+00 
9.959E+00   1.013E+01  2.283E+00 
1.009E+01   1.021E+01  2.270E+00 
1.022E+01   1.029E+01  2.257E+00 
1.035E+01   1.037E+01  2.245E+00 
1.049E+01   1.045E+01  2.232E+00 
1.062E+01   1.054E+01  2.219E+00 
1.076E+01   1.062E+01  2.206E+00 
1.090E+01   1.071E+01  2.194E+00 
1.104E+01   1.079E+01  2.181E+00 
1.119E+01   1.088E+01  2.168E+00 
1.133E+01   1.097E+01  2.156E+00 
1.148E+01   1.106E+01  2.143E+00 
1.163E+01   1.115E+01  2.130E+00 
1.178E+01   1.124E+01  2.118E+00 
1.193E+01   1.133E+01  2.105E+00 
1.209E+01   1.142E+01  2.092E+00 
1.224E+01   1.152E+01  2.080E+00 
1.240E+01   1.161E+01  2.067E+00 
1.256E+01   1.171E+01  2.055E+00 
1.273E+01   1.181E+01  2.042E+00 
1.289E+01   1.190E+01  2.030E+00 
1.306E+01   1.200E+01  2.017E+00 
1.323E+01   1.210E+01  2.005E+00 
1.340E+01   1.221E+01  1.992E+00 
1.358E+01   1.231E+01  1.980E+00 
1.375E+01   1.241E+01  1.967E+00 
1.393E+01   1.252E+01  1.955E+00 
1.411E+01   1.262E+01  1.943E+00 
1.430E+01   1.273E+01  1.930E+00 
1.448E+01   1.284E+01  1.918E+00 
1.467E+01   1.295E+01  1.906E+00 
1.486E+01   1.306E+01  1.893E+00 
1.505E+01   1.317E+01  1.881E+00 
1.525E+01   1.329E+01  1.869E+00 
1.545E+01   1.340E+01  1.857E+00 
1.565E+01   1.352E+01  1.845E+00 
1.585E+01   1.364E+01  1.833E+00 
1.606E+01   1.376E+01  1.821E+00 
1.627E+01   1.388E+01  1.809E+00 
1.648E+01   1.400E+01  1.797E+00 
1.669E+01   1.412E+01  1.785E+00 
1.691E+01   1.424E+01  1.773E+00 
1.713E+01   1.437E+01  1.761E+00 
1.735E+01   1.450E+01  1.749E+00 
1.758E+01   1.462E+01  1.737E+00 
1.781E+01   1.475E+01  1.725E+00 
1.804E+01   1.488E+01  1.714E+00 
1.827E+01   1.502E+01  1.702E+00 
1.851E+01   1.515E+01  1.690E+00 
1.875E+01   1.529E+01  1.679E+00 
1.899E+01   1.542E+01  1.667E+00 
1.924E+01   1.556E+01  1.655E+00 
1.949E+01   1.570E+01  1.644E+00 
1.974E+01   1.584E+01  1.632E+00 
2.000E+01   1.598E+01  1.621E+00 
2.026E+01   1.613E+01  1.610E+00 
2.052E+01   1.628E+01  1.598E+00 
2.079E+01   1.642E+01  1.587E+00 
2.106E+01   1.657E+01  1.576E+00 
2.133E+01   1.672E+01  1.565E+00 
2.161E+01   1.688E+01  1.553E+00 
2.189E+01   1.703E+01  1.542E+00 
2.218E+01   1.719E+01  1.531E+00 
2.247E+01   1.734E+01  1.520E+00 
2.276E+01   1.750E+01  1.509E+00 
2.305E+01   1.766E+01  1.498E+00 
2.335E+01   1.783E+01  1.487E+00 
2.366E+01   1.799E+01  1.477E+00 
2.396E+01   1.816E+01  1.466E+00 
2.428E+01   1.832E+01  1.455E+00 
2.459E+01   1.849E+01  1.444E+00 
2.491E+01   1.867E+01  1.434E+00 
2.523E+01   1.884E+01  1.423E+00 
2.556E+01   1.901E+01  1.412E+00 
2.589E+01   1.919E+01  1.402E+00 
2.623E+01   1.937E+01  1.391E+00 
2.657E+01   1.955E+01  1.381E+00 
2.692E+01   1.973E+01  1.371E+00 
2.727E+01   1.992E+01  1.360E+00 
2.762E+01   2.011E+01  1.350E+00 
2.798E+01   2.029E+01  1.340E+00 
2.834E+01   2.049E+01  1.330E+00 
2.871E+01   2.068E+01  1.320E+00 
2.909E+01   2.087E+01  1.310E+00 
2.946E+01   2.107E+01  1.299E+00 
2.985E+01   2.127E+01  1.290E+00 
3.023E+01   2.147E+01  1.280E+00 
3.063E+01   2.167E+01  1.270E+00 
3.103E+01   2.188E+01  1.260E+00 
3.143E+01   2.209E+01  1.250E+00 
3.184E+01   2.230E+01  1.240E+00 
3.225E+01   2.251E+01  1.231E+00 
3.267E+01   2.272E+01  1.221E+00 
3.309E+01   2.294E+01  1.212E+00 
3.352E+01   2.316E+01  1.202E+00 
3.396E+01   2.338E+01  1.193E+00 
3.440E+01   2.360E+01  1.183E+00 
3.485E+01   2.383E+01  1.174E+00 
3.530E+01   2.406E+01  1.165E+00 
3.576E+01   2.429E+01  1.155E+00 
3.623E+01   2.452E+01  1.146E+00 
3.670E+01   2.475E+01  1.137E+00 
3.717E+01   2.499E+01  1.128E+00 
3.766E+01   2.523E+01  1.119E+00 
3.815E+01   2.547E+01  1.110E+00 
3.864E+01   2.572E+01  1.101E+00 
3.914E+01   2.596E+01  1.092E+00 
3.965E+01   2.621E+01  1.083E+00 
4.017E+01   2.647E+01  1.074E+00 
4.069E+01   2.672E+01  1.066E+00 
4.122E+01   2.698E+01  1.057E+00 
4.175E+01   2.724E+01  1.048E+00 
4.230E+01   2.750E+01  1.040E+00 
4.285E+01   2.776E+01  1.031E+00 
4.340E+01   2.803E+01  1.023E+00 
4.397E+01   2.830E+01  1.014E+00 
4.454E+01   2.857E+01  1.006E+00 
4.512E+01   2.885E+01  9.976E-01 
4.570E+01   2.913E+01  9.894E-01 
4.630E+01   2.941E+01  9.812E-01 
4.690E+01   2.969E+01  9.730E-01 
4.751E+01   2.998E+01  9.649E-01 
4.813E+01   3.027E+01  9.568E-01 
4.875E+01   3.056E+01  9.488E-01 
4.939E+01   3.085E+01  9.409E-01 
5.003E+01   3.115E+01  9.330E-01 
5.068E+01   3.145E+01  9.251E-01 
5.134E+01   3.175E+01  9.173E-01 
5.200E+01   3.205E+01  9.096E-01 
5.268E+01   3.236E+01  9.019E-01 
5.336E+01   3.267E+01  8.942E-01 
5.406E+01   3.299E+01  8.866E-01 
5.476E+01   3.330E+01  8.791E-01 
5.547E+01   3.362E+01  8.716E-01 
5.619E+01   3.394E+01  8.641E-01 
5.692E+01   3.427E+01  8.567E-01 
5.766E+01   3.459E+01  8.494E-01 
5.841E+01   3.492E+01  8.421E-01 
5.917E+01   3.526E+01  8.348E-01 
5.994E+01   3.559E+01  8.276E-01 
6.072E+01   3.593E+01  8.205E-01 
6.151E+01   3.627E+01  8.134E-01 
6.231E+01   3.662E+01  8.063E-01 
6.312E+01   3.696E+01  7.993E-01 
6.394E+01   3.731E+01  7.924E-01 
6.477E+01   3.767E+01  7.855E-01 
6.561E+01   3.802E+01  7.786E-01 
6.646E+01   3.838E+01  7.718E-01 
6.733E+01   3.874E+01  7.651E-01 
6.820E+01   3.910E+01  7.584E-01 
6.909E+01   3.947E+01  7.517E-01 
6.999E+01   3.984E+01  7.451E-01 
7.090E+01   4.021E+01  7.385E-01 
7.182E+01   4.059E+01  7.320E-01 
7.275E+01   4.096E+01  7.255E-01 
7.370E+01   4.134E+01  7.191E-01 
7.465E+01   4.173E+01  7.127E-01 
7.562E+01   4.211E+01  7.064E-01 
7.661E+01   4.250E+01  7.001E-01 
7.760E+01   4.289E+01  6.939E-01 
7.861E+01   4.328E+01  6.877E-01 
7.963E+01   4.368E+01  6.816E-01 
8.067E+01   4.408E+01  6.755E-01 
8.172E+01   4.448E+01  6.694E-01 
8.278E+01   4.489E+01  6.634E-01 
8.385E+01   4.529E+01  6.574E-01 
8.494E+01   4.570E+01  6.515E-01 
8.605E+01   4.611E+01  6.456E-01 
8.717E+01   4.653E+01  6.398E-01 
8.830E+01   4.694E+01  6.340E-01 
8.945E+01   4.736E+01  6.283E-01 
9.061E+01   4.778E+01  6.226E-01 
9.179E+01   4.820E+01  6.169E-01 
9.298E+01   4.863E+01  6.113E-01 
9.419E+01   4.906E+01  6.058E-01 
9.541E+01   4.949E+01  6.002E-01 
9.665E+01   4.992E+01  5.948E-01 
9.791E+01   5.035E+01  5.893E-01 
9.918E+01   5.079E+01  5.839E-01 
1.005E+02   5.123E+01  5.786E-01 
1.018E+02   5.167E+01  5.556E-01 
1.031E+02   5.211E+01  5.506E-01 
1.044E+02   5.255E+01  5.456E-01 
1.058E+02   5.300E+01  5.406E-01 
1.072E+02   5.344E+01  5.357E-01 
1.086E+02   5.389E+01  5.308E-01 
1.100E+02   5.434E+01  5.259E-01 
1.114E+02   5.479E+01  5.211E-01 
1.129E+02   5.525E+01  5.163E-01 
1.143E+02   5.570E+01  5.116E-01 
1.158E+02   5.616E+01  5.069E-01 
1.173E+02   5.661E+01  5.022E-01 
1.188E+02   5.707E+01  4.976E-01 
1.204E+02   5.753E+01  4.930E-01 
1.219E+02   5.799E+01  4.884E-01 
1.235E+02   5.845E+01  4.839E-01 
1.251E+02   5.891E+01  4.794E-01 
1.268E+02   5.937E+01  4.749E-01 
1.284E+02   5.984E+01  4.705E-01 
1.301E+02   6.030E+01  4.661E-01 
1.318E+02   6.077E+01  4.618E-01 
1.335E+02   6.123E+01  4.574E-01 
1.352E+02   6.169E+01  4.532E-01 
1.370E+02   6.216E+01  4.489E-01 
1.388E+02   6.262E+01  4.447E-01 
1.406E+02   6.309E+01  4.405E-01 
1.424E+02   6.355E+01  4.364E-01 
1.442E+02   6.402E+01  4.323E-01 
1.461E+02   6.448E+01  4.282E-01 
1.480E+02   6.495E+01  4.241E-01 
1.499E+02   6.541E+01  4.201E-01 
1.519E+02   6.587E+01  4.162E-01 
1.539E+02   6.634E+01  4.122E-01 
1.559E+02   6.680E+01  4.083E-01 
1.579E+02   6.726E+01  4.044E-01 
1.599E+02   6.772E+01  4.006E-01 
1.620E+02   6.817E+01  3.968E-01 
1.641E+02   6.863E+01  3.930E-01 
1.662E+02   6.908E+01  3.892E-01 
1.684E+02   6.954E+01  3.855E-01 
1.706E+02   6.999E+01  3.818E-01 
1.728E+02   7.044E+01  3.782E-01 
1.751E+02   7.089E+01  3.745E-01 
1.773E+02   7.133E+01  3.709E-01 
1.796E+02   7.177E+01  3.674E-01 
1.820E+02   7.222E+01  3.638E-01 
1.843E+02   7.265E+01  3.603E-01 
1.867E+02   7.309E+01  3.569E-01 
1.892E+02   7.352E+01  3.534E-01 
1.916E+02   7.395E+01  3.500E-01 
1.941E+02   7.438E+01  3.466E-01 
1.966E+02   7.480E+01  3.433E-01 
1.992E+02   7.522E+01  3.399E-01 
2.018E+02   7.564E+01  3.367E-01 
2.044E+02   7.605E+01  3.334E-01 
2.071E+02   7.646E+01  3.301E-01 
2.097E+02   7.687E+01  3.269E-01 
2.125E+02   7.727E+01  3.237E-01 
2.152E+02   7.767E+01  3.206E-01 
2.180E+02   7.806E+01  3.175E-01 
2.209E+02   7.845E+01  3.144E-01 
2.237E+02   7.883E+01  3.113E-01 
2.266E+02   7.921E+01  3.082E-01 
2.296E+02   7.959E+01  3.052E-01 
2.326E+02   7.996E+01  3.022E-01 
2.356E+02   8.032E+01  2.993E-01 
2.387E+02   8.068E+01  2.963E-01 
2.418E+02   8.104E+01  2.934E-01 
2.449E+02   8.139E+01  2.905E-01 
2.481E+02   8.173E+01  2.877E-01 
2.513E+02   8.207E+01  2.848E-01 
2.546E+02   8.240E+01  2.820E-01 
2.579E+02   8.273E+01  2.792E-01 
2.612E+02   8.305E+01  2.765E-01 
2.646E+02   8.336E+01  2.737E-01 
2.681E+02   8.367E+01  2.710E-01 
2.716E+02   8.397E+01  2.683E-01 
2.751E+02   8.426E+01  2.657E-01 
2.787E+02   8.455E+01  2.630E-01 
2.823E+02   8.483E+01  2.604E-01 
2.859E+02   8.511E+01  2.578E-01 
2.897E+02   8.537E+01  2.553E-01 
2.934E+02   8.563E+01  2.527E-01 
2.972E+02   8.589E+01  2.502E-01 
3.011E+02   8.613E+01  2.477E-01 
3.050E+02   8.637E+01  2.452E-01 
3.090E+02   8.660E+01  2.428E-01 
3.130E+02   8.683E+01  2.403E-01 
3.171E+02   8.704E+01  2.379E-01 
3.212E+02   8.725E+01  2.356E-01 
3.254E+02   8.745E+01  2.332E-01 
3.296E+02   8.764E+01  2.309E-01 
3.339E+02   8.783E+01  2.285E-01 
3.382E+02   8.801E+01  2.262E-01 
3.426E+02   8.818E+01  2.240E-01 
3.471E+02   8.834E+01  2.217E-01 
3.516E+02   8.849E+01  2.195E-01 
3.561E+02   8.864E+01  2.173E-01 
3.608E+02   8.877E+01  2.151E-01 
3.655E+02   8.890E+01  2.129E-01 
3.702E+02   8.902E+01  2.107E-01 
3.750E+02   8.914E+01  2.086E-01 
3.799E+02   8.924E+01  2.065E-01 
3.848E+02   8.934E+01  2.044E-01 
3.898E+02   8.942E+01  2.023E-01 
3.949E+02   8.950E+01  2.003E-01 
4.000E+02   8.957E+01  1.982E-01 
4.052E+02   8.964E+01  1.962E-01 
4.105E+02   8.969E+01  1.942E-01 
4.158E+02   8.973E+01  1.923E-01 
4.212E+02   8.977E+01  1.903E-01 
4.267E+02   8.980E+01  1.884E-01 
4.323E+02   8.982E+01  1.864E-01 
4.379E+02   8.983E+01  1.845E-01 
4.436E+02   8.984E+01  1.827E-01 
4.493E+02   8.983E+01  1.808E-01 
4.552E+02   8.982E+01  1.790E-01 
4.611E+02   8.980E+01  1.771E-01 
4.671E+02   8.977E+01  1.753E-01 
4.731E+02   8.973E+01  1.735E-01 
4.793E+02   8.969E+01  1.717E-01 
4.855E+02   8.964E+01  1.700E-01 
4.918E+02   8.957E+01  1.682E-01 
4.982E+02   8.950E+01  1.665E-01 
5.047E+02   8.943E+01  1.648E-01 
5.113E+02   8.934E+01  1.631E-01 
5.179E+02   8.925E+01  1.614E-01 
5.246E+02   8.915E+01  1.598E-01 
5.315E+02   8.904E+01  1.581E-01 
5.384E+02   8.893E+01  1.565E-01 
5.454E+02   8.880E+01  1.549E-01 
5.524E+02   8.867E+01  1.533E-01 
5.596E+02   8.853E+01  1.517E-01 
5.669E+02   8.839E+01  1.501E-01 
5.743E+02   8.824E+01  1.486E-01 
5.817E+02   8.808E+01  1.470E-01 
5.893E+02   8.791E+01  1.455E-01 
5.969E+02   8.774E+01  1.440E-01 
6.047E+02   8.755E+01  1.425E-01 
6.126E+02   8.737E+01  1.410E-01 
6.205E+02   8.717E+01  1.396E-01 
6.286E+02   8.697E+01  1.381E-01 
6.368E+02   8.677E+01  1.367E-01 
6.450E+02   8.655E+01  1.353E-01 
6.534E+02   8.633E+01  1.339E-01 
6.619E+02   8.611E+01  1.325E-01 
6.705E+02   8.588E+01  1.311E-01 
6.792E+02   8.564E+01  1.297E-01 
6.881E+02   8.540E+01  1.284E-01 
6.970E+02   8.515E+01  1.270E-01 
7.061E+02   8.489E+01  1.257E-01 
7.152E+02   8.463E+01  1.244E-01 
7.245E+02   8.437E+01  1.231E-01 
7.339E+02   8.410E+01  1.218E-01 
7.435E+02   8.382E+01  1.205E-01 
7.531E+02   8.354E+01  1.193E-01 
7.629E+02   8.325E+01  1.180E-01 
7.728E+02   8.296E+01  1.168E-01 
7.829E+02   8.267E+01  1.156E-01 
7.931E+02   8.237E+01  1.143E-01 
8.034E+02   8.206E+01  1.131E-01 
8.138E+02   8.175E+01  1.120E-01 
8.244E+02   8.144E+01  1.108E-01 
8.351E+02   8.112E+01  1.096E-01 
8.460E+02   8.080E+01  1.085E-01 
8.570E+02   8.048E+01  1.073E-01 
8.681E+02   8.015E+01  1.062E-01 
8.794E+02   7.982E+01  1.051E-01 
8.908E+02   7.948E+01  1.040E-01 
9.024E+02   7.914E+01  1.029E-01 
9.141E+02   7.880E+01  1.018E-01 
9.260E+02   7.845E+01  1.007E-01 
9.380E+02   7.810E+01  9.965E-02 
9.502E+02   7.775E+01  9.860E-02 
9.626E+02   7.739E+01  9.756E-02 
9.751E+02   7.703E+01  9.652E-02 
9.877E+02   7.667E+01  9.550E-02 
1.001E+03   7.631E+01  9.449E-02 
1.014E+03   7.594E+01  9.349E-02 
1.027E+03   7.558E+01  9.250E-02 
1.040E+03   7.521E+01  9.152E-02 
1.054E+03   7.483E+01  9.055E-02 
1.067E+03   7.446E+01  8.959E-02 
1.081E+03   7.408E+01  8.864E-02 
1.095E+03   7.370E+01  8.770E-02 
1.109E+03   7.332E+01  8.677E-02 
1.124E+03   7.294E+01  8.584E-02 
1.138E+03   7.256E+01  8.493E-02 
1.153E+03   7.217E+01  8.403E-02 
1.168E+03   7.178E+01  8.313E-02 
1.183E+03   7.139E+01  8.225E-02 
1.199E+03   7.101E+01  8.137E-02 
1.214E+03   7.061E+01  8.050E-02 
1.230E+03   7.022E+01  7.965E-02 
1.246E+03   6.983E+01  7.880E-02 
1.262E+03   6.944E+01  7.796E-02 
1.279E+03   6.904E+01  7.712E-02 
1.295E+03   6.865E+01  7.630E-02 
1.312E+03   6.825E+01  7.548E-02 
1.329E+03   6.785E+01  7.468E-02 
1.347E+03   6.746E+01  7.388E-02 
1.364E+03   6.706E+01  7.309E-02 
1.382E+03   6.666E+01  7.231E-02 
1.400E+03   6.626E+01  7.153E-02 
1.418E+03   6.587E+01  7.077E-02 
1.436E+03   6.547E+01  7.001E-02 
1.455E+03   6.507E+01  6.926E-02 
1.474E+03   6.467E+01  6.851E-02 
1.493E+03   6.427E+01  6.778E-02 
1.513E+03   6.387E+01  6.705E-02 
1.532E+03   6.348E+01  6.633E-02 
1.552E+03   6.308E+01  6.562E-02 
1.572E+03   6.268E+01  6.491E-02 
1.593E+03   6.228E+01  6.421E-02 
1.613E+03   6.188E+01  6.352E-02 
1.634E+03   6.149E+01  6.284E-02 
1.656E+03   6.109E+01  6.216E-02 
1.677E+03   6.070E+01  6.149E-02 
1.699E+03   6.030E+01  6.083E-02 
1.721E+03   5.991E+01  6.018E-02 
1.743E+03   5.951E+01  5.953E-02 
1.766E+03   5.912E+01  5.888E-02 
1.789E+03   5.873E+01  5.825E-02 
1.812E+03   5.834E+01  5.762E-02 
1.836E+03   5.795E+01  5.700E-02 
1.860E+03   5.756E+01  5.638E-02 
1.884E+03   5.717E+01  5.577E-02 
1.908E+03   5.678E+01  5.517E-02 
1.933E+03   5.639E+01  5.457E-02 
1.958E+03   5.601E+01  5.398E-02 
1.984E+03   5.563E+01  5.340E-02 
2.009E+03   5.524E+01  5.282E-02 
2.036E+03   5.486E+01  5.225E-02 
2.062E+03   5.448E+01  5.168E-02 
2.089E+03   5.410E+01  5.112E-02 
2.116E+03   5.372E+01  5.057E-02 
2.143E+03   5.334E+01  5.002E-02 
2.171E+03   5.297E+01  4.947E-02 
2.200E+03   5.260E+01  4.894E-02 
2.228E+03   5.222E+01  4.841E-02 
2.257E+03   5.185E+01  4.788E-02 
2.286E+03   5.148E+01  4.736E-02 
2.316E+03   5.111E+01  4.684E-02 
2.346E+03   5.075E+01  4.634E-02 
2.377E+03   5.038E+01  4.583E-02 
2.408E+03   5.002E+01  4.533E-02 
2.439E+03   4.965E+01  4.484E-02 
2.471E+03   4.929E+01  4.435E-02 
2.503E+03   4.893E+01  4.387E-02 
2.535E+03   4.858E+01  4.339E-02 
2.568E+03   4.822E+01  4.292E-02 
2.602E+03   4.787E+01  4.245E-02 
2.635E+03   4.751E+01  4.198E-02 
2.670E+03   4.716E+01  4.153E-02 
2.704E+03   4.681E+01  4.107E-02 
2.740E+03   4.647E+01  4.062E-02 
2.775E+03   4.612E+01  4.018E-02 
2.811E+03   4.578E+01  3.974E-02 
2.848E+03   4.543E+01  3.931E-02 
2.885E+03   4.509E+01  3.888E-02 
2.922E+03   4.475E+01  3.845E-02 
2.960E+03   4.442E+01  3.803E-02 
2.999E+03   4.408E+01  3.761E-02 
3.038E+03   4.375E+01  3.720E-02 
3.077E+03   4.342E+01  3.680E-02 
3.117E+03   4.309E+01  3.639E-02 
3.158E+03   4.276E+01  3.599E-02 
3.199E+03   4.243E+01  3.560E-02 
3.240E+03   4.211E+01  3.521E-02 
3.282E+03   4.179E+01  3.482E-02 
3.325E+03   4.147E+01  3.444E-02 
3.368E+03   4.115E+01  3.406E-02 
3.412E+03   4.083E+01  3.369E-02 
3.456E+03   4.051E+01  3.332E-02 
3.501E+03   4.020E+01  3.295E-02 
3.547E+03   3.989E+01  3.259E-02 
3.593E+03   3.958E+01  3.223E-02 
3.640E+03   3.927E+01  3.188E-02 
3.687E+03   3.897E+01  3.153E-02 
3.735E+03   3.866E+01  3.118E-02 
3.783E+03   3.836E+01  3.083E-02 
3.832E+03   3.806E+01  3.050E-02 
3.882E+03   3.776E+01  3.016E-02 
3.933E+03   3.746E+01  2.983E-02 
3.984E+03   3.717E+01  2.950E-02 
4.036E+03   3.688E+01  2.917E-02 
4.088E+03   3.659E+01  2.885E-02 
4.141E+03   3.630E+01  2.853E-02 
4.195E+03   3.601E+01  2.822E-02 
4.250E+03   3.572E+01  2.791E-02 
4.305E+03   3.544E+01  2.760E-02 
4.361E+03   3.516E+01  2.729E-02 
4.417E+03   3.488E+01  2.699E-02 
4.475E+03   3.460E+01  2.669E-02 
4.533E+03   3.433E+01  2.640E-02 
4.592E+03   3.405E+01  2.611E-02 
4.652E+03   3.378E+01  2.582E-02 
4.712E+03   3.351E+01  2.553E-02 
4.773E+03   3.324E+01  2.525E-02 
4.835E+03   3.297E+01  2.497E-02 
4.898E+03   3.271E+01  2.469E-02 
4.962E+03   3.244E+01  2.442E-02 
5.026E+03   3.218E+01  2.415E-02 
5.092E+03   3.192E+01  2.388E-02 
5.158E+03   3.166E+01  2.362E-02 
5.225E+03   3.141E+01  2.335E-02 
5.293E+03   3.115E+01  2.310E-02 
5.362E+03   3.090E+01  2.284E-02 
5.431E+03   3.065E+01  2.259E-02 
5.502E+03   3.040E+01  2.234E-02 
5.573E+03   3.015E+01  2.209E-02 
5.646E+03   2.991E+01  2.184E-02 
5.719E+03   2.966E+01  2.160E-02 
5.793E+03   2.942E+01  2.136E-02 
5.869E+03   2.918E+01  2.112E-02 
5.945E+03   2.894E+01  2.089E-02 
6.022E+03   2.871E+01  2.065E-02 
6.101E+03   2.847E+01  2.042E-02 
6.180E+03   2.824E+01  2.020E-02 
6.260E+03   2.800E+01  1.997E-02 
6.341E+03   2.777E+01  1.975E-02 
6.424E+03   2.755E+01  1.953E-02 
6.507E+03   2.732E+01  1.931E-02 
6.592E+03   2.709E+01  1.910E-02 
6.678E+03   2.687E+01  1.888E-02 
6.764E+03   2.665E+01  1.867E-02 
6.852E+03   2.643E+01  1.847E-02 
6.941E+03   2.621E+01  1.826E-02 
7.032E+03   2.599E+01  1.806E-02 
7.123E+03   2.578E+01  1.785E-02 
7.216E+03   2.556E+01  1.766E-02 
7.309E+03   2.535E+01  1.746E-02 
7.404E+03   2.514E+01  1.726E-02 
7.501E+03   2.493E+01  1.707E-02 
7.598E+03   2.472E+01  1.688E-02 
7.697E+03   2.452E+01  1.669E-02 
7.797E+03   2.431E+01  1.650E-02 
7.898E+03   2.411E+01  1.632E-02 
8.001E+03   2.391E+01  1.614E-02 
8.105E+03   2.372E+01  1.596E-02 
8.210E+03   2.352E+01  1.578E-02 
8.317E+03   2.333E+01  1.560E-02 
8.425E+03   2.313E+01  1.543E-02 
8.534E+03   2.293E+01  1.525E-02 
8.645E+03   2.272E+01  1.508E-02 
8.758E+03   2.252E+01  1.491E-02 
8.871E+03   2.231E+01  1.475E-02 
8.987E+03   2.210E+01  1.458E-02 
9.104E+03   2.188E+01  1.442E-02 
9.222E+03   2.167E+01  1.426E-02 
9.342E+03   2.145E+01  1.410E-02 
9.463E+03   2.122E+01  1.394E-02 
9.586E+03   2.100E+01  1.378E-02 
9.711E+03   2.080E+01  1.363E-02 
9.837E+03   2.062E+01  1.347E-02 
9.965E+03   2.043E+01  1.332E-02 
1.009E+04   2.025E+01  1.317E-02 
1.023E+04   2.006E+01  1.303E-02 
1.036E+04   1.988E+01  1.288E-02 
1.049E+04   1.970E+01  1.273E-02 
1.063E+04   1.952E+01  1.259E-02 
1.077E+04   1.935E+01  1.245E-02 
1.091E+04   1.917E+01  1.231E-02 
1.105E+04   1.900E+01  1.217E-02 
1.119E+04   1.883E+01  1.203E-02 
1.134E+04   1.865E+01  1.190E-02 
1.149E+04   1.848E+01  1.176E-02 
1.163E+04   1.832E+01  1.163E-02 
1.179E+04   1.815E+01  1.150E-02 
1.194E+04   1.798E+01  1.137E-02 
1.209E+04   1.782E+01  1.124E-02 
1.225E+04   1.766E+01  1.112E-02 
1.241E+04   1.749E+01  1.099E-02 
1.257E+04   1.733E+01  1.087E-02 
1.274E+04   1.717E+01  1.074E-02 
1.290E+04   1.702E+01  1.062E-02 
1.307E+04   1.686E+01  1.050E-02 
1.324E+04   1.670E+01  1.038E-02 
1.341E+04   1.655E+01  1.027E-02 
1.358E+04   1.640E+01  1.015E-02 
1.376E+04   1.624E+01  1.004E-02 
1.394E+04   1.609E+01  9.924E-03 
1.412E+04   1.594E+01  9.812E-03 
1.431E+04   1.580E+01  9.701E-03 
1.449E+04   1.565E+01  9.591E-03 
1.468E+04   1.550E+01  9.483E-03 
1.487E+04   1.536E+01  9.375E-03 
1.506E+04   1.522E+01  9.269E-03 
1.526E+04   1.507E+01  9.165E-03 
1.546E+04   1.493E+01  9.061E-03 
1.566E+04   1.479E+01  8.958E-03 
1.586E+04   1.466E+01  8.857E-03 
1.607E+04   1.452E+01  8.757E-03 
1.628E+04   1.438E+01  8.657E-03 
1.649E+04   1.425E+01  8.559E-03 
1.670E+04   1.411E+01  8.462E-03 
1.692E+04   1.398E+01  8.367E-03 
1.714E+04   1.385E+01  8.272E-03 
1.736E+04   1.372E+01  8.178E-03 
1.759E+04   1.359E+01  8.085E-03 
1.782E+04   1.346E+01  7.994E-03 
1.805E+04   1.333E+01  7.903E-03 
1.828E+04   1.321E+01  7.813E-03 
1.852E+04   1.308E+01  7.725E-03 
1.876E+04   1.296E+01  7.637E-03 
1.900E+04   1.284E+01  7.550E-03 
1.925E+04   1.271E+01  7.465E-03 
1.950E+04   1.259E+01  7.380E-03 
1.976E+04   1.247E+01  7.296E-03 
2.001E+04   1.236E+01  7.213E-03 
2.027E+04   1.224E+01  7.131E-03 
2.054E+04   1.212E+01  7.050E-03 
2.080E+04   1.201E+01  6.970E-03 
2.107E+04   1.189E+01  6.891E-03 
2.135E+04   1.178E+01  6.812E-03 
2.162E+04   1.166E+01  6.735E-03 
2.191E+04   1.155E+01  6.658E-03 
2.219E+04   1.144E+01  6.583E-03 
2.248E+04   1.133E+01  6.508E-03 
2.277E+04   1.122E+01  6.434E-03 
2.307E+04   1.112E+01  6.360E-03 
2.337E+04   1.101E+01  6.288E-03 
2.367E+04   1.090E+01  6.216E-03 
2.398E+04   1.080E+01  6.146E-03 
2.429E+04   1.069E+01  6.076E-03 
2.461E+04   1.059E+01  6.006E-03 
2.492E+04   1.049E+01  5.938E-03 
2.525E+04   1.039E+01  5.870E-03 
2.558E+04   1.029E+01  5.803E-03 
2.591E+04   1.019E+01  5.737E-03 
2.625E+04   1.009E+01  5.672E-03 
2.659E+04   9.991E+00  5.607E-03 
2.693E+04   9.895E+00  5.543E-03 
2.728E+04   9.799E+00  5.480E-03 
2.764E+04   9.703E+00  5.417E-03 
2.800E+04   9.609E+00  5.355E-03 
2.836E+04   9.516E+00  5.294E-03 
2.873E+04   9.423E+00  5.234E-03 
2.910E+04   9.331E+00  5.174E-03 
2.948E+04   9.241E+00  5.115E-03 
2.986E+04   9.150E+00  5.056E-03 
3.025E+04   9.061E+00  4.999E-03 
3.065E+04   8.973E+00  4.942E-03 
3.104E+04   8.885E+00  4.885E-03 
3.145E+04   8.798E+00  4.829E-03 
3.186E+04   8.712E+00  4.774E-03 
3.227E+04   8.627E+00  4.719E-03 
3.269E+04   8.542E+00  4.665E-03 
3.311E+04   8.459E+00  4.612E-03 
3.354E+04   8.376E+00  4.559E-03 
3.398E+04   8.293E+00  4.507E-03 
3.442E+04   8.212E+00  4.456E-03 
3.487E+04   8.131E+00  4.405E-03 
3.532E+04   8.051E+00  4.354E-03 
3.578E+04   7.972E+00  4.304E-03 
3.625E+04   7.894E+00  4.255E-03 
3.672E+04   7.816E+00  4.206E-03 
3.719E+04   7.739E+00  4.158E-03 
3.768E+04   7.662E+00  4.110E-03 
3.817E+04   7.587E+00  4.063E-03 
3.866E+04   7.512E+00  4.017E-03 
3.917E+04   7.438E+00  3.971E-03 
3.968E+04   7.364E+00  3.925E-03 
4.019E+04   7.291E+00  3.880E-03 
4.071E+04   7.219E+00  3.836E-03 
4.124E+04   7.148E+00  3.792E-03 
4.178E+04   7.077E+00  3.748E-03 
4.232E+04   7.007E+00  3.705E-03 
4.287E+04   6.937E+00  3.663E-03 
4.343E+04   6.868E+00  3.620E-03 
4.399E+04   6.800E+00  3.579E-03 
4.456E+04   6.733E+00  3.538E-03 
4.514E+04   6.666E+00  3.497E-03 
4.573E+04   6.600E+00  3.457E-03 
4.632E+04   6.534E+00  3.417E-03 
4.693E+04   6.469E+00  3.378E-03 
4.754E+04   6.404E+00  3.339E-03 
4.815E+04   6.341E+00  3.301E-03 
4.878E+04   6.277E+00  3.263E-03 
4.941E+04   6.215E+00  3.225E-03 
5.006E+04   6.153E+00  3.188E-03 
5.071E+04   6.091E+00  3.152E-03 
5.137E+04   6.031E+00  3.115E-03 
5.203E+04   5.970E+00  3.079E-03 
5.271E+04   5.911E+00  3.044E-03 
5.340E+04   5.852E+00  3.009E-03 
5.409E+04   5.793E+00  2.974E-03 
5.479E+04   5.735E+00  2.940E-03 
5.550E+04   5.678E+00  2.906E-03 
5.623E+04   5.621E+00  2.873E-03 
5.696E+04   5.565E+00  2.840E-03 
5.770E+04   5.509E+00  2.807E-03 
5.845E+04   5.454E+00  2.775E-03 
5.921E+04   5.399E+00  2.743E-03 
5.998E+04   5.345E+00  2.711E-03 
6.075E+04   5.291E+00  2.680E-03 
6.154E+04   5.238E+00  2.649E-03 
6.234E+04   5.185E+00  2.618E-03 
6.315E+04   5.133E+00  2.588E-03 
6.398E+04   5.082E+00  2.558E-03 
6.481E+04   5.031E+00  2.529E-03 
6.565E+04   4.980E+00  2.500E-03 
6.650E+04   4.930E+00  2.471E-03 
6.737E+04   4.880E+00  2.442E-03 
6.824E+04   4.831E+00  2.414E-03 
6.913E+04   4.783E+00  2.386E-03 
7.003E+04   4.735E+00  2.359E-03 
7.094E+04   4.687E+00  2.331E-03 
7.186E+04   4.640E+00  2.305E-03 
7.279E+04   4.593E+00  2.278E-03 
7.374E+04   4.547E+00  2.252E-03 
7.470E+04   4.501E+00  2.226E-03 
7.567E+04   4.455E+00  2.200E-03 
7.665E+04   4.411E+00  2.174E-03 
7.765E+04   4.366E+00  2.149E-03 
7.866E+04   4.322E+00  2.124E-03 
7.968E+04   4.278E+00  2.100E-03 
8.072E+04   4.235E+00  2.076E-03 
8.176E+04   4.193E+00  2.052E-03 
8.283E+04   4.150E+00  2.028E-03 
8.390E+04   4.108E+00  2.004E-03 
8.499E+04   4.067E+00  1.981E-03 
8.610E+04   4.026E+00  1.958E-03 
8.722E+04   3.985E+00  1.936E-03 
8.835E+04   3.945E+00  1.913E-03 
8.950E+04   3.905E+00  1.891E-03 
9.066E+04   3.866E+00  1.869E-03 
9.184E+04   3.826E+00  1.848E-03 
9.303E+04   3.788E+00  1.826E-03 
9.424E+04   3.750E+00  1.805E-03 
9.547E+04   3.712E+00  1.784E-03 
9.671E+04   3.674E+00  1.763E-03 
9.797E+04   3.637E+00  1.743E-03 
9.924E+04   3.600E+00  1.723E-03 
1.005E+05   3.564E+00  1.703E-03 
1.018E+05   3.528E+00  1.683E-03 
1.032E+05   3.492E+00  1.664E-03 
1.045E+05   3.457E+00  1.644E-03 
1.059E+05   3.422E+00  1.625E-03 
1.072E+05   3.387E+00  1.606E-03 
1.086E+05   3.353E+00  1.588E-03 
1.100E+05   3.319E+00  1.569E-03 
1.115E+05   3.286E+00  1.551E-03 
1.129E+05   3.252E+00  1.533E-03 
1.144E+05   3.220E+00  1.515E-03 
1.159E+05   3.187E+00  1.498E-03 
1.174E+05   3.155E+00  1.480E-03 
1.189E+05   3.123E+00  1.463E-03 
1.204E+05   3.091E+00  1.446E-03 
1.220E+05   3.060E+00  1.429E-03 
1.236E+05   3.029E+00  1.413E-03 
1.252E+05   2.999E+00  1.396E-03 
1.268E+05   2.968E+00  1.380E-03 
1.285E+05   2.939E+00  1.364E-03 
1.302E+05   2.909E+00  1.348E-03 
1.318E+05   2.880E+00  1.333E-03 
1.336E+05   2.850E+00  1.317E-03 
1.353E+05   2.822E+00  1.302E-03 
1.371E+05   2.793E+00  1.287E-03 
1.388E+05   2.765E+00  1.272E-03 
1.406E+05   2.737E+00  1.257E-03 
1.425E+05   2.710E+00  1.242E-03 
1.443E+05   2.682E+00  1.228E-03 
1.462E+05   2.655E+00  1.214E-03 
1.481E+05   2.629E+00  1.199E-03 
1.500E+05   2.602E+00  1.185E-03 
1.520E+05   2.576E+00  1.172E-03 
1.539E+05   2.550E+00  1.158E-03 
1.559E+05   2.524E+00  1.145E-03 
1.580E+05   2.499E+00  1.131E-03 
1.600E+05   2.474E+00  1.118E-03 
1.621E+05   2.449E+00  1.105E-03 
1.642E+05   2.425E+00  1.092E-03 
1.663E+05   2.400E+00  1.079E-03 
1.685E+05   2.376E+00  1.067E-03 
1.707E+05   2.352E+00  1.054E-03 
1.729E+05   2.329E+00  1.042E-03 
1.752E+05   2.305E+00  1.030E-03 
1.774E+05   2.282E+00  1.018E-03 
1.797E+05   2.260E+00  1.006E-03 
1.821E+05   2.237E+00  9.944E-04 
1.844E+05   2.215E+00  9.828E-04 
1.868E+05   2.192E+00  9.714E-04 
1.893E+05   2.171E+00  9.600E-04 
1.917E+05   2.149E+00  9.488E-04 
1.942E+05   2.127E+00  9.378E-04 
1.967E+05   2.106E+00  9.268E-04 
1.993E+05   2.085E+00  9.160E-04 
2.019E+05   2.065E+00  9.053E-04 
2.045E+05   2.044E+00  8.948E-04 
2.072E+05   2.024E+00  8.843E-04 
2.099E+05   2.004E+00  8.740E-04 
2.126E+05   1.984E+00  8.638E-04 
2.154E+05   1.964E+00  8.537E-04 
2.182E+05   1.944E+00  8.437E-04 
2.210E+05   1.925E+00  8.339E-04 
2.239E+05   1.906E+00  8.241E-04 
2.268E+05   1.887E+00  8.145E-04 
2.297E+05   1.869E+00  8.050E-04 
2.327E+05   1.850E+00  7.956E-04 
2.357E+05   1.832E+00  7.863E-04 
2.388E+05   1.814E+00  7.771E-04 
2.419E+05   1.796E+00  7.680E-04 
2.450E+05   1.778E+00  7.590E-04 
2.482E+05   1.761E+00  7.502E-04 
2.515E+05   1.744E+00  7.414E-04 
2.547E+05   1.726E+00  7.327E-04 
2.580E+05   1.709E+00  7.242E-04 
2.614E+05   1.693E+00  7.157E-04 
2.648E+05   1.676E+00  7.073E-04 
2.682E+05   1.660E+00  6.990E-04 
2.717E+05   1.644E+00  6.909E-04 
2.752E+05   1.628E+00  6.828E-04 
2.788E+05   1.612E+00  6.748E-04 
2.824E+05   1.596E+00  6.669E-04 
2.861E+05   1.580E+00  6.591E-04 
2.898E+05   1.565E+00  6.514E-04 
2.936E+05   1.550E+00  6.437E-04 
2.974E+05   1.535E+00  6.362E-04 
3.013E+05   1.520E+00  6.288E-04 
3.052E+05   1.505E+00  6.214E-04 
3.092E+05   1.491E+00  6.141E-04 
3.132E+05   1.476E+00  6.069E-04 
3.172E+05   1.462E+00  5.998E-04 
3.214E+05   1.448E+00  5.928E-04 
3.255E+05   1.434E+00  5.858E-04 
3.298E+05   1.420E+00  5.790E-04 
3.341E+05   1.407E+00  5.722E-04 
3.384E+05   1.393E+00  5.655E-04 
3.428E+05   1.380E+00  5.589E-04 
3.473E+05   1.367E+00  5.523E-04 
3.518E+05   1.354E+00  5.458E-04 
3.563E+05   1.341E+00  5.394E-04 
3.610E+05   1.328E+00  5.331E-04 
3.657E+05   1.316E+00  5.269E-04 
3.704E+05   1.303E+00  5.207E-04 
3.752E+05   1.291E+00  5.146E-04 
3.801E+05   1.279E+00  5.085E-04 
3.851E+05   1.267E+00  5.026E-04 
3.901E+05   1.255E+00  4.967E-04 
3.951E+05   1.243E+00  4.908E-04 
4.003E+05   1.231E+00  4.851E-04 
