Ion = Helium      . Mass = 4.0026
Tgt = Sc (Solid). Density = 2.989 g/cm3
Stopping Units =  eV/(1E15 atoms/cm2)
Energy(keV)  S(Elec)    S(Nuc)
1.000E+00   4.424E+00  3.398E+00 
1.013E+00   4.452E+00  3.401E+00 
1.026E+00   4.481E+00  3.403E+00 
1.039E+00   4.510E+00  3.406E+00 
1.053E+00   4.539E+00  3.408E+00 
1.067E+00   4.569E+00  3.410E+00 
1.081E+00   4.598E+00  3.412E+00 
1.095E+00   4.628E+00  3.414E+00 
1.109E+00   4.658E+00  3.416E+00 
1.123E+00   4.688E+00  3.418E+00 
1.138E+00   4.719E+00  3.420E+00 
1.153E+00   4.749E+00  3.421E+00 
1.168E+00   4.780E+00  3.423E+00 
1.183E+00   4.811E+00  3.424E+00 
1.198E+00   4.842E+00  3.426E+00 
1.214E+00   4.873E+00  3.427E+00 
1.229E+00   4.905E+00  3.428E+00 
1.245E+00   4.937E+00  3.429E+00 
1.262E+00   4.969E+00  3.430E+00 
1.278E+00   5.001E+00  3.431E+00 
1.295E+00   5.033E+00  3.432E+00 
1.311E+00   5.066E+00  3.433E+00 
1.329E+00   5.099E+00  3.433E+00 
1.346E+00   5.132E+00  3.434E+00 
1.363E+00   5.165E+00  3.434E+00 
1.381E+00   5.198E+00  3.435E+00 
1.399E+00   5.232E+00  3.435E+00 
1.417E+00   5.266E+00  3.435E+00 
1.436E+00   5.300E+00  3.435E+00 
1.454E+00   5.334E+00  3.435E+00 
1.473E+00   5.369E+00  3.435E+00 
1.492E+00   5.404E+00  3.434E+00 
1.512E+00   5.439E+00  3.434E+00 
1.531E+00   5.474E+00  3.433E+00 
1.551E+00   5.509E+00  3.433E+00 
1.571E+00   5.545E+00  3.432E+00 
1.592E+00   5.581E+00  3.431E+00 
1.612E+00   5.617E+00  3.430E+00 
1.633E+00   5.654E+00  3.430E+00 
1.655E+00   5.690E+00  3.428E+00 
1.676E+00   5.727E+00  3.427E+00 
1.698E+00   5.764E+00  3.426E+00 
1.720E+00   5.802E+00  3.424E+00 
1.742E+00   5.839E+00  3.423E+00 
1.765E+00   5.877E+00  3.421E+00 
1.788E+00   5.915E+00  3.420E+00 
1.811E+00   5.953E+00  3.418E+00 
1.835E+00   5.992E+00  3.416E+00 
1.859E+00   6.031E+00  3.414E+00 
1.883E+00   6.070E+00  3.412E+00 
1.907E+00   6.109E+00  3.410E+00 
1.932E+00   6.149E+00  3.407E+00 
1.957E+00   6.188E+00  3.405E+00 
1.983E+00   6.229E+00  3.402E+00 
2.008E+00   6.269E+00  3.400E+00 
2.034E+00   6.309E+00  3.397E+00 
2.061E+00   6.350E+00  3.394E+00 
2.088E+00   6.391E+00  3.391E+00 
2.115E+00   6.433E+00  3.388E+00 
2.142E+00   6.475E+00  3.385E+00 
2.170E+00   6.516E+00  3.381E+00 
2.198E+00   6.559E+00  3.378E+00 
2.227E+00   6.601E+00  3.375E+00 
2.256E+00   6.644E+00  3.371E+00 
2.285E+00   6.687E+00  3.367E+00 
2.315E+00   6.730E+00  3.363E+00 
2.345E+00   6.774E+00  3.360E+00 
2.375E+00   6.818E+00  3.356E+00 
2.406E+00   6.862E+00  3.351E+00 
2.438E+00   6.906E+00  3.347E+00 
2.469E+00   6.951E+00  3.343E+00 
2.501E+00   6.996E+00  3.338E+00 
2.534E+00   7.041E+00  3.334E+00 
2.567E+00   7.087E+00  3.329E+00 
2.600E+00   7.133E+00  3.325E+00 
2.634E+00   7.179E+00  3.320E+00 
2.668E+00   7.226E+00  3.315E+00 
2.703E+00   7.272E+00  3.310E+00 
2.738E+00   7.320E+00  3.305E+00 
2.773E+00   7.367E+00  3.299E+00 
2.810E+00   7.415E+00  3.294E+00 
2.846E+00   7.463E+00  3.289E+00 
2.883E+00   7.511E+00  3.283E+00 
2.921E+00   7.560E+00  3.277E+00 
2.958E+00   7.609E+00  3.272E+00 
2.997E+00   7.658E+00  3.266E+00 
3.036E+00   7.708E+00  3.260E+00 
3.075E+00   7.757E+00  3.254E+00 
3.115E+00   7.808E+00  3.248E+00 
3.156E+00   7.858E+00  3.242E+00 
3.197E+00   7.909E+00  3.235E+00 
3.238E+00   7.960E+00  3.229E+00 
3.280E+00   8.012E+00  3.222E+00 
3.323E+00   8.064E+00  3.216E+00 
3.366E+00   8.116E+00  3.209E+00 
3.410E+00   8.169E+00  3.202E+00 
3.454E+00   8.222E+00  3.195E+00 
3.499E+00   8.275E+00  3.188E+00 
3.545E+00   8.328E+00  3.181E+00 
3.591E+00   8.382E+00  3.174E+00 
3.637E+00   8.437E+00  3.167E+00 
3.685E+00   8.491E+00  3.159E+00 
3.733E+00   8.546E+00  3.152E+00 
3.781E+00   8.602E+00  3.144E+00 
3.830E+00   8.657E+00  3.137E+00 
3.880E+00   8.713E+00  3.129E+00 
3.930E+00   8.770E+00  3.121E+00 
3.982E+00   8.827E+00  3.113E+00 
4.033E+00   8.884E+00  3.105E+00 
4.086E+00   8.941E+00  3.097E+00 
4.139E+00   8.999E+00  3.089E+00 
4.193E+00   9.058E+00  3.081E+00 
4.247E+00   9.116E+00  3.073E+00 
4.302E+00   9.175E+00  3.064E+00 
4.358E+00   9.235E+00  3.056E+00 
4.415E+00   9.295E+00  3.047E+00 
4.472E+00   9.355E+00  3.039E+00 
4.530E+00   9.415E+00  3.030E+00 
4.589E+00   9.476E+00  3.021E+00 
4.649E+00   9.538E+00  3.012E+00 
4.709E+00   9.600E+00  3.003E+00 
4.770E+00   9.662E+00  2.994E+00 
4.832E+00   9.724E+00  2.985E+00 
4.895E+00   9.787E+00  2.976E+00 
4.959E+00   9.851E+00  2.967E+00 
5.023E+00   9.915E+00  2.957E+00 
5.089E+00   9.979E+00  2.948E+00 
5.155E+00   1.004E+01  2.938E+00 
5.222E+00   1.011E+01  2.929E+00 
5.290E+00   1.017E+01  2.919E+00 
5.358E+00   1.024E+01  2.910E+00 
5.428E+00   1.031E+01  2.900E+00 
5.499E+00   1.037E+01  2.890E+00 
5.570E+00   1.044E+01  2.880E+00 
5.642E+00   1.051E+01  2.870E+00 
5.716E+00   1.058E+01  2.860E+00 
5.790E+00   1.064E+01  2.850E+00 
5.865E+00   1.071E+01  2.840E+00 
5.942E+00   1.078E+01  2.830E+00 
6.019E+00   1.085E+01  2.820E+00 
6.097E+00   1.092E+01  2.809E+00 
6.176E+00   1.099E+01  2.799E+00 
6.256E+00   1.106E+01  2.788E+00 
6.338E+00   1.114E+01  2.778E+00 
6.420E+00   1.121E+01  2.767E+00 
6.504E+00   1.128E+01  2.757E+00 
6.588E+00   1.135E+01  2.746E+00 
6.674E+00   1.143E+01  2.736E+00 
6.760E+00   1.150E+01  2.725E+00 
6.848E+00   1.158E+01  2.714E+00 
6.937E+00   1.165E+01  2.703E+00 
7.027E+00   1.173E+01  2.692E+00 
7.119E+00   1.180E+01  2.681E+00 
7.211E+00   1.188E+01  2.670E+00 
7.305E+00   1.196E+01  2.659E+00 
7.400E+00   1.203E+01  2.648E+00 
7.496E+00   1.211E+01  2.637E+00 
7.594E+00   1.219E+01  2.626E+00 
7.692E+00   1.227E+01  2.615E+00 
7.792E+00   1.235E+01  2.604E+00 
7.894E+00   1.243E+01  2.592E+00 
7.996E+00   1.251E+01  2.581E+00 
8.100E+00   1.259E+01  2.570E+00 
8.205E+00   1.268E+01  2.559E+00 
8.312E+00   1.277E+01  2.547E+00 
8.420E+00   1.286E+01  2.536E+00 
8.529E+00   1.295E+01  2.524E+00 
8.640E+00   1.303E+01  2.513E+00 
8.753E+00   1.312E+01  2.501E+00 
8.866E+00   1.322E+01  2.490E+00 
8.982E+00   1.331E+01  2.478E+00 
9.098E+00   1.340E+01  2.467E+00 
9.217E+00   1.349E+01  2.455E+00 
9.336E+00   1.358E+01  2.443E+00 
9.458E+00   1.368E+01  2.432E+00 
9.581E+00   1.377E+01  2.420E+00 
9.705E+00   1.387E+01  2.408E+00 
9.831E+00   1.396E+01  2.396E+00 
9.959E+00   1.406E+01  2.385E+00 
1.009E+01   1.416E+01  2.373E+00 
1.022E+01   1.426E+01  2.361E+00 
1.035E+01   1.435E+01  2.349E+00 
1.049E+01   1.445E+01  2.338E+00 
1.062E+01   1.455E+01  2.326E+00 
1.076E+01   1.465E+01  2.314E+00 
1.090E+01   1.476E+01  2.302E+00 
1.104E+01   1.486E+01  2.290E+00 
1.119E+01   1.496E+01  2.278E+00 
1.133E+01   1.507E+01  2.266E+00 
1.148E+01   1.517E+01  2.255E+00 
1.163E+01   1.528E+01  2.243E+00 
1.178E+01   1.538E+01  2.231E+00 
1.193E+01   1.549E+01  2.219E+00 
1.209E+01   1.560E+01  2.207E+00 
1.224E+01   1.570E+01  2.195E+00 
1.240E+01   1.581E+01  2.183E+00 
1.256E+01   1.592E+01  2.171E+00 
1.273E+01   1.603E+01  2.159E+00 
1.289E+01   1.614E+01  2.147E+00 
1.306E+01   1.626E+01  2.136E+00 
1.323E+01   1.637E+01  2.124E+00 
1.340E+01   1.648E+01  2.112E+00 
1.358E+01   1.660E+01  2.100E+00 
1.375E+01   1.671E+01  2.088E+00 
1.393E+01   1.683E+01  2.076E+00 
1.411E+01   1.695E+01  2.064E+00 
1.430E+01   1.706E+01  2.052E+00 
1.448E+01   1.718E+01  2.040E+00 
1.467E+01   1.730E+01  2.029E+00 
1.486E+01   1.742E+01  2.017E+00 
1.505E+01   1.754E+01  2.005E+00 
1.525E+01   1.767E+01  1.993E+00 
1.545E+01   1.779E+01  1.981E+00 
1.565E+01   1.791E+01  1.970E+00 
1.585E+01   1.804E+01  1.958E+00 
1.606E+01   1.816E+01  1.946E+00 
1.627E+01   1.829E+01  1.934E+00 
1.648E+01   1.842E+01  1.923E+00 
1.669E+01   1.855E+01  1.911E+00 
1.691E+01   1.868E+01  1.899E+00 
1.713E+01   1.881E+01  1.888E+00 
1.735E+01   1.894E+01  1.876E+00 
1.758E+01   1.907E+01  1.864E+00 
1.781E+01   1.920E+01  1.853E+00 
1.804E+01   1.933E+01  1.841E+00 
1.827E+01   1.947E+01  1.830E+00 
1.851E+01   1.961E+01  1.818E+00 
1.875E+01   1.974E+01  1.807E+00 
1.899E+01   1.988E+01  1.795E+00 
1.924E+01   2.002E+01  1.784E+00 
1.949E+01   2.016E+01  1.772E+00 
1.974E+01   2.030E+01  1.761E+00 
2.000E+01   2.044E+01  1.749E+00 
2.026E+01   2.058E+01  1.738E+00 
2.052E+01   2.073E+01  1.727E+00 
2.079E+01   2.087E+01  1.715E+00 
2.106E+01   2.102E+01  1.704E+00 
2.133E+01   2.116E+01  1.693E+00 
2.161E+01   2.131E+01  1.682E+00 
2.189E+01   2.146E+01  1.671E+00 
2.218E+01   2.161E+01  1.659E+00 
2.247E+01   2.176E+01  1.648E+00 
2.276E+01   2.191E+01  1.637E+00 
2.305E+01   2.206E+01  1.626E+00 
2.335E+01   2.222E+01  1.615E+00 
2.366E+01   2.237E+01  1.604E+00 
2.396E+01   2.253E+01  1.593E+00 
2.428E+01   2.269E+01  1.582E+00 
2.459E+01   2.284E+01  1.572E+00 
2.491E+01   2.300E+01  1.561E+00 
2.523E+01   2.316E+01  1.550E+00 
2.556E+01   2.333E+01  1.539E+00 
2.589E+01   2.349E+01  1.529E+00 
2.623E+01   2.365E+01  1.518E+00 
2.657E+01   2.382E+01  1.507E+00 
2.692E+01   2.398E+01  1.497E+00 
2.727E+01   2.415E+01  1.486E+00 
2.762E+01   2.432E+01  1.476E+00 
2.798E+01   2.449E+01  1.465E+00 
2.834E+01   2.466E+01  1.455E+00 
2.871E+01   2.483E+01  1.444E+00 
2.909E+01   2.500E+01  1.434E+00 
2.946E+01   2.518E+01  1.424E+00 
2.985E+01   2.535E+01  1.413E+00 
3.023E+01   2.553E+01  1.403E+00 
3.063E+01   2.571E+01  1.393E+00 
3.103E+01   2.588E+01  1.383E+00 
3.143E+01   2.606E+01  1.373E+00 
3.184E+01   2.625E+01  1.363E+00 
3.225E+01   2.643E+01  1.353E+00 
3.267E+01   2.661E+01  1.343E+00 
3.309E+01   2.680E+01  1.333E+00 
3.352E+01   2.698E+01  1.323E+00 
3.396E+01   2.717E+01  1.313E+00 
3.440E+01   2.736E+01  1.303E+00 
3.485E+01   2.755E+01  1.294E+00 
3.530E+01   2.774E+01  1.284E+00 
3.576E+01   2.793E+01  1.274E+00 
3.623E+01   2.812E+01  1.265E+00 
3.670E+01   2.832E+01  1.255E+00 
3.717E+01   2.852E+01  1.245E+00 
3.766E+01   2.871E+01  1.236E+00 
3.815E+01   2.891E+01  1.227E+00 
3.864E+01   2.911E+01  1.217E+00 
3.914E+01   2.931E+01  1.208E+00 
3.965E+01   2.952E+01  1.199E+00 
4.017E+01   2.972E+01  1.189E+00 
4.069E+01   2.993E+01  1.180E+00 
4.122E+01   3.013E+01  1.171E+00 
4.175E+01   3.034E+01  1.162E+00 
4.230E+01   3.055E+01  1.153E+00 
4.285E+01   3.076E+01  1.144E+00 
4.340E+01   3.097E+01  1.135E+00 
4.397E+01   3.118E+01  1.126E+00 
4.454E+01   3.140E+01  1.117E+00 
4.512E+01   3.161E+01  1.108E+00 
4.570E+01   3.183E+01  1.100E+00 
4.630E+01   3.205E+01  1.091E+00 
4.690E+01   3.227E+01  1.082E+00 
4.751E+01   3.249E+01  1.074E+00 
4.813E+01   3.271E+01  1.065E+00 
4.875E+01   3.294E+01  1.057E+00 
4.939E+01   3.316E+01  1.048E+00 
5.003E+01   3.339E+01  1.040E+00 
5.068E+01   3.362E+01  1.031E+00 
5.134E+01   3.385E+01  1.023E+00 
5.200E+01   3.408E+01  1.015E+00 
5.268E+01   3.431E+01  1.007E+00 
5.336E+01   3.455E+01  9.985E-01 
5.406E+01   3.478E+01  9.903E-01 
5.476E+01   3.502E+01  9.823E-01 
5.547E+01   3.526E+01  9.742E-01 
5.619E+01   3.549E+01  9.663E-01 
5.692E+01   3.574E+01  9.583E-01 
5.766E+01   3.598E+01  9.505E-01 
5.841E+01   3.622E+01  9.426E-01 
5.917E+01   3.647E+01  9.348E-01 
5.994E+01   3.671E+01  9.271E-01 
6.072E+01   3.696E+01  9.194E-01 
6.151E+01   3.721E+01  9.118E-01 
6.231E+01   3.746E+01  9.042E-01 
6.312E+01   3.771E+01  8.966E-01 
6.394E+01   3.796E+01  8.892E-01 
6.477E+01   3.822E+01  8.817E-01 
6.561E+01   3.848E+01  8.743E-01 
6.646E+01   3.873E+01  8.670E-01 
6.733E+01   3.899E+01  8.597E-01 
6.820E+01   3.925E+01  8.524E-01 
6.909E+01   3.951E+01  8.452E-01 
6.999E+01   3.978E+01  8.380E-01 
7.090E+01   4.004E+01  8.309E-01 
7.182E+01   4.031E+01  8.239E-01 
7.275E+01   4.058E+01  8.168E-01 
7.370E+01   4.084E+01  8.099E-01 
7.465E+01   4.111E+01  8.029E-01 
7.562E+01   4.139E+01  7.961E-01 
7.661E+01   4.166E+01  7.892E-01 
7.760E+01   4.193E+01  7.824E-01 
7.861E+01   4.221E+01  7.757E-01 
7.963E+01   4.248E+01  7.690E-01 
8.067E+01   4.276E+01  7.624E-01 
8.172E+01   4.304E+01  7.558E-01 
8.278E+01   4.332E+01  7.492E-01 
8.385E+01   4.361E+01  7.427E-01 
8.494E+01   4.389E+01  7.362E-01 
8.605E+01   4.417E+01  7.298E-01 
8.717E+01   4.446E+01  7.234E-01 
8.830E+01   4.475E+01  7.171E-01 
8.945E+01   4.504E+01  7.108E-01 
9.061E+01   4.533E+01  7.046E-01 
9.179E+01   4.562E+01  6.984E-01 
9.298E+01   4.591E+01  6.923E-01 
9.419E+01   4.620E+01  6.862E-01 
9.541E+01   4.650E+01  6.801E-01 
9.665E+01   4.680E+01  6.741E-01 
9.791E+01   4.709E+01  6.681E-01 
9.918E+01   4.739E+01  6.622E-01 
1.005E+02   4.769E+01  6.563E-01 
1.018E+02   4.799E+01  6.505E-01 
1.031E+02   4.829E+01  6.447E-01 
1.044E+02   4.860E+01  6.389E-01 
1.058E+02   4.890E+01  6.332E-01 
1.072E+02   4.921E+01  6.275E-01 
1.086E+02   4.951E+01  6.219E-01 
1.100E+02   4.982E+01  6.163E-01 
1.114E+02   5.013E+01  6.108E-01 
1.129E+02   5.044E+01  6.053E-01 
1.143E+02   5.075E+01  5.998E-01 
1.158E+02   5.106E+01  5.944E-01 
1.173E+02   5.138E+01  5.890E-01 
1.188E+02   5.169E+01  5.837E-01 
1.204E+02   5.201E+01  5.784E-01 
1.219E+02   5.232E+01  5.731E-01 
1.235E+02   5.264E+01  5.679E-01 
1.251E+02   5.296E+01  5.627E-01 
1.268E+02   5.327E+01  5.576E-01 
1.284E+02   5.359E+01  5.525E-01 
1.301E+02   5.391E+01  5.474E-01 
1.318E+02   5.423E+01  5.424E-01 
1.335E+02   5.456E+01  5.375E-01 
1.352E+02   5.488E+01  5.147E-01 
1.370E+02   5.520E+01  5.100E-01 
1.388E+02   5.552E+01  5.054E-01 
1.406E+02   5.585E+01  5.008E-01 
1.424E+02   5.617E+01  4.962E-01 
1.442E+02   5.650E+01  4.917E-01 
1.461E+02   5.682E+01  4.872E-01 
1.480E+02   5.715E+01  4.827E-01 
1.499E+02   5.748E+01  4.783E-01 
1.519E+02   5.781E+01  4.739E-01 
1.539E+02   5.813E+01  4.695E-01 
1.559E+02   5.846E+01  4.652E-01 
1.579E+02   5.879E+01  4.609E-01 
1.599E+02   5.912E+01  4.566E-01 
1.620E+02   5.945E+01  4.524E-01 
1.641E+02   5.978E+01  4.482E-01 
1.662E+02   6.011E+01  4.440E-01 
1.684E+02   6.044E+01  4.399E-01 
1.706E+02   6.077E+01  4.358E-01 
1.728E+02   6.110E+01  4.317E-01 
1.751E+02   6.143E+01  4.277E-01 
1.773E+02   6.176E+01  4.237E-01 
1.796E+02   6.209E+01  4.197E-01 
1.820E+02   6.242E+01  4.158E-01 
1.843E+02   6.275E+01  4.119E-01 
1.867E+02   6.308E+01  4.080E-01 
1.892E+02   6.341E+01  4.042E-01 
1.916E+02   6.374E+01  4.004E-01 
1.941E+02   6.406E+01  3.966E-01 
1.966E+02   6.439E+01  3.928E-01 
1.992E+02   6.472E+01  3.891E-01 
2.018E+02   6.505E+01  3.854E-01 
2.044E+02   6.538E+01  3.818E-01 
2.071E+02   6.570E+01  3.782E-01 
2.097E+02   6.603E+01  3.746E-01 
2.125E+02   6.635E+01  3.710E-01 
2.152E+02   6.668E+01  3.675E-01 
2.180E+02   6.700E+01  3.640E-01 
2.209E+02   6.732E+01  3.605E-01 
2.237E+02   6.765E+01  3.570E-01 
2.266E+02   6.797E+01  3.536E-01 
2.296E+02   6.829E+01  3.502E-01 
2.326E+02   6.861E+01  3.469E-01 
2.356E+02   6.892E+01  3.435E-01 
2.387E+02   6.924E+01  3.402E-01 
2.418E+02   6.955E+01  3.370E-01 
2.449E+02   6.987E+01  3.337E-01 
2.481E+02   7.018E+01  3.305E-01 
2.513E+02   7.049E+01  3.273E-01 
2.546E+02   7.080E+01  3.242E-01 
2.579E+02   7.111E+01  3.210E-01 
2.612E+02   7.142E+01  3.179E-01 
2.646E+02   7.172E+01  3.148E-01 
2.681E+02   7.202E+01  3.118E-01 
2.716E+02   7.233E+01  3.087E-01 
2.751E+02   7.263E+01  3.057E-01 
2.787E+02   7.292E+01  3.028E-01 
2.823E+02   7.322E+01  2.998E-01 
2.859E+02   7.351E+01  2.969E-01 
2.897E+02   7.380E+01  2.940E-01 
2.934E+02   7.409E+01  2.911E-01 
2.972E+02   7.438E+01  2.883E-01 
3.011E+02   7.466E+01  2.854E-01 
3.050E+02   7.494E+01  2.827E-01 
3.090E+02   7.522E+01  2.799E-01 
3.130E+02   7.550E+01  2.771E-01 
3.171E+02   7.577E+01  2.744E-01 
3.212E+02   7.605E+01  2.717E-01 
3.254E+02   7.632E+01  2.690E-01 
3.296E+02   7.658E+01  2.664E-01 
3.339E+02   7.684E+01  2.638E-01 
3.382E+02   7.710E+01  2.611E-01 
3.426E+02   7.736E+01  2.586E-01 
3.471E+02   7.761E+01  2.560E-01 
3.516E+02   7.787E+01  2.535E-01 
3.561E+02   7.811E+01  2.510E-01 
3.608E+02   7.836E+01  2.485E-01 
3.655E+02   7.860E+01  2.460E-01 
3.702E+02   7.884E+01  2.436E-01 
3.750E+02   7.907E+01  2.411E-01 
3.799E+02   7.930E+01  2.387E-01 
3.848E+02   7.953E+01  2.364E-01 
3.898E+02   7.975E+01  2.340E-01 
3.949E+02   7.997E+01  2.317E-01 
4.000E+02   8.018E+01  2.294E-01 
4.052E+02   8.039E+01  2.271E-01 
4.105E+02   8.060E+01  2.248E-01 
4.158E+02   8.080E+01  2.226E-01 
4.212E+02   8.100E+01  2.203E-01 
4.267E+02   8.120E+01  2.181E-01 
4.323E+02   8.139E+01  2.159E-01 
4.379E+02   8.157E+01  2.138E-01 
4.436E+02   8.175E+01  2.116E-01 
4.493E+02   8.193E+01  2.095E-01 
4.552E+02   8.210E+01  2.074E-01 
4.611E+02   8.227E+01  2.053E-01 
4.671E+02   8.244E+01  2.032E-01 
4.731E+02   8.260E+01  2.012E-01 
4.793E+02   8.275E+01  1.991E-01 
4.855E+02   8.290E+01  1.971E-01 
4.918E+02   8.304E+01  1.951E-01 
4.982E+02   8.318E+01  1.932E-01 
5.047E+02   8.332E+01  1.912E-01 
5.113E+02   8.345E+01  1.893E-01 
5.179E+02   8.357E+01  1.873E-01 
5.246E+02   8.369E+01  1.854E-01 
5.315E+02   8.381E+01  1.836E-01 
5.384E+02   8.391E+01  1.817E-01 
5.454E+02   8.402E+01  1.799E-01 
5.524E+02   8.412E+01  1.780E-01 
5.596E+02   8.421E+01  1.762E-01 
5.669E+02   8.430E+01  1.744E-01 
5.743E+02   8.438E+01  1.726E-01 
5.817E+02   8.446E+01  1.709E-01 
5.893E+02   8.453E+01  1.691E-01 
5.969E+02   8.459E+01  1.674E-01 
6.047E+02   8.465E+01  1.657E-01 
6.126E+02   8.471E+01  1.640E-01 
6.205E+02   8.476E+01  1.623E-01 
6.286E+02   8.480E+01  1.607E-01 
6.368E+02   8.484E+01  1.590E-01 
6.450E+02   8.487E+01  1.574E-01 
6.534E+02   8.490E+01  1.558E-01 
6.619E+02   8.492E+01  1.542E-01 
6.705E+02   8.493E+01  1.526E-01 
6.792E+02   8.494E+01  1.510E-01 
6.881E+02   8.494E+01  1.495E-01 
6.970E+02   8.494E+01  1.479E-01 
7.061E+02   8.493E+01  1.464E-01 
7.152E+02   8.492E+01  1.449E-01 
7.245E+02   8.490E+01  1.434E-01 
7.339E+02   8.487E+01  1.419E-01 
7.435E+02   8.484E+01  1.404E-01 
7.531E+02   8.480E+01  1.390E-01 
7.629E+02   8.476E+01  1.375E-01 
7.728E+02   8.471E+01  1.361E-01 
7.829E+02   8.466E+01  1.347E-01 
7.931E+02   8.459E+01  1.333E-01 
8.034E+02   8.453E+01  1.319E-01 
8.138E+02   8.446E+01  1.306E-01 
8.244E+02   8.438E+01  1.292E-01 
8.351E+02   8.429E+01  1.279E-01 
8.460E+02   8.420E+01  1.265E-01 
8.570E+02   8.411E+01  1.252E-01 
8.681E+02   8.400E+01  1.239E-01 
8.794E+02   8.390E+01  1.226E-01 
8.908E+02   8.378E+01  1.214E-01 
9.024E+02   8.367E+01  1.201E-01 
9.141E+02   8.354E+01  1.188E-01 
9.260E+02   8.341E+01  1.176E-01 
9.380E+02   8.327E+01  1.164E-01 
9.502E+02   8.313E+01  1.152E-01 
9.626E+02   8.299E+01  1.140E-01 
9.751E+02   8.283E+01  1.128E-01 
9.877E+02   8.268E+01  1.116E-01 
1.001E+03   8.251E+01  1.104E-01 
1.014E+03   8.234E+01  1.093E-01 
1.027E+03   8.217E+01  1.081E-01 
1.040E+03   8.199E+01  1.070E-01 
1.054E+03   8.181E+01  1.059E-01 
1.067E+03   8.162E+01  1.047E-01 
1.081E+03   8.142E+01  1.036E-01 
1.095E+03   8.122E+01  1.026E-01 
1.109E+03   8.102E+01  1.015E-01 
1.124E+03   8.080E+01  1.004E-01 
1.138E+03   8.059E+01  9.936E-02 
1.153E+03   8.037E+01  9.831E-02 
1.168E+03   8.014E+01  9.728E-02 
1.183E+03   7.991E+01  9.625E-02 
1.199E+03   7.968E+01  9.524E-02 
1.214E+03   7.944E+01  9.423E-02 
1.230E+03   7.920E+01  9.324E-02 
1.246E+03   7.895E+01  9.225E-02 
1.262E+03   7.869E+01  9.128E-02 
1.279E+03   7.844E+01  9.031E-02 
1.295E+03   7.817E+01  8.936E-02 
1.312E+03   7.791E+01  8.841E-02 
1.329E+03   7.764E+01  8.748E-02 
1.347E+03   7.736E+01  8.655E-02 
1.364E+03   7.708E+01  8.563E-02 
1.382E+03   7.680E+01  8.472E-02 
1.400E+03   7.651E+01  8.383E-02 
1.418E+03   7.622E+01  8.294E-02 
1.436E+03   7.593E+01  8.206E-02 
1.455E+03   7.563E+01  8.118E-02 
1.474E+03   7.533E+01  8.032E-02 
1.493E+03   7.502E+01  7.947E-02 
1.513E+03   7.471E+01  7.862E-02 
1.532E+03   7.440E+01  7.779E-02 
1.552E+03   7.408E+01  7.696E-02 
1.572E+03   7.376E+01  7.614E-02 
1.593E+03   7.344E+01  7.533E-02 
1.613E+03   7.311E+01  7.452E-02 
1.634E+03   7.278E+01  7.373E-02 
1.656E+03   7.245E+01  7.294E-02 
1.677E+03   7.212E+01  7.216E-02 
1.699E+03   7.178E+01  7.139E-02 
1.721E+03   7.144E+01  7.063E-02 
1.743E+03   7.109E+01  6.988E-02 
1.766E+03   7.075E+01  6.913E-02 
1.789E+03   7.040E+01  6.839E-02 
1.812E+03   7.005E+01  6.766E-02 
1.836E+03   6.969E+01  6.693E-02 
1.860E+03   6.934E+01  6.622E-02 
1.884E+03   6.898E+01  6.551E-02 
1.908E+03   6.862E+01  6.481E-02 
1.933E+03   6.825E+01  6.411E-02 
1.958E+03   6.789E+01  6.342E-02 
1.984E+03   6.752E+01  6.274E-02 
2.009E+03   6.715E+01  6.207E-02 
2.036E+03   6.678E+01  6.140E-02 
2.062E+03   6.641E+01  6.074E-02 
2.089E+03   6.603E+01  6.009E-02 
2.116E+03   6.566E+01  5.944E-02 
2.143E+03   6.528E+01  5.880E-02 
2.171E+03   6.490E+01  5.817E-02 
2.200E+03   6.452E+01  5.754E-02 
2.228E+03   6.414E+01  5.692E-02 
2.257E+03   6.375E+01  5.631E-02 
2.286E+03   6.337E+01  5.570E-02 
2.316E+03   6.298E+01  5.510E-02 
2.346E+03   6.260E+01  5.451E-02 
2.377E+03   6.221E+01  5.392E-02 
2.408E+03   6.182E+01  5.334E-02 
2.439E+03   6.143E+01  5.276E-02 
2.471E+03   6.104E+01  5.219E-02 
2.503E+03   6.065E+01  5.163E-02 
2.535E+03   6.026E+01  5.107E-02 
2.568E+03   5.987E+01  5.052E-02 
2.602E+03   5.948E+01  4.997E-02 
2.635E+03   5.908E+01  4.943E-02 
2.670E+03   5.869E+01  4.889E-02 
2.704E+03   5.830E+01  4.836E-02 
2.740E+03   5.790E+01  4.784E-02 
2.775E+03   5.751E+01  4.732E-02 
2.811E+03   5.711E+01  4.681E-02 
2.848E+03   5.672E+01  4.630E-02 
2.885E+03   5.633E+01  4.580E-02 
2.922E+03   5.593E+01  4.530E-02 
2.960E+03   5.554E+01  4.481E-02 
2.999E+03   5.514E+01  4.432E-02 
3.038E+03   5.475E+01  4.384E-02 
3.077E+03   5.435E+01  4.336E-02 
3.117E+03   5.396E+01  4.289E-02 
3.158E+03   5.357E+01  4.242E-02 
3.199E+03   5.318E+01  4.196E-02 
3.240E+03   5.278E+01  4.150E-02 
3.282E+03   5.239E+01  4.105E-02 
3.325E+03   5.200E+01  4.060E-02 
3.368E+03   5.161E+01  4.016E-02 
3.412E+03   5.122E+01  3.972E-02 
3.456E+03   5.083E+01  3.929E-02 
3.501E+03   5.045E+01  3.886E-02 
3.547E+03   5.006E+01  3.844E-02 
3.593E+03   4.967E+01  3.802E-02 
3.640E+03   4.929E+01  3.760E-02 
3.687E+03   4.890E+01  3.719E-02 
3.735E+03   4.852E+01  3.679E-02 
3.783E+03   4.814E+01  3.638E-02 
3.832E+03   4.776E+01  3.599E-02 
3.882E+03   4.738E+01  3.559E-02 
3.933E+03   4.700E+01  3.520E-02 
3.984E+03   4.662E+01  3.482E-02 
4.036E+03   4.624E+01  3.444E-02 
4.088E+03   4.587E+01  3.406E-02 
4.141E+03   4.549E+01  3.368E-02 
4.195E+03   4.512E+01  3.332E-02 
4.250E+03   4.475E+01  3.295E-02 
4.305E+03   4.438E+01  3.259E-02 
4.361E+03   4.401E+01  3.223E-02 
4.417E+03   4.365E+01  3.188E-02 
4.475E+03   4.328E+01  3.153E-02 
4.533E+03   4.292E+01  3.118E-02 
4.592E+03   4.256E+01  3.084E-02 
4.652E+03   4.220E+01  3.050E-02 
4.712E+03   4.184E+01  3.016E-02 
4.773E+03   4.149E+01  2.983E-02 
4.835E+03   4.113E+01  2.950E-02 
4.898E+03   4.078E+01  2.918E-02 
4.962E+03   4.043E+01  2.886E-02 
5.026E+03   4.008E+01  2.854E-02 
5.092E+03   3.974E+01  2.823E-02 
5.158E+03   3.939E+01  2.791E-02 
5.225E+03   3.905E+01  2.761E-02 
5.293E+03   3.871E+01  2.730E-02 
5.362E+03   3.837E+01  2.700E-02 
5.431E+03   3.803E+01  2.670E-02 
5.502E+03   3.770E+01  2.641E-02 
5.573E+03   3.737E+01  2.612E-02 
5.646E+03   3.704E+01  2.583E-02 
5.719E+03   3.671E+01  2.554E-02 
5.793E+03   3.639E+01  2.526E-02 
5.869E+03   3.606E+01  2.498E-02 
5.945E+03   3.574E+01  2.471E-02 
6.022E+03   3.542E+01  2.443E-02 
6.101E+03   3.511E+01  2.416E-02 
6.180E+03   3.479E+01  2.390E-02 
6.260E+03   3.448E+01  2.363E-02 
6.341E+03   3.417E+01  2.337E-02 
6.424E+03   3.387E+01  2.311E-02 
6.507E+03   3.356E+01  2.286E-02 
6.592E+03   3.326E+01  2.260E-02 
6.678E+03   3.296E+01  2.235E-02 
6.764E+03   3.267E+01  2.210E-02 
6.852E+03   3.237E+01  2.186E-02 
6.941E+03   3.208E+01  2.162E-02 
7.032E+03   3.179E+01  2.138E-02 
7.123E+03   3.151E+01  2.114E-02 
7.216E+03   3.122E+01  2.090E-02 
7.309E+03   3.094E+01  2.067E-02 
7.404E+03   3.066E+01  2.044E-02 
7.501E+03   3.039E+01  2.022E-02 
7.598E+03   3.012E+01  1.999E-02 
7.697E+03   2.985E+01  1.977E-02 
7.797E+03   2.958E+01  1.955E-02 
7.898E+03   2.931E+01  1.933E-02 
8.001E+03   2.905E+01  1.912E-02 
8.105E+03   2.884E+01  1.890E-02 
8.210E+03   2.862E+01  1.869E-02 
8.317E+03   2.840E+01  1.849E-02 
8.425E+03   2.818E+01  1.828E-02 
8.534E+03   2.796E+01  1.808E-02 
8.645E+03   2.773E+01  1.787E-02 
8.758E+03   2.750E+01  1.768E-02 
8.871E+03   2.726E+01  1.748E-02 
8.987E+03   2.703E+01  1.728E-02 
9.104E+03   2.679E+01  1.709E-02 
9.222E+03   2.654E+01  1.690E-02 
9.342E+03   2.630E+01  1.671E-02 
9.463E+03   2.605E+01  1.652E-02 
9.586E+03   2.580E+01  1.634E-02 
9.711E+03   2.556E+01  1.616E-02 
9.837E+03   2.534E+01  1.598E-02 
9.965E+03   2.512E+01  1.580E-02 
1.009E+04   2.490E+01  1.562E-02 
1.023E+04   2.468E+01  1.545E-02 
1.036E+04   2.446E+01  1.527E-02 
1.049E+04   2.425E+01  1.510E-02 
1.063E+04   2.403E+01  1.494E-02 
1.077E+04   2.382E+01  1.477E-02 
1.091E+04   2.361E+01  1.460E-02 
1.105E+04   2.340E+01  1.444E-02 
1.119E+04   2.319E+01  1.428E-02 
1.134E+04   2.298E+01  1.412E-02 
1.149E+04   2.278E+01  1.396E-02 
1.163E+04   2.258E+01  1.380E-02 
1.179E+04   2.237E+01  1.365E-02 
1.194E+04   2.217E+01  1.350E-02 
1.209E+04   2.198E+01  1.334E-02 
1.225E+04   2.178E+01  1.319E-02 
1.241E+04   2.158E+01  1.305E-02 
1.257E+04   2.139E+01  1.290E-02 
1.274E+04   2.120E+01  1.276E-02 
1.290E+04   2.101E+01  1.261E-02 
1.307E+04   2.082E+01  1.247E-02 
1.324E+04   2.063E+01  1.233E-02 
1.341E+04   2.044E+01  1.219E-02 
1.358E+04   2.026E+01  1.205E-02 
1.376E+04   2.008E+01  1.192E-02 
1.394E+04   1.989E+01  1.179E-02 
1.412E+04   1.971E+01  1.165E-02 
1.431E+04   1.953E+01  1.152E-02 
1.449E+04   1.936E+01  1.139E-02 
1.468E+04   1.918E+01  1.126E-02 
1.487E+04   1.900E+01  1.114E-02 
1.506E+04   1.883E+01  1.101E-02 
1.526E+04   1.866E+01  1.089E-02 
1.546E+04   1.849E+01  1.077E-02 
1.566E+04   1.832E+01  1.064E-02 
1.586E+04   1.815E+01  1.052E-02 
1.607E+04   1.798E+01  1.041E-02 
1.628E+04   1.782E+01  1.029E-02 
1.649E+04   1.766E+01  1.017E-02 
1.670E+04   1.749E+01  1.006E-02 
1.692E+04   1.733E+01  9.944E-03 
1.714E+04   1.717E+01  9.832E-03 
1.736E+04   1.701E+01  9.721E-03 
1.759E+04   1.686E+01  9.611E-03 
1.782E+04   1.670E+01  9.502E-03 
1.805E+04   1.654E+01  9.395E-03 
1.828E+04   1.639E+01  9.289E-03 
1.852E+04   1.624E+01  9.184E-03 
1.876E+04   1.609E+01  9.080E-03 
1.900E+04   1.594E+01  8.978E-03 
1.925E+04   1.579E+01  8.876E-03 
1.950E+04   1.564E+01  8.776E-03 
1.976E+04   1.550E+01  8.677E-03 
2.001E+04   1.535E+01  8.578E-03 
2.027E+04   1.521E+01  8.481E-03 
2.054E+04   1.507E+01  8.385E-03 
2.080E+04   1.492E+01  8.291E-03 
2.107E+04   1.478E+01  8.197E-03 
2.135E+04   1.465E+01  8.104E-03 
2.162E+04   1.451E+01  8.012E-03 
2.191E+04   1.437E+01  7.921E-03 
2.219E+04   1.424E+01  7.832E-03 
2.248E+04   1.410E+01  7.743E-03 
2.277E+04   1.397E+01  7.655E-03 
2.307E+04   1.384E+01  7.568E-03 
2.337E+04   1.371E+01  7.483E-03 
2.367E+04   1.358E+01  7.398E-03 
2.398E+04   1.345E+01  7.314E-03 
2.429E+04   1.332E+01  7.231E-03 
2.461E+04   1.319E+01  7.149E-03 
2.492E+04   1.307E+01  7.068E-03 
2.525E+04   1.295E+01  6.987E-03 
2.558E+04   1.282E+01  6.908E-03 
2.591E+04   1.270E+01  6.830E-03 
2.625E+04   1.258E+01  6.752E-03 
2.659E+04   1.246E+01  6.675E-03 
2.693E+04   1.234E+01  6.599E-03 
2.728E+04   1.222E+01  6.524E-03 
2.764E+04   1.211E+01  6.450E-03 
2.800E+04   1.199E+01  6.377E-03 
2.836E+04   1.188E+01  6.304E-03 
2.873E+04   1.176E+01  6.233E-03 
2.910E+04   1.165E+01  6.162E-03 
2.948E+04   1.154E+01  6.092E-03 
2.986E+04   1.143E+01  6.022E-03 
3.025E+04   1.132E+01  5.954E-03 
3.065E+04   1.121E+01  5.886E-03 
3.104E+04   1.110E+01  5.819E-03 
3.145E+04   1.099E+01  5.753E-03 
3.186E+04   1.089E+01  5.687E-03 
3.227E+04   1.078E+01  5.623E-03 
3.269E+04   1.068E+01  5.558E-03 
3.311E+04   1.057E+01  5.495E-03 
3.354E+04   1.047E+01  5.432E-03 
3.398E+04   1.037E+01  5.371E-03 
3.442E+04   1.027E+01  5.309E-03 
3.487E+04   1.017E+01  5.249E-03 
3.532E+04   1.007E+01  5.189E-03 
3.578E+04   9.975E+00  5.130E-03 
3.625E+04   9.878E+00  5.071E-03 
3.672E+04   9.782E+00  5.013E-03 
3.719E+04   9.687E+00  4.956E-03 
3.768E+04   9.593E+00  4.899E-03 
3.817E+04   9.500E+00  4.843E-03 
3.866E+04   9.407E+00  4.788E-03 
3.917E+04   9.315E+00  4.733E-03 
3.968E+04   9.225E+00  4.679E-03 
4.019E+04   9.135E+00  4.626E-03 
4.071E+04   9.045E+00  4.573E-03 
4.124E+04   8.957E+00  4.521E-03 
4.178E+04   8.869E+00  4.469E-03 
4.232E+04   8.783E+00  4.418E-03 
4.287E+04   8.697E+00  4.367E-03 
4.343E+04   8.612E+00  4.317E-03 
4.399E+04   8.527E+00  4.268E-03 
4.456E+04   8.444E+00  4.219E-03 
4.514E+04   8.361E+00  4.171E-03 
4.573E+04   8.279E+00  4.123E-03 
4.632E+04   8.197E+00  4.076E-03 
4.693E+04   8.117E+00  4.029E-03 
4.754E+04   8.037E+00  3.983E-03 
4.815E+04   7.958E+00  3.938E-03 
4.878E+04   7.880E+00  3.892E-03 
4.941E+04   7.802E+00  3.848E-03 
5.006E+04   7.725E+00  3.804E-03 
5.071E+04   7.649E+00  3.760E-03 
5.137E+04   7.574E+00  3.717E-03 
5.203E+04   7.499E+00  3.674E-03 
5.271E+04   7.425E+00  3.632E-03 
5.340E+04   7.352E+00  3.591E-03 
5.409E+04   7.279E+00  3.549E-03 
5.479E+04   7.207E+00  3.509E-03 
5.550E+04   7.136E+00  3.468E-03 
5.623E+04   7.065E+00  3.429E-03 
5.696E+04   6.995E+00  3.389E-03 
5.770E+04   6.926E+00  3.350E-03 
5.845E+04   6.857E+00  3.312E-03 
5.921E+04   6.789E+00  3.274E-03 
5.998E+04   6.722E+00  3.236E-03 
6.075E+04   6.655E+00  3.199E-03 
6.154E+04   6.589E+00  3.162E-03 
6.234E+04   6.524E+00  3.126E-03 
6.315E+04   6.459E+00  3.090E-03 
6.398E+04   6.395E+00  3.055E-03 
6.481E+04   6.332E+00  3.019E-03 
6.565E+04   6.269E+00  2.985E-03 
6.650E+04   6.206E+00  2.950E-03 
6.737E+04   6.145E+00  2.916E-03 
6.824E+04   6.083E+00  2.883E-03 
6.913E+04   6.023E+00  2.850E-03 
7.003E+04   5.963E+00  2.817E-03 
7.094E+04   5.903E+00  2.784E-03 
7.186E+04   5.845E+00  2.752E-03 
7.279E+04   5.786E+00  2.721E-03 
7.374E+04   5.729E+00  2.689E-03 
7.470E+04   5.672E+00  2.658E-03 
7.567E+04   5.615E+00  2.628E-03 
7.665E+04   5.559E+00  2.598E-03 
7.765E+04   5.504E+00  2.568E-03 
7.866E+04   5.449E+00  2.538E-03 
7.968E+04   5.394E+00  2.509E-03 
8.072E+04   5.340E+00  2.480E-03 
8.176E+04   5.287E+00  2.451E-03 
8.283E+04   5.234E+00  2.423E-03 
8.390E+04   5.182E+00  2.395E-03 
8.499E+04   5.130E+00  2.367E-03 
8.610E+04   5.079E+00  2.340E-03 
8.722E+04   5.028E+00  2.313E-03 
8.835E+04   4.978E+00  2.286E-03 
8.950E+04   4.928E+00  2.260E-03 
9.066E+04   4.879E+00  2.234E-03 
9.184E+04   4.830E+00  2.208E-03 
9.303E+04   4.782E+00  2.183E-03 
9.424E+04   4.734E+00  2.157E-03 
9.547E+04   4.686E+00  2.133E-03 
9.671E+04   4.640E+00  2.108E-03 
9.797E+04   4.593E+00  2.084E-03 
9.924E+04   4.547E+00  2.060E-03 
1.005E+05   4.502E+00  2.036E-03 
1.018E+05   4.457E+00  2.012E-03 
1.032E+05   4.412E+00  1.989E-03 
1.045E+05   4.368E+00  1.966E-03 
1.059E+05   4.324E+00  1.943E-03 
1.072E+05   4.281E+00  1.921E-03 
1.086E+05   4.238E+00  1.899E-03 
1.100E+05   4.195E+00  1.877E-03 
1.115E+05   4.153E+00  1.855E-03 
1.129E+05   4.112E+00  1.833E-03 
1.144E+05   4.071E+00  1.812E-03 
1.159E+05   4.030E+00  1.791E-03 
1.174E+05   3.990E+00  1.770E-03 
1.189E+05   3.950E+00  1.750E-03 
1.204E+05   3.910E+00  1.730E-03 
1.220E+05   3.871E+00  1.710E-03 
1.236E+05   3.832E+00  1.690E-03 
1.252E+05   3.794E+00  1.670E-03 
1.268E+05   3.756E+00  1.651E-03 
1.285E+05   3.718E+00  1.632E-03 
1.302E+05   3.681E+00  1.613E-03 
1.318E+05   3.644E+00  1.594E-03 
1.336E+05   3.608E+00  1.576E-03 
1.353E+05   3.572E+00  1.557E-03 
1.371E+05   3.536E+00  1.539E-03 
1.388E+05   3.501E+00  1.522E-03 
1.406E+05   3.466E+00  1.504E-03 
1.425E+05   3.431E+00  1.486E-03 
1.443E+05   3.397E+00  1.469E-03 
1.462E+05   3.363E+00  1.452E-03 
1.481E+05   3.330E+00  1.435E-03 
1.500E+05   3.296E+00  1.419E-03 
1.520E+05   3.263E+00  1.402E-03 
1.539E+05   3.231E+00  1.386E-03 
1.559E+05   3.199E+00  1.370E-03 
1.580E+05   3.167E+00  1.354E-03 
1.600E+05   3.135E+00  1.338E-03 
1.621E+05   3.104E+00  1.323E-03 
1.642E+05   3.073E+00  1.307E-03 
1.663E+05   3.043E+00  1.292E-03 
1.685E+05   3.012E+00  1.277E-03 
1.707E+05   2.982E+00  1.262E-03 
1.729E+05   2.953E+00  1.248E-03 
1.752E+05   2.923E+00  1.233E-03 
1.774E+05   2.894E+00  1.219E-03 
1.797E+05   2.866E+00  1.205E-03 
1.821E+05   2.837E+00  1.191E-03 
1.844E+05   2.809E+00  1.177E-03 
1.868E+05   2.781E+00  1.163E-03 
1.893E+05   2.754E+00  1.150E-03 
1.917E+05   2.726E+00  1.136E-03 
1.942E+05   2.699E+00  1.123E-03 
1.967E+05   2.673E+00  1.110E-03 
1.993E+05   2.646E+00  1.097E-03 
2.019E+05   2.620E+00  1.084E-03 
2.045E+05   2.594E+00  1.072E-03 
2.072E+05   2.569E+00  1.059E-03 
2.099E+05   2.543E+00  1.047E-03 
2.126E+05   2.518E+00  1.035E-03 
2.154E+05   2.493E+00  1.023E-03 
2.182E+05   2.469E+00  1.011E-03 
2.210E+05   2.445E+00  9.988E-04 
2.239E+05   2.421E+00  9.872E-04 
2.268E+05   2.397E+00  9.757E-04 
2.297E+05   2.373E+00  9.643E-04 
2.327E+05   2.350E+00  9.531E-04 
2.357E+05   2.327E+00  9.420E-04 
2.388E+05   2.304E+00  9.310E-04 
2.419E+05   2.282E+00  9.202E-04 
2.450E+05   2.259E+00  9.094E-04 
2.482E+05   2.237E+00  8.988E-04 
2.515E+05   2.216E+00  8.883E-04 
2.547E+05   2.194E+00  8.780E-04 
2.580E+05   2.173E+00  8.677E-04 
2.614E+05   2.151E+00  8.576E-04 
2.648E+05   2.131E+00  8.476E-04 
2.682E+05   2.110E+00  8.377E-04 
2.717E+05   2.089E+00  8.279E-04 
2.752E+05   2.069E+00  8.183E-04 
2.788E+05   2.049E+00  8.087E-04 
2.824E+05   2.029E+00  7.993E-04 
2.861E+05   2.010E+00  7.899E-04 
2.898E+05   1.990E+00  7.807E-04 
2.936E+05   1.971E+00  7.716E-04 
2.974E+05   1.952E+00  7.626E-04 
3.013E+05   1.933E+00  7.537E-04 
3.052E+05   1.915E+00  7.449E-04 
3.092E+05   1.896E+00  7.362E-04 
3.132E+05   1.878E+00  7.276E-04 
3.172E+05   1.860E+00  7.191E-04 
3.214E+05   1.843E+00  7.107E-04 
3.255E+05   1.825E+00  7.024E-04 
3.298E+05   1.808E+00  6.941E-04 
3.341E+05   1.790E+00  6.860E-04 
3.384E+05   1.773E+00  6.780E-04 
3.428E+05   1.756E+00  6.701E-04 
3.473E+05   1.740E+00  6.622E-04 
3.518E+05   1.723E+00  6.545E-04 
3.563E+05   1.707E+00  6.468E-04 
3.610E+05   1.691E+00  6.393E-04 
3.657E+05   1.675E+00  6.318E-04 
3.704E+05   1.659E+00  6.244E-04 
3.752E+05   1.644E+00  6.171E-04 
3.801E+05   1.628E+00  6.099E-04 
3.851E+05   1.613E+00  6.027E-04 
3.901E+05   1.598E+00  5.957E-04 
3.951E+05   1.583E+00  5.887E-04 
4.003E+05   1.568E+00  5.818E-04 
