Ion = Helium      . Mass = 4.0026
Tgt = Fe (Solid). Density = 7.8658 g/cm3
Stopping Units =  eV/(1E15 atoms/cm2)
Energy(keV)  S(Elec)    S(Nuc)
1.000E+00   3.670E+00  3.284E+00 
1.013E+00   3.694E+00  3.288E+00 
1.026E+00   3.718E+00  3.291E+00 
1.039E+00   3.742E+00  3.294E+00 
1.053E+00   3.766E+00  3.298E+00 
1.067E+00   3.791E+00  3.301E+00 
1.081E+00   3.815E+00  3.304E+00 
1.095E+00   3.840E+00  3.307E+00 
1.109E+00   3.865E+00  3.310E+00 
1.123E+00   3.890E+00  3.312E+00 
1.138E+00   3.915E+00  3.315E+00 
1.153E+00   3.940E+00  3.318E+00 
1.168E+00   3.966E+00  3.320E+00 
1.183E+00   3.992E+00  3.323E+00 
1.198E+00   4.018E+00  3.325E+00 
1.214E+00   4.044E+00  3.328E+00 
1.229E+00   4.070E+00  3.330E+00 
1.245E+00   4.096E+00  3.332E+00 
1.262E+00   4.123E+00  3.334E+00 
1.278E+00   4.149E+00  3.336E+00 
1.295E+00   4.176E+00  3.338E+00 
1.311E+00   4.203E+00  3.340E+00 
1.329E+00   4.231E+00  3.341E+00 
1.346E+00   4.258E+00  3.343E+00 
1.363E+00   4.286E+00  3.345E+00 
1.381E+00   4.313E+00  3.346E+00 
1.399E+00   4.341E+00  3.347E+00 
1.417E+00   4.369E+00  3.349E+00 
1.436E+00   4.398E+00  3.350E+00 
1.454E+00   4.426E+00  3.351E+00 
1.473E+00   4.455E+00  3.352E+00 
1.492E+00   4.484E+00  3.353E+00 
1.512E+00   4.513E+00  3.354E+00 
1.531E+00   4.542E+00  3.355E+00 
1.551E+00   4.571E+00  3.355E+00 
1.571E+00   4.601E+00  3.356E+00 
1.592E+00   4.631E+00  3.356E+00 
1.612E+00   4.661E+00  3.357E+00 
1.633E+00   4.691E+00  3.357E+00 
1.655E+00   4.721E+00  3.357E+00 
1.676E+00   4.752E+00  3.357E+00 
1.698E+00   4.783E+00  3.357E+00 
1.720E+00   4.814E+00  3.357E+00 
1.742E+00   4.845E+00  3.357E+00 
1.765E+00   4.876E+00  3.357E+00 
1.788E+00   4.908E+00  3.357E+00 
1.811E+00   4.940E+00  3.356E+00 
1.835E+00   4.972E+00  3.356E+00 
1.859E+00   5.004E+00  3.355E+00 
1.883E+00   5.036E+00  3.354E+00 
1.907E+00   5.069E+00  3.354E+00 
1.932E+00   5.102E+00  3.353E+00 
1.957E+00   5.135E+00  3.352E+00 
1.983E+00   5.168E+00  3.351E+00 
2.008E+00   5.201E+00  3.349E+00 
2.034E+00   5.235E+00  3.348E+00 
2.061E+00   5.269E+00  3.347E+00 
2.088E+00   5.303E+00  3.345E+00 
2.115E+00   5.337E+00  3.344E+00 
2.142E+00   5.372E+00  3.342E+00 
2.170E+00   5.407E+00  3.340E+00 
2.198E+00   5.442E+00  3.338E+00 
2.227E+00   5.477E+00  3.336E+00 
2.256E+00   5.513E+00  3.334E+00 
2.285E+00   5.548E+00  3.332E+00 
2.315E+00   5.584E+00  3.330E+00 
2.345E+00   5.620E+00  3.327E+00 
2.375E+00   5.657E+00  3.325E+00 
2.406E+00   5.693E+00  3.322E+00 
2.438E+00   5.730E+00  3.320E+00 
2.469E+00   5.767E+00  3.317E+00 
2.501E+00   5.805E+00  3.314E+00 
2.534E+00   5.842E+00  3.311E+00 
2.567E+00   5.880E+00  3.308E+00 
2.600E+00   5.918E+00  3.305E+00 
2.634E+00   5.957E+00  3.302E+00 
2.668E+00   5.995E+00  3.298E+00 
2.703E+00   6.034E+00  3.295E+00 
2.738E+00   6.073E+00  3.291E+00 
2.773E+00   6.113E+00  3.288E+00 
2.810E+00   6.152E+00  3.284E+00 
2.846E+00   6.192E+00  3.280E+00 
2.883E+00   6.232E+00  3.276E+00 
2.921E+00   6.272E+00  3.272E+00 
2.958E+00   6.313E+00  3.268E+00 
2.997E+00   6.354E+00  3.264E+00 
3.036E+00   6.395E+00  3.260E+00 
3.075E+00   6.437E+00  3.255E+00 
3.115E+00   6.478E+00  3.251E+00 
3.156E+00   6.520E+00  3.246E+00 
3.197E+00   6.562E+00  3.242E+00 
3.238E+00   6.605E+00  3.237E+00 
3.280E+00   6.648E+00  3.232E+00 
3.323E+00   6.691E+00  3.227E+00 
3.366E+00   6.734E+00  3.222E+00 
3.410E+00   6.778E+00  3.217E+00 
3.454E+00   6.822E+00  3.211E+00 
3.499E+00   6.866E+00  3.206E+00 
3.545E+00   6.910E+00  3.201E+00 
3.591E+00   6.955E+00  3.195E+00 
3.637E+00   7.000E+00  3.189E+00 
3.685E+00   7.045E+00  3.184E+00 
3.733E+00   7.091E+00  3.178E+00 
3.781E+00   7.137E+00  3.172E+00 
3.830E+00   7.183E+00  3.166E+00 
3.880E+00   7.230E+00  3.160E+00 
3.930E+00   7.277E+00  3.154E+00 
3.982E+00   7.324E+00  3.147E+00 
4.033E+00   7.371E+00  3.141E+00 
4.086E+00   7.419E+00  3.134E+00 
4.139E+00   7.467E+00  3.128E+00 
4.193E+00   7.515E+00  3.121E+00 
4.247E+00   7.564E+00  3.115E+00 
4.302E+00   7.613E+00  3.108E+00 
4.358E+00   7.662E+00  3.101E+00 
4.415E+00   7.712E+00  3.094E+00 
4.472E+00   7.762E+00  3.087E+00 
4.530E+00   7.812E+00  3.080E+00 
4.589E+00   7.863E+00  3.072E+00 
4.649E+00   7.914E+00  3.065E+00 
4.709E+00   7.965E+00  3.058E+00 
4.770E+00   8.017E+00  3.050E+00 
4.832E+00   8.068E+00  3.043E+00 
4.895E+00   8.121E+00  3.035E+00 
4.959E+00   8.173E+00  3.027E+00 
5.023E+00   8.226E+00  3.019E+00 
5.089E+00   8.280E+00  3.011E+00 
5.155E+00   8.333E+00  3.003E+00 
5.222E+00   8.387E+00  2.995E+00 
5.290E+00   8.442E+00  2.987E+00 
5.358E+00   8.496E+00  2.979E+00 
5.428E+00   8.551E+00  2.971E+00 
5.499E+00   8.607E+00  2.962E+00 
5.570E+00   8.662E+00  2.954E+00 
5.642E+00   8.718E+00  2.945E+00 
5.716E+00   8.775E+00  2.937E+00 
5.790E+00   8.832E+00  2.928E+00 
5.865E+00   8.889E+00  2.919E+00 
5.942E+00   8.947E+00  2.911E+00 
6.019E+00   9.005E+00  2.902E+00 
6.097E+00   9.063E+00  2.893E+00 
6.176E+00   9.122E+00  2.884E+00 
6.256E+00   9.181E+00  2.875E+00 
6.338E+00   9.240E+00  2.865E+00 
6.420E+00   9.300E+00  2.856E+00 
6.504E+00   9.360E+00  2.847E+00 
6.588E+00   9.421E+00  2.838E+00 
6.674E+00   9.482E+00  2.828E+00 
6.760E+00   9.543E+00  2.819E+00 
6.848E+00   9.605E+00  2.809E+00 
6.937E+00   9.667E+00  2.800E+00 
7.027E+00   9.730E+00  2.790E+00 
7.119E+00   9.793E+00  2.780E+00 
7.211E+00   9.856E+00  2.770E+00 
7.305E+00   9.920E+00  2.761E+00 
7.400E+00   9.984E+00  2.751E+00 
7.496E+00   1.005E+01  2.741E+00 
7.594E+00   1.011E+01  2.731E+00 
7.692E+00   1.018E+01  2.721E+00 
7.792E+00   1.025E+01  2.711E+00 
7.894E+00   1.031E+01  2.700E+00 
7.996E+00   1.038E+01  2.690E+00 
8.100E+00   1.044E+01  2.680E+00 
8.205E+00   1.050E+01  2.670E+00 
8.312E+00   1.057E+01  2.659E+00 
8.420E+00   1.063E+01  2.649E+00 
8.529E+00   1.069E+01  2.638E+00 
8.640E+00   1.075E+01  2.628E+00 
8.753E+00   1.080E+01  2.617E+00 
8.866E+00   1.086E+01  2.607E+00 
8.982E+00   1.092E+01  2.596E+00 
9.098E+00   1.097E+01  2.585E+00 
9.217E+00   1.103E+01  2.575E+00 
9.336E+00   1.108E+01  2.564E+00 
9.458E+00   1.113E+01  2.553E+00 
9.581E+00   1.118E+01  2.542E+00 
9.705E+00   1.123E+01  2.531E+00 
9.831E+00   1.128E+01  2.520E+00 
9.959E+00   1.133E+01  2.510E+00 
1.009E+01   1.137E+01  2.499E+00 
1.022E+01   1.142E+01  2.488E+00 
1.035E+01   1.147E+01  2.477E+00 
1.049E+01   1.151E+01  2.465E+00 
1.062E+01   1.156E+01  2.454E+00 
1.076E+01   1.161E+01  2.443E+00 
1.090E+01   1.166E+01  2.432E+00 
1.104E+01   1.171E+01  2.421E+00 
1.119E+01   1.176E+01  2.410E+00 
1.133E+01   1.181E+01  2.398E+00 
1.148E+01   1.187E+01  2.387E+00 
1.163E+01   1.193E+01  2.376E+00 
1.178E+01   1.199E+01  2.365E+00 
1.193E+01   1.206E+01  2.353E+00 
1.209E+01   1.213E+01  2.342E+00 
1.224E+01   1.220E+01  2.331E+00 
1.240E+01   1.228E+01  2.319E+00 
1.256E+01   1.236E+01  2.308E+00 
1.273E+01   1.245E+01  2.296E+00 
1.289E+01   1.254E+01  2.285E+00 
1.306E+01   1.263E+01  2.274E+00 
1.323E+01   1.273E+01  2.262E+00 
1.340E+01   1.284E+01  2.251E+00 
1.358E+01   1.294E+01  2.239E+00 
1.375E+01   1.306E+01  2.228E+00 
1.393E+01   1.317E+01  2.216E+00 
1.411E+01   1.329E+01  2.205E+00 
1.430E+01   1.341E+01  2.193E+00 
1.448E+01   1.353E+01  2.182E+00 
1.467E+01   1.365E+01  2.170E+00 
1.486E+01   1.378E+01  2.159E+00 
1.505E+01   1.391E+01  2.147E+00 
1.525E+01   1.404E+01  2.136E+00 
1.545E+01   1.417E+01  2.124E+00 
1.565E+01   1.431E+01  2.112E+00 
1.585E+01   1.444E+01  2.101E+00 
1.606E+01   1.458E+01  2.089E+00 
1.627E+01   1.472E+01  2.078E+00 
1.648E+01   1.486E+01  2.066E+00 
1.669E+01   1.500E+01  2.055E+00 
1.691E+01   1.514E+01  2.043E+00 
1.713E+01   1.528E+01  2.032E+00 
1.735E+01   1.542E+01  2.020E+00 
1.758E+01   1.557E+01  2.009E+00 
1.781E+01   1.571E+01  1.997E+00 
1.804E+01   1.585E+01  1.986E+00 
1.827E+01   1.600E+01  1.974E+00 
1.851E+01   1.615E+01  1.963E+00 
1.875E+01   1.629E+01  1.951E+00 
1.899E+01   1.644E+01  1.940E+00 
1.924E+01   1.659E+01  1.929E+00 
1.949E+01   1.673E+01  1.917E+00 
1.974E+01   1.688E+01  1.906E+00 
2.000E+01   1.703E+01  1.894E+00 
2.026E+01   1.718E+01  1.883E+00 
2.052E+01   1.733E+01  1.872E+00 
2.079E+01   1.748E+01  1.860E+00 
2.106E+01   1.764E+01  1.849E+00 
2.133E+01   1.779E+01  1.838E+00 
2.161E+01   1.794E+01  1.826E+00 
2.189E+01   1.810E+01  1.815E+00 
2.218E+01   1.825E+01  1.804E+00 
2.247E+01   1.841E+01  1.793E+00 
2.276E+01   1.856E+01  1.781E+00 
2.305E+01   1.872E+01  1.770E+00 
2.335E+01   1.888E+01  1.759E+00 
2.366E+01   1.904E+01  1.748E+00 
2.396E+01   1.920E+01  1.737E+00 
2.428E+01   1.936E+01  1.726E+00 
2.459E+01   1.952E+01  1.715E+00 
2.491E+01   1.968E+01  1.704E+00 
2.523E+01   1.984E+01  1.693E+00 
2.556E+01   2.001E+01  1.682E+00 
2.589E+01   2.017E+01  1.671E+00 
2.623E+01   2.034E+01  1.660E+00 
2.657E+01   2.050E+01  1.649E+00 
2.692E+01   2.067E+01  1.638E+00 
2.727E+01   2.084E+01  1.627E+00 
2.762E+01   2.101E+01  1.616E+00 
2.798E+01   2.118E+01  1.606E+00 
2.834E+01   2.135E+01  1.595E+00 
2.871E+01   2.152E+01  1.584E+00 
2.909E+01   2.170E+01  1.574E+00 
2.946E+01   2.187E+01  1.563E+00 
2.985E+01   2.205E+01  1.552E+00 
3.023E+01   2.222E+01  1.542E+00 
3.063E+01   2.240E+01  1.531E+00 
3.103E+01   2.258E+01  1.521E+00 
3.143E+01   2.276E+01  1.510E+00 
3.184E+01   2.294E+01  1.500E+00 
3.225E+01   2.313E+01  1.489E+00 
3.267E+01   2.331E+01  1.479E+00 
3.309E+01   2.349E+01  1.469E+00 
3.352E+01   2.368E+01  1.458E+00 
3.396E+01   2.387E+01  1.448E+00 
3.440E+01   2.405E+01  1.438E+00 
3.485E+01   2.424E+01  1.428E+00 
3.530E+01   2.443E+01  1.418E+00 
3.576E+01   2.463E+01  1.408E+00 
3.623E+01   2.482E+01  1.398E+00 
3.670E+01   2.501E+01  1.388E+00 
3.717E+01   2.521E+01  1.378E+00 
3.766E+01   2.540E+01  1.368E+00 
3.815E+01   2.560E+01  1.358E+00 
3.864E+01   2.580E+01  1.348E+00 
3.914E+01   2.600E+01  1.338E+00 
3.965E+01   2.620E+01  1.328E+00 
4.017E+01   2.641E+01  1.319E+00 
4.069E+01   2.661E+01  1.309E+00 
4.122E+01   2.682E+01  1.299E+00 
4.175E+01   2.702E+01  1.290E+00 
4.230E+01   2.723E+01  1.280E+00 
4.285E+01   2.744E+01  1.271E+00 
4.340E+01   2.765E+01  1.261E+00 
4.397E+01   2.787E+01  1.252E+00 
4.454E+01   2.808E+01  1.242E+00 
4.512E+01   2.830E+01  1.233E+00 
4.570E+01   2.851E+01  1.224E+00 
4.630E+01   2.873E+01  1.215E+00 
4.690E+01   2.895E+01  1.205E+00 
4.751E+01   2.917E+01  1.196E+00 
4.813E+01   2.939E+01  1.187E+00 
4.875E+01   2.962E+01  1.178E+00 
4.939E+01   2.984E+01  1.169E+00 
5.003E+01   3.007E+01  1.160E+00 
5.068E+01   3.029E+01  1.151E+00 
5.134E+01   3.052E+01  1.142E+00 
5.200E+01   3.075E+01  1.133E+00 
5.268E+01   3.099E+01  1.125E+00 
5.336E+01   3.122E+01  1.116E+00 
5.406E+01   3.146E+01  1.107E+00 
5.476E+01   3.169E+01  1.098E+00 
5.547E+01   3.193E+01  1.090E+00 
5.619E+01   3.217E+01  1.081E+00 
5.692E+01   3.241E+01  1.073E+00 
5.766E+01   3.265E+01  1.064E+00 
5.841E+01   3.290E+01  1.056E+00 
5.917E+01   3.314E+01  1.048E+00 
5.994E+01   3.339E+01  1.039E+00 
6.072E+01   3.364E+01  1.031E+00 
6.151E+01   3.389E+01  1.023E+00 
6.231E+01   3.414E+01  1.015E+00 
6.312E+01   3.439E+01  1.006E+00 
6.394E+01   3.465E+01  9.983E-01 
6.477E+01   3.490E+01  9.903E-01 
6.561E+01   3.516E+01  9.823E-01 
6.646E+01   3.542E+01  9.743E-01 
6.733E+01   3.568E+01  9.664E-01 
6.820E+01   3.594E+01  9.585E-01 
6.909E+01   3.621E+01  9.507E-01 
6.999E+01   3.647E+01  9.430E-01 
7.090E+01   3.674E+01  9.353E-01 
7.182E+01   3.701E+01  9.276E-01 
7.275E+01   3.728E+01  9.200E-01 
7.370E+01   3.755E+01  9.124E-01 
7.465E+01   3.782E+01  9.049E-01 
7.562E+01   3.809E+01  8.974E-01 
7.661E+01   3.837E+01  8.899E-01 
7.760E+01   3.865E+01  8.826E-01 
7.861E+01   3.893E+01  8.752E-01 
7.963E+01   3.921E+01  8.679E-01 
8.067E+01   3.949E+01  8.607E-01 
8.172E+01   3.977E+01  8.535E-01 
8.278E+01   4.006E+01  8.463E-01 
8.385E+01   4.034E+01  8.392E-01 
8.494E+01   4.063E+01  8.321E-01 
8.605E+01   4.092E+01  8.251E-01 
8.717E+01   4.121E+01  8.181E-01 
8.830E+01   4.150E+01  8.112E-01 
8.945E+01   4.180E+01  8.043E-01 
9.061E+01   4.209E+01  7.975E-01 
9.179E+01   4.239E+01  7.907E-01 
9.298E+01   4.269E+01  7.840E-01 
9.419E+01   4.299E+01  7.773E-01 
9.541E+01   4.329E+01  7.706E-01 
9.665E+01   4.359E+01  7.640E-01 
9.791E+01   4.389E+01  7.574E-01 
9.918E+01   4.420E+01  7.509E-01 
1.005E+02   4.451E+01  7.444E-01 
1.018E+02   4.481E+01  7.380E-01 
1.031E+02   4.512E+01  7.316E-01 
1.044E+02   4.543E+01  7.253E-01 
1.058E+02   4.575E+01  7.190E-01 
1.072E+02   4.606E+01  7.127E-01 
1.086E+02   4.637E+01  7.065E-01 
1.100E+02   4.669E+01  7.004E-01 
1.114E+02   4.701E+01  6.942E-01 
1.129E+02   4.733E+01  6.882E-01 
1.143E+02   4.765E+01  6.821E-01 
1.158E+02   4.797E+01  6.761E-01 
1.173E+02   4.829E+01  6.702E-01 
1.188E+02   4.861E+01  6.643E-01 
1.204E+02   4.894E+01  6.584E-01 
1.219E+02   4.927E+01  6.526E-01 
1.235E+02   4.959E+01  6.468E-01 
1.251E+02   4.992E+01  6.411E-01 
1.268E+02   5.025E+01  6.354E-01 
1.284E+02   5.058E+01  6.297E-01 
1.301E+02   5.091E+01  6.241E-01 
1.318E+02   5.125E+01  6.185E-01 
1.335E+02   5.158E+01  6.130E-01 
1.352E+02   5.192E+01  6.075E-01 
1.370E+02   5.225E+01  6.021E-01 
1.388E+02   5.259E+01  5.967E-01 
1.406E+02   5.293E+01  5.913E-01 
1.424E+02   5.327E+01  5.860E-01 
1.442E+02   5.361E+01  5.807E-01 
1.461E+02   5.395E+01  5.755E-01 
1.480E+02   5.429E+01  5.703E-01 
1.499E+02   5.463E+01  5.651E-01 
1.519E+02   5.497E+01  5.600E-01 
1.539E+02   5.532E+01  5.549E-01 
1.559E+02   5.566E+01  5.498E-01 
1.579E+02   5.601E+01  5.448E-01 
1.599E+02   5.635E+01  5.399E-01 
1.620E+02   5.670E+01  5.349E-01 
1.641E+02   5.704E+01  5.301E-01 
1.662E+02   5.739E+01  5.252E-01 
1.684E+02   5.774E+01  5.204E-01 
1.706E+02   5.809E+01  5.039E-01 
1.728E+02   5.844E+01  4.993E-01 
1.751E+02   5.879E+01  4.948E-01 
1.773E+02   5.914E+01  4.903E-01 
1.796E+02   5.949E+01  4.858E-01 
1.820E+02   5.984E+01  4.814E-01 
1.843E+02   6.019E+01  4.770E-01 
1.867E+02   6.054E+01  4.726E-01 
1.892E+02   6.089E+01  4.682E-01 
1.916E+02   6.124E+01  4.639E-01 
1.941E+02   6.159E+01  4.597E-01 
1.966E+02   6.194E+01  4.554E-01 
1.992E+02   6.229E+01  4.512E-01 
2.018E+02   6.264E+01  4.470E-01 
2.044E+02   6.299E+01  4.429E-01 
2.071E+02   6.334E+01  4.388E-01 
2.097E+02   6.369E+01  4.347E-01 
2.125E+02   6.404E+01  4.307E-01 
2.152E+02   6.439E+01  4.266E-01 
2.180E+02   6.474E+01  4.227E-01 
2.209E+02   6.509E+01  4.187E-01 
2.237E+02   6.543E+01  4.148E-01 
2.266E+02   6.578E+01  4.109E-01 
2.296E+02   6.613E+01  4.071E-01 
2.326E+02   6.647E+01  4.032E-01 
2.356E+02   6.682E+01  3.994E-01 
2.387E+02   6.716E+01  3.957E-01 
2.418E+02   6.751E+01  3.919E-01 
2.449E+02   6.785E+01  3.882E-01 
2.481E+02   6.819E+01  3.846E-01 
2.513E+02   6.853E+01  3.809E-01 
2.546E+02   6.887E+01  3.773E-01 
2.579E+02   6.921E+01  3.737E-01 
2.612E+02   6.954E+01  3.702E-01 
2.646E+02   6.988E+01  3.667E-01 
2.681E+02   7.021E+01  3.632E-01 
2.716E+02   7.055E+01  3.597E-01 
2.751E+02   7.088E+01  3.563E-01 
2.787E+02   7.121E+01  3.529E-01 
2.823E+02   7.153E+01  3.495E-01 
2.859E+02   7.186E+01  3.462E-01 
2.897E+02   7.218E+01  3.429E-01 
2.934E+02   7.251E+01  3.396E-01 
2.972E+02   7.283E+01  3.363E-01 
3.011E+02   7.314E+01  3.331E-01 
3.050E+02   7.346E+01  3.299E-01 
3.090E+02   7.377E+01  3.267E-01 
3.130E+02   7.409E+01  3.235E-01 
3.171E+02   7.439E+01  3.204E-01 
3.212E+02   7.470E+01  3.173E-01 
3.254E+02   7.501E+01  3.142E-01 
3.296E+02   7.531E+01  3.112E-01 
3.339E+02   7.561E+01  3.082E-01 
3.382E+02   7.590E+01  3.052E-01 
3.426E+02   7.620E+01  3.022E-01 
3.471E+02   7.649E+01  2.993E-01 
3.516E+02   7.678E+01  2.964E-01 
3.561E+02   7.706E+01  2.935E-01 
3.608E+02   7.734E+01  2.906E-01 
3.655E+02   7.762E+01  2.878E-01 
3.702E+02   7.790E+01  2.850E-01 
3.750E+02   7.817E+01  2.822E-01 
3.799E+02   7.844E+01  2.794E-01 
3.848E+02   7.870E+01  2.767E-01 
3.898E+02   7.896E+01  2.740E-01 
3.949E+02   7.922E+01  2.713E-01 
4.000E+02   7.947E+01  2.686E-01 
4.052E+02   7.973E+01  2.660E-01 
4.105E+02   7.997E+01  2.633E-01 
4.158E+02   8.021E+01  2.607E-01 
4.212E+02   8.045E+01  2.582E-01 
4.267E+02   8.069E+01  2.556E-01 
4.323E+02   8.092E+01  2.531E-01 
4.379E+02   8.114E+01  2.506E-01 
4.436E+02   8.137E+01  2.481E-01 
4.493E+02   8.158E+01  2.457E-01 
4.552E+02   8.180E+01  2.432E-01 
4.611E+02   8.200E+01  2.408E-01 
4.671E+02   8.221E+01  2.384E-01 
4.731E+02   8.241E+01  2.360E-01 
4.793E+02   8.260E+01  2.337E-01 
4.855E+02   8.279E+01  2.314E-01 
4.918E+02   8.298E+01  2.291E-01 
4.982E+02   8.316E+01  2.268E-01 
5.047E+02   8.333E+01  2.245E-01 
5.113E+02   8.350E+01  2.223E-01 
5.179E+02   8.367E+01  2.200E-01 
5.246E+02   8.383E+01  2.178E-01 
5.315E+02   8.398E+01  2.157E-01 
5.384E+02   8.413E+01  2.135E-01 
5.454E+02   8.428E+01  2.113E-01 
5.524E+02   8.441E+01  2.092E-01 
5.596E+02   8.455E+01  2.071E-01 
5.669E+02   8.468E+01  2.050E-01 
5.743E+02   8.480E+01  2.030E-01 
5.817E+02   8.491E+01  2.009E-01 
5.893E+02   8.503E+01  1.989E-01 
5.969E+02   8.513E+01  1.969E-01 
6.047E+02   8.523E+01  1.949E-01 
6.126E+02   8.533E+01  1.929E-01 
6.205E+02   8.541E+01  1.910E-01 
6.286E+02   8.550E+01  1.891E-01 
6.368E+02   8.557E+01  1.871E-01 
6.450E+02   8.564E+01  1.852E-01 
6.534E+02   8.571E+01  1.834E-01 
6.619E+02   8.577E+01  1.815E-01 
6.705E+02   8.582E+01  1.797E-01 
6.792E+02   8.587E+01  1.778E-01 
6.881E+02   8.591E+01  1.760E-01 
6.970E+02   8.594E+01  1.742E-01 
7.061E+02   8.597E+01  1.725E-01 
7.152E+02   8.599E+01  1.707E-01 
7.245E+02   8.601E+01  1.690E-01 
7.339E+02   8.602E+01  1.672E-01 
7.435E+02   8.602E+01  1.655E-01 
7.531E+02   8.602E+01  1.638E-01 
7.629E+02   8.601E+01  1.622E-01 
7.728E+02   8.600E+01  1.605E-01 
7.829E+02   8.598E+01  1.589E-01 
7.931E+02   8.595E+01  1.572E-01 
8.034E+02   8.592E+01  1.556E-01 
8.138E+02   8.588E+01  1.540E-01 
8.244E+02   8.583E+01  1.524E-01 
8.351E+02   8.578E+01  1.509E-01 
8.460E+02   8.573E+01  1.493E-01 
8.570E+02   8.566E+01  1.478E-01 
8.681E+02   8.559E+01  1.463E-01 
8.794E+02   8.552E+01  1.448E-01 
8.908E+02   8.544E+01  1.433E-01 
9.024E+02   8.535E+01  1.418E-01 
9.141E+02   8.525E+01  1.403E-01 
9.260E+02   8.515E+01  1.389E-01 
9.380E+02   8.505E+01  1.374E-01 
9.502E+02   8.494E+01  1.360E-01 
9.626E+02   8.482E+01  1.346E-01 
9.751E+02   8.470E+01  1.332E-01 
9.877E+02   8.457E+01  1.318E-01 
1.001E+03   8.443E+01  1.305E-01 
1.014E+03   8.429E+01  1.291E-01 
1.027E+03   8.414E+01  1.278E-01 
1.040E+03   8.399E+01  1.265E-01 
1.054E+03   8.383E+01  1.251E-01 
1.067E+03   8.367E+01  1.238E-01 
1.081E+03   8.350E+01  1.226E-01 
1.095E+03   8.333E+01  1.213E-01 
1.109E+03   8.315E+01  1.200E-01 
1.124E+03   8.296E+01  1.188E-01 
1.138E+03   8.277E+01  1.175E-01 
1.153E+03   8.257E+01  1.163E-01 
1.168E+03   8.237E+01  1.151E-01 
1.183E+03   8.217E+01  1.139E-01 
1.199E+03   8.196E+01  1.127E-01 
1.214E+03   8.174E+01  1.115E-01 
1.230E+03   8.152E+01  1.104E-01 
1.246E+03   8.129E+01  1.092E-01 
1.262E+03   8.106E+01  1.081E-01 
1.279E+03   8.082E+01  1.069E-01 
1.295E+03   8.058E+01  1.058E-01 
1.312E+03   8.034E+01  1.047E-01 
1.329E+03   8.009E+01  1.036E-01 
1.347E+03   7.983E+01  1.025E-01 
1.364E+03   7.958E+01  1.014E-01 
1.382E+03   7.931E+01  1.004E-01 
1.400E+03   7.905E+01  9.932E-02 
1.418E+03   7.877E+01  9.827E-02 
1.436E+03   7.850E+01  9.724E-02 
1.455E+03   7.822E+01  9.621E-02 
1.474E+03   7.793E+01  9.520E-02 
1.493E+03   7.765E+01  9.420E-02 
1.513E+03   7.736E+01  9.320E-02 
1.532E+03   7.706E+01  9.222E-02 
1.552E+03   7.676E+01  9.125E-02 
1.572E+03   7.646E+01  9.028E-02 
1.593E+03   7.615E+01  8.933E-02 
1.613E+03   7.584E+01  8.838E-02 
1.634E+03   7.553E+01  8.745E-02 
1.656E+03   7.522E+01  8.652E-02 
1.677E+03   7.490E+01  8.561E-02 
1.699E+03   7.458E+01  8.470E-02 
1.721E+03   7.425E+01  8.380E-02 
1.743E+03   7.392E+01  8.292E-02 
1.766E+03   7.359E+01  8.204E-02 
1.789E+03   7.326E+01  8.117E-02 
1.812E+03   7.292E+01  8.030E-02 
1.836E+03   7.258E+01  7.945E-02 
1.860E+03   7.224E+01  7.861E-02 
1.884E+03   7.190E+01  7.777E-02 
1.908E+03   7.155E+01  7.694E-02 
1.933E+03   7.120E+01  7.612E-02 
1.958E+03   7.085E+01  7.531E-02 
1.984E+03   7.050E+01  7.451E-02 
2.009E+03   7.015E+01  7.372E-02 
2.036E+03   6.979E+01  7.293E-02 
2.062E+03   6.943E+01  7.215E-02 
2.089E+03   6.907E+01  7.138E-02 
2.116E+03   6.871E+01  7.062E-02 
2.143E+03   6.835E+01  6.987E-02 
2.171E+03   6.798E+01  6.912E-02 
2.200E+03   6.761E+01  6.838E-02 
2.228E+03   6.725E+01  6.765E-02 
2.257E+03   6.688E+01  6.693E-02 
2.286E+03   6.651E+01  6.621E-02 
2.316E+03   6.613E+01  6.550E-02 
2.346E+03   6.576E+01  6.480E-02 
2.377E+03   6.539E+01  6.411E-02 
2.408E+03   6.501E+01  6.342E-02 
2.439E+03   6.464E+01  6.274E-02 
2.471E+03   6.426E+01  6.207E-02 
2.503E+03   6.388E+01  6.140E-02 
2.535E+03   6.350E+01  6.074E-02 
2.568E+03   6.312E+01  6.009E-02 
2.602E+03   6.275E+01  5.944E-02 
2.635E+03   6.237E+01  5.880E-02 
2.670E+03   6.199E+01  5.817E-02 
2.704E+03   6.160E+01  5.754E-02 
2.740E+03   6.122E+01  5.692E-02 
2.775E+03   6.084E+01  5.631E-02 
2.811E+03   6.046E+01  5.571E-02 
2.848E+03   6.008E+01  5.510E-02 
2.885E+03   5.970E+01  5.451E-02 
2.922E+03   5.932E+01  5.392E-02 
2.960E+03   5.893E+01  5.334E-02 
2.999E+03   5.855E+01  5.276E-02 
3.038E+03   5.817E+01  5.220E-02 
3.077E+03   5.779E+01  5.163E-02 
3.117E+03   5.741E+01  5.107E-02 
3.158E+03   5.703E+01  5.052E-02 
3.199E+03   5.665E+01  4.997E-02 
3.240E+03   5.627E+01  4.943E-02 
3.282E+03   5.589E+01  4.890E-02 
3.325E+03   5.551E+01  4.837E-02 
3.368E+03   5.513E+01  4.785E-02 
3.412E+03   5.475E+01  4.733E-02 
3.456E+03   5.438E+01  4.681E-02 
3.501E+03   5.400E+01  4.631E-02 
3.547E+03   5.362E+01  4.580E-02 
3.593E+03   5.325E+01  4.531E-02 
3.640E+03   5.287E+01  4.482E-02 
3.687E+03   5.250E+01  4.433E-02 
3.735E+03   5.213E+01  4.385E-02 
3.783E+03   5.176E+01  4.337E-02 
3.832E+03   5.139E+01  4.290E-02 
3.882E+03   5.102E+01  4.243E-02 
3.933E+03   5.065E+01  4.197E-02 
3.984E+03   5.028E+01  4.151E-02 
4.036E+03   4.991E+01  4.106E-02 
4.088E+03   4.955E+01  4.061E-02 
4.141E+03   4.918E+01  4.017E-02 
4.195E+03   4.882E+01  3.973E-02 
4.250E+03   4.846E+01  3.930E-02 
4.305E+03   4.810E+01  3.887E-02 
4.361E+03   4.774E+01  3.845E-02 
4.417E+03   4.738E+01  3.803E-02 
4.475E+03   4.703E+01  3.761E-02 
4.533E+03   4.667E+01  3.720E-02 
4.592E+03   4.632E+01  3.680E-02 
4.652E+03   4.597E+01  3.639E-02 
4.712E+03   4.562E+01  3.600E-02 
4.773E+03   4.527E+01  3.560E-02 
4.835E+03   4.492E+01  3.521E-02 
4.898E+03   4.457E+01  3.483E-02 
4.962E+03   4.423E+01  3.445E-02 
5.026E+03   4.388E+01  3.407E-02 
5.092E+03   4.354E+01  3.370E-02 
5.158E+03   4.320E+01  3.333E-02 
5.225E+03   4.286E+01  3.296E-02 
5.293E+03   4.253E+01  3.260E-02 
5.362E+03   4.219E+01  3.224E-02 
5.431E+03   4.186E+01  3.189E-02 
5.502E+03   4.153E+01  3.154E-02 
5.573E+03   4.120E+01  3.119E-02 
5.646E+03   4.087E+01  3.085E-02 
5.719E+03   4.054E+01  3.051E-02 
5.793E+03   4.022E+01  3.018E-02 
5.869E+03   3.989E+01  2.984E-02 
5.945E+03   3.957E+01  2.952E-02 
6.022E+03   3.925E+01  2.919E-02 
6.101E+03   3.893E+01  2.887E-02 
6.180E+03   3.862E+01  2.855E-02 
6.260E+03   3.830E+01  2.824E-02 
6.341E+03   3.799E+01  2.793E-02 
6.424E+03   3.768E+01  2.762E-02 
6.507E+03   3.737E+01  2.732E-02 
6.592E+03   3.706E+01  2.701E-02 
6.678E+03   3.676E+01  2.672E-02 
6.764E+03   3.645E+01  2.642E-02 
6.852E+03   3.615E+01  2.613E-02 
6.941E+03   3.585E+01  2.584E-02 
7.032E+03   3.555E+01  2.556E-02 
7.123E+03   3.526E+01  2.527E-02 
7.216E+03   3.496E+01  2.500E-02 
7.309E+03   3.467E+01  2.472E-02 
7.404E+03   3.438E+01  2.445E-02 
7.501E+03   3.409E+01  2.418E-02 
7.598E+03   3.380E+01  2.391E-02 
7.697E+03   3.352E+01  2.364E-02 
7.797E+03   3.323E+01  2.338E-02 
7.898E+03   3.295E+01  2.312E-02 
8.001E+03   3.267E+01  2.287E-02 
8.105E+03   3.243E+01  2.261E-02 
8.210E+03   3.220E+01  2.236E-02 
8.317E+03   3.195E+01  2.212E-02 
8.425E+03   3.171E+01  2.187E-02 
8.534E+03   3.146E+01  2.163E-02 
8.645E+03   3.121E+01  2.139E-02 
8.758E+03   3.096E+01  2.115E-02 
8.871E+03   3.070E+01  2.092E-02 
8.987E+03   3.044E+01  2.068E-02 
9.104E+03   3.018E+01  2.046E-02 
9.222E+03   2.991E+01  2.023E-02 
9.342E+03   2.964E+01  2.000E-02 
9.463E+03   2.936E+01  1.978E-02 
9.586E+03   2.908E+01  1.956E-02 
9.711E+03   2.883E+01  1.934E-02 
9.837E+03   2.859E+01  1.913E-02 
9.965E+03   2.835E+01  1.892E-02 
1.009E+04   2.811E+01  1.871E-02 
1.023E+04   2.788E+01  1.850E-02 
1.036E+04   2.764E+01  1.829E-02 
1.049E+04   2.741E+01  1.809E-02 
1.063E+04   2.718E+01  1.789E-02 
1.077E+04   2.695E+01  1.769E-02 
1.091E+04   2.672E+01  1.749E-02 
1.105E+04   2.649E+01  1.730E-02 
1.119E+04   2.627E+01  1.710E-02 
1.134E+04   2.604E+01  1.691E-02 
1.149E+04   2.582E+01  1.672E-02 
1.163E+04   2.560E+01  1.654E-02 
1.179E+04   2.538E+01  1.635E-02 
1.194E+04   2.516E+01  1.617E-02 
1.209E+04   2.495E+01  1.599E-02 
1.225E+04   2.473E+01  1.581E-02 
1.241E+04   2.452E+01  1.563E-02 
1.257E+04   2.431E+01  1.546E-02 
1.274E+04   2.410E+01  1.529E-02 
1.290E+04   2.389E+01  1.512E-02 
1.307E+04   2.368E+01  1.495E-02 
1.324E+04   2.347E+01  1.478E-02 
1.341E+04   2.327E+01  1.461E-02 
1.358E+04   2.307E+01  1.445E-02 
1.376E+04   2.287E+01  1.429E-02 
1.394E+04   2.267E+01  1.413E-02 
1.412E+04   2.247E+01  1.397E-02 
1.431E+04   2.227E+01  1.381E-02 
1.449E+04   2.208E+01  1.366E-02 
1.468E+04   2.188E+01  1.351E-02 
1.487E+04   2.169E+01  1.335E-02 
1.506E+04   2.150E+01  1.320E-02 
1.526E+04   2.131E+01  1.306E-02 
1.546E+04   2.112E+01  1.291E-02 
1.566E+04   2.093E+01  1.277E-02 
1.586E+04   2.075E+01  1.262E-02 
1.607E+04   2.056E+01  1.248E-02 
1.628E+04   2.038E+01  1.234E-02 
1.649E+04   2.020E+01  1.220E-02 
1.670E+04   2.002E+01  1.206E-02 
1.692E+04   1.984E+01  1.193E-02 
1.714E+04   1.967E+01  1.180E-02 
1.736E+04   1.949E+01  1.166E-02 
1.759E+04   1.932E+01  1.153E-02 
1.782E+04   1.914E+01  1.140E-02 
1.805E+04   1.897E+01  1.127E-02 
1.828E+04   1.880E+01  1.115E-02 
1.852E+04   1.863E+01  1.102E-02 
1.876E+04   1.846E+01  1.090E-02 
1.900E+04   1.830E+01  1.077E-02 
1.925E+04   1.813E+01  1.065E-02 
1.950E+04   1.797E+01  1.053E-02 
1.976E+04   1.781E+01  1.041E-02 
2.001E+04   1.764E+01  1.030E-02 
2.027E+04   1.748E+01  1.018E-02 
2.054E+04   1.733E+01  1.007E-02 
2.080E+04   1.717E+01  9.953E-03 
2.107E+04   1.701E+01  9.841E-03 
2.135E+04   1.686E+01  9.730E-03 
2.162E+04   1.670E+01  9.620E-03 
2.191E+04   1.655E+01  9.511E-03 
2.219E+04   1.640E+01  9.404E-03 
2.248E+04   1.625E+01  9.298E-03 
2.277E+04   1.610E+01  9.193E-03 
2.307E+04   1.595E+01  9.089E-03 
2.337E+04   1.581E+01  8.986E-03 
2.367E+04   1.566E+01  8.885E-03 
2.398E+04   1.552E+01  8.784E-03 
2.429E+04   1.537E+01  8.685E-03 
2.461E+04   1.523E+01  8.587E-03 
2.492E+04   1.509E+01  8.490E-03 
2.525E+04   1.495E+01  8.394E-03 
2.558E+04   1.481E+01  8.299E-03 
2.591E+04   1.468E+01  8.205E-03 
2.625E+04   1.454E+01  8.112E-03 
2.659E+04   1.441E+01  8.020E-03 
2.693E+04   1.427E+01  7.929E-03 
2.728E+04   1.414E+01  7.839E-03 
2.764E+04   1.401E+01  7.751E-03 
2.800E+04   1.388E+01  7.663E-03 
2.836E+04   1.375E+01  7.576E-03 
2.873E+04   1.362E+01  7.490E-03 
2.910E+04   1.349E+01  7.405E-03 
2.948E+04   1.337E+01  7.321E-03 
2.986E+04   1.324E+01  7.238E-03 
3.025E+04   1.312E+01  7.156E-03 
3.065E+04   1.299E+01  7.075E-03 
3.104E+04   1.287E+01  6.995E-03 
3.145E+04   1.275E+01  6.915E-03 
3.186E+04   1.263E+01  6.837E-03 
3.227E+04   1.251E+01  6.759E-03 
3.269E+04   1.239E+01  6.682E-03 
3.311E+04   1.228E+01  6.606E-03 
3.354E+04   1.216E+01  6.531E-03 
3.398E+04   1.205E+01  6.457E-03 
3.442E+04   1.193E+01  6.384E-03 
3.487E+04   1.182E+01  6.311E-03 
3.532E+04   1.171E+01  6.239E-03 
3.578E+04   1.160E+01  6.169E-03 
3.625E+04   1.149E+01  6.098E-03 
3.672E+04   1.138E+01  6.029E-03 
3.719E+04   1.127E+01  5.960E-03 
3.768E+04   1.116E+01  5.893E-03 
3.817E+04   1.106E+01  5.825E-03 
3.866E+04   1.095E+01  5.759E-03 
3.917E+04   1.085E+01  5.694E-03 
3.968E+04   1.074E+01  5.629E-03 
4.019E+04   1.064E+01  5.565E-03 
4.071E+04   1.054E+01  5.501E-03 
4.124E+04   1.044E+01  5.439E-03 
4.178E+04   1.034E+01  5.377E-03 
4.232E+04   1.024E+01  5.315E-03 
4.287E+04   1.014E+01  5.255E-03 
4.343E+04   1.004E+01  5.195E-03 
4.399E+04   9.947E+00  5.135E-03 
4.456E+04   9.851E+00  5.077E-03 
4.514E+04   9.757E+00  5.019E-03 
4.573E+04   9.663E+00  4.962E-03 
4.632E+04   9.570E+00  4.905E-03 
4.693E+04   9.478E+00  4.849E-03 
4.754E+04   9.386E+00  4.794E-03 
4.815E+04   9.296E+00  4.739E-03 
4.878E+04   9.206E+00  4.685E-03 
4.941E+04   9.117E+00  4.631E-03 
5.006E+04   9.029E+00  4.578E-03 
5.071E+04   8.942E+00  4.526E-03 
5.137E+04   8.855E+00  4.474E-03 
5.203E+04   8.769E+00  4.423E-03 
5.271E+04   8.684E+00  4.373E-03 
5.340E+04   8.600E+00  4.323E-03 
5.409E+04   8.517E+00  4.273E-03 
5.479E+04   8.434E+00  4.224E-03 
5.550E+04   8.352E+00  4.176E-03 
5.623E+04   8.271E+00  4.128E-03 
5.696E+04   8.191E+00  4.081E-03 
5.770E+04   8.111E+00  4.034E-03 
5.845E+04   8.032E+00  3.988E-03 
5.921E+04   7.954E+00  3.942E-03 
5.998E+04   7.877E+00  3.897E-03 
6.075E+04   7.800E+00  3.853E-03 
6.154E+04   7.724E+00  3.808E-03 
6.234E+04   7.648E+00  3.765E-03 
6.315E+04   7.574E+00  3.722E-03 
6.398E+04   7.500E+00  3.679E-03 
6.481E+04   7.426E+00  3.637E-03 
6.565E+04   7.354E+00  3.595E-03 
6.650E+04   7.282E+00  3.554E-03 
6.737E+04   7.211E+00  3.513E-03 
6.824E+04   7.140E+00  3.473E-03 
6.913E+04   7.070E+00  3.433E-03 
7.003E+04   7.001E+00  3.394E-03 
7.094E+04   6.932E+00  3.355E-03 
7.186E+04   6.864E+00  3.316E-03 
7.279E+04   6.797E+00  3.278E-03 
7.374E+04   6.730E+00  3.240E-03 
7.470E+04   6.664E+00  3.203E-03 
7.567E+04   6.599E+00  3.166E-03 
7.665E+04   6.534E+00  3.130E-03 
7.765E+04   6.470E+00  3.094E-03 
7.866E+04   6.406E+00  3.058E-03 
7.968E+04   6.343E+00  3.023E-03 
8.072E+04   6.281E+00  2.989E-03 
8.176E+04   6.219E+00  2.954E-03 
8.283E+04   6.158E+00  2.920E-03 
8.390E+04   6.097E+00  2.887E-03 
8.499E+04   6.037E+00  2.853E-03 
8.610E+04   5.978E+00  2.821E-03 
8.722E+04   5.919E+00  2.788E-03 
8.835E+04   5.861E+00  2.756E-03 
8.950E+04   5.803E+00  2.724E-03 
9.066E+04   5.746E+00  2.693E-03 
9.184E+04   5.689E+00  2.662E-03 
9.303E+04   5.633E+00  2.631E-03 
9.424E+04   5.577E+00  2.601E-03 
9.547E+04   5.522E+00  2.571E-03 
9.671E+04   5.468E+00  2.541E-03 
9.797E+04   5.414E+00  2.512E-03 
9.924E+04   5.360E+00  2.483E-03 
1.005E+05   5.307E+00  2.455E-03 
1.018E+05   5.255E+00  2.426E-03 
1.032E+05   5.203E+00  2.398E-03 
1.045E+05   5.152E+00  2.371E-03 
1.059E+05   5.101E+00  2.343E-03 
1.072E+05   5.050E+00  2.316E-03 
1.086E+05   5.001E+00  2.290E-03 
1.100E+05   4.951E+00  2.263E-03 
1.115E+05   4.902E+00  2.237E-03 
1.129E+05   4.854E+00  2.211E-03 
1.144E+05   4.806E+00  2.186E-03 
1.159E+05   4.758E+00  2.160E-03 
1.174E+05   4.711E+00  2.136E-03 
1.189E+05   4.665E+00  2.111E-03 
1.204E+05   4.619E+00  2.086E-03 
1.220E+05   4.573E+00  2.062E-03 
1.236E+05   4.528E+00  2.039E-03 
1.252E+05   4.483E+00  2.015E-03 
1.268E+05   4.439E+00  1.992E-03 
1.285E+05   4.395E+00  1.969E-03 
1.302E+05   4.351E+00  1.946E-03 
1.318E+05   4.308E+00  1.923E-03 
1.336E+05   4.266E+00  1.901E-03 
1.353E+05   4.224E+00  1.879E-03 
1.371E+05   4.182E+00  1.857E-03 
1.388E+05   4.141E+00  1.836E-03 
1.406E+05   4.100E+00  1.815E-03 
1.425E+05   4.059E+00  1.794E-03 
1.443E+05   4.019E+00  1.773E-03 
1.462E+05   3.980E+00  1.752E-03 
1.481E+05   3.940E+00  1.732E-03 
1.500E+05   3.901E+00  1.712E-03 
1.520E+05   3.863E+00  1.692E-03 
1.539E+05   3.825E+00  1.673E-03 
1.559E+05   3.787E+00  1.653E-03 
1.580E+05   3.750E+00  1.634E-03 
1.600E+05   3.713E+00  1.615E-03 
1.621E+05   3.676E+00  1.597E-03 
1.642E+05   3.640E+00  1.578E-03 
1.663E+05   3.604E+00  1.560E-03 
1.685E+05   3.569E+00  1.542E-03 
1.707E+05   3.534E+00  1.524E-03 
1.729E+05   3.499E+00  1.506E-03 
1.752E+05   3.465E+00  1.489E-03 
1.774E+05   3.430E+00  1.471E-03 
1.797E+05   3.397E+00  1.454E-03 
1.821E+05   3.363E+00  1.437E-03 
1.844E+05   3.330E+00  1.421E-03 
1.868E+05   3.298E+00  1.404E-03 
1.893E+05   3.265E+00  1.388E-03 
1.917E+05   3.233E+00  1.372E-03 
1.942E+05   3.202E+00  1.356E-03 
1.967E+05   3.170E+00  1.340E-03 
1.993E+05   3.139E+00  1.325E-03 
2.019E+05   3.109E+00  1.309E-03 
2.045E+05   3.078E+00  1.294E-03 
2.072E+05   3.048E+00  1.279E-03 
2.099E+05   3.018E+00  1.264E-03 
2.126E+05   2.989E+00  1.249E-03 
2.154E+05   2.960E+00  1.235E-03 
2.182E+05   2.931E+00  1.221E-03 
2.210E+05   2.902E+00  1.206E-03 
2.239E+05   2.874E+00  1.192E-03 
2.268E+05   2.846E+00  1.179E-03 
2.297E+05   2.818E+00  1.165E-03 
2.327E+05   2.791E+00  1.151E-03 
2.357E+05   2.764E+00  1.138E-03 
2.388E+05   2.737E+00  1.125E-03 
2.419E+05   2.711E+00  1.112E-03 
2.450E+05   2.684E+00  1.099E-03 
2.482E+05   2.658E+00  1.086E-03 
2.515E+05   2.633E+00  1.073E-03 
2.547E+05   2.607E+00  1.061E-03 
2.580E+05   2.582E+00  1.048E-03 
2.614E+05   2.557E+00  1.036E-03 
2.648E+05   2.532E+00  1.024E-03 
2.682E+05   2.508E+00  1.012E-03 
2.717E+05   2.484E+00  1.000E-03 
2.752E+05   2.460E+00  9.887E-04 
2.788E+05   2.436E+00  9.772E-04 
2.824E+05   2.413E+00  9.658E-04 
2.861E+05   2.390E+00  9.546E-04 
2.898E+05   2.367E+00  9.435E-04 
2.936E+05   2.344E+00  9.325E-04 
2.974E+05   2.322E+00  9.216E-04 
3.013E+05   2.300E+00  9.109E-04 
3.052E+05   2.278E+00  9.002E-04 
3.092E+05   2.256E+00  8.897E-04 
3.132E+05   2.235E+00  8.794E-04 
3.172E+05   2.214E+00  8.691E-04 
3.214E+05   2.193E+00  8.590E-04 
3.255E+05   2.172E+00  8.490E-04 
3.298E+05   2.151E+00  8.390E-04 
3.341E+05   2.131E+00  8.293E-04 
3.384E+05   2.111E+00  8.196E-04 
3.428E+05   2.091E+00  8.100E-04 
3.473E+05   2.071E+00  8.006E-04 
3.518E+05   2.052E+00  7.912E-04 
3.563E+05   2.033E+00  7.820E-04 
3.610E+05   2.013E+00  7.728E-04 
3.657E+05   1.995E+00  7.638E-04 
3.704E+05   1.976E+00  7.549E-04 
3.752E+05   1.958E+00  7.461E-04 
3.801E+05   1.939E+00  7.374E-04 
3.851E+05   1.921E+00  7.288E-04 
3.901E+05   1.903E+00  7.202E-04 
3.951E+05   1.886E+00  7.118E-04 
4.003E+05   1.868E+00  7.035E-04 
