Ion = Hydrogen    . Mass = 1.0079
Tgt = Pm (Solid). Density = 6.475 g/cm3
Stopping Units =  eV/(1E15 atoms/cm2)
Energy(keV)  S(Elec)    S(Nuc)
1.000E+00   7.979E+00  3.020E-01 
1.012E+00   8.025E+00  3.023E-01 
1.023E+00   8.072E+00  3.027E-01 
1.035E+00   8.119E+00  3.030E-01 
1.047E+00   8.165E+00  3.033E-01 
1.059E+00   8.213E+00  3.037E-01 
1.072E+00   8.260E+00  3.040E-01 
1.084E+00   8.308E+00  3.043E-01 
1.097E+00   8.356E+00  3.046E-01 
1.109E+00   8.404E+00  3.049E-01 
1.122E+00   8.453E+00  3.052E-01 
1.135E+00   8.502E+00  3.055E-01 
1.148E+00   8.551E+00  3.058E-01 
1.162E+00   8.600E+00  3.061E-01 
1.175E+00   8.650E+00  3.064E-01 
1.189E+00   8.700E+00  3.067E-01 
1.203E+00   8.751E+00  3.069E-01 
1.217E+00   8.801E+00  3.072E-01 
1.231E+00   8.852E+00  3.075E-01 
1.245E+00   8.903E+00  3.077E-01 
1.259E+00   8.955E+00  3.080E-01 
1.274E+00   9.006E+00  3.082E-01 
1.289E+00   9.059E+00  3.085E-01 
1.304E+00   9.111E+00  3.087E-01 
1.319E+00   9.164E+00  3.090E-01 
1.334E+00   9.217E+00  3.092E-01 
1.350E+00   9.270E+00  3.094E-01 
1.365E+00   9.324E+00  3.096E-01 
1.381E+00   9.377E+00  3.098E-01 
1.397E+00   9.432E+00  3.101E-01 
1.413E+00   9.486E+00  3.103E-01 
1.430E+00   9.541E+00  3.105E-01 
1.446E+00   9.596E+00  3.107E-01 
1.463E+00   9.652E+00  3.108E-01 
1.480E+00   9.708E+00  3.110E-01 
1.497E+00   9.764E+00  3.112E-01 
1.515E+00   9.820E+00  3.114E-01 
1.532E+00   9.877E+00  3.115E-01 
1.550E+00   9.934E+00  3.117E-01 
1.568E+00   9.991E+00  3.119E-01 
1.586E+00   1.005E+01  3.120E-01 
1.605E+00   1.011E+01  3.121E-01 
1.623E+00   1.017E+01  3.123E-01 
1.642E+00   1.022E+01  3.124E-01 
1.661E+00   1.028E+01  3.125E-01 
1.680E+00   1.034E+01  3.127E-01 
1.700E+00   1.040E+01  3.128E-01 
1.719E+00   1.046E+01  3.129E-01 
1.739E+00   1.052E+01  3.130E-01 
1.760E+00   1.058E+01  3.131E-01 
1.780E+00   1.065E+01  3.132E-01 
1.801E+00   1.071E+01  3.133E-01 
1.822E+00   1.077E+01  3.134E-01 
1.843E+00   1.083E+01  3.134E-01 
1.864E+00   1.089E+01  3.135E-01 
1.886E+00   1.096E+01  3.136E-01 
1.908E+00   1.102E+01  3.136E-01 
1.930E+00   1.108E+01  3.137E-01 
1.952E+00   1.115E+01  3.137E-01 
1.975E+00   1.121E+01  3.138E-01 
1.998E+00   1.128E+01  3.138E-01 
2.021E+00   1.134E+01  3.138E-01 
2.044E+00   1.140E+01  3.139E-01 
2.068E+00   1.145E+01  3.139E-01 
2.092E+00   1.151E+01  3.139E-01 
2.116E+00   1.157E+01  3.139E-01 
2.141E+00   1.163E+01  3.139E-01 
2.166E+00   1.168E+01  3.139E-01 
2.191E+00   1.174E+01  3.139E-01 
2.216E+00   1.180E+01  3.138E-01 
2.242E+00   1.186E+01  3.138E-01 
2.268E+00   1.192E+01  3.138E-01 
2.294E+00   1.198E+01  3.137E-01 
2.321E+00   1.204E+01  3.137E-01 
2.348E+00   1.210E+01  3.136E-01 
2.375E+00   1.216E+01  3.136E-01 
2.402E+00   1.222E+01  3.135E-01 
2.430E+00   1.228E+01  3.134E-01 
2.458E+00   1.234E+01  3.134E-01 
2.487E+00   1.241E+01  3.133E-01 
2.516E+00   1.247E+01  3.132E-01 
2.545E+00   1.253E+01  3.131E-01 
2.574E+00   1.259E+01  3.130E-01 
2.604E+00   1.266E+01  3.129E-01 
2.635E+00   1.272E+01  3.128E-01 
2.665E+00   1.278E+01  3.126E-01 
2.696E+00   1.285E+01  3.125E-01 
2.727E+00   1.291E+01  3.124E-01 
2.759E+00   1.298E+01  3.122E-01 
2.791E+00   1.304E+01  3.121E-01 
2.823E+00   1.311E+01  3.119E-01 
2.856E+00   1.318E+01  3.118E-01 
2.889E+00   1.324E+01  3.116E-01 
2.923E+00   1.331E+01  3.114E-01 
2.957E+00   1.338E+01  3.112E-01 
2.991E+00   1.344E+01  3.110E-01 
3.026E+00   1.351E+01  3.109E-01 
3.061E+00   1.358E+01  3.107E-01 
3.096E+00   1.365E+01  3.104E-01 
3.132E+00   1.372E+01  3.102E-01 
3.168E+00   1.379E+01  3.100E-01 
3.205E+00   1.386E+01  3.098E-01 
3.242E+00   1.393E+01  3.095E-01 
3.280E+00   1.400E+01  3.093E-01 
3.318E+00   1.407E+01  3.091E-01 
3.356E+00   1.414E+01  3.088E-01 
3.395E+00   1.421E+01  3.085E-01 
3.435E+00   1.428E+01  3.083E-01 
3.475E+00   1.436E+01  3.080E-01 
3.515E+00   1.443E+01  3.077E-01 
3.556E+00   1.450E+01  3.074E-01 
3.597E+00   1.458E+01  3.071E-01 
3.639E+00   1.465E+01  3.068E-01 
3.681E+00   1.473E+01  3.065E-01 
3.724E+00   1.480E+01  3.062E-01 
3.767E+00   1.488E+01  3.059E-01 
3.810E+00   1.495E+01  3.056E-01 
3.855E+00   1.503E+01  3.052E-01 
3.899E+00   1.510E+01  3.049E-01 
3.945E+00   1.518E+01  3.045E-01 
3.990E+00   1.526E+01  3.042E-01 
4.037E+00   1.534E+01  3.038E-01 
4.083E+00   1.542E+01  3.034E-01 
4.131E+00   1.549E+01  3.031E-01 
4.179E+00   1.557E+01  3.027E-01 
4.227E+00   1.565E+01  3.023E-01 
4.276E+00   1.573E+01  3.019E-01 
4.326E+00   1.581E+01  3.015E-01 
4.376E+00   1.589E+01  3.011E-01 
4.427E+00   1.598E+01  3.007E-01 
4.478E+00   1.606E+01  3.003E-01 
4.530E+00   1.614E+01  2.998E-01 
4.583E+00   1.622E+01  2.994E-01 
4.636E+00   1.630E+01  2.990E-01 
4.690E+00   1.639E+01  2.985E-01 
4.744E+00   1.647E+01  2.981E-01 
4.799E+00   1.656E+01  2.976E-01 
4.855E+00   1.664E+01  2.971E-01 
4.911E+00   1.673E+01  2.967E-01 
4.968E+00   1.681E+01  2.962E-01 
5.026E+00   1.690E+01  2.957E-01 
5.084E+00   1.698E+01  2.952E-01 
5.143E+00   1.707E+01  2.947E-01 
5.202E+00   1.716E+01  2.942E-01 
5.263E+00   1.725E+01  2.937E-01 
5.324E+00   1.734E+01  2.932E-01 
5.386E+00   1.742E+01  2.926E-01 
5.448E+00   1.751E+01  2.921E-01 
5.511E+00   1.760E+01  2.916E-01 
5.575E+00   1.769E+01  2.910E-01 
5.640E+00   1.779E+01  2.905E-01 
5.705E+00   1.788E+01  2.899E-01 
5.771E+00   1.797E+01  2.894E-01 
5.838E+00   1.806E+01  2.888E-01 
5.906E+00   1.815E+01  2.882E-01 
5.975E+00   1.825E+01  2.877E-01 
6.044E+00   1.834E+01  2.871E-01 
6.114E+00   1.843E+01  2.865E-01 
6.185E+00   1.853E+01  2.859E-01 
6.257E+00   1.862E+01  2.853E-01 
6.329E+00   1.872E+01  2.847E-01 
6.403E+00   1.882E+01  2.840E-01 
6.477E+00   1.891E+01  2.834E-01 
6.552E+00   1.901E+01  2.828E-01 
6.628E+00   1.911E+01  2.822E-01 
6.705E+00   1.921E+01  2.815E-01 
6.783E+00   1.930E+01  2.809E-01 
6.861E+00   1.940E+01  2.802E-01 
6.941E+00   1.950E+01  2.796E-01 
7.021E+00   1.960E+01  2.789E-01 
7.103E+00   1.970E+01  2.783E-01 
7.185E+00   1.980E+01  2.776E-01 
7.269E+00   1.991E+01  2.769E-01 
7.353E+00   2.001E+01  2.762E-01 
7.438E+00   2.011E+01  2.755E-01 
7.524E+00   2.021E+01  2.748E-01 
7.612E+00   2.032E+01  2.741E-01 
7.700E+00   2.042E+01  2.734E-01 
7.789E+00   2.053E+01  2.727E-01 
7.880E+00   2.063E+01  2.720E-01 
7.971E+00   2.074E+01  2.713E-01 
8.064E+00   2.085E+01  2.706E-01 
8.157E+00   2.095E+01  2.698E-01 
8.252E+00   2.106E+01  2.691E-01 
8.347E+00   2.117E+01  2.684E-01 
8.444E+00   2.128E+01  2.676E-01 
8.542E+00   2.138E+01  2.669E-01 
8.641E+00   2.149E+01  2.661E-01 
8.741E+00   2.160E+01  2.654E-01 
8.843E+00   2.172E+01  2.646E-01 
8.945E+00   2.183E+01  2.638E-01 
9.049E+00   2.194E+01  2.631E-01 
9.154E+00   2.205E+01  2.623E-01 
9.260E+00   2.216E+01  2.615E-01 
9.368E+00   2.228E+01  2.607E-01 
9.476E+00   2.239E+01  2.599E-01 
9.586E+00   2.250E+01  2.591E-01 
9.698E+00   2.262E+01  2.583E-01 
9.810E+00   2.274E+01  2.575E-01 
9.924E+00   2.285E+01  2.567E-01 
1.004E+01   2.297E+01  2.559E-01 
1.016E+01   2.308E+01  2.551E-01 
1.027E+01   2.320E+01  2.543E-01 
1.039E+01   2.332E+01  2.534E-01 
1.051E+01   2.344E+01  2.526E-01 
1.063E+01   2.356E+01  2.518E-01 
1.076E+01   2.368E+01  2.510E-01 
1.088E+01   2.380E+01  2.501E-01 
1.101E+01   2.392E+01  2.493E-01 
1.114E+01   2.404E+01  2.484E-01 
1.127E+01   2.416E+01  2.476E-01 
1.140E+01   2.429E+01  2.467E-01 
1.153E+01   2.441E+01  2.459E-01 
1.166E+01   2.453E+01  2.450E-01 
1.180E+01   2.466E+01  2.442E-01 
1.193E+01   2.478E+01  2.433E-01 
1.207E+01   2.491E+01  2.424E-01 
1.221E+01   2.503E+01  2.415E-01 
1.235E+01   2.516E+01  2.407E-01 
1.250E+01   2.529E+01  2.398E-01 
1.264E+01   2.541E+01  2.389E-01 
1.279E+01   2.554E+01  2.380E-01 
1.294E+01   2.567E+01  2.371E-01 
1.309E+01   2.580E+01  2.363E-01 
1.324E+01   2.593E+01  2.354E-01 
1.339E+01   2.606E+01  2.345E-01 
1.355E+01   2.619E+01  2.336E-01 
1.371E+01   2.632E+01  2.327E-01 
1.387E+01   2.645E+01  2.318E-01 
1.403E+01   2.659E+01  2.309E-01 
1.419E+01   2.672E+01  2.300E-01 
1.435E+01   2.685E+01  2.291E-01 
1.452E+01   2.699E+01  2.281E-01 
1.469E+01   2.712E+01  2.272E-01 
1.486E+01   2.726E+01  2.263E-01 
1.503E+01   2.739E+01  2.254E-01 
1.521E+01   2.753E+01  2.245E-01 
1.538E+01   2.766E+01  2.236E-01 
1.556E+01   2.780E+01  2.226E-01 
1.574E+01   2.794E+01  2.217E-01 
1.592E+01   2.808E+01  2.208E-01 
1.611E+01   2.821E+01  2.199E-01 
1.629E+01   2.835E+01  2.189E-01 
1.648E+01   2.849E+01  2.180E-01 
1.667E+01   2.863E+01  2.171E-01 
1.687E+01   2.877E+01  2.161E-01 
1.706E+01   2.891E+01  2.152E-01 
1.726E+01   2.906E+01  2.143E-01 
1.746E+01   2.920E+01  2.133E-01 
1.766E+01   2.934E+01  2.124E-01 
1.787E+01   2.948E+01  2.114E-01 
1.808E+01   2.963E+01  2.105E-01 
1.829E+01   2.977E+01  2.096E-01 
1.850E+01   2.991E+01  2.086E-01 
1.871E+01   3.006E+01  2.077E-01 
1.893E+01   3.020E+01  2.067E-01 
1.915E+01   3.035E+01  2.058E-01 
1.937E+01   3.049E+01  2.048E-01 
1.960E+01   3.064E+01  2.039E-01 
1.982E+01   3.079E+01  2.030E-01 
2.005E+01   3.093E+01  2.020E-01 
2.029E+01   3.108E+01  2.011E-01 
2.052E+01   3.123E+01  2.001E-01 
2.076E+01   3.138E+01  1.992E-01 
2.100E+01   3.153E+01  1.982E-01 
2.124E+01   3.168E+01  1.973E-01 
2.149E+01   3.183E+01  1.963E-01 
2.174E+01   3.198E+01  1.954E-01 
2.199E+01   3.213E+01  1.944E-01 
2.225E+01   3.228E+01  1.935E-01 
2.250E+01   3.243E+01  1.925E-01 
2.277E+01   3.258E+01  1.916E-01 
2.303E+01   3.273E+01  1.906E-01 
2.330E+01   3.288E+01  1.897E-01 
2.357E+01   3.303E+01  1.887E-01 
2.384E+01   3.318E+01  1.878E-01 
2.412E+01   3.334E+01  1.868E-01 
2.440E+01   3.349E+01  1.859E-01 
2.468E+01   3.364E+01  1.850E-01 
2.497E+01   3.380E+01  1.840E-01 
2.526E+01   3.395E+01  1.831E-01 
2.555E+01   3.410E+01  1.821E-01 
2.584E+01   3.426E+01  1.812E-01 
2.614E+01   3.441E+01  1.802E-01 
2.645E+01   3.456E+01  1.793E-01 
2.675E+01   3.472E+01  1.784E-01 
2.707E+01   3.487E+01  1.774E-01 
2.738E+01   3.503E+01  1.765E-01 
2.770E+01   3.518E+01  1.755E-01 
2.802E+01   3.534E+01  1.746E-01 
2.834E+01   3.549E+01  1.737E-01 
2.867E+01   3.565E+01  1.727E-01 
2.900E+01   3.580E+01  1.718E-01 
2.934E+01   3.595E+01  1.709E-01 
2.968E+01   3.611E+01  1.700E-01 
3.003E+01   3.626E+01  1.690E-01 
3.037E+01   3.642E+01  1.681E-01 
3.073E+01   3.657E+01  1.672E-01 
3.108E+01   3.673E+01  1.663E-01 
3.144E+01   3.688E+01  1.653E-01 
3.181E+01   3.704E+01  1.644E-01 
3.218E+01   3.719E+01  1.635E-01 
3.255E+01   3.734E+01  1.626E-01 
3.293E+01   3.750E+01  1.617E-01 
3.331E+01   3.765E+01  1.607E-01 
3.370E+01   3.781E+01  1.598E-01 
3.409E+01   3.796E+01  1.589E-01 
3.448E+01   3.811E+01  1.580E-01 
3.488E+01   3.826E+01  1.571E-01 
3.529E+01   3.842E+01  1.562E-01 
3.570E+01   3.857E+01  1.553E-01 
3.611E+01   3.872E+01  1.544E-01 
3.653E+01   3.887E+01  1.535E-01 
3.695E+01   3.902E+01  1.526E-01 
3.738E+01   3.917E+01  1.517E-01 
3.781E+01   3.932E+01  1.508E-01 
3.825E+01   3.947E+01  1.499E-01 
3.870E+01   3.962E+01  1.490E-01 
3.915E+01   3.977E+01  1.482E-01 
3.960E+01   3.992E+01  1.473E-01 
4.006E+01   4.006E+01  1.464E-01 
4.052E+01   4.021E+01  1.455E-01 
4.099E+01   4.036E+01  1.446E-01 
4.147E+01   4.050E+01  1.438E-01 
4.195E+01   4.065E+01  1.429E-01 
4.244E+01   4.079E+01  1.420E-01 
4.293E+01   4.093E+01  1.412E-01 
4.343E+01   4.107E+01  1.403E-01 
4.393E+01   4.122E+01  1.394E-01 
4.444E+01   4.136E+01  1.386E-01 
4.496E+01   4.150E+01  1.377E-01 
4.548E+01   4.163E+01  1.369E-01 
4.600E+01   4.177E+01  1.360E-01 
4.654E+01   4.191E+01  1.352E-01 
4.708E+01   4.204E+01  1.343E-01 
4.762E+01   4.218E+01  1.335E-01 
4.818E+01   4.231E+01  1.327E-01 
4.873E+01   4.245E+01  1.318E-01 
4.930E+01   4.258E+01  1.310E-01 
4.987E+01   4.271E+01  1.302E-01 
5.045E+01   4.284E+01  1.293E-01 
5.104E+01   4.296E+01  1.285E-01 
5.163E+01   4.309E+01  1.277E-01 
5.223E+01   4.321E+01  1.269E-01 
5.283E+01   4.334E+01  1.261E-01 
5.344E+01   4.346E+01  1.252E-01 
5.406E+01   4.358E+01  1.244E-01 
5.469E+01   4.370E+01  1.236E-01 
5.533E+01   4.382E+01  1.228E-01 
5.597E+01   4.393E+01  1.220E-01 
5.662E+01   4.405E+01  1.212E-01 
5.727E+01   4.416E+01  1.204E-01 
5.794E+01   4.427E+01  1.196E-01 
5.861E+01   4.438E+01  1.189E-01 
5.929E+01   4.449E+01  1.181E-01 
5.998E+01   4.459E+01  1.173E-01 
6.067E+01   4.470E+01  1.165E-01 
6.138E+01   4.480E+01  1.157E-01 
6.209E+01   4.490E+01  1.150E-01 
6.281E+01   4.500E+01  1.142E-01 
6.354E+01   4.510E+01  1.134E-01 
6.427E+01   4.519E+01  1.127E-01 
6.502E+01   4.528E+01  1.119E-01 
6.577E+01   4.537E+01  1.112E-01 
6.654E+01   4.546E+01  1.104E-01 
6.731E+01   4.555E+01  1.097E-01 
6.809E+01   4.563E+01  1.089E-01 
6.888E+01   4.571E+01  1.082E-01 
6.968E+01   4.579E+01  1.074E-01 
7.049E+01   4.587E+01  1.067E-01 
7.130E+01   4.595E+01  1.060E-01 
7.213E+01   4.602E+01  1.052E-01 
7.297E+01   4.609E+01  1.045E-01 
7.381E+01   4.616E+01  1.038E-01 
7.467E+01   4.622E+01  1.031E-01 
7.554E+01   4.629E+01  1.023E-01 
7.641E+01   4.635E+01  1.016E-01 
7.730E+01   4.641E+01  1.009E-01 
7.820E+01   4.646E+01  1.002E-01 
7.910E+01   4.652E+01  9.952E-02 
8.002E+01   4.657E+01  9.882E-02 
8.095E+01   4.662E+01  9.812E-02 
8.189E+01   4.666E+01  9.743E-02 
8.284E+01   4.670E+01  9.674E-02 
8.380E+01   4.675E+01  9.606E-02 
8.477E+01   4.678E+01  9.537E-02 
8.575E+01   4.682E+01  9.470E-02 
8.675E+01   4.685E+01  9.402E-02 
8.775E+01   4.688E+01  9.335E-02 
8.877E+01   4.691E+01  9.268E-02 
8.980E+01   4.693E+01  9.202E-02 
9.084E+01   4.695E+01  9.135E-02 
9.190E+01   4.697E+01  9.070E-02 
9.296E+01   4.699E+01  9.004E-02 
9.404E+01   4.700E+01  8.939E-02 
9.513E+01   4.701E+01  8.874E-02 
9.624E+01   4.702E+01  8.810E-02 
9.735E+01   4.702E+01  8.746E-02 
9.848E+01   4.702E+01  8.682E-02 
9.962E+01   4.702E+01  8.619E-02 
1.008E+02   4.702E+01  8.556E-02 
1.019E+02   4.701E+01  8.493E-02 
1.031E+02   4.700E+01  8.431E-02 
1.043E+02   4.699E+01  8.369E-02 
1.055E+02   4.698E+01  8.307E-02 
1.068E+02   4.696E+01  8.246E-02 
1.080E+02   4.694E+01  8.185E-02 
1.093E+02   4.691E+01  8.124E-02 
1.105E+02   4.689E+01  8.064E-02 
1.118E+02   4.686E+01  8.004E-02 
1.131E+02   4.683E+01  7.944E-02 
1.144E+02   4.679E+01  7.885E-02 
1.157E+02   4.675E+01  7.826E-02 
1.171E+02   4.671E+01  7.767E-02 
1.184E+02   4.667E+01  7.709E-02 
1.198E+02   4.662E+01  7.651E-02 
1.212E+02   4.658E+01  7.594E-02 
1.226E+02   4.652E+01  7.536E-02 
1.240E+02   4.647E+01  7.479E-02 
1.255E+02   4.641E+01  7.423E-02 
1.269E+02   4.636E+01  7.367E-02 
1.284E+02   4.629E+01  7.311E-02 
1.299E+02   4.623E+01  7.255E-02 
1.314E+02   4.616E+01  7.200E-02 
1.329E+02   4.609E+01  7.145E-02 
1.345E+02   4.602E+01  7.090E-02 
1.360E+02   4.595E+01  7.036E-02 
1.376E+02   4.587E+01  6.982E-02 
1.392E+02   4.579E+01  6.929E-02 
1.408E+02   4.571E+01  6.875E-02 
1.424E+02   4.562E+01  6.822E-02 
1.441E+02   4.554E+01  6.770E-02 
1.458E+02   4.545E+01  6.717E-02 
1.475E+02   4.536E+01  6.665E-02 
1.492E+02   4.526E+01  6.614E-02 
1.509E+02   4.517E+01  6.562E-02 
1.526E+02   4.507E+01  6.511E-02 
1.544E+02   4.497E+01  6.461E-02 
1.562E+02   4.487E+01  6.410E-02 
1.580E+02   4.477E+01  6.360E-02 
1.598E+02   4.466E+01  6.311E-02 
1.617E+02   4.455E+01  6.261E-02 
1.636E+02   4.444E+01  6.212E-02 
1.655E+02   4.433E+01  6.163E-02 
1.674E+02   4.422E+01  6.115E-02 
1.693E+02   4.410E+01  6.067E-02 
1.713E+02   4.398E+01  6.019E-02 
1.733E+02   4.386E+01  5.971E-02 
1.753E+02   4.374E+01  5.924E-02 
1.773E+02   4.362E+01  5.877E-02 
1.794E+02   4.349E+01  5.830E-02 
1.815E+02   4.337E+01  5.784E-02 
1.836E+02   4.324E+01  5.738E-02 
1.857E+02   4.311E+01  5.692E-02 
1.879E+02   4.298E+01  5.647E-02 
1.900E+02   4.284E+01  5.602E-02 
1.922E+02   4.271E+01  5.557E-02 
1.945E+02   4.257E+01  5.513E-02 
1.967E+02   4.244E+01  5.468E-02 
1.990E+02   4.230E+01  5.425E-02 
2.013E+02   4.216E+01  5.381E-02 
2.036E+02   4.202E+01  5.514E-02 
2.060E+02   4.188E+01  5.469E-02 
2.084E+02   4.173E+01  5.425E-02 
2.108E+02   4.159E+01  5.381E-02 
2.133E+02   4.144E+01  5.337E-02 
2.157E+02   4.129E+01  5.293E-02 
2.182E+02   4.114E+01  5.250E-02 
2.208E+02   4.099E+01  5.207E-02 
2.233E+02   4.084E+01  5.164E-02 
2.259E+02   4.069E+01  5.122E-02 
2.285E+02   4.054E+01  5.080E-02 
2.312E+02   4.039E+01  5.038E-02 
2.339E+02   4.023E+01  4.997E-02 
2.366E+02   4.008E+01  4.955E-02 
2.393E+02   3.992E+01  4.914E-02 
2.421E+02   3.976E+01  4.874E-02 
2.449E+02   3.960E+01  4.833E-02 
2.478E+02   3.944E+01  4.793E-02 
2.506E+02   3.928E+01  4.754E-02 
2.535E+02   3.912E+01  4.714E-02 
2.565E+02   3.896E+01  4.675E-02 
2.595E+02   3.880E+01  4.636E-02 
2.625E+02   3.864E+01  4.597E-02 
2.655E+02   3.847E+01  4.559E-02 
2.686E+02   3.831E+01  4.521E-02 
2.717E+02   3.815E+01  4.483E-02 
2.749E+02   3.798E+01  4.445E-02 
2.780E+02   3.781E+01  4.408E-02 
2.813E+02   3.765E+01  4.371E-02 
2.845E+02   3.748E+01  4.334E-02 
2.878E+02   3.731E+01  4.298E-02 
2.912E+02   3.715E+01  4.261E-02 
2.945E+02   3.698E+01  4.226E-02 
2.980E+02   3.681E+01  4.190E-02 
3.014E+02   3.664E+01  4.154E-02 
3.049E+02   3.647E+01  4.119E-02 
3.085E+02   3.630E+01  4.084E-02 
3.120E+02   3.613E+01  4.050E-02 
3.156E+02   3.596E+01  4.015E-02 
3.193E+02   3.579E+01  3.981E-02 
3.230E+02   3.562E+01  3.947E-02 
3.268E+02   3.545E+01  3.914E-02 
3.306E+02   3.527E+01  3.880E-02 
3.344E+02   3.510E+01  3.847E-02 
3.383E+02   3.493E+01  3.814E-02 
3.422E+02   3.476E+01  3.782E-02 
3.462E+02   3.458E+01  3.749E-02 
3.502E+02   3.441E+01  3.717E-02 
3.542E+02   3.424E+01  3.685E-02 
3.583E+02   3.407E+01  3.654E-02 
3.625E+02   3.389E+01  3.622E-02 
3.667E+02   3.372E+01  3.591E-02 
3.710E+02   3.354E+01  3.560E-02 
3.753E+02   3.337E+01  3.529E-02 
3.796E+02   3.320E+01  3.499E-02 
3.840E+02   3.302E+01  3.469E-02 
3.885E+02   3.285E+01  3.439E-02 
3.930E+02   3.268E+01  3.409E-02 
3.975E+02   3.250E+01  3.379E-02 
4.021E+02   3.233E+01  3.350E-02 
4.068E+02   3.215E+01  3.321E-02 
4.115E+02   3.198E+01  3.292E-02 
4.163E+02   3.181E+01  3.264E-02 
4.211E+02   3.163E+01  3.235E-02 
4.260E+02   3.146E+01  3.207E-02 
4.310E+02   3.128E+01  3.179E-02 
4.360E+02   3.111E+01  3.151E-02 
4.410E+02   3.094E+01  3.124E-02 
4.461E+02   3.076E+01  3.097E-02 
4.513E+02   3.059E+01  3.069E-02 
4.565E+02   3.042E+01  3.043E-02 
4.618E+02   3.024E+01  3.016E-02 
4.672E+02   3.007E+01  2.989E-02 
4.726E+02   2.990E+01  2.963E-02 
4.781E+02   2.973E+01  2.937E-02 
4.836E+02   2.955E+01  2.911E-02 
4.892E+02   2.938E+01  2.886E-02 
4.949E+02   2.921E+01  2.860E-02 
5.007E+02   2.904E+01  2.835E-02 
5.065E+02   2.887E+01  2.810E-02 
5.123E+02   2.870E+01  2.785E-02 
5.183E+02   2.852E+01  2.761E-02 
5.243E+02   2.835E+01  2.736E-02 
5.304E+02   2.818E+01  2.712E-02 
5.365E+02   2.801E+01  2.688E-02 
5.428E+02   2.784E+01  2.664E-02 
5.490E+02   2.767E+01  2.641E-02 
5.554E+02   2.750E+01  2.617E-02 
5.619E+02   2.734E+01  2.594E-02 
5.684E+02   2.717E+01  2.571E-02 
5.750E+02   2.700E+01  2.548E-02 
5.816E+02   2.683E+01  2.525E-02 
5.884E+02   2.666E+01  2.503E-02 
5.952E+02   2.650E+01  2.481E-02 
6.021E+02   2.633E+01  2.458E-02 
6.091E+02   2.616E+01  2.437E-02 
6.162E+02   2.600E+01  2.415E-02 
6.233E+02   2.583E+01  2.393E-02 
6.305E+02   2.567E+01  2.372E-02 
6.378E+02   2.550E+01  2.351E-02 
6.452E+02   2.534E+01  2.329E-02 
6.527E+02   2.517E+01  2.309E-02 
6.603E+02   2.501E+01  2.288E-02 
6.680E+02   2.485E+01  2.267E-02 
6.757E+02   2.469E+01  2.247E-02 
6.835E+02   2.452E+01  2.227E-02 
6.915E+02   2.436E+01  2.207E-02 
6.995E+02   2.420E+01  2.187E-02 
7.076E+02   2.404E+01  2.167E-02 
7.158E+02   2.388E+01  2.148E-02 
7.241E+02   2.372E+01  2.128E-02 
7.325E+02   2.356E+01  2.109E-02 
7.410E+02   2.341E+01  2.090E-02 
7.496E+02   2.325E+01  2.071E-02 
7.583E+02   2.309E+01  2.052E-02 
7.671E+02   2.293E+01  2.034E-02 
7.760E+02   2.278E+01  2.015E-02 
7.850E+02   2.262E+01  1.997E-02 
7.941E+02   2.247E+01  1.979E-02 
8.033E+02   2.231E+01  1.961E-02 
8.126E+02   2.216E+01  1.943E-02 
8.221E+02   2.200E+01  1.926E-02 
8.316E+02   2.185E+01  1.908E-02 
8.412E+02   2.170E+01  1.891E-02 
8.510E+02   2.155E+01  1.873E-02 
8.609E+02   2.140E+01  1.856E-02 
8.709E+02   2.125E+01  1.839E-02 
8.810E+02   2.110E+01  1.823E-02 
8.912E+02   2.095E+01  1.806E-02 
9.015E+02   2.080E+01  1.790E-02 
9.120E+02   2.065E+01  1.773E-02 
9.225E+02   2.051E+01  1.757E-02 
9.332E+02   2.036E+01  1.741E-02 
9.441E+02   2.021E+01  1.725E-02 
9.550E+02   2.007E+01  1.709E-02 
9.661E+02   1.992E+01  1.694E-02 
9.773E+02   1.978E+01  1.678E-02 
9.886E+02   1.964E+01  1.663E-02 
1.000E+03   1.949E+01  1.647E-02 
1.012E+03   1.937E+01  1.632E-02 
1.023E+03   1.927E+01  1.617E-02 
1.035E+03   1.918E+01  1.602E-02 
1.047E+03   1.908E+01  1.588E-02 
1.059E+03   1.898E+01  1.573E-02 
1.072E+03   1.888E+01  1.558E-02 
1.084E+03   1.878E+01  1.544E-02 
1.097E+03   1.868E+01  1.530E-02 
1.109E+03   1.857E+01  1.516E-02 
1.122E+03   1.847E+01  1.502E-02 
1.135E+03   1.836E+01  1.488E-02 
1.149E+03   1.826E+01  1.474E-02 
1.162E+03   1.815E+01  1.461E-02 
1.175E+03   1.804E+01  1.447E-02 
1.189E+03   1.793E+01  1.434E-02 
1.203E+03   1.782E+01  1.420E-02 
1.217E+03   1.771E+01  1.407E-02 
1.231E+03   1.761E+01  1.394E-02 
1.245E+03   1.751E+01  1.381E-02 
1.260E+03   1.741E+01  1.368E-02 
1.274E+03   1.732E+01  1.356E-02 
1.289E+03   1.722E+01  1.343E-02 
1.304E+03   1.712E+01  1.331E-02 
1.319E+03   1.702E+01  1.318E-02 
1.334E+03   1.692E+01  1.306E-02 
1.350E+03   1.683E+01  1.294E-02 
1.365E+03   1.673E+01  1.282E-02 
1.381E+03   1.663E+01  1.270E-02 
1.397E+03   1.654E+01  1.258E-02 
1.414E+03   1.644E+01  1.246E-02 
1.430E+03   1.635E+01  1.235E-02 
1.446E+03   1.625E+01  1.223E-02 
1.463E+03   1.616E+01  1.212E-02 
1.480E+03   1.606E+01  1.200E-02 
1.497E+03   1.597E+01  1.189E-02 
1.515E+03   1.587E+01  1.178E-02 
1.532E+03   1.578E+01  1.167E-02 
1.550E+03   1.569E+01  1.156E-02 
1.568E+03   1.559E+01  1.145E-02 
1.586E+03   1.550E+01  1.134E-02 
1.605E+03   1.541E+01  1.124E-02 
1.623E+03   1.532E+01  1.113E-02 
1.642E+03   1.522E+01  1.103E-02 
1.661E+03   1.513E+01  1.092E-02 
1.680E+03   1.504E+01  1.082E-02 
1.700E+03   1.495E+01  1.072E-02 
1.720E+03   1.486E+01  1.062E-02 
1.740E+03   1.477E+01  1.052E-02 
1.760E+03   1.468E+01  1.042E-02 
1.780E+03   1.459E+01  1.032E-02 
1.801E+03   1.450E+01  1.022E-02 
1.822E+03   1.442E+01  1.013E-02 
1.843E+03   1.433E+01  1.003E-02 
1.864E+03   1.424E+01  9.938E-03 
1.886E+03   1.415E+01  9.845E-03 
1.908E+03   1.406E+01  9.752E-03 
1.930E+03   1.398E+01  9.660E-03 
1.952E+03   1.389E+01  9.568E-03 
1.975E+03   1.380E+01  9.478E-03 
1.998E+03   1.372E+01  9.388E-03 
2.021E+03   1.363E+01  9.299E-03 
2.044E+03   1.355E+01  9.211E-03 
2.068E+03   1.346E+01  9.124E-03 
2.092E+03   1.338E+01  9.038E-03 
2.116E+03   1.329E+01  8.952E-03 
2.141E+03   1.321E+01  8.867E-03 
2.166E+03   1.313E+01  8.783E-03 
2.191E+03   1.304E+01  8.700E-03 
2.216E+03   1.296E+01  8.617E-03 
2.242E+03   1.288E+01  8.535E-03 
2.268E+03   1.280E+01  8.454E-03 
2.294E+03   1.271E+01  8.374E-03 
2.321E+03   1.263E+01  8.294E-03 
2.348E+03   1.255E+01  8.215E-03 
2.375E+03   1.247E+01  8.137E-03 
2.403E+03   1.239E+01  8.059E-03 
2.431E+03   1.231E+01  7.983E-03 
2.459E+03   1.223E+01  7.907E-03 
2.487E+03   1.215E+01  7.831E-03 
2.516E+03   1.207E+01  7.756E-03 
2.545E+03   1.199E+01  7.682E-03 
2.575E+03   1.192E+01  7.609E-03 
2.605E+03   1.184E+01  7.537E-03 
2.635E+03   1.176E+01  7.465E-03 
2.665E+03   1.168E+01  7.393E-03 
2.696E+03   1.161E+01  7.323E-03 
2.728E+03   1.153E+01  7.252E-03 
2.759E+03   1.145E+01  7.183E-03 
2.791E+03   1.138E+01  7.114E-03 
2.824E+03   1.130E+01  7.046E-03 
2.856E+03   1.123E+01  6.979E-03 
2.889E+03   1.115E+01  6.912E-03 
2.923E+03   1.108E+01  6.846E-03 
2.957E+03   1.100E+01  6.780E-03 
2.991E+03   1.093E+01  6.715E-03 
3.026E+03   1.086E+01  6.651E-03 
3.061E+03   1.078E+01  6.587E-03 
3.097E+03   1.071E+01  6.523E-03 
3.132E+03   1.064E+01  6.461E-03 
3.169E+03   1.057E+01  6.399E-03 
3.206E+03   1.050E+01  6.337E-03 
3.243E+03   1.042E+01  6.276E-03 
3.280E+03   1.035E+01  6.216E-03 
3.318E+03   1.028E+01  6.156E-03 
3.357E+03   1.021E+01  6.097E-03 
3.396E+03   1.014E+01  6.038E-03 
3.435E+03   1.007E+01  5.980E-03 
3.475E+03   1.000E+01  5.922E-03 
3.515E+03   9.936E+00  5.865E-03 
3.556E+03   9.867E+00  5.809E-03 
3.597E+03   9.799E+00  5.753E-03 
3.639E+03   9.732E+00  5.697E-03 
3.681E+03   9.664E+00  5.642E-03 
3.724E+03   9.597E+00  5.588E-03 
3.767E+03   9.531E+00  5.534E-03 
3.811E+03   9.464E+00  5.480E-03 
3.855E+03   9.398E+00  5.427E-03 
3.900E+03   9.333E+00  5.375E-03 
3.945E+03   9.268E+00  5.323E-03 
3.991E+03   9.203E+00  5.271E-03 
4.037E+03   9.138E+00  5.220E-03 
4.084E+03   9.074E+00  5.170E-03 
4.131E+03   9.010E+00  5.120E-03 
4.179E+03   8.947E+00  5.070E-03 
4.228E+03   8.883E+00  5.021E-03 
4.277E+03   8.821E+00  4.972E-03 
4.326E+03   8.758E+00  4.924E-03 
4.376E+03   8.696E+00  4.876E-03 
4.427E+03   8.634E+00  4.829E-03 
4.479E+03   8.573E+00  4.782E-03 
4.531E+03   8.512E+00  4.735E-03 
4.583E+03   8.451E+00  4.689E-03 
4.636E+03   8.390E+00  4.644E-03 
4.690E+03   8.330E+00  4.599E-03 
4.744E+03   8.271E+00  4.554E-03 
4.799E+03   8.211E+00  4.510E-03 
4.855E+03   8.152E+00  4.466E-03 
4.911E+03   8.093E+00  4.422E-03 
4.968E+03   8.035E+00  4.379E-03 
5.026E+03   7.977E+00  4.337E-03 
5.084E+03   7.919E+00  4.294E-03 
5.143E+03   7.862E+00  4.253E-03 
5.203E+03   7.805E+00  4.211E-03 
5.263E+03   7.748E+00  4.170E-03 
5.324E+03   7.691E+00  4.129E-03 
5.386E+03   7.635E+00  4.089E-03 
5.449E+03   7.580E+00  4.049E-03 
5.512E+03   7.524E+00  4.010E-03 
5.576E+03   7.469E+00  3.970E-03 
5.640E+03   7.414E+00  3.932E-03 
5.706E+03   7.360E+00  3.893E-03 
5.772E+03   7.306E+00  3.855E-03 
5.839E+03   7.252E+00  3.818E-03 
5.907E+03   7.198E+00  3.780E-03 
5.975E+03   7.145E+00  3.743E-03 
6.045E+03   7.092E+00  3.707E-03 
6.115E+03   7.040E+00  3.670E-03 
6.186E+03   6.988E+00  3.634E-03 
6.257E+03   6.936E+00  3.599E-03 
6.330E+03   6.884E+00  3.564E-03 
6.403E+03   6.833E+00  3.529E-03 
6.478E+03   6.782E+00  3.494E-03 
6.553E+03   6.731E+00  3.460E-03 
6.629E+03   6.681E+00  3.426E-03 
6.706E+03   6.631E+00  3.392E-03 
6.783E+03   6.581E+00  3.359E-03 
6.862E+03   6.532E+00  3.326E-03 
6.942E+03   6.483E+00  3.293E-03 
7.022E+03   6.434E+00  3.261E-03 
7.104E+03   6.385E+00  3.229E-03 
7.186E+03   6.337E+00  3.197E-03 
7.269E+03   6.289E+00  3.166E-03 
7.354E+03   6.242E+00  3.135E-03 
7.439E+03   6.194E+00  3.104E-03 
7.525E+03   6.147E+00  3.073E-03 
7.613E+03   6.101E+00  3.043E-03 
7.701E+03   6.054E+00  3.013E-03 
7.790E+03   6.008E+00  2.983E-03 
7.881E+03   5.962E+00  2.954E-03 
7.972E+03   5.917E+00  2.925E-03 
8.064E+03   5.872E+00  2.896E-03 
8.158E+03   5.827E+00  2.867E-03 
8.253E+03   5.782E+00  2.839E-03 
8.348E+03   5.738E+00  2.811E-03 
8.445E+03   5.694E+00  2.783E-03 
8.543E+03   5.650E+00  2.756E-03 
8.642E+03   5.606E+00  2.729E-03 
8.742E+03   5.563E+00  2.702E-03 
8.844E+03   5.520E+00  2.675E-03 
8.946E+03   5.477E+00  2.649E-03 
9.050E+03   5.435E+00  2.623E-03 
9.155E+03   5.393E+00  2.597E-03 
9.261E+03   5.351E+00  2.571E-03 
9.369E+03   5.310E+00  2.546E-03 
9.477E+03   5.268E+00  2.520E-03 
9.587E+03   5.228E+00  2.495E-03 
9.699E+03   5.187E+00  2.471E-03 
9.811E+03   5.146E+00  2.446E-03 
9.925E+03   5.106E+00  2.422E-03 
1.004E+04   5.066E+00  2.398E-03 
1.016E+04   5.027E+00  2.374E-03 
1.027E+04   4.987E+00  2.351E-03 
1.039E+04   4.948E+00  2.328E-03 
1.051E+04   4.909E+00  2.304E-03 
1.064E+04   4.871E+00  2.282E-03 
1.076E+04   4.833E+00  2.259E-03 
1.088E+04   4.795E+00  2.237E-03 
1.101E+04   4.757E+00  2.214E-03 
1.114E+04   4.719E+00  2.192E-03 
1.127E+04   4.682E+00  2.171E-03 
1.140E+04   4.645E+00  2.149E-03 
1.153E+04   4.608E+00  2.128E-03 
1.166E+04   4.572E+00  2.107E-03 
1.180E+04   4.536E+00  2.086E-03 
1.194E+04   4.500E+00  2.065E-03 
1.207E+04   4.464E+00  2.044E-03 
1.221E+04   4.428E+00  2.024E-03 
1.236E+04   4.393E+00  2.004E-03 
1.250E+04   4.358E+00  1.984E-03 
1.264E+04   4.323E+00  1.964E-03 
1.279E+04   4.289E+00  1.945E-03 
1.294E+04   4.255E+00  1.925E-03 
1.309E+04   4.221E+00  1.906E-03 
1.324E+04   4.187E+00  1.887E-03 
1.340E+04   4.153E+00  1.868E-03 
1.355E+04   4.120E+00  1.850E-03 
1.371E+04   4.087E+00  1.831E-03 
1.387E+04   4.054E+00  1.813E-03 
1.403E+04   4.022E+00  1.795E-03 
1.419E+04   3.989E+00  1.777E-03 
1.435E+04   3.957E+00  1.759E-03 
1.452E+04   3.925E+00  1.742E-03 
1.469E+04   3.894E+00  1.724E-03 
1.486E+04   3.862E+00  1.707E-03 
1.503E+04   3.831E+00  1.690E-03 
1.521E+04   3.800E+00  1.673E-03 
1.538E+04   3.769E+00  1.657E-03 
1.556E+04   3.739E+00  1.640E-03 
1.574E+04   3.709E+00  1.624E-03 
1.592E+04   3.678E+00  1.607E-03 
1.611E+04   3.649E+00  1.591E-03 
1.630E+04   3.619E+00  1.575E-03 
1.649E+04   3.590E+00  1.560E-03 
1.668E+04   3.560E+00  1.544E-03 
1.687E+04   3.531E+00  1.529E-03 
1.707E+04   3.503E+00  1.513E-03 
1.726E+04   3.474E+00  1.498E-03 
1.746E+04   3.446E+00  1.483E-03 
1.767E+04   3.418E+00  1.468E-03 
1.787E+04   3.390E+00  1.454E-03 
1.808E+04   3.362E+00  1.439E-03 
1.829E+04   3.334E+00  1.425E-03 
1.850E+04   3.307E+00  1.410E-03 
1.871E+04   3.280E+00  1.396E-03 
1.893E+04   3.253E+00  1.382E-03 
1.915E+04   3.226E+00  1.368E-03 
1.937E+04   3.200E+00  1.355E-03 
1.960E+04   3.174E+00  1.341E-03 
1.983E+04   3.148E+00  1.328E-03 
2.006E+04   3.122E+00  1.314E-03 
2.029E+04   3.096E+00  1.301E-03 
2.052E+04   3.071E+00  1.288E-03 
2.076E+04   3.045E+00  1.275E-03 
2.100E+04   3.020E+00  1.262E-03 
2.125E+04   2.995E+00  1.250E-03 
2.149E+04   2.970E+00  1.237E-03 
2.174E+04   2.946E+00  1.225E-03 
2.199E+04   2.922E+00  1.212E-03 
2.225E+04   2.897E+00  1.200E-03 
2.251E+04   2.873E+00  1.188E-03 
2.277E+04   2.850E+00  1.176E-03 
2.303E+04   2.826E+00  1.164E-03 
2.330E+04   2.803E+00  1.152E-03 
2.357E+04   2.779E+00  1.141E-03 
2.384E+04   2.756E+00  1.129E-03 
2.412E+04   2.734E+00  1.118E-03 
2.440E+04   2.711E+00  1.107E-03 
2.468E+04   2.688E+00  1.096E-03 
2.497E+04   2.666E+00  1.085E-03 
2.526E+04   2.644E+00  1.074E-03 
2.555E+04   2.622E+00  1.063E-03 
2.585E+04   2.600E+00  1.052E-03 
2.615E+04   2.578E+00  1.041E-03 
2.645E+04   2.557E+00  1.031E-03 
2.676E+04   2.536E+00  1.021E-03 
2.707E+04   2.514E+00  1.010E-03 
2.738E+04   2.493E+00  1.000E-03 
2.770E+04   2.473E+00  9.900E-04 
2.802E+04   2.452E+00  9.800E-04 
2.835E+04   2.432E+00  9.701E-04 
2.867E+04   2.411E+00  9.603E-04 
2.901E+04   2.391E+00  9.506E-04 
2.934E+04   2.371E+00  9.410E-04 
2.968E+04   2.351E+00  9.315E-04 
3.003E+04   2.332E+00  9.221E-04 
3.038E+04   2.312E+00  9.127E-04 
3.073E+04   2.293E+00  9.035E-04 
3.109E+04   2.274E+00  8.944E-04 
3.145E+04   2.255E+00  8.853E-04 
3.181E+04   2.236E+00  8.764E-04 
3.218E+04   2.217E+00  8.675E-04 
3.255E+04   2.199E+00  8.587E-04 
3.293E+04   2.180E+00  8.500E-04 
3.331E+04   2.162E+00  8.414E-04 
3.370E+04   2.144E+00  8.329E-04 
3.409E+04   2.126E+00  8.245E-04 
3.449E+04   2.108E+00  8.161E-04 
3.489E+04   2.090E+00  8.078E-04 
3.529E+04   2.073E+00  7.997E-04 
3.570E+04   2.055E+00  7.916E-04 
3.611E+04   2.038E+00  7.835E-04 
3.653E+04   2.021E+00  7.756E-04 
3.696E+04   2.004E+00  7.677E-04 
3.738E+04   1.987E+00  7.599E-04 
3.782E+04   1.971E+00  7.522E-04 
3.826E+04   1.954E+00  7.446E-04 
3.870E+04   1.938E+00  7.370E-04 
3.915E+04   1.921E+00  7.296E-04 
3.960E+04   1.905E+00  7.222E-04 
4.006E+04   1.889E+00  7.148E-04 
4.053E+04   1.873E+00  7.076E-04 
4.100E+04   1.858E+00  7.004E-04 
4.147E+04   1.842E+00  6.933E-04 
4.195E+04   1.827E+00  6.862E-04 
4.244E+04   1.811E+00  6.793E-04 
4.293E+04   1.796E+00  6.723E-04 
4.343E+04   1.781E+00  6.655E-04 
4.394E+04   1.766E+00  6.587E-04 
4.444E+04   1.751E+00  6.521E-04 
4.496E+04   1.737E+00  6.454E-04 
4.548E+04   1.722E+00  6.389E-04 
4.601E+04   1.708E+00  6.324E-04 
4.654E+04   1.693E+00  6.259E-04 
4.708E+04   1.679E+00  6.196E-04 
4.763E+04   1.665E+00  6.132E-04 
4.818E+04   1.651E+00  6.070E-04 
4.874E+04   1.637E+00  6.008E-04 
4.931E+04   1.624E+00  5.947E-04 
4.988E+04   1.610E+00  5.886E-04 
5.046E+04   1.596E+00  5.827E-04 
5.104E+04   1.583E+00  5.767E-04 
5.163E+04   1.570E+00  5.708E-04 
5.223E+04   1.557E+00  5.650E-04 
5.284E+04   1.544E+00  5.593E-04 
5.345E+04   1.531E+00  5.536E-04 
5.407E+04   1.518E+00  5.479E-04 
5.470E+04   1.505E+00  5.423E-04 
5.533E+04   1.493E+00  5.368E-04 
5.597E+04   1.480E+00  5.313E-04 
5.662E+04   1.468E+00  5.259E-04 
5.728E+04   1.456E+00  5.205E-04 
5.794E+04   1.444E+00  5.152E-04 
5.862E+04   1.431E+00  5.100E-04 
5.930E+04   1.420E+00  5.048E-04 
5.998E+04   1.408E+00  4.996E-04 
6.068E+04   1.396E+00  4.945E-04 
6.138E+04   1.384E+00  4.895E-04 
6.210E+04   1.373E+00  4.845E-04 
6.282E+04   1.361E+00  4.795E-04 
6.354E+04   1.350E+00  4.746E-04 
6.428E+04   1.339E+00  4.698E-04 
6.503E+04   1.328E+00  4.649E-04 
6.578E+04   1.317E+00  4.602E-04 
6.654E+04   1.306E+00  4.555E-04 
6.732E+04   1.295E+00  4.508E-04 
6.810E+04   1.284E+00  4.462E-04 
6.889E+04   1.274E+00  4.417E-04 
6.969E+04   1.263E+00  4.371E-04 
7.049E+04   1.253E+00  4.327E-04 
7.131E+04   1.242E+00  4.282E-04 
7.214E+04   1.232E+00  4.239E-04 
7.298E+04   1.222E+00  4.195E-04 
7.382E+04   1.212E+00  4.152E-04 
7.468E+04   1.202E+00  4.110E-04 
7.555E+04   1.192E+00  4.068E-04 
7.642E+04   1.182E+00  4.026E-04 
7.731E+04   1.173E+00  3.985E-04 
7.820E+04   1.163E+00  3.944E-04 
7.911E+04   1.154E+00  3.903E-04 
8.003E+04   1.144E+00  3.863E-04 
8.096E+04   1.135E+00  3.824E-04 
8.190E+04   1.125E+00  3.785E-04 
8.285E+04   1.116E+00  3.746E-04 
8.381E+04   1.107E+00  3.707E-04 
8.478E+04   1.098E+00  3.669E-04 
8.576E+04   1.089E+00  3.632E-04 
8.676E+04   1.080E+00  3.594E-04 
8.776E+04   1.072E+00  3.558E-04 
8.878E+04   1.063E+00  3.521E-04 
8.981E+04   1.054E+00  3.485E-04 
9.085E+04   1.046E+00  3.449E-04 
9.191E+04   1.037E+00  3.414E-04 
9.297E+04   1.029E+00  3.379E-04 
9.405E+04   1.021E+00  3.344E-04 
9.514E+04   1.012E+00  3.310E-04 
9.625E+04   1.004E+00  3.276E-04 
9.736E+04   9.962E-01  3.242E-04 
9.849E+04   9.882E-01  3.209E-04 
9.963E+04   9.803E-01  3.176E-04 
1.008E+05   9.724E-01  3.143E-04 
