Ion = Helium      . Mass = 4.0026
Tgt = Rb (Solid). Density = 1.532 g/cm3
Stopping Units =  eV/(1E15 atoms/cm2)
Energy(keV)  S(Elec)    S(Nuc)
1.000E+00   5.231E+00  2.640E+00 
1.013E+00   5.265E+00  2.644E+00 
1.026E+00   5.299E+00  2.649E+00 
1.039E+00   5.334E+00  2.654E+00 
1.053E+00   5.368E+00  2.658E+00 
1.067E+00   5.403E+00  2.663E+00 
1.081E+00   5.438E+00  2.667E+00 
1.095E+00   5.473E+00  2.672E+00 
1.109E+00   5.509E+00  2.676E+00 
1.123E+00   5.544E+00  2.680E+00 
1.138E+00   5.580E+00  2.685E+00 
1.153E+00   5.616E+00  2.689E+00 
1.168E+00   5.653E+00  2.693E+00 
1.183E+00   5.689E+00  2.697E+00 
1.198E+00   5.726E+00  2.701E+00 
1.214E+00   5.763E+00  2.705E+00 
1.229E+00   5.801E+00  2.709E+00 
1.245E+00   5.838E+00  2.713E+00 
1.262E+00   5.876E+00  2.717E+00 
1.278E+00   5.914E+00  2.721E+00 
1.295E+00   5.953E+00  2.725E+00 
1.311E+00   5.991E+00  2.728E+00 
1.329E+00   6.030E+00  2.732E+00 
1.346E+00   6.069E+00  2.735E+00 
1.363E+00   6.108E+00  2.739E+00 
1.381E+00   6.148E+00  2.742E+00 
1.399E+00   6.188E+00  2.746E+00 
1.417E+00   6.228E+00  2.749E+00 
1.436E+00   6.268E+00  2.752E+00 
1.454E+00   6.309E+00  2.756E+00 
1.473E+00   6.350E+00  2.759E+00 
1.492E+00   6.391E+00  2.762E+00 
1.512E+00   6.432E+00  2.765E+00 
1.531E+00   6.474E+00  2.768E+00 
1.551E+00   6.516E+00  2.771E+00 
1.571E+00   6.558E+00  2.774E+00 
1.592E+00   6.600E+00  2.777E+00 
1.612E+00   6.643E+00  2.779E+00 
1.633E+00   6.686E+00  2.782E+00 
1.655E+00   6.729E+00  2.784E+00 
1.676E+00   6.773E+00  2.787E+00 
1.698E+00   6.817E+00  2.789E+00 
1.720E+00   6.861E+00  2.792E+00 
1.742E+00   6.905E+00  2.794E+00 
1.765E+00   6.950E+00  2.797E+00 
1.788E+00   6.995E+00  2.799E+00 
1.811E+00   7.040E+00  2.801E+00 
1.835E+00   7.086E+00  2.803E+00 
1.859E+00   7.132E+00  2.805E+00 
1.883E+00   7.178E+00  2.807E+00 
1.907E+00   7.225E+00  2.809E+00 
1.932E+00   7.271E+00  2.811E+00 
1.957E+00   7.319E+00  2.812E+00 
1.983E+00   7.366E+00  2.814E+00 
2.008E+00   7.414E+00  2.816E+00 
2.034E+00   7.462E+00  2.817E+00 
2.061E+00   7.510E+00  2.819E+00 
2.088E+00   7.559E+00  2.820E+00 
2.115E+00   7.608E+00  2.821E+00 
2.142E+00   7.657E+00  2.822E+00 
2.170E+00   7.707E+00  2.824E+00 
2.198E+00   7.756E+00  2.825E+00 
2.227E+00   7.807E+00  2.826E+00 
2.256E+00   7.857E+00  2.827E+00 
2.285E+00   7.908E+00  2.828E+00 
2.315E+00   7.959E+00  2.828E+00 
2.345E+00   8.011E+00  2.829E+00 
2.375E+00   8.063E+00  2.830E+00 
2.406E+00   8.115E+00  2.830E+00 
2.438E+00   8.168E+00  2.831E+00 
2.469E+00   8.221E+00  2.831E+00 
2.501E+00   8.274E+00  2.832E+00 
2.534E+00   8.327E+00  2.832E+00 
2.567E+00   8.381E+00  2.832E+00 
2.600E+00   8.436E+00  2.832E+00 
2.634E+00   8.490E+00  2.832E+00 
2.668E+00   8.545E+00  2.832E+00 
2.703E+00   8.601E+00  2.832E+00 
2.738E+00   8.656E+00  2.832E+00 
2.773E+00   8.712E+00  2.832E+00 
2.810E+00   8.769E+00  2.831E+00 
2.846E+00   8.826E+00  2.831E+00 
2.883E+00   8.883E+00  2.830E+00 
2.921E+00   8.940E+00  2.830E+00 
2.958E+00   8.998E+00  2.829E+00 
2.997E+00   9.056E+00  2.828E+00 
3.036E+00   9.115E+00  2.828E+00 
3.075E+00   9.174E+00  2.827E+00 
3.115E+00   9.234E+00  2.826E+00 
3.156E+00   9.293E+00  2.825E+00 
3.197E+00   9.354E+00  2.824E+00 
3.238E+00   9.414E+00  2.822E+00 
3.280E+00   9.475E+00  2.821E+00 
3.323E+00   9.537E+00  2.820E+00 
3.366E+00   9.598E+00  2.818E+00 
3.410E+00   9.660E+00  2.817E+00 
3.454E+00   9.723E+00  2.815E+00 
3.499E+00   9.786E+00  2.813E+00 
3.545E+00   9.849E+00  2.812E+00 
3.591E+00   9.913E+00  2.810E+00 
3.637E+00   9.977E+00  2.808E+00 
3.685E+00   1.004E+01  2.806E+00 
3.733E+00   1.011E+01  2.804E+00 
3.781E+00   1.017E+01  2.801E+00 
3.830E+00   1.024E+01  2.799E+00 
3.880E+00   1.030E+01  2.797E+00 
3.930E+00   1.037E+01  2.794E+00 
3.982E+00   1.044E+01  2.792E+00 
4.033E+00   1.051E+01  2.789E+00 
4.086E+00   1.057E+01  2.787E+00 
4.139E+00   1.064E+01  2.784E+00 
4.193E+00   1.071E+01  2.781E+00 
4.247E+00   1.078E+01  2.778E+00 
4.302E+00   1.085E+01  2.775E+00 
4.358E+00   1.092E+01  2.772E+00 
4.415E+00   1.099E+01  2.769E+00 
4.472E+00   1.106E+01  2.766E+00 
4.530E+00   1.113E+01  2.762E+00 
4.589E+00   1.121E+01  2.759E+00 
4.649E+00   1.128E+01  2.755E+00 
4.709E+00   1.135E+01  2.752E+00 
4.770E+00   1.143E+01  2.748E+00 
4.832E+00   1.150E+01  2.744E+00 
4.895E+00   1.157E+01  2.741E+00 
4.959E+00   1.165E+01  2.737E+00 
5.023E+00   1.173E+01  2.733E+00 
5.089E+00   1.180E+01  2.729E+00 
5.155E+00   1.188E+01  2.725E+00 
5.222E+00   1.195E+01  2.720E+00 
5.290E+00   1.203E+01  2.716E+00 
5.358E+00   1.211E+01  2.712E+00 
5.428E+00   1.219E+01  2.707E+00 
5.499E+00   1.227E+01  2.703E+00 
5.570E+00   1.235E+01  2.698E+00 
5.642E+00   1.243E+01  2.693E+00 
5.716E+00   1.251E+01  2.689E+00 
5.790E+00   1.259E+01  2.684E+00 
5.865E+00   1.267E+01  2.679E+00 
5.942E+00   1.275E+01  2.674E+00 
6.019E+00   1.283E+01  2.669E+00 
6.097E+00   1.292E+01  2.664E+00 
6.176E+00   1.300E+01  2.658E+00 
6.256E+00   1.309E+01  2.653E+00 
6.338E+00   1.317E+01  2.648E+00 
6.420E+00   1.326E+01  2.642E+00 
6.504E+00   1.334E+01  2.637E+00 
6.588E+00   1.343E+01  2.631E+00 
6.674E+00   1.351E+01  2.625E+00 
6.760E+00   1.360E+01  2.620E+00 
6.848E+00   1.369E+01  2.614E+00 
6.937E+00   1.378E+01  2.608E+00 
7.027E+00   1.387E+01  2.602E+00 
7.119E+00   1.396E+01  2.596E+00 
7.211E+00   1.405E+01  2.590E+00 
7.305E+00   1.414E+01  2.584E+00 
7.400E+00   1.423E+01  2.577E+00 
7.496E+00   1.432E+01  2.571E+00 
7.594E+00   1.442E+01  2.565E+00 
7.692E+00   1.451E+01  2.558E+00 
7.792E+00   1.460E+01  2.552E+00 
7.894E+00   1.470E+01  2.545E+00 
7.996E+00   1.479E+01  2.538E+00 
8.100E+00   1.489E+01  2.532E+00 
8.205E+00   1.499E+01  2.525E+00 
8.312E+00   1.509E+01  2.518E+00 
8.420E+00   1.520E+01  2.511E+00 
8.529E+00   1.530E+01  2.504E+00 
8.640E+00   1.540E+01  2.497E+00 
8.753E+00   1.551E+01  2.490E+00 
8.866E+00   1.561E+01  2.483E+00 
8.982E+00   1.572E+01  2.475E+00 
9.098E+00   1.583E+01  2.468E+00 
9.217E+00   1.593E+01  2.461E+00 
9.336E+00   1.604E+01  2.453E+00 
9.458E+00   1.615E+01  2.446E+00 
9.581E+00   1.626E+01  2.438E+00 
9.705E+00   1.637E+01  2.431E+00 
9.831E+00   1.648E+01  2.423E+00 
9.959E+00   1.660E+01  2.415E+00 
1.009E+01   1.671E+01  2.408E+00 
1.022E+01   1.683E+01  2.400E+00 
1.035E+01   1.694E+01  2.392E+00 
1.049E+01   1.706E+01  2.384E+00 
1.062E+01   1.718E+01  2.376E+00 
1.076E+01   1.729E+01  2.368E+00 
1.090E+01   1.741E+01  2.360E+00 
1.104E+01   1.753E+01  2.352E+00 
1.119E+01   1.765E+01  2.343E+00 
1.133E+01   1.778E+01  2.335E+00 
1.148E+01   1.790E+01  2.327E+00 
1.163E+01   1.802E+01  2.318E+00 
1.178E+01   1.815E+01  2.310E+00 
1.193E+01   1.827E+01  2.302E+00 
1.209E+01   1.840E+01  2.293E+00 
1.224E+01   1.853E+01  2.285E+00 
1.240E+01   1.866E+01  2.276E+00 
1.256E+01   1.879E+01  2.267E+00 
1.273E+01   1.892E+01  2.259E+00 
1.289E+01   1.905E+01  2.250E+00 
1.306E+01   1.918E+01  2.241E+00 
1.323E+01   1.932E+01  2.233E+00 
1.340E+01   1.945E+01  2.224E+00 
1.358E+01   1.959E+01  2.215E+00 
1.375E+01   1.973E+01  2.206E+00 
1.393E+01   1.987E+01  2.197E+00 
1.411E+01   2.000E+01  2.188E+00 
1.430E+01   2.014E+01  2.179E+00 
1.448E+01   2.029E+01  2.170E+00 
1.467E+01   2.043E+01  2.161E+00 
1.486E+01   2.057E+01  2.152E+00 
1.505E+01   2.072E+01  2.143E+00 
1.525E+01   2.086E+01  2.134E+00 
1.545E+01   2.101E+01  2.124E+00 
1.565E+01   2.116E+01  2.115E+00 
1.585E+01   2.131E+01  2.106E+00 
1.606E+01   2.146E+01  2.097E+00 
1.627E+01   2.161E+01  2.087E+00 
1.648E+01   2.176E+01  2.078E+00 
1.669E+01   2.192E+01  2.069E+00 
1.691E+01   2.207E+01  2.059E+00 
1.713E+01   2.223E+01  2.050E+00 
1.735E+01   2.239E+01  2.040E+00 
1.758E+01   2.255E+01  2.031E+00 
1.781E+01   2.271E+01  2.022E+00 
1.804E+01   2.287E+01  2.012E+00 
1.827E+01   2.303E+01  2.003E+00 
1.851E+01   2.320E+01  1.993E+00 
1.875E+01   2.336E+01  1.983E+00 
1.899E+01   2.353E+01  1.974E+00 
1.924E+01   2.370E+01  1.964E+00 
1.949E+01   2.386E+01  1.955E+00 
1.974E+01   2.404E+01  1.945E+00 
2.000E+01   2.421E+01  1.936E+00 
2.026E+01   2.438E+01  1.926E+00 
2.052E+01   2.455E+01  1.916E+00 
2.079E+01   2.473E+01  1.907E+00 
2.106E+01   2.491E+01  1.897E+00 
2.133E+01   2.509E+01  1.887E+00 
2.161E+01   2.527E+01  1.878E+00 
2.189E+01   2.545E+01  1.868E+00 
2.218E+01   2.563E+01  1.858E+00 
2.247E+01   2.581E+01  1.849E+00 
2.276E+01   2.600E+01  1.839E+00 
2.305E+01   2.619E+01  1.829E+00 
2.335E+01   2.638E+01  1.819E+00 
2.366E+01   2.657E+01  1.810E+00 
2.396E+01   2.676E+01  1.800E+00 
2.428E+01   2.695E+01  1.790E+00 
2.459E+01   2.714E+01  1.781E+00 
2.491E+01   2.734E+01  1.771E+00 
2.523E+01   2.754E+01  1.761E+00 
2.556E+01   2.773E+01  1.751E+00 
2.589E+01   2.794E+01  1.742E+00 
2.623E+01   2.814E+01  1.732E+00 
2.657E+01   2.834E+01  1.722E+00 
2.692E+01   2.855E+01  1.713E+00 
2.727E+01   2.875E+01  1.703E+00 
2.762E+01   2.896E+01  1.693E+00 
2.798E+01   2.917E+01  1.683E+00 
2.834E+01   2.938E+01  1.674E+00 
2.871E+01   2.959E+01  1.664E+00 
2.909E+01   2.981E+01  1.654E+00 
2.946E+01   3.002E+01  1.645E+00 
2.985E+01   3.024E+01  1.635E+00 
3.023E+01   3.046E+01  1.626E+00 
3.063E+01   3.068E+01  1.616E+00 
3.103E+01   3.090E+01  1.606E+00 
3.143E+01   3.113E+01  1.597E+00 
3.184E+01   3.135E+01  1.587E+00 
3.225E+01   3.158E+01  1.578E+00 
3.267E+01   3.181E+01  1.568E+00 
3.309E+01   3.204E+01  1.558E+00 
3.352E+01   3.228E+01  1.549E+00 
3.396E+01   3.251E+01  1.539E+00 
3.440E+01   3.275E+01  1.530E+00 
3.485E+01   3.298E+01  1.520E+00 
3.530E+01   3.322E+01  1.511E+00 
3.576E+01   3.347E+01  1.502E+00 
3.623E+01   3.371E+01  1.492E+00 
3.670E+01   3.395E+01  1.483E+00 
3.717E+01   3.420E+01  1.473E+00 
3.766E+01   3.445E+01  1.464E+00 
3.815E+01   3.470E+01  1.455E+00 
3.864E+01   3.495E+01  1.445E+00 
3.914E+01   3.521E+01  1.436E+00 
3.965E+01   3.546E+01  1.427E+00 
4.017E+01   3.572E+01  1.417E+00 
4.069E+01   3.598E+01  1.408E+00 
4.122E+01   3.624E+01  1.399E+00 
4.175E+01   3.651E+01  1.390E+00 
4.230E+01   3.677E+01  1.381E+00 
4.285E+01   3.704E+01  1.372E+00 
4.340E+01   3.731E+01  1.362E+00 
4.397E+01   3.758E+01  1.353E+00 
4.454E+01   3.786E+01  1.344E+00 
4.512E+01   3.813E+01  1.335E+00 
4.570E+01   3.841E+01  1.326E+00 
4.630E+01   3.869E+01  1.317E+00 
4.690E+01   3.897E+01  1.308E+00 
4.751E+01   3.926E+01  1.300E+00 
4.813E+01   3.954E+01  1.291E+00 
4.875E+01   3.983E+01  1.282E+00 
4.939E+01   4.012E+01  1.273E+00 
5.003E+01   4.041E+01  1.264E+00 
5.068E+01   4.071E+01  1.255E+00 
5.134E+01   4.100E+01  1.247E+00 
5.200E+01   4.130E+01  1.238E+00 
5.268E+01   4.160E+01  1.229E+00 
5.336E+01   4.190E+01  1.221E+00 
5.406E+01   4.221E+01  1.212E+00 
5.476E+01   4.251E+01  1.204E+00 
5.547E+01   4.282E+01  1.195E+00 
5.619E+01   4.313E+01  1.186E+00 
5.692E+01   4.345E+01  1.178E+00 
5.766E+01   4.376E+01  1.170E+00 
5.841E+01   4.408E+01  1.161E+00 
5.917E+01   4.440E+01  1.153E+00 
5.994E+01   4.472E+01  1.144E+00 
6.072E+01   4.504E+01  1.136E+00 
6.151E+01   4.537E+01  1.128E+00 
6.231E+01   4.570E+01  1.120E+00 
6.312E+01   4.603E+01  1.111E+00 
6.394E+01   4.636E+01  1.103E+00 
6.477E+01   4.670E+01  1.095E+00 
6.561E+01   4.703E+01  1.087E+00 
6.646E+01   4.737E+01  1.079E+00 
6.733E+01   4.771E+01  1.071E+00 
6.820E+01   4.806E+01  1.063E+00 
6.909E+01   4.840E+01  1.055E+00 
6.999E+01   4.875E+01  1.047E+00 
7.090E+01   4.910E+01  1.039E+00 
7.182E+01   4.946E+01  1.032E+00 
7.275E+01   4.981E+01  1.024E+00 
7.370E+01   5.017E+01  1.016E+00 
7.465E+01   5.053E+01  1.008E+00 
7.562E+01   5.089E+01  1.001E+00 
7.661E+01   5.126E+01  9.930E-01 
7.760E+01   5.162E+01  9.854E-01 
7.861E+01   5.199E+01  9.778E-01 
7.963E+01   5.236E+01  9.703E-01 
8.067E+01   5.274E+01  9.628E-01 
8.172E+01   5.311E+01  9.554E-01 
8.278E+01   5.349E+01  9.479E-01 
8.385E+01   5.387E+01  9.406E-01 
8.494E+01   5.426E+01  9.332E-01 
8.605E+01   5.464E+01  9.260E-01 
8.717E+01   5.503E+01  9.187E-01 
8.830E+01   5.542E+01  9.115E-01 
8.945E+01   5.581E+01  9.043E-01 
9.061E+01   5.621E+01  8.972E-01 
9.179E+01   5.660E+01  8.901E-01 
9.298E+01   5.700E+01  8.830E-01 
9.419E+01   5.740E+01  8.760E-01 
9.541E+01   5.781E+01  8.690E-01 
9.665E+01   5.821E+01  8.621E-01 
9.791E+01   5.862E+01  8.552E-01 
9.918E+01   5.903E+01  8.483E-01 
1.005E+02   5.945E+01  8.415E-01 
1.018E+02   5.986E+01  8.347E-01 
1.031E+02   6.028E+01  8.280E-01 
1.044E+02   6.070E+01  8.213E-01 
1.058E+02   6.112E+01  8.146E-01 
1.072E+02   6.154E+01  8.080E-01 
1.086E+02   6.197E+01  8.014E-01 
1.100E+02   6.240E+01  7.949E-01 
1.114E+02   6.283E+01  7.884E-01 
1.129E+02   6.326E+01  7.819E-01 
1.143E+02   6.370E+01  7.755E-01 
1.158E+02   6.414E+01  7.691E-01 
1.173E+02   6.457E+01  7.628E-01 
1.188E+02   6.502E+01  7.565E-01 
1.204E+02   6.546E+01  7.502E-01 
1.219E+02   6.591E+01  7.440E-01 
1.235E+02   6.635E+01  7.378E-01 
1.251E+02   6.680E+01  7.316E-01 
1.268E+02   6.726E+01  7.255E-01 
1.284E+02   6.771E+01  7.194E-01 
1.301E+02   6.817E+01  7.134E-01 
1.318E+02   6.862E+01  7.074E-01 
1.335E+02   6.908E+01  7.015E-01 
1.352E+02   6.955E+01  6.955E-01 
1.370E+02   7.001E+01  6.897E-01 
1.388E+02   7.048E+01  6.838E-01 
1.406E+02   7.094E+01  6.780E-01 
1.424E+02   7.141E+01  6.723E-01 
1.442E+02   7.188E+01  6.665E-01 
1.461E+02   7.236E+01  6.609E-01 
1.480E+02   7.283E+01  6.552E-01 
1.499E+02   7.331E+01  6.496E-01 
1.519E+02   7.378E+01  6.440E-01 
1.539E+02   7.426E+01  6.385E-01 
1.559E+02   7.475E+01  6.330E-01 
1.579E+02   7.523E+01  6.276E-01 
1.599E+02   7.571E+01  6.221E-01 
1.620E+02   7.620E+01  6.167E-01 
1.641E+02   7.668E+01  6.114E-01 
1.662E+02   7.717E+01  6.061E-01 
1.684E+02   7.766E+01  6.008E-01 
1.706E+02   7.815E+01  5.956E-01 
1.728E+02   7.865E+01  5.904E-01 
1.751E+02   7.914E+01  5.852E-01 
1.773E+02   7.963E+01  5.801E-01 
1.796E+02   8.013E+01  5.750E-01 
1.820E+02   8.062E+01  5.700E-01 
1.843E+02   8.112E+01  5.650E-01 
1.867E+02   8.162E+01  5.600E-01 
1.892E+02   8.212E+01  5.550E-01 
1.916E+02   8.262E+01  5.501E-01 
1.941E+02   8.312E+01  5.453E-01 
1.966E+02   8.362E+01  5.404E-01 
1.992E+02   8.412E+01  5.356E-01 
2.018E+02   8.463E+01  5.309E-01 
2.044E+02   8.513E+01  5.261E-01 
2.071E+02   8.563E+01  5.214E-01 
2.097E+02   8.614E+01  5.168E-01 
2.125E+02   8.664E+01  5.122E-01 
2.152E+02   8.714E+01  5.076E-01 
2.180E+02   8.765E+01  5.030E-01 
2.209E+02   8.815E+01  4.985E-01 
2.237E+02   8.866E+01  4.940E-01 
2.266E+02   8.916E+01  4.896E-01 
2.296E+02   8.966E+01  4.851E-01 
2.326E+02   9.017E+01  4.807E-01 
2.356E+02   9.067E+01  4.764E-01 
2.387E+02   9.117E+01  4.721E-01 
2.418E+02   9.167E+01  4.678E-01 
2.449E+02   9.217E+01  4.635E-01 
2.481E+02   9.267E+01  4.575E-01 
2.513E+02   9.317E+01  4.533E-01 
2.546E+02   9.367E+01  4.492E-01 
2.579E+02   9.417E+01  4.451E-01 
2.612E+02   9.467E+01  4.411E-01 
2.646E+02   9.516E+01  4.370E-01 
2.681E+02   9.565E+01  4.330E-01 
2.716E+02   9.615E+01  4.291E-01 
2.751E+02   9.664E+01  4.251E-01 
2.787E+02   9.712E+01  4.212E-01 
2.823E+02   9.761E+01  4.173E-01 
2.859E+02   9.810E+01  4.135E-01 
2.897E+02   9.858E+01  4.097E-01 
2.934E+02   9.906E+01  4.059E-01 
2.972E+02   9.954E+01  4.021E-01 
3.011E+02   1.000E+02  3.984E-01 
3.050E+02   1.005E+02  3.947E-01 
3.090E+02   1.010E+02  3.910E-01 
3.130E+02   1.014E+02  3.874E-01 
3.171E+02   1.019E+02  3.838E-01 
3.212E+02   1.024E+02  3.802E-01 
3.254E+02   1.028E+02  3.766E-01 
3.296E+02   1.033E+02  3.731E-01 
3.339E+02   1.037E+02  3.696E-01 
3.382E+02   1.042E+02  3.661E-01 
3.426E+02   1.046E+02  3.627E-01 
3.471E+02   1.051E+02  3.593E-01 
3.516E+02   1.055E+02  3.559E-01 
3.561E+02   1.059E+02  3.525E-01 
3.608E+02   1.063E+02  3.492E-01 
3.655E+02   1.068E+02  3.459E-01 
3.702E+02   1.072E+02  3.426E-01 
3.750E+02   1.076E+02  3.394E-01 
3.799E+02   1.080E+02  3.362E-01 
3.848E+02   1.084E+02  3.330E-01 
3.898E+02   1.088E+02  3.298E-01 
3.949E+02   1.092E+02  3.267E-01 
4.000E+02   1.096E+02  3.236E-01 
4.052E+02   1.100E+02  3.205E-01 
4.105E+02   1.104E+02  3.174E-01 
4.158E+02   1.107E+02  3.144E-01 
4.212E+02   1.111E+02  3.114E-01 
4.267E+02   1.115E+02  3.084E-01 
4.323E+02   1.118E+02  3.054E-01 
4.379E+02   1.122E+02  3.025E-01 
4.436E+02   1.125E+02  2.996E-01 
4.493E+02   1.128E+02  2.967E-01 
4.552E+02   1.132E+02  2.938E-01 
4.611E+02   1.135E+02  2.910E-01 
4.671E+02   1.138E+02  2.882E-01 
4.731E+02   1.141E+02  2.854E-01 
4.793E+02   1.144E+02  2.826E-01 
4.855E+02   1.147E+02  2.799E-01 
4.918E+02   1.150E+02  2.772E-01 
4.982E+02   1.153E+02  2.745E-01 
5.047E+02   1.155E+02  2.718E-01 
5.113E+02   1.158E+02  2.692E-01 
5.179E+02   1.160E+02  2.665E-01 
5.246E+02   1.163E+02  2.639E-01 
5.315E+02   1.165E+02  2.614E-01 
5.384E+02   1.167E+02  2.588E-01 
5.454E+02   1.170E+02  2.563E-01 
5.524E+02   1.172E+02  2.538E-01 
5.596E+02   1.174E+02  2.513E-01 
5.669E+02   1.176E+02  2.488E-01 
5.743E+02   1.177E+02  2.464E-01 
5.817E+02   1.179E+02  2.440E-01 
5.893E+02   1.181E+02  2.416E-01 
5.969E+02   1.182E+02  2.392E-01 
6.047E+02   1.184E+02  2.368E-01 
6.126E+02   1.185E+02  2.345E-01 
6.205E+02   1.186E+02  2.322E-01 
6.286E+02   1.188E+02  2.299E-01 
6.368E+02   1.189E+02  2.276E-01 
6.450E+02   1.190E+02  2.254E-01 
6.534E+02   1.190E+02  2.231E-01 
6.619E+02   1.191E+02  2.209E-01 
6.705E+02   1.192E+02  2.187E-01 
6.792E+02   1.192E+02  2.166E-01 
6.881E+02   1.193E+02  2.144E-01 
6.970E+02   1.193E+02  2.123E-01 
7.061E+02   1.193E+02  2.102E-01 
7.152E+02   1.194E+02  2.081E-01 
7.245E+02   1.194E+02  2.060E-01 
7.339E+02   1.193E+02  2.039E-01 
7.435E+02   1.193E+02  2.019E-01 
7.531E+02   1.193E+02  1.999E-01 
7.629E+02   1.193E+02  1.979E-01 
7.728E+02   1.192E+02  1.959E-01 
7.829E+02   1.191E+02  1.939E-01 
7.931E+02   1.191E+02  1.920E-01 
8.034E+02   1.190E+02  1.901E-01 
8.138E+02   1.189E+02  1.881E-01 
8.244E+02   1.188E+02  1.863E-01 
8.351E+02   1.187E+02  1.844E-01 
8.460E+02   1.186E+02  1.825E-01 
8.570E+02   1.184E+02  1.807E-01 
8.681E+02   1.183E+02  1.789E-01 
8.794E+02   1.181E+02  1.771E-01 
8.908E+02   1.180E+02  1.753E-01 
9.024E+02   1.178E+02  1.735E-01 
9.141E+02   1.176E+02  1.717E-01 
9.260E+02   1.174E+02  1.700E-01 
9.380E+02   1.172E+02  1.683E-01 
9.502E+02   1.170E+02  1.666E-01 
9.626E+02   1.167E+02  1.649E-01 
9.751E+02   1.165E+02  1.632E-01 
9.877E+02   1.162E+02  1.616E-01 
1.001E+03   1.160E+02  1.599E-01 
1.014E+03   1.157E+02  1.583E-01 
1.027E+03   1.154E+02  1.567E-01 
1.040E+03   1.152E+02  1.551E-01 
1.054E+03   1.149E+02  1.535E-01 
1.067E+03   1.145E+02  1.519E-01 
1.081E+03   1.142E+02  1.504E-01 
1.095E+03   1.139E+02  1.488E-01 
1.109E+03   1.136E+02  1.473E-01 
1.124E+03   1.132E+02  1.458E-01 
1.138E+03   1.129E+02  1.443E-01 
1.153E+03   1.125E+02  1.428E-01 
1.168E+03   1.121E+02  1.414E-01 
1.183E+03   1.118E+02  1.399E-01 
1.199E+03   1.114E+02  1.385E-01 
1.214E+03   1.110E+02  1.371E-01 
1.230E+03   1.106E+02  1.357E-01 
1.246E+03   1.102E+02  1.343E-01 
1.262E+03   1.097E+02  1.329E-01 
1.279E+03   1.093E+02  1.315E-01 
1.295E+03   1.089E+02  1.302E-01 
1.312E+03   1.084E+02  1.288E-01 
1.329E+03   1.080E+02  1.275E-01 
1.347E+03   1.075E+02  1.262E-01 
1.364E+03   1.071E+02  1.249E-01 
1.382E+03   1.066E+02  1.236E-01 
1.400E+03   1.061E+02  1.223E-01 
1.418E+03   1.056E+02  1.210E-01 
1.436E+03   1.052E+02  1.198E-01 
1.455E+03   1.047E+02  1.186E-01 
1.474E+03   1.042E+02  1.173E-01 
1.493E+03   1.037E+02  1.161E-01 
1.513E+03   1.032E+02  1.149E-01 
1.532E+03   1.026E+02  1.137E-01 
1.552E+03   1.021E+02  1.125E-01 
1.572E+03   1.016E+02  1.114E-01 
1.593E+03   1.011E+02  1.102E-01 
1.613E+03   1.005E+02  1.091E-01 
1.634E+03   9.999E+01  1.079E-01 
1.656E+03   9.944E+01  1.068E-01 
1.677E+03   9.890E+01  1.057E-01 
1.699E+03   9.834E+01  1.046E-01 
1.721E+03   9.779E+01  1.035E-01 
1.743E+03   9.723E+01  1.024E-01 
1.766E+03   9.667E+01  1.013E-01 
1.789E+03   9.611E+01  1.003E-01 
1.812E+03   9.554E+01  9.923E-02 
1.836E+03   9.497E+01  9.819E-02 
1.860E+03   9.440E+01  9.716E-02 
1.884E+03   9.383E+01  9.614E-02 
1.908E+03   9.325E+01  9.513E-02 
1.933E+03   9.267E+01  9.414E-02 
1.958E+03   9.209E+01  9.315E-02 
1.984E+03   9.151E+01  9.217E-02 
2.009E+03   9.093E+01  9.120E-02 
2.036E+03   9.034E+01  9.024E-02 
2.062E+03   8.976E+01  8.929E-02 
2.089E+03   8.917E+01  8.835E-02 
2.116E+03   8.858E+01  8.742E-02 
2.143E+03   8.800E+01  8.650E-02 
2.171E+03   8.741E+01  8.559E-02 
2.200E+03   8.682E+01  8.469E-02 
2.228E+03   8.623E+01  8.380E-02 
2.257E+03   8.564E+01  8.291E-02 
2.286E+03   8.505E+01  8.204E-02 
2.316E+03   8.447E+01  8.117E-02 
2.346E+03   8.388E+01  8.031E-02 
2.377E+03   8.329E+01  7.946E-02 
2.408E+03   8.271E+01  7.862E-02 
2.439E+03   8.212E+01  7.779E-02 
2.471E+03   8.153E+01  7.697E-02 
2.503E+03   8.095E+01  7.615E-02 
2.535E+03   8.037E+01  7.534E-02 
2.568E+03   7.979E+01  7.455E-02 
2.602E+03   7.921E+01  7.375E-02 
2.635E+03   7.863E+01  7.297E-02 
2.670E+03   7.805E+01  7.220E-02 
2.704E+03   7.748E+01  7.143E-02 
2.740E+03   7.691E+01  7.067E-02 
2.775E+03   7.634E+01  6.992E-02 
2.811E+03   7.577E+01  6.918E-02 
2.848E+03   7.520E+01  6.844E-02 
2.885E+03   7.464E+01  6.771E-02 
2.922E+03   7.408E+01  6.699E-02 
2.960E+03   7.352E+01  6.628E-02 
2.999E+03   7.297E+01  6.557E-02 
3.038E+03   7.241E+01  6.487E-02 
3.077E+03   7.186E+01  6.418E-02 
3.117E+03   7.131E+01  6.349E-02 
3.158E+03   7.077E+01  6.281E-02 
3.199E+03   7.023E+01  6.214E-02 
3.240E+03   6.969E+01  6.148E-02 
3.282E+03   6.915E+01  6.082E-02 
3.325E+03   6.862E+01  6.017E-02 
3.368E+03   6.809E+01  5.953E-02 
3.412E+03   6.757E+01  5.889E-02 
3.456E+03   6.705E+01  5.826E-02 
3.501E+03   6.653E+01  5.763E-02 
3.547E+03   6.601E+01  5.701E-02 
3.593E+03   6.550E+01  5.640E-02 
3.640E+03   6.499E+01  5.580E-02 
3.687E+03   6.449E+01  5.520E-02 
3.735E+03   6.399E+01  5.461E-02 
3.783E+03   6.349E+01  5.402E-02 
3.832E+03   6.300E+01  5.344E-02 
3.882E+03   6.251E+01  5.286E-02 
3.933E+03   6.203E+01  5.230E-02 
3.984E+03   6.155E+01  5.173E-02 
4.036E+03   6.107E+01  5.118E-02 
4.088E+03   6.059E+01  5.062E-02 
4.141E+03   6.012E+01  5.008E-02 
4.195E+03   5.966E+01  4.954E-02 
4.250E+03   5.920E+01  4.900E-02 
4.305E+03   5.874E+01  4.848E-02 
4.361E+03   5.828E+01  4.795E-02 
4.417E+03   5.783E+01  4.743E-02 
4.475E+03   5.739E+01  4.692E-02 
4.533E+03   5.695E+01  4.642E-02 
4.592E+03   5.651E+01  4.591E-02 
4.652E+03   5.608E+01  4.542E-02 
4.712E+03   5.565E+01  4.493E-02 
4.773E+03   5.522E+01  4.444E-02 
4.835E+03   5.480E+01  4.396E-02 
4.898E+03   5.438E+01  4.348E-02 
4.962E+03   5.396E+01  4.301E-02 
5.026E+03   5.355E+01  4.255E-02 
5.092E+03   5.315E+01  4.208E-02 
5.158E+03   5.275E+01  4.163E-02 
5.225E+03   5.235E+01  4.118E-02 
5.293E+03   5.195E+01  4.073E-02 
5.362E+03   5.156E+01  4.029E-02 
5.431E+03   5.117E+01  3.985E-02 
5.502E+03   5.079E+01  3.942E-02 
5.573E+03   5.041E+01  3.899E-02 
5.646E+03   5.004E+01  3.856E-02 
5.719E+03   4.967E+01  3.814E-02 
5.793E+03   4.930E+01  3.773E-02 
5.869E+03   4.893E+01  3.732E-02 
5.945E+03   4.857E+01  3.691E-02 
6.022E+03   4.821E+01  3.651E-02 
6.101E+03   4.786E+01  3.611E-02 
6.180E+03   4.751E+01  3.572E-02 
6.260E+03   4.716E+01  3.533E-02 
6.341E+03   4.682E+01  3.494E-02 
6.424E+03   4.648E+01  3.456E-02 
6.507E+03   4.615E+01  3.419E-02 
6.592E+03   4.581E+01  3.381E-02 
6.678E+03   4.548E+01  3.344E-02 
6.764E+03   4.516E+01  3.308E-02 
6.852E+03   4.484E+01  3.272E-02 
6.941E+03   4.452E+01  3.236E-02 
7.032E+03   4.420E+01  3.200E-02 
7.123E+03   4.389E+01  3.165E-02 
7.216E+03   4.358E+01  3.131E-02 
7.309E+03   4.327E+01  3.097E-02 
7.404E+03   4.297E+01  3.063E-02 
7.501E+03   4.266E+01  3.029E-02 
7.598E+03   4.237E+01  2.996E-02 
7.697E+03   4.207E+01  2.963E-02 
7.797E+03   4.178E+01  2.931E-02 
7.898E+03   4.149E+01  2.898E-02 
8.001E+03   4.120E+01  2.867E-02 
8.105E+03   4.093E+01  2.835E-02 
8.210E+03   4.064E+01  2.804E-02 
8.317E+03   4.036E+01  2.773E-02 
8.425E+03   4.007E+01  2.743E-02 
8.534E+03   3.977E+01  2.713E-02 
8.645E+03   3.947E+01  2.683E-02 
8.758E+03   3.917E+01  2.653E-02 
8.871E+03   3.887E+01  2.624E-02 
8.987E+03   3.856E+01  2.595E-02 
9.104E+03   3.824E+01  2.567E-02 
9.222E+03   3.793E+01  2.538E-02 
9.342E+03   3.761E+01  2.510E-02 
9.463E+03   3.728E+01  2.483E-02 
9.586E+03   3.695E+01  2.455E-02 
9.711E+03   3.665E+01  2.428E-02 
9.837E+03   3.636E+01  2.402E-02 
9.965E+03   3.607E+01  2.375E-02 
1.009E+04   3.578E+01  2.349E-02 
1.023E+04   3.549E+01  2.323E-02 
1.036E+04   3.521E+01  2.297E-02 
1.049E+04   3.493E+01  2.272E-02 
1.063E+04   3.465E+01  2.247E-02 
1.077E+04   3.437E+01  2.222E-02 
1.091E+04   3.409E+01  2.197E-02 
1.105E+04   3.381E+01  2.173E-02 
1.119E+04   3.354E+01  2.149E-02 
1.134E+04   3.327E+01  2.125E-02 
1.149E+04   3.300E+01  2.102E-02 
1.163E+04   3.273E+01  2.079E-02 
1.179E+04   3.246E+01  2.056E-02 
1.194E+04   3.220E+01  2.033E-02 
1.209E+04   3.193E+01  2.010E-02 
1.225E+04   3.167E+01  1.988E-02 
1.241E+04   3.141E+01  1.966E-02 
1.257E+04   3.115E+01  1.944E-02 
1.274E+04   3.090E+01  1.923E-02 
1.290E+04   3.064E+01  1.901E-02 
1.307E+04   3.039E+01  1.880E-02 
1.324E+04   3.014E+01  1.859E-02 
1.341E+04   2.989E+01  1.839E-02 
1.358E+04   2.964E+01  1.818E-02 
1.376E+04   2.939E+01  1.798E-02 
1.394E+04   2.915E+01  1.778E-02 
1.412E+04   2.890E+01  1.758E-02 
1.431E+04   2.866E+01  1.739E-02 
1.449E+04   2.842E+01  1.719E-02 
1.468E+04   2.819E+01  1.700E-02 
1.487E+04   2.795E+01  1.681E-02 
1.506E+04   2.771E+01  1.663E-02 
1.526E+04   2.748E+01  1.644E-02 
1.546E+04   2.725E+01  1.626E-02 
1.566E+04   2.702E+01  1.608E-02 
1.586E+04   2.679E+01  1.590E-02 
1.607E+04   2.656E+01  1.572E-02 
1.628E+04   2.634E+01  1.555E-02 
1.649E+04   2.611E+01  1.537E-02 
1.670E+04   2.589E+01  1.520E-02 
1.692E+04   2.567E+01  1.503E-02 
1.714E+04   2.545E+01  1.486E-02 
1.736E+04   2.523E+01  1.470E-02 
1.759E+04   2.502E+01  1.453E-02 
1.782E+04   2.480E+01  1.437E-02 
1.805E+04   2.459E+01  1.421E-02 
1.828E+04   2.438E+01  1.405E-02 
1.852E+04   2.417E+01  1.390E-02 
1.876E+04   2.396E+01  1.374E-02 
1.900E+04   2.375E+01  1.359E-02 
1.925E+04   2.355E+01  1.343E-02 
1.950E+04   2.334E+01  1.328E-02 
1.976E+04   2.314E+01  1.314E-02 
2.001E+04   2.294E+01  1.299E-02 
2.027E+04   2.274E+01  1.284E-02 
2.054E+04   2.254E+01  1.270E-02 
2.080E+04   2.234E+01  1.256E-02 
2.107E+04   2.215E+01  1.242E-02 
2.135E+04   2.196E+01  1.228E-02 
2.162E+04   2.176E+01  1.214E-02 
2.191E+04   2.157E+01  1.200E-02 
2.219E+04   2.138E+01  1.187E-02 
2.248E+04   2.119E+01  1.174E-02 
2.277E+04   2.101E+01  1.160E-02 
2.307E+04   2.082E+01  1.147E-02 
2.337E+04   2.064E+01  1.135E-02 
2.367E+04   2.046E+01  1.122E-02 
2.398E+04   2.027E+01  1.109E-02 
2.429E+04   2.010E+01  1.097E-02 
2.461E+04   1.992E+01  1.084E-02 
2.492E+04   1.974E+01  1.072E-02 
2.525E+04   1.956E+01  1.060E-02 
2.558E+04   1.939E+01  1.048E-02 
2.591E+04   1.922E+01  1.036E-02 
2.625E+04   1.905E+01  1.025E-02 
2.659E+04   1.887E+01  1.013E-02 
2.693E+04   1.871E+01  1.002E-02 
2.728E+04   1.854E+01  9.906E-03 
2.764E+04   1.837E+01  9.795E-03 
2.800E+04   1.821E+01  9.684E-03 
2.836E+04   1.804E+01  9.575E-03 
2.873E+04   1.788E+01  9.467E-03 
2.910E+04   1.772E+01  9.361E-03 
2.948E+04   1.756E+01  9.255E-03 
2.986E+04   1.740E+01  9.151E-03 
3.025E+04   1.724E+01  9.048E-03 
3.065E+04   1.709E+01  8.946E-03 
3.104E+04   1.693E+01  8.845E-03 
3.145E+04   1.678E+01  8.745E-03 
3.186E+04   1.663E+01  8.646E-03 
3.227E+04   1.647E+01  8.549E-03 
3.269E+04   1.632E+01  8.452E-03 
3.311E+04   1.618E+01  8.357E-03 
3.354E+04   1.603E+01  8.263E-03 
3.398E+04   1.588E+01  8.169E-03 
3.442E+04   1.574E+01  8.077E-03 
3.487E+04   1.559E+01  7.986E-03 
3.532E+04   1.545E+01  7.895E-03 
3.578E+04   1.531E+01  7.806E-03 
3.625E+04   1.517E+01  7.718E-03 
3.672E+04   1.503E+01  7.631E-03 
3.719E+04   1.489E+01  7.544E-03 
3.768E+04   1.475E+01  7.459E-03 
3.817E+04   1.462E+01  7.374E-03 
3.866E+04   1.448E+01  7.291E-03 
3.917E+04   1.435E+01  7.208E-03 
3.968E+04   1.421E+01  7.127E-03 
4.019E+04   1.408E+01  7.046E-03 
4.071E+04   1.395E+01  6.966E-03 
4.124E+04   1.382E+01  6.887E-03 
4.178E+04   1.369E+01  6.809E-03 
4.232E+04   1.357E+01  6.732E-03 
4.287E+04   1.344E+01  6.656E-03 
4.343E+04   1.332E+01  6.580E-03 
4.399E+04   1.319E+01  6.506E-03 
4.456E+04   1.307E+01  6.432E-03 
4.514E+04   1.295E+01  6.359E-03 
4.573E+04   1.283E+01  6.287E-03 
4.632E+04   1.271E+01  6.215E-03 
4.693E+04   1.259E+01  6.145E-03 
4.754E+04   1.247E+01  6.075E-03 
4.815E+04   1.235E+01  6.006E-03 
4.878E+04   1.224E+01  5.938E-03 
4.941E+04   1.212E+01  5.870E-03 
5.006E+04   1.201E+01  5.804E-03 
5.071E+04   1.189E+01  5.738E-03 
5.137E+04   1.178E+01  5.672E-03 
5.203E+04   1.167E+01  5.608E-03 
5.271E+04   1.156E+01  5.544E-03 
5.340E+04   1.145E+01  5.481E-03 
5.409E+04   1.134E+01  5.419E-03 
5.479E+04   1.124E+01  5.357E-03 
5.550E+04   1.113E+01  5.296E-03 
5.623E+04   1.103E+01  5.236E-03 
5.696E+04   1.092E+01  5.176E-03 
5.770E+04   1.082E+01  5.117E-03 
5.845E+04   1.071E+01  5.059E-03 
5.921E+04   1.061E+01  5.001E-03 
5.998E+04   1.051E+01  4.944E-03 
6.075E+04   1.041E+01  4.888E-03 
6.154E+04   1.031E+01  4.832E-03 
6.234E+04   1.022E+01  4.777E-03 
6.315E+04   1.012E+01  4.723E-03 
6.398E+04   1.002E+01  4.669E-03 
6.481E+04   9.926E+00  4.616E-03 
6.565E+04   9.832E+00  4.563E-03 
6.650E+04   9.738E+00  4.511E-03 
6.737E+04   9.645E+00  4.459E-03 
6.824E+04   9.553E+00  4.409E-03 
6.913E+04   9.461E+00  4.358E-03 
7.003E+04   9.371E+00  4.308E-03 
7.094E+04   9.281E+00  4.259E-03 
7.186E+04   9.192E+00  4.211E-03 
7.279E+04   9.104E+00  4.162E-03 
7.374E+04   9.017E+00  4.115E-03 
7.470E+04   8.930E+00  4.068E-03 
7.567E+04   8.845E+00  4.021E-03 
7.665E+04   8.760E+00  3.975E-03 
7.765E+04   8.676E+00  3.930E-03 
7.866E+04   8.592E+00  3.885E-03 
7.968E+04   8.510E+00  3.841E-03 
8.072E+04   8.428E+00  3.797E-03 
8.176E+04   8.347E+00  3.753E-03 
8.283E+04   8.266E+00  3.710E-03 
8.390E+04   8.187E+00  3.668E-03 
8.499E+04   8.108E+00  3.626E-03 
8.610E+04   8.030E+00  3.584E-03 
8.722E+04   7.952E+00  3.543E-03 
8.835E+04   7.876E+00  3.503E-03 
8.950E+04   7.800E+00  3.463E-03 
9.066E+04   7.724E+00  3.423E-03 
9.184E+04   7.650E+00  3.384E-03 
9.303E+04   7.576E+00  3.345E-03 
9.424E+04   7.503E+00  3.306E-03 
9.547E+04   7.430E+00  3.269E-03 
9.671E+04   7.358E+00  3.231E-03 
9.797E+04   7.287E+00  3.194E-03 
9.924E+04   7.217E+00  3.157E-03 
1.005E+05   7.147E+00  3.121E-03 
1.018E+05   7.078E+00  3.085E-03 
1.032E+05   7.009E+00  3.050E-03 
1.045E+05   6.941E+00  3.015E-03 
1.059E+05   6.874E+00  2.980E-03 
1.072E+05   6.807E+00  2.946E-03 
1.086E+05   6.741E+00  2.912E-03 
1.100E+05   6.676E+00  2.879E-03 
1.115E+05   6.611E+00  2.846E-03 
1.129E+05   6.547E+00  2.813E-03 
1.144E+05   6.484E+00  2.781E-03 
1.159E+05   6.421E+00  2.749E-03 
1.174E+05   6.358E+00  2.717E-03 
1.189E+05   6.297E+00  2.686E-03 
1.204E+05   6.236E+00  2.655E-03 
1.220E+05   6.175E+00  2.625E-03 
1.236E+05   6.115E+00  2.594E-03 
1.252E+05   6.056E+00  2.564E-03 
1.268E+05   5.997E+00  2.535E-03 
1.285E+05   5.939E+00  2.506E-03 
1.302E+05   5.881E+00  2.477E-03 
1.318E+05   5.824E+00  2.448E-03 
1.336E+05   5.768E+00  2.420E-03 
1.353E+05   5.712E+00  2.392E-03 
1.371E+05   5.656E+00  2.365E-03 
1.388E+05   5.601E+00  2.338E-03 
1.406E+05   5.547E+00  2.311E-03 
1.425E+05   5.493E+00  2.284E-03 
1.443E+05   5.440E+00  2.258E-03 
1.462E+05   5.387E+00  2.232E-03 
1.481E+05   5.335E+00  2.206E-03 
1.500E+05   5.283E+00  2.181E-03 
1.520E+05   5.232E+00  2.155E-03 
1.539E+05   5.181E+00  2.131E-03 
1.559E+05   5.131E+00  2.106E-03 
1.580E+05   5.081E+00  2.082E-03 
1.600E+05   5.032E+00  2.058E-03 
1.621E+05   4.983E+00  2.034E-03 
1.642E+05   4.934E+00  2.010E-03 
1.663E+05   4.887E+00  1.987E-03 
1.685E+05   4.839E+00  1.964E-03 
1.707E+05   4.792E+00  1.942E-03 
1.729E+05   4.746E+00  1.919E-03 
1.752E+05   4.700E+00  1.897E-03 
1.774E+05   4.655E+00  1.875E-03 
1.797E+05   4.610E+00  1.853E-03 
1.821E+05   4.565E+00  1.832E-03 
1.844E+05   4.521E+00  1.811E-03 
1.868E+05   4.477E+00  1.790E-03 
1.893E+05   4.434E+00  1.769E-03 
1.917E+05   4.391E+00  1.749E-03 
1.942E+05   4.349E+00  1.729E-03 
1.967E+05   4.307E+00  1.709E-03 
1.993E+05   4.265E+00  1.689E-03 
2.019E+05   4.224E+00  1.669E-03 
2.045E+05   4.183E+00  1.650E-03 
2.072E+05   4.143E+00  1.631E-03 
2.099E+05   4.103E+00  1.612E-03 
2.126E+05   4.064E+00  1.593E-03 
2.154E+05   4.025E+00  1.575E-03 
2.182E+05   3.986E+00  1.557E-03 
2.210E+05   3.948E+00  1.539E-03 
2.239E+05   3.910E+00  1.521E-03 
2.268E+05   3.872E+00  1.503E-03 
2.297E+05   3.835E+00  1.486E-03 
2.327E+05   3.799E+00  1.469E-03 
2.357E+05   3.762E+00  1.452E-03 
2.388E+05   3.726E+00  1.435E-03 
2.419E+05   3.691E+00  1.418E-03 
2.450E+05   3.655E+00  1.402E-03 
2.482E+05   3.620E+00  1.385E-03 
2.515E+05   3.586E+00  1.369E-03 
2.547E+05   3.552E+00  1.354E-03 
2.580E+05   3.518E+00  1.338E-03 
2.614E+05   3.484E+00  1.322E-03 
2.648E+05   3.451E+00  1.307E-03 
2.682E+05   3.419E+00  1.292E-03 
2.717E+05   3.386E+00  1.277E-03 
2.752E+05   3.354E+00  1.262E-03 
2.788E+05   3.322E+00  1.247E-03 
2.824E+05   3.291E+00  1.233E-03 
2.861E+05   3.260E+00  1.219E-03 
2.898E+05   3.229E+00  1.204E-03 
2.936E+05   3.198E+00  1.190E-03 
2.974E+05   3.168E+00  1.177E-03 
3.013E+05   3.138E+00  1.163E-03 
3.052E+05   3.109E+00  1.149E-03 
3.092E+05   3.080E+00  1.136E-03 
3.132E+05   3.051E+00  1.123E-03 
3.172E+05   3.022E+00  1.110E-03 
3.214E+05   2.994E+00  1.097E-03 
3.255E+05   2.966E+00  1.084E-03 
3.298E+05   2.938E+00  1.072E-03 
3.341E+05   2.911E+00  1.059E-03 
3.384E+05   2.884E+00  1.047E-03 
3.428E+05   2.857E+00  1.035E-03 
3.473E+05   2.830E+00  1.023E-03 
3.518E+05   2.804E+00  1.011E-03 
3.563E+05   2.778E+00  9.990E-04 
3.610E+05   2.752E+00  9.873E-04 
3.657E+05   2.727E+00  9.759E-04 
3.704E+05   2.702E+00  9.645E-04 
3.752E+05   2.677E+00  9.533E-04 
3.801E+05   2.652E+00  9.422E-04 
3.851E+05   2.628E+00  9.312E-04 
3.901E+05   2.604E+00  9.204E-04 
3.951E+05   2.580E+00  9.096E-04 
4.003E+05   2.556E+00  8.990E-04 
