Ion = Hydrogen    . Mass = 1.0079
Tgt = Cd (Solid). Density = 8.642 g/cm3
Stopping Units =  eV/(1E15 atoms/cm2)
Energy(keV)  S(Elec)    S(Nuc)
1.000E+00   5.876E+00  3.497E-01 
1.012E+00   5.910E+00  3.500E-01 
1.023E+00   5.944E+00  3.502E-01 
1.035E+00   5.978E+00  3.504E-01 
1.047E+00   6.013E+00  3.506E-01 
1.059E+00   6.048E+00  3.509E-01 
1.072E+00   6.083E+00  3.511E-01 
1.084E+00   6.118E+00  3.513E-01 
1.097E+00   6.153E+00  3.514E-01 
1.109E+00   6.189E+00  3.516E-01 
1.122E+00   6.225E+00  3.518E-01 
1.135E+00   6.261E+00  3.520E-01 
1.148E+00   6.297E+00  3.521E-01 
1.162E+00   6.333E+00  3.523E-01 
1.175E+00   6.370E+00  3.525E-01 
1.189E+00   6.407E+00  3.526E-01 
1.203E+00   6.444E+00  3.527E-01 
1.217E+00   6.481E+00  3.529E-01 
1.231E+00   6.518E+00  3.530E-01 
1.245E+00   6.556E+00  3.531E-01 
1.259E+00   6.594E+00  3.532E-01 
1.274E+00   6.632E+00  3.533E-01 
1.289E+00   6.670E+00  3.534E-01 
1.304E+00   6.709E+00  3.535E-01 
1.319E+00   6.748E+00  3.536E-01 
1.334E+00   6.787E+00  3.537E-01 
1.350E+00   6.826E+00  3.538E-01 
1.365E+00   6.866E+00  3.538E-01 
1.381E+00   6.905E+00  3.539E-01 
1.397E+00   6.945E+00  3.540E-01 
1.413E+00   6.985E+00  3.540E-01 
1.430E+00   7.026E+00  3.540E-01 
1.446E+00   7.066E+00  3.541E-01 
1.463E+00   7.107E+00  3.541E-01 
1.480E+00   7.148E+00  3.541E-01 
1.497E+00   7.190E+00  3.541E-01 
1.515E+00   7.231E+00  3.541E-01 
1.532E+00   7.273E+00  3.541E-01 
1.550E+00   7.315E+00  3.541E-01 
1.568E+00   7.357E+00  3.541E-01 
1.586E+00   7.400E+00  3.541E-01 
1.605E+00   7.443E+00  3.541E-01 
1.623E+00   7.486E+00  3.540E-01 
1.642E+00   7.529E+00  3.540E-01 
1.661E+00   7.573E+00  3.539E-01 
1.680E+00   7.616E+00  3.539E-01 
1.700E+00   7.661E+00  3.538E-01 
1.719E+00   7.705E+00  3.537E-01 
1.739E+00   7.749E+00  3.537E-01 
1.760E+00   7.794E+00  3.536E-01 
1.780E+00   7.839E+00  3.535E-01 
1.801E+00   7.885E+00  3.534E-01 
1.822E+00   7.930E+00  3.533E-01 
1.843E+00   7.976E+00  3.531E-01 
1.864E+00   8.022E+00  3.530E-01 
1.886E+00   8.069E+00  3.529E-01 
1.908E+00   8.115E+00  3.528E-01 
1.930E+00   8.162E+00  3.526E-01 
1.952E+00   8.209E+00  3.525E-01 
1.975E+00   8.257E+00  3.523E-01 
1.998E+00   8.305E+00  3.521E-01 
2.021E+00   8.352E+00  3.520E-01 
2.044E+00   8.397E+00  3.518E-01 
2.068E+00   8.442E+00  3.516E-01 
2.092E+00   8.488E+00  3.514E-01 
2.116E+00   8.534E+00  3.512E-01 
2.141E+00   8.580E+00  3.510E-01 
2.166E+00   8.626E+00  3.508E-01 
2.191E+00   8.672E+00  3.505E-01 
2.216E+00   8.719E+00  3.503E-01 
2.242E+00   8.766E+00  3.501E-01 
2.268E+00   8.814E+00  3.498E-01 
2.294E+00   8.861E+00  3.496E-01 
2.321E+00   8.909E+00  3.493E-01 
2.348E+00   8.957E+00  3.490E-01 
2.375E+00   9.005E+00  3.487E-01 
2.402E+00   9.054E+00  3.485E-01 
2.430E+00   9.102E+00  3.482E-01 
2.458E+00   9.151E+00  3.479E-01 
2.487E+00   9.201E+00  3.475E-01 
2.516E+00   9.250E+00  3.472E-01 
2.545E+00   9.300E+00  3.469E-01 
2.574E+00   9.350E+00  3.466E-01 
2.604E+00   9.400E+00  3.462E-01 
2.635E+00   9.451E+00  3.459E-01 
2.665E+00   9.502E+00  3.455E-01 
2.696E+00   9.553E+00  3.452E-01 
2.727E+00   9.604E+00  3.448E-01 
2.759E+00   9.656E+00  3.444E-01 
2.791E+00   9.708E+00  3.441E-01 
2.823E+00   9.760E+00  3.437E-01 
2.856E+00   9.812E+00  3.433E-01 
2.889E+00   9.865E+00  3.429E-01 
2.923E+00   9.918E+00  3.424E-01 
2.957E+00   9.971E+00  3.420E-01 
2.991E+00   1.002E+01  3.416E-01 
3.026E+00   1.008E+01  3.412E-01 
3.061E+00   1.013E+01  3.407E-01 
3.096E+00   1.019E+01  3.403E-01 
3.132E+00   1.024E+01  3.398E-01 
3.168E+00   1.030E+01  3.393E-01 
3.205E+00   1.035E+01  3.389E-01 
3.242E+00   1.041E+01  3.384E-01 
3.280E+00   1.046E+01  3.379E-01 
3.318E+00   1.052E+01  3.374E-01 
3.356E+00   1.057E+01  3.369E-01 
3.395E+00   1.063E+01  3.364E-01 
3.435E+00   1.069E+01  3.359E-01 
3.475E+00   1.075E+01  3.353E-01 
3.515E+00   1.080E+01  3.348E-01 
3.556E+00   1.086E+01  3.343E-01 
3.597E+00   1.092E+01  3.337E-01 
3.639E+00   1.098E+01  3.332E-01 
3.681E+00   1.104E+01  3.326E-01 
3.724E+00   1.109E+01  3.321E-01 
3.767E+00   1.115E+01  3.315E-01 
3.810E+00   1.121E+01  3.309E-01 
3.855E+00   1.127E+01  3.303E-01 
3.899E+00   1.133E+01  3.297E-01 
3.945E+00   1.139E+01  3.291E-01 
3.990E+00   1.145E+01  3.285E-01 
4.037E+00   1.152E+01  3.279E-01 
4.083E+00   1.158E+01  3.273E-01 
4.131E+00   1.164E+01  3.266E-01 
4.179E+00   1.170E+01  3.260E-01 
4.227E+00   1.176E+01  3.253E-01 
4.276E+00   1.183E+01  3.247E-01 
4.326E+00   1.189E+01  3.240E-01 
4.376E+00   1.195E+01  3.234E-01 
4.427E+00   1.201E+01  3.227E-01 
4.478E+00   1.208E+01  3.220E-01 
4.530E+00   1.214E+01  3.213E-01 
4.583E+00   1.221E+01  3.206E-01 
4.636E+00   1.227E+01  3.200E-01 
4.690E+00   1.234E+01  3.192E-01 
4.744E+00   1.240E+01  3.185E-01 
4.799E+00   1.247E+01  3.178E-01 
4.855E+00   1.253E+01  3.171E-01 
4.911E+00   1.260E+01  3.164E-01 
4.968E+00   1.267E+01  3.156E-01 
5.026E+00   1.273E+01  3.149E-01 
5.084E+00   1.280E+01  3.141E-01 
5.143E+00   1.287E+01  3.134E-01 
5.202E+00   1.294E+01  3.126E-01 
5.263E+00   1.301E+01  3.119E-01 
5.324E+00   1.307E+01  3.111E-01 
5.386E+00   1.314E+01  3.103E-01 
5.448E+00   1.321E+01  3.095E-01 
5.511E+00   1.328E+01  3.087E-01 
5.575E+00   1.335E+01  3.079E-01 
5.640E+00   1.342E+01  3.071E-01 
5.705E+00   1.349E+01  3.063E-01 
5.771E+00   1.356E+01  3.055E-01 
5.838E+00   1.363E+01  3.047E-01 
5.906E+00   1.371E+01  3.039E-01 
5.975E+00   1.378E+01  3.030E-01 
6.044E+00   1.385E+01  3.022E-01 
6.114E+00   1.392E+01  3.014E-01 
6.185E+00   1.400E+01  3.005E-01 
6.257E+00   1.407E+01  2.997E-01 
6.329E+00   1.414E+01  2.988E-01 
6.403E+00   1.422E+01  2.979E-01 
6.477E+00   1.429E+01  2.971E-01 
6.552E+00   1.437E+01  2.962E-01 
6.628E+00   1.444E+01  2.953E-01 
6.705E+00   1.452E+01  2.944E-01 
6.783E+00   1.459E+01  2.935E-01 
6.861E+00   1.467E+01  2.926E-01 
6.941E+00   1.474E+01  2.917E-01 
7.021E+00   1.482E+01  2.908E-01 
7.103E+00   1.490E+01  2.899E-01 
7.185E+00   1.498E+01  2.890E-01 
7.269E+00   1.505E+01  2.881E-01 
7.353E+00   1.513E+01  2.872E-01 
7.438E+00   1.521E+01  2.863E-01 
7.524E+00   1.529E+01  2.853E-01 
7.612E+00   1.537E+01  2.844E-01 
7.700E+00   1.545E+01  2.835E-01 
7.789E+00   1.553E+01  2.825E-01 
7.880E+00   1.561E+01  2.816E-01 
7.971E+00   1.569E+01  2.806E-01 
8.064E+00   1.577E+01  2.797E-01 
8.157E+00   1.585E+01  2.787E-01 
8.252E+00   1.593E+01  2.777E-01 
8.347E+00   1.601E+01  2.768E-01 
8.444E+00   1.610E+01  2.758E-01 
8.542E+00   1.618E+01  2.748E-01 
8.641E+00   1.626E+01  2.739E-01 
8.741E+00   1.635E+01  2.729E-01 
8.843E+00   1.643E+01  2.719E-01 
8.945E+00   1.651E+01  2.709E-01 
9.049E+00   1.660E+01  2.699E-01 
9.154E+00   1.668E+01  2.689E-01 
9.260E+00   1.677E+01  2.679E-01 
9.368E+00   1.685E+01  2.669E-01 
9.476E+00   1.694E+01  2.659E-01 
9.586E+00   1.703E+01  2.649E-01 
9.698E+00   1.711E+01  2.639E-01 
9.810E+00   1.720E+01  2.629E-01 
9.924E+00   1.729E+01  2.619E-01 
1.004E+01   1.737E+01  2.609E-01 
1.016E+01   1.746E+01  2.598E-01 
1.027E+01   1.755E+01  2.588E-01 
1.039E+01   1.764E+01  2.578E-01 
1.051E+01   1.773E+01  2.568E-01 
1.063E+01   1.782E+01  2.557E-01 
1.076E+01   1.791E+01  2.547E-01 
1.088E+01   1.800E+01  2.537E-01 
1.101E+01   1.809E+01  2.526E-01 
1.114E+01   1.818E+01  2.516E-01 
1.127E+01   1.827E+01  2.506E-01 
1.140E+01   1.836E+01  2.495E-01 
1.153E+01   1.845E+01  2.485E-01 
1.166E+01   1.854E+01  2.474E-01 
1.180E+01   1.864E+01  2.464E-01 
1.193E+01   1.873E+01  2.453E-01 
1.207E+01   1.882E+01  2.443E-01 
1.221E+01   1.892E+01  2.432E-01 
1.235E+01   1.901E+01  2.422E-01 
1.250E+01   1.910E+01  2.411E-01 
1.264E+01   1.920E+01  2.401E-01 
1.279E+01   1.929E+01  2.390E-01 
1.294E+01   1.939E+01  2.379E-01 
1.309E+01   1.948E+01  2.369E-01 
1.324E+01   1.958E+01  2.358E-01 
1.339E+01   1.967E+01  2.348E-01 
1.355E+01   1.977E+01  2.337E-01 
1.371E+01   1.987E+01  2.326E-01 
1.387E+01   1.996E+01  2.316E-01 
1.403E+01   2.006E+01  2.305E-01 
1.419E+01   2.016E+01  2.294E-01 
1.435E+01   2.026E+01  2.284E-01 
1.452E+01   2.036E+01  2.273E-01 
1.469E+01   2.045E+01  2.262E-01 
1.486E+01   2.055E+01  2.252E-01 
1.503E+01   2.065E+01  2.241E-01 
1.521E+01   2.075E+01  2.230E-01 
1.538E+01   2.085E+01  2.220E-01 
1.556E+01   2.095E+01  2.209E-01 
1.574E+01   2.105E+01  2.198E-01 
1.592E+01   2.115E+01  2.188E-01 
1.611E+01   2.125E+01  2.177E-01 
1.629E+01   2.135E+01  2.166E-01 
1.648E+01   2.145E+01  2.156E-01 
1.667E+01   2.156E+01  2.145E-01 
1.687E+01   2.166E+01  2.134E-01 
1.706E+01   2.176E+01  2.124E-01 
1.726E+01   2.186E+01  2.113E-01 
1.746E+01   2.197E+01  2.102E-01 
1.766E+01   2.207E+01  2.092E-01 
1.787E+01   2.217E+01  2.081E-01 
1.808E+01   2.228E+01  2.070E-01 
1.829E+01   2.238E+01  2.060E-01 
1.850E+01   2.248E+01  2.049E-01 
1.871E+01   2.259E+01  2.039E-01 
1.893E+01   2.269E+01  2.028E-01 
1.915E+01   2.280E+01  2.017E-01 
1.937E+01   2.290E+01  2.007E-01 
1.960E+01   2.301E+01  1.996E-01 
1.982E+01   2.311E+01  1.986E-01 
2.005E+01   2.322E+01  1.975E-01 
2.029E+01   2.332E+01  1.965E-01 
2.052E+01   2.343E+01  1.954E-01 
2.076E+01   2.353E+01  1.943E-01 
2.100E+01   2.364E+01  1.933E-01 
2.124E+01   2.375E+01  1.923E-01 
2.149E+01   2.385E+01  1.912E-01 
2.174E+01   2.396E+01  1.902E-01 
2.199E+01   2.407E+01  1.891E-01 
2.225E+01   2.417E+01  1.881E-01 
2.250E+01   2.428E+01  1.870E-01 
2.277E+01   2.439E+01  1.860E-01 
2.303E+01   2.450E+01  1.850E-01 
2.330E+01   2.460E+01  1.839E-01 
2.357E+01   2.471E+01  1.829E-01 
2.384E+01   2.482E+01  1.819E-01 
2.412E+01   2.493E+01  1.808E-01 
2.440E+01   2.504E+01  1.798E-01 
2.468E+01   2.514E+01  1.788E-01 
2.497E+01   2.525E+01  1.778E-01 
2.526E+01   2.536E+01  1.767E-01 
2.555E+01   2.547E+01  1.757E-01 
2.584E+01   2.558E+01  1.747E-01 
2.614E+01   2.568E+01  1.737E-01 
2.645E+01   2.579E+01  1.727E-01 
2.675E+01   2.590E+01  1.717E-01 
2.707E+01   2.601E+01  1.707E-01 
2.738E+01   2.612E+01  1.697E-01 
2.770E+01   2.623E+01  1.687E-01 
2.802E+01   2.634E+01  1.677E-01 
2.834E+01   2.644E+01  1.667E-01 
2.867E+01   2.655E+01  1.657E-01 
2.900E+01   2.666E+01  1.647E-01 
2.934E+01   2.677E+01  1.637E-01 
2.968E+01   2.688E+01  1.627E-01 
3.003E+01   2.699E+01  1.617E-01 
3.037E+01   2.709E+01  1.608E-01 
3.073E+01   2.720E+01  1.598E-01 
3.108E+01   2.731E+01  1.588E-01 
3.144E+01   2.742E+01  1.578E-01 
3.181E+01   2.753E+01  1.569E-01 
3.218E+01   2.763E+01  1.559E-01 
3.255E+01   2.774E+01  1.549E-01 
3.293E+01   2.785E+01  1.540E-01 
3.331E+01   2.796E+01  1.530E-01 
3.370E+01   2.806E+01  1.521E-01 
3.409E+01   2.817E+01  1.511E-01 
3.448E+01   2.828E+01  1.502E-01 
3.488E+01   2.838E+01  1.492E-01 
3.529E+01   2.849E+01  1.483E-01 
3.570E+01   2.860E+01  1.473E-01 
3.611E+01   2.870E+01  1.464E-01 
3.653E+01   2.881E+01  1.455E-01 
3.695E+01   2.891E+01  1.446E-01 
3.738E+01   2.902E+01  1.436E-01 
3.781E+01   2.912E+01  1.427E-01 
3.825E+01   2.923E+01  1.418E-01 
3.870E+01   2.933E+01  1.409E-01 
3.915E+01   2.944E+01  1.400E-01 
3.960E+01   2.954E+01  1.391E-01 
4.006E+01   2.964E+01  1.382E-01 
4.052E+01   2.975E+01  1.373E-01 
4.099E+01   2.985E+01  1.364E-01 
4.147E+01   2.995E+01  1.355E-01 
4.195E+01   3.005E+01  1.346E-01 
4.244E+01   3.015E+01  1.337E-01 
4.293E+01   3.025E+01  1.328E-01 
4.343E+01   3.035E+01  1.319E-01 
4.393E+01   3.045E+01  1.310E-01 
4.444E+01   3.055E+01  1.302E-01 
4.496E+01   3.065E+01  1.293E-01 
4.548E+01   3.075E+01  1.284E-01 
4.600E+01   3.085E+01  1.276E-01 
4.654E+01   3.094E+01  1.267E-01 
4.708E+01   3.104E+01  1.259E-01 
4.762E+01   3.114E+01  1.250E-01 
4.818E+01   3.123E+01  1.242E-01 
4.873E+01   3.133E+01  1.233E-01 
4.930E+01   3.142E+01  1.225E-01 
4.987E+01   3.151E+01  1.217E-01 
5.045E+01   3.161E+01  1.208E-01 
5.104E+01   3.170E+01  1.200E-01 
5.163E+01   3.179E+01  1.192E-01 
5.223E+01   3.188E+01  1.183E-01 
5.283E+01   3.197E+01  1.175E-01 
5.344E+01   3.206E+01  1.167E-01 
5.406E+01   3.215E+01  1.159E-01 
5.469E+01   3.223E+01  1.151E-01 
5.533E+01   3.232E+01  1.143E-01 
5.597E+01   3.241E+01  1.135E-01 
5.662E+01   3.249E+01  1.127E-01 
5.727E+01   3.258E+01  1.119E-01 
5.794E+01   3.266E+01  1.111E-01 
5.861E+01   3.274E+01  1.104E-01 
5.929E+01   3.282E+01  1.096E-01 
5.998E+01   3.290E+01  1.088E-01 
6.067E+01   3.298E+01  1.080E-01 
6.138E+01   3.306E+01  1.073E-01 
6.209E+01   3.314E+01  1.065E-01 
6.281E+01   3.321E+01  1.057E-01 
6.354E+01   3.329E+01  1.050E-01 
6.427E+01   3.336E+01  1.042E-01 
6.502E+01   3.344E+01  1.035E-01 
6.577E+01   3.351E+01  1.027E-01 
6.654E+01   3.358E+01  1.020E-01 
6.731E+01   3.365E+01  1.013E-01 
6.809E+01   3.372E+01  1.005E-01 
6.888E+01   3.379E+01  9.980E-02 
6.968E+01   3.385E+01  9.908E-02 
7.049E+01   3.392E+01  9.836E-02 
7.130E+01   3.398E+01  9.764E-02 
7.213E+01   3.405E+01  9.693E-02 
7.297E+01   3.411E+01  9.622E-02 
7.381E+01   3.417E+01  9.551E-02 
7.467E+01   3.423E+01  9.481E-02 
7.554E+01   3.429E+01  9.411E-02 
7.641E+01   3.434E+01  9.342E-02 
7.730E+01   3.440E+01  9.273E-02 
7.820E+01   3.445E+01  9.204E-02 
7.910E+01   3.451E+01  9.136E-02 
8.002E+01   3.456E+01  9.068E-02 
8.095E+01   3.461E+01  9.001E-02 
8.189E+01   3.466E+01  8.934E-02 
8.284E+01   3.470E+01  8.867E-02 
8.380E+01   3.475E+01  8.801E-02 
8.477E+01   3.479E+01  8.735E-02 
8.575E+01   3.483E+01  8.669E-02 
8.675E+01   3.488E+01  8.604E-02 
8.775E+01   3.492E+01  8.539E-02 
8.877E+01   3.495E+01  8.475E-02 
8.980E+01   3.499E+01  8.411E-02 
9.084E+01   3.503E+01  8.347E-02 
9.190E+01   3.506E+01  8.284E-02 
9.296E+01   3.509E+01  8.221E-02 
9.404E+01   3.512E+01  8.159E-02 
9.513E+01   3.515E+01  8.096E-02 
9.624E+01   3.518E+01  8.035E-02 
9.735E+01   3.520E+01  7.973E-02 
9.848E+01   3.523E+01  7.912E-02 
9.962E+01   3.525E+01  7.852E-02 
1.008E+02   3.527E+01  7.791E-02 
1.019E+02   3.529E+01  7.731E-02 
1.031E+02   3.531E+01  7.672E-02 
1.043E+02   3.532E+01  7.613E-02 
1.055E+02   3.533E+01  7.554E-02 
1.068E+02   3.535E+01  7.495E-02 
1.080E+02   3.536E+01  7.437E-02 
1.093E+02   3.537E+01  7.379E-02 
1.105E+02   3.537E+01  7.322E-02 
1.118E+02   3.538E+01  7.265E-02 
1.131E+02   3.538E+01  7.208E-02 
1.144E+02   3.538E+01  7.152E-02 
1.157E+02   3.538E+01  7.096E-02 
1.171E+02   3.538E+01  7.041E-02 
1.184E+02   3.538E+01  6.985E-02 
1.198E+02   3.537E+01  6.930E-02 
1.212E+02   3.537E+01  6.876E-02 
1.226E+02   3.536E+01  6.822E-02 
1.240E+02   3.535E+01  6.768E-02 
1.255E+02   3.533E+01  6.714E-02 
1.269E+02   3.532E+01  6.661E-02 
1.284E+02   3.530E+01  6.609E-02 
1.299E+02   3.528E+01  6.556E-02 
1.314E+02   3.526E+01  6.504E-02 
1.329E+02   3.524E+01  6.452E-02 
1.345E+02   3.522E+01  6.401E-02 
1.360E+02   3.519E+01  6.350E-02 
1.376E+02   3.517E+01  6.299E-02 
1.392E+02   3.514E+01  6.249E-02 
1.408E+02   3.511E+01  6.199E-02 
1.424E+02   3.508E+01  6.149E-02 
1.441E+02   3.504E+01  6.100E-02 
1.458E+02   3.501E+01  6.051E-02 
1.475E+02   3.497E+01  6.002E-02 
1.492E+02   3.493E+01  5.953E-02 
1.509E+02   3.489E+01  5.905E-02 
1.526E+02   3.484E+01  5.858E-02 
1.544E+02   3.480E+01  5.930E-02 
1.562E+02   3.475E+01  5.881E-02 
1.580E+02   3.470E+01  5.834E-02 
1.598E+02   3.465E+01  5.786E-02 
1.617E+02   3.460E+01  5.739E-02 
1.636E+02   3.455E+01  5.692E-02 
1.655E+02   3.449E+01  5.646E-02 
1.674E+02   3.444E+01  5.599E-02 
1.693E+02   3.438E+01  5.553E-02 
1.713E+02   3.432E+01  5.508E-02 
1.733E+02   3.425E+01  5.463E-02 
1.753E+02   3.419E+01  5.418E-02 
1.773E+02   3.412E+01  5.373E-02 
1.794E+02   3.406E+01  5.329E-02 
1.815E+02   3.399E+01  5.285E-02 
1.836E+02   3.392E+01  5.241E-02 
1.857E+02   3.385E+01  5.198E-02 
1.879E+02   3.377E+01  5.154E-02 
1.900E+02   3.370E+01  5.112E-02 
1.922E+02   3.362E+01  5.069E-02 
1.945E+02   3.354E+01  5.027E-02 
1.967E+02   3.346E+01  4.985E-02 
1.990E+02   3.338E+01  4.943E-02 
2.013E+02   3.330E+01  4.902E-02 
2.036E+02   3.322E+01  4.861E-02 
2.060E+02   3.313E+01  4.820E-02 
2.084E+02   3.304E+01  4.780E-02 
2.108E+02   3.295E+01  4.740E-02 
2.133E+02   3.286E+01  4.700E-02 
2.157E+02   3.277E+01  4.661E-02 
2.182E+02   3.268E+01  4.621E-02 
2.208E+02   3.259E+01  4.582E-02 
2.233E+02   3.249E+01  4.544E-02 
2.259E+02   3.240E+01  4.505E-02 
2.285E+02   3.230E+01  4.467E-02 
2.312E+02   3.220E+01  4.429E-02 
2.339E+02   3.210E+01  4.392E-02 
2.366E+02   3.200E+01  4.355E-02 
2.393E+02   3.189E+01  4.318E-02 
2.421E+02   3.179E+01  4.281E-02 
2.449E+02   3.169E+01  4.245E-02 
2.478E+02   3.158E+01  4.208E-02 
2.506E+02   3.147E+01  4.172E-02 
2.535E+02   3.137E+01  4.137E-02 
2.565E+02   3.126E+01  4.102E-02 
2.595E+02   3.115E+01  4.066E-02 
2.625E+02   3.104E+01  4.032E-02 
2.655E+02   3.092E+01  3.997E-02 
2.686E+02   3.081E+01  3.963E-02 
2.717E+02   3.070E+01  3.929E-02 
2.749E+02   3.058E+01  3.895E-02 
2.780E+02   3.047E+01  3.861E-02 
2.813E+02   3.035E+01  3.828E-02 
2.845E+02   3.023E+01  3.795E-02 
2.878E+02   3.012E+01  3.762E-02 
2.912E+02   3.000E+01  3.730E-02 
2.945E+02   2.988E+01  3.698E-02 
2.980E+02   2.976E+01  3.666E-02 
3.014E+02   2.964E+01  3.634E-02 
3.049E+02   2.952E+01  3.602E-02 
3.085E+02   2.939E+01  3.571E-02 
3.120E+02   2.927E+01  3.540E-02 
3.156E+02   2.915E+01  3.509E-02 
3.193E+02   2.902E+01  3.479E-02 
3.230E+02   2.890E+01  3.449E-02 
3.268E+02   2.878E+01  3.419E-02 
3.306E+02   2.865E+01  3.389E-02 
3.344E+02   2.852E+01  3.359E-02 
3.383E+02   2.840E+01  3.330E-02 
3.422E+02   2.827E+01  3.301E-02 
3.462E+02   2.815E+01  3.272E-02 
3.502E+02   2.802E+01  3.243E-02 
3.542E+02   2.789E+01  3.215E-02 
3.583E+02   2.776E+01  3.186E-02 
3.625E+02   2.764E+01  3.158E-02 
3.667E+02   2.751E+01  3.131E-02 
3.710E+02   2.738E+01  3.103E-02 
3.753E+02   2.725E+01  3.076E-02 
3.796E+02   2.712E+01  3.049E-02 
3.840E+02   2.700E+01  3.022E-02 
3.885E+02   2.687E+01  2.995E-02 
3.930E+02   2.674E+01  2.969E-02 
3.975E+02   2.661E+01  2.942E-02 
4.021E+02   2.648E+01  2.916E-02 
4.068E+02   2.635E+01  2.891E-02 
4.115E+02   2.622E+01  2.865E-02 
4.163E+02   2.609E+01  2.840E-02 
4.211E+02   2.597E+01  2.814E-02 
4.260E+02   2.584E+01  2.789E-02 
4.310E+02   2.571E+01  2.765E-02 
4.360E+02   2.558E+01  2.740E-02 
4.410E+02   2.545E+01  2.716E-02 
4.461E+02   2.532E+01  2.691E-02 
4.513E+02   2.520E+01  2.667E-02 
4.565E+02   2.507E+01  2.644E-02 
4.618E+02   2.494E+01  2.620E-02 
4.672E+02   2.481E+01  2.597E-02 
4.726E+02   2.469E+01  2.573E-02 
4.781E+02   2.456E+01  2.550E-02 
4.836E+02   2.443E+01  2.528E-02 
4.892E+02   2.431E+01  2.505E-02 
4.949E+02   2.418E+01  2.482E-02 
5.007E+02   2.406E+01  2.460E-02 
5.065E+02   2.393E+01  2.438E-02 
5.123E+02   2.381E+01  2.416E-02 
5.183E+02   2.368E+01  2.394E-02 
5.243E+02   2.356E+01  2.373E-02 
5.304E+02   2.343E+01  2.352E-02 
5.365E+02   2.331E+01  2.330E-02 
5.428E+02   2.319E+01  2.309E-02 
5.490E+02   2.307E+01  2.288E-02 
5.554E+02   2.294E+01  2.268E-02 
5.619E+02   2.282E+01  2.247E-02 
5.684E+02   2.270E+01  2.227E-02 
5.750E+02   2.258E+01  2.207E-02 
5.816E+02   2.246E+01  2.187E-02 
5.884E+02   2.234E+01  2.167E-02 
5.952E+02   2.222E+01  2.147E-02 
6.021E+02   2.211E+01  2.128E-02 
6.091E+02   2.199E+01  2.109E-02 
6.162E+02   2.187E+01  2.090E-02 
6.233E+02   2.175E+01  2.071E-02 
6.305E+02   2.164E+01  2.052E-02 
6.378E+02   2.152E+01  2.033E-02 
6.452E+02   2.141E+01  2.015E-02 
6.527E+02   2.129E+01  1.996E-02 
6.603E+02   2.118E+01  1.978E-02 
6.680E+02   2.107E+01  1.960E-02 
6.757E+02   2.096E+01  1.942E-02 
6.835E+02   2.084E+01  1.924E-02 
6.915E+02   2.073E+01  1.907E-02 
6.995E+02   2.062E+01  1.889E-02 
7.076E+02   2.051E+01  1.872E-02 
7.158E+02   2.040E+01  1.855E-02 
7.241E+02   2.029E+01  1.838E-02 
7.325E+02   2.019E+01  1.821E-02 
7.410E+02   2.008E+01  1.804E-02 
7.496E+02   1.997E+01  1.788E-02 
7.583E+02   1.987E+01  1.771E-02 
7.671E+02   1.976E+01  1.755E-02 
7.760E+02   1.966E+01  1.739E-02 
7.850E+02   1.955E+01  1.723E-02 
7.941E+02   1.945E+01  1.707E-02 
8.033E+02   1.934E+01  1.691E-02 
8.126E+02   1.924E+01  1.676E-02 
8.221E+02   1.914E+01  1.660E-02 
8.316E+02   1.904E+01  1.645E-02 
8.412E+02   1.894E+01  1.630E-02 
8.510E+02   1.884E+01  1.615E-02 
8.609E+02   1.874E+01  1.600E-02 
8.709E+02   1.864E+01  1.585E-02 
8.810E+02   1.854E+01  1.570E-02 
8.912E+02   1.845E+01  1.556E-02 
9.015E+02   1.835E+01  1.542E-02 
9.120E+02   1.825E+01  1.527E-02 
9.225E+02   1.816E+01  1.513E-02 
9.332E+02   1.806E+01  1.499E-02 
9.441E+02   1.797E+01  1.485E-02 
9.550E+02   1.788E+01  1.471E-02 
9.661E+02   1.778E+01  1.458E-02 
9.773E+02   1.769E+01  1.444E-02 
9.886E+02   1.760E+01  1.431E-02 
1.000E+03   1.751E+01  1.417E-02 
1.012E+03   1.742E+01  1.404E-02 
1.023E+03   1.732E+01  1.391E-02 
1.035E+03   1.723E+01  1.378E-02 
1.047E+03   1.713E+01  1.365E-02 
1.059E+03   1.703E+01  1.353E-02 
1.072E+03   1.693E+01  1.340E-02 
1.084E+03   1.683E+01  1.328E-02 
1.097E+03   1.672E+01  1.315E-02 
1.109E+03   1.662E+01  1.303E-02 
1.122E+03   1.652E+01  1.291E-02 
1.135E+03   1.641E+01  1.279E-02 
1.149E+03   1.630E+01  1.267E-02 
1.162E+03   1.619E+01  1.255E-02 
1.175E+03   1.608E+01  1.243E-02 
1.189E+03   1.597E+01  1.231E-02 
1.203E+03   1.586E+01  1.220E-02 
1.217E+03   1.576E+01  1.208E-02 
1.231E+03   1.566E+01  1.197E-02 
1.245E+03   1.557E+01  1.186E-02 
1.260E+03   1.548E+01  1.175E-02 
1.274E+03   1.538E+01  1.164E-02 
1.289E+03   1.529E+01  1.153E-02 
1.304E+03   1.520E+01  1.142E-02 
1.319E+03   1.511E+01  1.131E-02 
1.334E+03   1.501E+01  1.121E-02 
1.350E+03   1.492E+01  1.110E-02 
1.365E+03   1.483E+01  1.099E-02 
1.381E+03   1.474E+01  1.089E-02 
1.397E+03   1.465E+01  1.079E-02 
1.414E+03   1.456E+01  1.069E-02 
1.430E+03   1.447E+01  1.059E-02 
1.446E+03   1.438E+01  1.049E-02 
1.463E+03   1.429E+01  1.039E-02 
1.480E+03   1.420E+01  1.029E-02 
1.497E+03   1.411E+01  1.019E-02 
1.515E+03   1.402E+01  1.010E-02 
1.532E+03   1.394E+01  1.000E-02 
1.550E+03   1.385E+01  9.905E-03 
1.568E+03   1.376E+01  9.811E-03 
1.586E+03   1.368E+01  9.718E-03 
1.605E+03   1.359E+01  9.626E-03 
1.623E+03   1.350E+01  9.535E-03 
1.642E+03   1.342E+01  9.444E-03 
1.661E+03   1.333E+01  9.355E-03 
1.680E+03   1.325E+01  9.266E-03 
1.700E+03   1.316E+01  9.178E-03 
1.720E+03   1.308E+01  9.091E-03 
1.740E+03   1.300E+01  9.004E-03 
1.760E+03   1.291E+01  8.919E-03 
1.780E+03   1.283E+01  8.834E-03 
1.801E+03   1.275E+01  8.750E-03 
1.822E+03   1.266E+01  8.666E-03 
1.843E+03   1.258E+01  8.584E-03 
1.864E+03   1.250E+01  8.502E-03 
1.886E+03   1.242E+01  8.421E-03 
1.908E+03   1.234E+01  8.341E-03 
1.930E+03   1.226E+01  8.261E-03 
1.952E+03   1.218E+01  8.182E-03 
1.975E+03   1.210E+01  8.104E-03 
1.998E+03   1.202E+01  8.027E-03 
2.021E+03   1.194E+01  7.950E-03 
2.044E+03   1.186E+01  7.874E-03 
2.068E+03   1.179E+01  7.799E-03 
2.092E+03   1.171E+01  7.724E-03 
2.116E+03   1.163E+01  7.650E-03 
2.141E+03   1.155E+01  7.577E-03 
2.166E+03   1.148E+01  7.504E-03 
2.191E+03   1.140E+01  7.432E-03 
2.216E+03   1.133E+01  7.361E-03 
2.242E+03   1.125E+01  7.291E-03 
2.268E+03   1.118E+01  7.221E-03 
2.294E+03   1.110E+01  7.151E-03 
2.321E+03   1.103E+01  7.083E-03 
2.348E+03   1.095E+01  7.015E-03 
2.375E+03   1.088E+01  6.947E-03 
2.403E+03   1.081E+01  6.881E-03 
2.431E+03   1.073E+01  6.814E-03 
2.459E+03   1.066E+01  6.749E-03 
2.487E+03   1.059E+01  6.684E-03 
2.516E+03   1.052E+01  6.620E-03 
2.545E+03   1.045E+01  6.556E-03 
2.575E+03   1.038E+01  6.493E-03 
2.605E+03   1.031E+01  6.430E-03 
2.635E+03   1.024E+01  6.368E-03 
2.665E+03   1.017E+01  6.307E-03 
2.696E+03   1.010E+01  6.246E-03 
2.728E+03   1.003E+01  6.186E-03 
2.759E+03   9.959E+00  6.126E-03 
2.791E+03   9.891E+00  6.067E-03 
2.824E+03   9.823E+00  6.008E-03 
2.856E+03   9.755E+00  5.950E-03 
2.889E+03   9.688E+00  5.893E-03 
2.923E+03   9.621E+00  5.836E-03 
2.957E+03   9.555E+00  5.779E-03 
2.991E+03   9.489E+00  5.724E-03 
3.026E+03   9.423E+00  5.668E-03 
3.061E+03   9.358E+00  5.613E-03 
3.097E+03   9.293E+00  5.559E-03 
3.132E+03   9.228E+00  5.505E-03 
3.169E+03   9.164E+00  5.452E-03 
3.206E+03   9.100E+00  5.399E-03 
3.243E+03   9.036E+00  5.347E-03 
3.280E+03   8.973E+00  5.295E-03 
3.318E+03   8.910E+00  5.243E-03 
3.357E+03   8.847E+00  5.192E-03 
3.396E+03   8.785E+00  5.142E-03 
3.435E+03   8.723E+00  5.092E-03 
3.475E+03   8.661E+00  5.043E-03 
3.515E+03   8.600E+00  4.994E-03 
3.556E+03   8.539E+00  4.945E-03 
3.597E+03   8.479E+00  4.897E-03 
3.639E+03   8.419E+00  4.849E-03 
3.681E+03   8.359E+00  4.802E-03 
3.724E+03   8.299E+00  4.755E-03 
3.767E+03   8.240E+00  4.709E-03 
3.811E+03   8.181E+00  4.663E-03 
3.855E+03   8.123E+00  4.618E-03 
3.900E+03   8.064E+00  4.573E-03 
3.945E+03   8.006E+00  4.528E-03 
3.991E+03   7.949E+00  4.484E-03 
4.037E+03   7.892E+00  4.440E-03 
4.084E+03   7.835E+00  4.397E-03 
4.131E+03   7.778E+00  4.354E-03 
4.179E+03   7.722E+00  4.312E-03 
4.228E+03   7.666E+00  4.269E-03 
4.277E+03   7.610E+00  4.228E-03 
4.326E+03   7.555E+00  4.186E-03 
4.376E+03   7.500E+00  4.146E-03 
4.427E+03   7.446E+00  4.105E-03 
4.479E+03   7.391E+00  4.065E-03 
4.531E+03   7.337E+00  4.025E-03 
4.583E+03   7.283E+00  3.986E-03 
4.636E+03   7.230E+00  3.947E-03 
4.690E+03   7.177E+00  3.908E-03 
4.744E+03   7.124E+00  3.870E-03 
4.799E+03   7.072E+00  3.832E-03 
4.855E+03   7.020E+00  3.794E-03 
4.911E+03   6.968E+00  3.757E-03 
4.968E+03   6.916E+00  3.720E-03 
5.026E+03   6.865E+00  3.684E-03 
5.084E+03   6.814E+00  3.648E-03 
5.143E+03   6.764E+00  3.612E-03 
5.203E+03   6.713E+00  3.576E-03 
5.263E+03   6.663E+00  3.541E-03 
5.324E+03   6.614E+00  3.506E-03 
5.386E+03   6.564E+00  3.472E-03 
5.449E+03   6.515E+00  3.438E-03 
5.512E+03   6.466E+00  3.404E-03 
5.576E+03   6.418E+00  3.371E-03 
5.640E+03   6.370E+00  3.337E-03 
5.706E+03   6.322E+00  3.305E-03 
5.772E+03   6.274E+00  3.272E-03 
5.839E+03   6.227E+00  3.240E-03 
5.907E+03   6.180E+00  3.208E-03 
5.975E+03   6.133E+00  3.176E-03 
6.045E+03   6.087E+00  3.145E-03 
6.115E+03   6.040E+00  3.114E-03 
6.186E+03   5.994E+00  3.083E-03 
6.257E+03   5.949E+00  3.053E-03 
6.330E+03   5.904E+00  3.023E-03 
6.403E+03   5.859E+00  2.993E-03 
6.478E+03   5.814E+00  2.964E-03 
6.553E+03   5.769E+00  2.934E-03 
6.629E+03   5.725E+00  2.905E-03 
6.706E+03   5.681E+00  2.877E-03 
6.783E+03   5.638E+00  2.848E-03 
6.862E+03   5.594E+00  2.820E-03 
6.942E+03   5.551E+00  2.792E-03 
7.022E+03   5.509E+00  2.765E-03 
7.104E+03   5.466E+00  2.737E-03 
7.186E+03   5.424E+00  2.710E-03 
7.269E+03   5.382E+00  2.683E-03 
7.354E+03   5.340E+00  2.657E-03 
7.439E+03   5.299E+00  2.631E-03 
7.525E+03   5.258E+00  2.604E-03 
7.613E+03   5.217E+00  2.579E-03 
7.701E+03   5.176E+00  2.553E-03 
7.790E+03   5.136E+00  2.528E-03 
7.881E+03   5.096E+00  2.503E-03 
7.972E+03   5.056E+00  2.478E-03 
8.064E+03   5.016E+00  2.453E-03 
8.158E+03   4.977E+00  2.429E-03 
8.253E+03   4.938E+00  2.405E-03 
8.348E+03   4.899E+00  2.381E-03 
8.445E+03   4.861E+00  2.357E-03 
8.543E+03   4.822E+00  2.334E-03 
8.642E+03   4.784E+00  2.311E-03 
8.742E+03   4.747E+00  2.288E-03 
8.844E+03   4.709E+00  2.265E-03 
8.946E+03   4.672E+00  2.243E-03 
9.050E+03   4.635E+00  2.220E-03 
9.155E+03   4.598E+00  2.198E-03 
9.261E+03   4.562E+00  2.176E-03 
9.369E+03   4.525E+00  2.155E-03 
9.477E+03   4.489E+00  2.133E-03 
9.587E+03   4.454E+00  2.112E-03 
9.699E+03   4.418E+00  2.091E-03 
9.811E+03   4.383E+00  2.070E-03 
9.925E+03   4.348E+00  2.050E-03 
1.004E+04   4.313E+00  2.029E-03 
1.016E+04   4.278E+00  2.009E-03 
1.027E+04   4.244E+00  1.989E-03 
1.039E+04   4.210E+00  1.969E-03 
1.051E+04   4.176E+00  1.950E-03 
1.064E+04   4.143E+00  1.930E-03 
1.076E+04   4.109E+00  1.911E-03 
1.088E+04   4.076E+00  1.892E-03 
1.101E+04   4.043E+00  1.873E-03 
1.114E+04   4.011E+00  1.854E-03 
1.127E+04   3.978E+00  1.836E-03 
1.140E+04   3.946E+00  1.817E-03 
1.153E+04   3.914E+00  1.799E-03 
1.166E+04   3.882E+00  1.781E-03 
1.180E+04   3.851E+00  1.764E-03 
1.194E+04   3.820E+00  1.746E-03 
1.207E+04   3.789E+00  1.728E-03 
1.221E+04   3.758E+00  1.711E-03 
1.236E+04   3.727E+00  1.694E-03 
1.250E+04   3.697E+00  1.677E-03 
1.264E+04   3.667E+00  1.660E-03 
1.279E+04   3.637E+00  1.644E-03 
1.294E+04   3.607E+00  1.627E-03 
1.309E+04   3.577E+00  1.611E-03 
1.324E+04   3.548E+00  1.595E-03 
1.340E+04   3.519E+00  1.579E-03 
1.355E+04   3.490E+00  1.563E-03 
1.371E+04   3.462E+00  1.547E-03 
1.387E+04   3.433E+00  1.532E-03 
1.403E+04   3.405E+00  1.517E-03 
1.419E+04   3.377E+00  1.501E-03 
1.435E+04   3.349E+00  1.486E-03 
1.452E+04   3.321E+00  1.471E-03 
1.469E+04   3.294E+00  1.457E-03 
1.486E+04   3.267E+00  1.442E-03 
1.503E+04   3.240E+00  1.428E-03 
1.521E+04   3.213E+00  1.413E-03 
1.538E+04   3.186E+00  1.399E-03 
1.556E+04   3.160E+00  1.385E-03 
1.574E+04   3.134E+00  1.371E-03 
1.592E+04   3.108E+00  1.357E-03 
1.611E+04   3.082E+00  1.344E-03 
1.630E+04   3.056E+00  1.330E-03 
1.649E+04   3.031E+00  1.317E-03 
1.668E+04   3.006E+00  1.303E-03 
1.687E+04   2.981E+00  1.290E-03 
1.707E+04   2.956E+00  1.277E-03 
1.726E+04   2.931E+00  1.265E-03 
1.746E+04   2.907E+00  1.252E-03 
1.767E+04   2.882E+00  1.239E-03 
1.787E+04   2.858E+00  1.227E-03 
1.808E+04   2.834E+00  1.214E-03 
1.829E+04   2.811E+00  1.202E-03 
1.850E+04   2.787E+00  1.190E-03 
1.871E+04   2.764E+00  1.178E-03 
1.893E+04   2.741E+00  1.166E-03 
1.915E+04   2.718E+00  1.154E-03 
1.937E+04   2.695E+00  1.143E-03 
1.960E+04   2.672E+00  1.131E-03 
1.983E+04   2.650E+00  1.120E-03 
2.006E+04   2.627E+00  1.109E-03 
2.029E+04   2.605E+00  1.097E-03 
2.052E+04   2.583E+00  1.086E-03 
2.076E+04   2.562E+00  1.075E-03 
2.100E+04   2.540E+00  1.065E-03 
2.125E+04   2.519E+00  1.054E-03 
2.149E+04   2.497E+00  1.043E-03 
2.174E+04   2.476E+00  1.033E-03 
2.199E+04   2.455E+00  1.022E-03 
2.225E+04   2.435E+00  1.012E-03 
2.251E+04   2.414E+00  1.002E-03 
2.277E+04   2.394E+00  9.915E-04 
2.303E+04   2.373E+00  9.815E-04 
2.330E+04   2.353E+00  9.715E-04 
2.357E+04   2.333E+00  9.617E-04 
2.384E+04   2.314E+00  9.520E-04 
2.412E+04   2.294E+00  9.424E-04 
2.440E+04   2.275E+00  9.328E-04 
2.468E+04   2.255E+00  9.234E-04 
2.497E+04   2.236E+00  9.140E-04 
2.526E+04   2.217E+00  9.048E-04 
2.555E+04   2.198E+00  8.956E-04 
2.585E+04   2.180E+00  8.865E-04 
2.615E+04   2.161E+00  8.776E-04 
2.645E+04   2.143E+00  8.687E-04 
2.676E+04   2.125E+00  8.599E-04 
2.707E+04   2.106E+00  8.512E-04 
2.738E+04   2.089E+00  8.425E-04 
2.770E+04   2.071E+00  8.340E-04 
2.802E+04   2.053E+00  8.255E-04 
2.835E+04   2.036E+00  8.172E-04 
2.867E+04   2.018E+00  8.089E-04 
2.901E+04   2.001E+00  8.007E-04 
2.934E+04   1.984E+00  7.925E-04 
2.968E+04   1.967E+00  7.845E-04 
3.003E+04   1.950E+00  7.765E-04 
3.038E+04   1.934E+00  7.686E-04 
3.073E+04   1.917E+00  7.608E-04 
3.109E+04   1.901E+00  7.531E-04 
3.145E+04   1.885E+00  7.455E-04 
3.181E+04   1.869E+00  7.379E-04 
3.218E+04   1.853E+00  7.304E-04 
3.255E+04   1.837E+00  7.230E-04 
3.293E+04   1.821E+00  7.156E-04 
3.331E+04   1.806E+00  7.084E-04 
3.370E+04   1.790E+00  7.011E-04 
3.409E+04   1.775E+00  6.940E-04 
3.449E+04   1.760E+00  6.870E-04 
3.489E+04   1.745E+00  6.800E-04 
3.529E+04   1.730E+00  6.731E-04 
3.570E+04   1.715E+00  6.662E-04 
3.611E+04   1.700E+00  6.594E-04 
3.653E+04   1.686E+00  6.527E-04 
3.696E+04   1.671E+00  6.461E-04 
3.738E+04   1.657E+00  6.395E-04 
3.782E+04   1.643E+00  6.330E-04 
3.826E+04   1.629E+00  6.265E-04 
3.870E+04   1.615E+00  6.201E-04 
3.915E+04   1.601E+00  6.138E-04 
3.960E+04   1.588E+00  6.076E-04 
4.006E+04   1.574E+00  6.014E-04 
4.053E+04   1.561E+00  5.952E-04 
4.100E+04   1.547E+00  5.892E-04 
4.147E+04   1.534E+00  5.832E-04 
4.195E+04   1.521E+00  5.772E-04 
4.244E+04   1.508E+00  5.713E-04 
4.293E+04   1.495E+00  5.655E-04 
4.343E+04   1.482E+00  5.597E-04 
4.394E+04   1.470E+00  5.540E-04 
4.444E+04   1.457E+00  5.484E-04 
4.496E+04   1.445E+00  5.428E-04 
4.548E+04   1.432E+00  5.372E-04 
4.601E+04   1.420E+00  5.317E-04 
4.654E+04   1.408E+00  5.263E-04 
4.708E+04   1.396E+00  5.209E-04 
4.763E+04   1.384E+00  5.156E-04 
4.818E+04   1.372E+00  5.103E-04 
4.874E+04   1.361E+00  5.051E-04 
4.931E+04   1.349E+00  5.000E-04 
4.988E+04   1.338E+00  4.948E-04 
5.046E+04   1.326E+00  4.898E-04 
5.104E+04   1.315E+00  4.848E-04 
5.163E+04   1.304E+00  4.798E-04 
5.223E+04   1.293E+00  4.749E-04 
5.284E+04   1.282E+00  4.701E-04 
5.345E+04   1.271E+00  4.652E-04 
5.407E+04   1.260E+00  4.605E-04 
5.470E+04   1.249E+00  4.558E-04 
5.533E+04   1.239E+00  4.511E-04 
5.597E+04   1.228E+00  4.465E-04 
5.662E+04   1.218E+00  4.419E-04 
5.728E+04   1.208E+00  4.374E-04 
5.794E+04   1.197E+00  4.329E-04 
5.862E+04   1.187E+00  4.285E-04 
5.930E+04   1.177E+00  4.241E-04 
5.998E+04   1.167E+00  4.197E-04 
6.068E+04   1.157E+00  4.154E-04 
6.138E+04   1.148E+00  4.112E-04 
6.210E+04   1.138E+00  4.070E-04 
6.282E+04   1.128E+00  4.028E-04 
6.354E+04   1.119E+00  3.987E-04 
6.428E+04   1.109E+00  3.946E-04 
6.503E+04   1.100E+00  3.905E-04 
6.578E+04   1.091E+00  3.865E-04 
6.654E+04   1.082E+00  3.825E-04 
6.732E+04   1.072E+00  3.786E-04 
6.810E+04   1.063E+00  3.747E-04 
6.889E+04   1.055E+00  3.709E-04 
6.969E+04   1.046E+00  3.671E-04 
7.049E+04   1.037E+00  3.633E-04 
7.131E+04   1.028E+00  3.596E-04 
7.214E+04   1.020E+00  3.559E-04 
7.298E+04   1.011E+00  3.522E-04 
7.382E+04   1.003E+00  3.486E-04 
7.468E+04   9.944E-01  3.450E-04 
7.555E+04   9.861E-01  3.415E-04 
7.642E+04   9.779E-01  3.380E-04 
7.731E+04   9.697E-01  3.345E-04 
7.820E+04   9.617E-01  3.311E-04 
7.911E+04   9.537E-01  3.277E-04 
8.003E+04   9.458E-01  3.243E-04 
8.096E+04   9.380E-01  3.209E-04 
8.190E+04   9.302E-01  3.176E-04 
8.285E+04   9.225E-01  3.144E-04 
8.381E+04   9.149E-01  3.111E-04 
8.478E+04   9.073E-01  3.079E-04 
8.576E+04   8.999E-01  3.048E-04 
8.676E+04   8.924E-01  3.016E-04 
8.776E+04   8.851E-01  2.985E-04 
8.878E+04   8.778E-01  2.955E-04 
8.981E+04   8.706E-01  2.924E-04 
9.085E+04   8.635E-01  2.894E-04 
9.191E+04   8.564E-01  2.864E-04 
9.297E+04   8.494E-01  2.835E-04 
9.405E+04   8.425E-01  2.805E-04 
9.514E+04   8.356E-01  2.777E-04 
9.625E+04   8.288E-01  2.748E-04 
9.736E+04   8.221E-01  2.720E-04 
9.849E+04   8.154E-01  2.692E-04 
9.963E+04   8.088E-01  2.664E-04 
1.008E+05   8.022E-01  2.636E-04 
