Ion = Helium      . Mass = 4.0026
Tgt = Bi (Solid). Density = 9.8 g/cm3
Stopping Units =  eV/(1E15 atoms/cm2)
Energy(keV)  S(Elec)    S(Nuc)
1.000E+00   6.848E+00  1.698E+00 
1.013E+00   6.893E+00  1.703E+00 
1.026E+00   6.937E+00  1.708E+00 
1.039E+00   6.982E+00  1.713E+00 
1.053E+00   7.028E+00  1.718E+00 
1.067E+00   7.073E+00  1.723E+00 
1.081E+00   7.119E+00  1.728E+00 
1.095E+00   7.165E+00  1.732E+00 
1.109E+00   7.211E+00  1.737E+00 
1.123E+00   7.258E+00  1.742E+00 
1.138E+00   7.305E+00  1.747E+00 
1.153E+00   7.353E+00  1.752E+00 
1.168E+00   7.400E+00  1.756E+00 
1.183E+00   7.448E+00  1.761E+00 
1.198E+00   7.496E+00  1.766E+00 
1.214E+00   7.545E+00  1.770E+00 
1.229E+00   7.594E+00  1.775E+00 
1.245E+00   7.643E+00  1.780E+00 
1.262E+00   7.692E+00  1.784E+00 
1.278E+00   7.742E+00  1.789E+00 
1.295E+00   7.792E+00  1.793E+00 
1.311E+00   7.843E+00  1.798E+00 
1.329E+00   7.894E+00  1.803E+00 
1.346E+00   7.945E+00  1.807E+00 
1.363E+00   7.996E+00  1.812E+00 
1.381E+00   8.048E+00  1.816E+00 
1.399E+00   8.100E+00  1.821E+00 
1.417E+00   8.153E+00  1.825E+00 
1.436E+00   8.205E+00  1.829E+00 
1.454E+00   8.259E+00  1.834E+00 
1.473E+00   8.312E+00  1.838E+00 
1.492E+00   8.366E+00  1.843E+00 
1.512E+00   8.420E+00  1.847E+00 
1.531E+00   8.475E+00  1.851E+00 
1.551E+00   8.530E+00  1.856E+00 
1.571E+00   8.585E+00  1.860E+00 
1.592E+00   8.640E+00  1.864E+00 
1.612E+00   8.696E+00  1.868E+00 
1.633E+00   8.753E+00  1.872E+00 
1.655E+00   8.809E+00  1.877E+00 
1.676E+00   8.866E+00  1.881E+00 
1.698E+00   8.924E+00  1.885E+00 
1.720E+00   8.982E+00  1.889E+00 
1.742E+00   9.040E+00  1.893E+00 
1.765E+00   9.098E+00  1.897E+00 
1.788E+00   9.157E+00  1.901E+00 
1.811E+00   9.217E+00  1.905E+00 
1.835E+00   9.276E+00  1.909E+00 
1.859E+00   9.336E+00  1.913E+00 
1.883E+00   9.397E+00  1.917E+00 
1.907E+00   9.458E+00  1.921E+00 
1.932E+00   9.519E+00  1.925E+00 
1.957E+00   9.581E+00  1.929E+00 
1.983E+00   9.643E+00  1.932E+00 
2.008E+00   9.705E+00  1.936E+00 
2.034E+00   9.768E+00  1.940E+00 
2.061E+00   9.831E+00  1.944E+00 
2.088E+00   9.895E+00  1.947E+00 
2.115E+00   9.959E+00  1.951E+00 
2.142E+00   1.002E+01  1.955E+00 
2.170E+00   1.009E+01  1.958E+00 
2.198E+00   1.015E+01  1.962E+00 
2.227E+00   1.022E+01  1.965E+00 
2.256E+00   1.029E+01  1.969E+00 
2.285E+00   1.035E+01  1.972E+00 
2.315E+00   1.042E+01  1.976E+00 
2.345E+00   1.049E+01  1.979E+00 
2.375E+00   1.056E+01  1.983E+00 
2.406E+00   1.062E+01  1.986E+00 
2.438E+00   1.069E+01  1.989E+00 
2.469E+00   1.076E+01  1.993E+00 
2.501E+00   1.083E+01  1.996E+00 
2.534E+00   1.090E+01  1.999E+00 
2.567E+00   1.097E+01  2.002E+00 
2.600E+00   1.104E+01  2.005E+00 
2.634E+00   1.111E+01  2.009E+00 
2.668E+00   1.119E+01  2.012E+00 
2.703E+00   1.126E+01  2.015E+00 
2.738E+00   1.133E+01  2.018E+00 
2.773E+00   1.141E+01  2.021E+00 
2.810E+00   1.148E+01  2.024E+00 
2.846E+00   1.155E+01  2.027E+00 
2.883E+00   1.163E+01  2.029E+00 
2.921E+00   1.170E+01  2.032E+00 
2.958E+00   1.178E+01  2.035E+00 
2.997E+00   1.186E+01  2.038E+00 
3.036E+00   1.193E+01  2.041E+00 
3.075E+00   1.201E+01  2.043E+00 
3.115E+00   1.209E+01  2.046E+00 
3.156E+00   1.217E+01  2.049E+00 
3.197E+00   1.224E+01  2.051E+00 
3.238E+00   1.232E+01  2.054E+00 
3.280E+00   1.240E+01  2.056E+00 
3.323E+00   1.248E+01  2.059E+00 
3.366E+00   1.257E+01  2.061E+00 
3.410E+00   1.265E+01  2.063E+00 
3.454E+00   1.273E+01  2.066E+00 
3.499E+00   1.281E+01  2.068E+00 
3.545E+00   1.289E+01  2.070E+00 
3.591E+00   1.298E+01  2.073E+00 
3.637E+00   1.306E+01  2.075E+00 
3.685E+00   1.315E+01  2.077E+00 
3.733E+00   1.323E+01  2.079E+00 
3.781E+00   1.332E+01  2.081E+00 
3.830E+00   1.340E+01  2.083E+00 
3.880E+00   1.349E+01  2.085E+00 
3.930E+00   1.358E+01  2.087E+00 
3.982E+00   1.367E+01  2.089E+00 
4.033E+00   1.375E+01  2.091E+00 
4.086E+00   1.384E+01  2.092E+00 
4.139E+00   1.393E+01  2.094E+00 
4.193E+00   1.402E+01  2.096E+00 
4.247E+00   1.411E+01  2.098E+00 
4.302E+00   1.421E+01  2.099E+00 
4.358E+00   1.430E+01  2.101E+00 
4.415E+00   1.439E+01  2.102E+00 
4.472E+00   1.448E+01  2.104E+00 
4.530E+00   1.458E+01  2.105E+00 
4.589E+00   1.467E+01  2.107E+00 
4.649E+00   1.477E+01  2.108E+00 
4.709E+00   1.486E+01  2.109E+00 
4.770E+00   1.496E+01  2.111E+00 
4.832E+00   1.505E+01  2.112E+00 
4.895E+00   1.515E+01  2.113E+00 
4.959E+00   1.525E+01  2.114E+00 
5.023E+00   1.535E+01  2.115E+00 
5.089E+00   1.545E+01  2.116E+00 
5.155E+00   1.555E+01  2.117E+00 
5.222E+00   1.565E+01  2.118E+00 
5.290E+00   1.575E+01  2.119E+00 
5.358E+00   1.585E+01  2.120E+00 
5.428E+00   1.596E+01  2.120E+00 
5.499E+00   1.606E+01  2.121E+00 
5.570E+00   1.616E+01  2.122E+00 
5.642E+00   1.627E+01  2.122E+00 
5.716E+00   1.637E+01  2.123E+00 
5.790E+00   1.648E+01  2.124E+00 
5.865E+00   1.659E+01  2.124E+00 
5.942E+00   1.669E+01  2.124E+00 
6.019E+00   1.680E+01  2.125E+00 
6.097E+00   1.691E+01  2.125E+00 
6.176E+00   1.702E+01  2.125E+00 
6.256E+00   1.713E+01  2.126E+00 
6.338E+00   1.724E+01  2.126E+00 
6.420E+00   1.735E+01  2.126E+00 
6.504E+00   1.747E+01  2.126E+00 
6.588E+00   1.758E+01  2.126E+00 
6.674E+00   1.769E+01  2.126E+00 
6.760E+00   1.781E+01  2.126E+00 
6.848E+00   1.792E+01  2.126E+00 
6.937E+00   1.804E+01  2.126E+00 
7.027E+00   1.815E+01  2.125E+00 
7.119E+00   1.827E+01  2.125E+00 
7.211E+00   1.839E+01  2.125E+00 
7.305E+00   1.851E+01  2.124E+00 
7.400E+00   1.863E+01  2.124E+00 
7.496E+00   1.875E+01  2.123E+00 
7.594E+00   1.887E+01  2.123E+00 
7.692E+00   1.899E+01  2.122E+00 
7.792E+00   1.912E+01  2.121E+00 
7.894E+00   1.924E+01  2.121E+00 
7.996E+00   1.937E+01  2.120E+00 
8.100E+00   1.949E+01  2.119E+00 
8.205E+00   1.961E+01  2.118E+00 
8.312E+00   1.974E+01  2.117E+00 
8.420E+00   1.987E+01  2.116E+00 
8.529E+00   1.999E+01  2.115E+00 
8.640E+00   2.012E+01  2.114E+00 
8.753E+00   2.025E+01  2.113E+00 
8.866E+00   2.039E+01  2.111E+00 
8.982E+00   2.052E+01  2.110E+00 
9.098E+00   2.065E+01  2.109E+00 
9.217E+00   2.078E+01  2.107E+00 
9.336E+00   2.092E+01  2.106E+00 
9.458E+00   2.106E+01  2.104E+00 
9.581E+00   2.119E+01  2.103E+00 
9.705E+00   2.133E+01  2.101E+00 
9.831E+00   2.147E+01  2.099E+00 
9.959E+00   2.161E+01  2.098E+00 
1.009E+01   2.176E+01  2.096E+00 
1.022E+01   2.190E+01  2.094E+00 
1.035E+01   2.205E+01  2.092E+00 
1.049E+01   2.219E+01  2.090E+00 
1.062E+01   2.234E+01  2.088E+00 
1.076E+01   2.249E+01  2.086E+00 
1.090E+01   2.264E+01  2.084E+00 
1.104E+01   2.279E+01  2.081E+00 
1.119E+01   2.294E+01  2.079E+00 
1.133E+01   2.309E+01  2.077E+00 
1.148E+01   2.325E+01  2.075E+00 
1.163E+01   2.340E+01  2.072E+00 
1.178E+01   2.356E+01  2.070E+00 
1.193E+01   2.372E+01  2.067E+00 
1.209E+01   2.388E+01  2.064E+00 
1.224E+01   2.404E+01  2.062E+00 
1.240E+01   2.420E+01  2.059E+00 
1.256E+01   2.437E+01  2.056E+00 
1.273E+01   2.453E+01  2.053E+00 
1.289E+01   2.470E+01  2.051E+00 
1.306E+01   2.486E+01  2.048E+00 
1.323E+01   2.503E+01  2.045E+00 
1.340E+01   2.520E+01  2.041E+00 
1.358E+01   2.538E+01  2.038E+00 
1.375E+01   2.555E+01  2.035E+00 
1.393E+01   2.572E+01  2.032E+00 
1.411E+01   2.590E+01  2.029E+00 
1.430E+01   2.608E+01  2.025E+00 
1.448E+01   2.626E+01  2.022E+00 
1.467E+01   2.644E+01  2.018E+00 
1.486E+01   2.662E+01  2.015E+00 
1.505E+01   2.681E+01  2.011E+00 
1.525E+01   2.699E+01  2.008E+00 
1.545E+01   2.718E+01  2.004E+00 
1.565E+01   2.737E+01  2.000E+00 
1.585E+01   2.756E+01  1.997E+00 
1.606E+01   2.775E+01  1.993E+00 
1.627E+01   2.794E+01  1.989E+00 
1.648E+01   2.814E+01  1.985E+00 
1.669E+01   2.833E+01  1.981E+00 
1.691E+01   2.853E+01  1.977E+00 
1.713E+01   2.873E+01  1.973E+00 
1.735E+01   2.893E+01  1.969E+00 
1.758E+01   2.913E+01  1.964E+00 
1.781E+01   2.934E+01  1.960E+00 
1.804E+01   2.954E+01  1.956E+00 
1.827E+01   2.975E+01  1.951E+00 
1.851E+01   2.996E+01  1.947E+00 
1.875E+01   3.017E+01  1.943E+00 
1.899E+01   3.039E+01  1.938E+00 
1.924E+01   3.060E+01  1.934E+00 
1.949E+01   3.082E+01  1.929E+00 
1.974E+01   3.104E+01  1.924E+00 
2.000E+01   3.126E+01  1.920E+00 
2.026E+01   3.148E+01  1.915E+00 
2.052E+01   3.170E+01  1.910E+00 
2.079E+01   3.193E+01  1.905E+00 
2.106E+01   3.216E+01  1.900E+00 
2.133E+01   3.239E+01  1.895E+00 
2.161E+01   3.262E+01  1.890E+00 
2.189E+01   3.285E+01  1.885E+00 
2.218E+01   3.309E+01  1.880E+00 
2.247E+01   3.332E+01  1.875E+00 
2.276E+01   3.356E+01  1.870E+00 
2.305E+01   3.381E+01  1.864E+00 
2.335E+01   3.405E+01  1.859E+00 
2.366E+01   3.429E+01  1.854E+00 
2.396E+01   3.454E+01  1.848E+00 
2.428E+01   3.479E+01  1.843E+00 
2.459E+01   3.504E+01  1.838E+00 
2.491E+01   3.529E+01  1.832E+00 
2.523E+01   3.555E+01  1.826E+00 
2.556E+01   3.581E+01  1.821E+00 
2.589E+01   3.607E+01  1.815E+00 
2.623E+01   3.633E+01  1.810E+00 
2.657E+01   3.659E+01  1.804E+00 
2.692E+01   3.686E+01  1.798E+00 
2.727E+01   3.713E+01  1.792E+00 
2.762E+01   3.740E+01  1.786E+00 
2.798E+01   3.767E+01  1.781E+00 
2.834E+01   3.794E+01  1.775E+00 
2.871E+01   3.822E+01  1.769E+00 
2.909E+01   3.850E+01  1.763E+00 
2.946E+01   3.878E+01  1.757E+00 
2.985E+01   3.907E+01  1.751E+00 
3.023E+01   3.935E+01  1.745E+00 
3.063E+01   3.964E+01  1.738E+00 
3.103E+01   3.993E+01  1.732E+00 
3.143E+01   4.022E+01  1.726E+00 
3.184E+01   4.052E+01  1.720E+00 
3.225E+01   4.082E+01  1.714E+00 
3.267E+01   4.112E+01  1.707E+00 
3.309E+01   4.142E+01  1.701E+00 
3.352E+01   4.172E+01  1.695E+00 
3.396E+01   4.203E+01  1.688E+00 
3.440E+01   4.234E+01  1.682E+00 
3.485E+01   4.265E+01  1.675E+00 
3.530E+01   4.297E+01  1.669E+00 
3.576E+01   4.329E+01  1.662E+00 
3.623E+01   4.361E+01  1.656E+00 
3.670E+01   4.393E+01  1.649E+00 
3.717E+01   4.425E+01  1.643E+00 
3.766E+01   4.458E+01  1.636E+00 
3.815E+01   4.491E+01  1.629E+00 
3.864E+01   4.524E+01  1.623E+00 
3.914E+01   4.558E+01  1.616E+00 
3.965E+01   4.592E+01  1.609E+00 
4.017E+01   4.626E+01  1.602E+00 
4.069E+01   4.660E+01  1.596E+00 
4.122E+01   4.695E+01  1.589E+00 
4.175E+01   4.729E+01  1.582E+00 
4.230E+01   4.765E+01  1.575E+00 
4.285E+01   4.800E+01  1.568E+00 
4.340E+01   4.836E+01  1.562E+00 
4.397E+01   4.872E+01  1.555E+00 
4.454E+01   4.908E+01  1.548E+00 
4.512E+01   4.944E+01  1.541E+00 
4.570E+01   4.981E+01  1.534E+00 
4.630E+01   5.018E+01  1.527E+00 
4.690E+01   5.055E+01  1.520E+00 
4.751E+01   5.093E+01  1.513E+00 
4.813E+01   5.131E+01  1.506E+00 
4.875E+01   5.169E+01  1.499E+00 
4.939E+01   5.207E+01  1.492E+00 
5.003E+01   5.246E+01  1.485E+00 
5.068E+01   5.285E+01  1.478E+00 
5.134E+01   5.325E+01  1.471E+00 
5.200E+01   5.364E+01  1.464E+00 
5.268E+01   5.404E+01  1.457E+00 
5.336E+01   5.444E+01  1.449E+00 
5.406E+01   5.485E+01  1.442E+00 
5.476E+01   5.525E+01  1.435E+00 
5.547E+01   5.566E+01  1.428E+00 
5.619E+01   5.608E+01  1.421E+00 
5.692E+01   5.650E+01  1.414E+00 
5.766E+01   5.691E+01  1.407E+00 
5.841E+01   5.734E+01  1.399E+00 
5.917E+01   5.776E+01  1.392E+00 
5.994E+01   5.819E+01  1.385E+00 
6.072E+01   5.862E+01  1.378E+00 
6.151E+01   5.906E+01  1.371E+00 
6.231E+01   5.949E+01  1.364E+00 
6.312E+01   5.993E+01  1.356E+00 
6.394E+01   6.038E+01  1.349E+00 
6.477E+01   6.082E+01  1.342E+00 
6.561E+01   6.127E+01  1.335E+00 
6.646E+01   6.172E+01  1.328E+00 
6.733E+01   6.218E+01  1.320E+00 
6.820E+01   6.264E+01  1.313E+00 
6.909E+01   6.310E+01  1.306E+00 
6.999E+01   6.356E+01  1.299E+00 
7.090E+01   6.403E+01  1.292E+00 
7.182E+01   6.450E+01  1.284E+00 
7.275E+01   6.497E+01  1.277E+00 
7.370E+01   6.545E+01  1.270E+00 
7.465E+01   6.593E+01  1.263E+00 
7.562E+01   6.641E+01  1.256E+00 
7.661E+01   6.689E+01  1.248E+00 
7.760E+01   6.738E+01  1.241E+00 
7.861E+01   6.787E+01  1.234E+00 
7.963E+01   6.837E+01  1.227E+00 
8.067E+01   6.886E+01  1.220E+00 
8.172E+01   6.936E+01  1.213E+00 
8.278E+01   6.986E+01  1.206E+00 
8.385E+01   7.037E+01  1.198E+00 
8.494E+01   7.088E+01  1.191E+00 
8.605E+01   7.139E+01  1.184E+00 
8.717E+01   7.190E+01  1.177E+00 
8.830E+01   7.242E+01  1.170E+00 
8.945E+01   7.293E+01  1.163E+00 
9.061E+01   7.346E+01  1.156E+00 
9.179E+01   7.398E+01  1.149E+00 
9.298E+01   7.451E+01  1.142E+00 
9.419E+01   7.504E+01  1.135E+00 
9.541E+01   7.557E+01  1.128E+00 
9.665E+01   7.610E+01  1.121E+00 
9.791E+01   7.664E+01  1.114E+00 
9.918E+01   7.718E+01  1.107E+00 
1.005E+02   7.772E+01  1.100E+00 
1.018E+02   7.826E+01  1.093E+00 
1.031E+02   7.881E+01  1.086E+00 
1.044E+02   7.936E+01  1.079E+00 
1.058E+02   7.991E+01  1.072E+00 
1.072E+02   8.046E+01  1.065E+00 
1.086E+02   8.102E+01  1.059E+00 
1.100E+02   8.158E+01  1.052E+00 
1.114E+02   8.214E+01  1.045E+00 
1.129E+02   8.270E+01  1.038E+00 
1.143E+02   8.326E+01  1.031E+00 
1.158E+02   8.383E+01  1.024E+00 
1.173E+02   8.440E+01  1.018E+00 
1.188E+02   8.497E+01  1.011E+00 
1.204E+02   8.554E+01  1.004E+00 
1.219E+02   8.611E+01  9.975E-01 
1.235E+02   8.669E+01  9.909E-01 
1.251E+02   8.726E+01  9.842E-01 
1.268E+02   8.784E+01  9.776E-01 
1.284E+02   8.842E+01  9.710E-01 
1.301E+02   8.900E+01  9.644E-01 
1.318E+02   8.959E+01  9.578E-01 
1.335E+02   9.017E+01  9.512E-01 
1.352E+02   9.075E+01  9.447E-01 
1.370E+02   9.134E+01  9.382E-01 
1.388E+02   9.193E+01  9.317E-01 
1.406E+02   9.251E+01  9.253E-01 
1.424E+02   9.310E+01  9.188E-01 
1.442E+02   9.369E+01  9.124E-01 
1.461E+02   9.428E+01  9.060E-01 
1.480E+02   9.488E+01  8.996E-01 
1.499E+02   9.547E+01  8.933E-01 
1.519E+02   9.606E+01  8.870E-01 
1.539E+02   9.665E+01  8.807E-01 
1.559E+02   9.725E+01  8.744E-01 
1.579E+02   9.784E+01  8.682E-01 
1.599E+02   9.843E+01  8.619E-01 
1.620E+02   9.903E+01  8.557E-01 
1.641E+02   9.962E+01  8.496E-01 
1.662E+02   1.002E+02  8.434E-01 
1.684E+02   1.008E+02  8.373E-01 
1.706E+02   1.014E+02  8.312E-01 
1.728E+02   1.020E+02  8.252E-01 
1.751E+02   1.026E+02  8.191E-01 
1.773E+02   1.032E+02  8.131E-01 
1.796E+02   1.038E+02  8.071E-01 
1.820E+02   1.044E+02  8.011E-01 
1.843E+02   1.050E+02  7.952E-01 
1.867E+02   1.055E+02  7.893E-01 
1.892E+02   1.061E+02  7.834E-01 
1.916E+02   1.067E+02  7.776E-01 
1.941E+02   1.073E+02  7.717E-01 
1.966E+02   1.079E+02  7.659E-01 
1.992E+02   1.085E+02  7.602E-01 
2.018E+02   1.091E+02  7.544E-01 
2.044E+02   1.096E+02  7.487E-01 
2.071E+02   1.102E+02  7.430E-01 
2.097E+02   1.108E+02  7.374E-01 
2.125E+02   1.114E+02  7.317E-01 
2.152E+02   1.119E+02  7.261E-01 
2.180E+02   1.125E+02  7.206E-01 
2.209E+02   1.131E+02  7.150E-01 
2.237E+02   1.136E+02  7.095E-01 
2.266E+02   1.142E+02  7.040E-01 
2.296E+02   1.148E+02  6.986E-01 
2.326E+02   1.153E+02  6.931E-01 
2.356E+02   1.159E+02  6.877E-01 
2.387E+02   1.164E+02  6.823E-01 
2.418E+02   1.170E+02  6.770E-01 
2.449E+02   1.175E+02  6.717E-01 
2.481E+02   1.181E+02  6.664E-01 
2.513E+02   1.186E+02  6.611E-01 
2.546E+02   1.192E+02  6.559E-01 
2.579E+02   1.197E+02  6.507E-01 
2.612E+02   1.202E+02  6.455E-01 
2.646E+02   1.208E+02  6.404E-01 
2.681E+02   1.213E+02  6.353E-01 
2.716E+02   1.218E+02  6.302E-01 
2.751E+02   1.223E+02  6.251E-01 
2.787E+02   1.228E+02  6.201E-01 
2.823E+02   1.234E+02  6.151E-01 
2.859E+02   1.239E+02  6.102E-01 
2.897E+02   1.244E+02  6.052E-01 
2.934E+02   1.249E+02  6.003E-01 
2.972E+02   1.254E+02  5.954E-01 
3.011E+02   1.258E+02  5.906E-01 
3.050E+02   1.263E+02  5.858E-01 
3.090E+02   1.268E+02  5.810E-01 
3.130E+02   1.273E+02  5.762E-01 
3.171E+02   1.278E+02  5.715E-01 
3.212E+02   1.282E+02  5.668E-01 
3.254E+02   1.287E+02  5.621E-01 
3.296E+02   1.291E+02  5.574E-01 
3.339E+02   1.296E+02  5.528E-01 
3.382E+02   1.300E+02  5.482E-01 
3.426E+02   1.305E+02  5.437E-01 
3.471E+02   1.309E+02  5.391E-01 
3.516E+02   1.313E+02  5.346E-01 
3.561E+02   1.318E+02  5.302E-01 
3.608E+02   1.322E+02  5.257E-01 
3.655E+02   1.326E+02  5.213E-01 
3.702E+02   1.330E+02  5.169E-01 
3.750E+02   1.334E+02  5.126E-01 
3.799E+02   1.338E+02  5.082E-01 
3.848E+02   1.342E+02  5.039E-01 
3.898E+02   1.346E+02  4.996E-01 
3.949E+02   1.349E+02  4.954E-01 
4.000E+02   1.353E+02  4.912E-01 
4.052E+02   1.357E+02  4.870E-01 
4.105E+02   1.360E+02  4.828E-01 
4.158E+02   1.364E+02  4.787E-01 
4.212E+02   1.367E+02  4.746E-01 
4.267E+02   1.371E+02  4.705E-01 
4.323E+02   1.374E+02  4.665E-01 
4.379E+02   1.377E+02  4.624E-01 
4.436E+02   1.380E+02  4.585E-01 
4.493E+02   1.384E+02  4.545E-01 
4.552E+02   1.387E+02  4.506E-01 
4.611E+02   1.390E+02  4.466E-01 
4.671E+02   1.392E+02  4.428E-01 
4.731E+02   1.395E+02  4.389E-01 
4.793E+02   1.398E+02  4.351E-01 
4.855E+02   1.401E+02  4.313E-01 
4.918E+02   1.403E+02  4.275E-01 
4.982E+02   1.406E+02  4.237E-01 
5.047E+02   1.408E+02  4.200E-01 
5.113E+02   1.411E+02  4.163E-01 
5.179E+02   1.413E+02  4.127E-01 
5.246E+02   1.415E+02  4.090E-01 
5.315E+02   1.417E+02  4.054E-01 
5.384E+02   1.419E+02  4.018E-01 
5.454E+02   1.421E+02  3.983E-01 
5.524E+02   1.423E+02  3.947E-01 
5.596E+02   1.425E+02  3.912E-01 
5.669E+02   1.427E+02  3.877E-01 
5.743E+02   1.428E+02  3.843E-01 
5.817E+02   1.430E+02  3.808E-01 
5.893E+02   1.431E+02  3.774E-01 
5.969E+02   1.433E+02  3.740E-01 
6.047E+02   1.434E+02  3.707E-01 
6.126E+02   1.435E+02  3.674E-01 
6.205E+02   1.436E+02  3.774E-01 
6.286E+02   1.437E+02  3.740E-01 
6.368E+02   1.438E+02  3.706E-01 
6.450E+02   1.439E+02  3.672E-01 
6.534E+02   1.440E+02  3.638E-01 
6.619E+02   1.441E+02  3.605E-01 
6.705E+02   1.441E+02  3.572E-01 
6.792E+02   1.442E+02  3.539E-01 
6.881E+02   1.442E+02  3.507E-01 
6.970E+02   1.443E+02  3.474E-01 
7.061E+02   1.443E+02  3.442E-01 
7.152E+02   1.443E+02  3.411E-01 
7.245E+02   1.443E+02  3.379E-01 
7.339E+02   1.443E+02  3.348E-01 
7.435E+02   1.443E+02  3.317E-01 
7.531E+02   1.443E+02  3.286E-01 
7.629E+02   1.443E+02  3.256E-01 
7.728E+02   1.443E+02  3.225E-01 
7.829E+02   1.442E+02  3.195E-01 
7.931E+02   1.442E+02  3.165E-01 
8.034E+02   1.441E+02  3.136E-01 
8.138E+02   1.440E+02  3.106E-01 
8.244E+02   1.440E+02  3.077E-01 
8.351E+02   1.439E+02  3.048E-01 
8.460E+02   1.438E+02  3.020E-01 
8.570E+02   1.437E+02  2.991E-01 
8.681E+02   1.436E+02  2.963E-01 
8.794E+02   1.435E+02  2.935E-01 
8.908E+02   1.433E+02  2.908E-01 
9.024E+02   1.432E+02  2.880E-01 
9.141E+02   1.430E+02  2.853E-01 
9.260E+02   1.429E+02  2.826E-01 
9.380E+02   1.427E+02  2.799E-01 
9.502E+02   1.426E+02  2.772E-01 
9.626E+02   1.424E+02  2.746E-01 
9.751E+02   1.422E+02  2.720E-01 
9.877E+02   1.420E+02  2.694E-01 
1.001E+03   1.418E+02  2.668E-01 
1.014E+03   1.416E+02  2.643E-01 
1.027E+03   1.414E+02  2.618E-01 
1.040E+03   1.411E+02  2.593E-01 
1.054E+03   1.409E+02  2.568E-01 
1.067E+03   1.407E+02  2.543E-01 
1.081E+03   1.404E+02  2.519E-01 
1.095E+03   1.401E+02  2.494E-01 
1.109E+03   1.399E+02  2.470E-01 
1.124E+03   1.396E+02  2.447E-01 
1.138E+03   1.393E+02  2.423E-01 
1.153E+03   1.390E+02  2.400E-01 
1.168E+03   1.387E+02  2.376E-01 
1.183E+03   1.384E+02  2.353E-01 
1.199E+03   1.381E+02  2.331E-01 
1.214E+03   1.378E+02  2.308E-01 
1.230E+03   1.375E+02  2.286E-01 
1.246E+03   1.371E+02  2.263E-01 
1.262E+03   1.368E+02  2.241E-01 
1.279E+03   1.365E+02  2.220E-01 
1.295E+03   1.361E+02  2.198E-01 
1.312E+03   1.358E+02  2.176E-01 
1.329E+03   1.354E+02  2.155E-01 
1.347E+03   1.350E+02  2.134E-01 
1.364E+03   1.346E+02  2.113E-01 
1.382E+03   1.343E+02  2.093E-01 
1.400E+03   1.339E+02  2.072E-01 
1.418E+03   1.335E+02  2.052E-01 
1.436E+03   1.331E+02  2.032E-01 
1.455E+03   1.327E+02  2.012E-01 
1.474E+03   1.322E+02  1.992E-01 
1.493E+03   1.318E+02  1.972E-01 
1.513E+03   1.314E+02  1.953E-01 
1.532E+03   1.310E+02  1.933E-01 
1.552E+03   1.305E+02  1.914E-01 
1.572E+03   1.301E+02  1.895E-01 
1.593E+03   1.296E+02  1.877E-01 
1.613E+03   1.292E+02  1.858E-01 
1.634E+03   1.287E+02  1.840E-01 
1.656E+03   1.283E+02  1.821E-01 
1.677E+03   1.278E+02  1.803E-01 
1.699E+03   1.273E+02  1.785E-01 
1.721E+03   1.269E+02  1.768E-01 
1.743E+03   1.264E+02  1.750E-01 
1.766E+03   1.259E+02  1.733E-01 
1.789E+03   1.254E+02  1.715E-01 
1.812E+03   1.249E+02  1.698E-01 
1.836E+03   1.244E+02  1.681E-01 
1.860E+03   1.239E+02  1.664E-01 
1.884E+03   1.234E+02  1.648E-01 
1.908E+03   1.229E+02  1.631E-01 
1.933E+03   1.224E+02  1.615E-01 
1.958E+03   1.219E+02  1.599E-01 
1.984E+03   1.214E+02  1.583E-01 
2.009E+03   1.209E+02  1.567E-01 
2.036E+03   1.204E+02  1.551E-01 
2.062E+03   1.198E+02  1.536E-01 
2.089E+03   1.193E+02  1.520E-01 
2.116E+03   1.188E+02  1.505E-01 
2.143E+03   1.182E+02  1.490E-01 
2.171E+03   1.177E+02  1.475E-01 
2.200E+03   1.172E+02  1.460E-01 
2.228E+03   1.166E+02  1.445E-01 
2.257E+03   1.161E+02  1.430E-01 
2.286E+03   1.155E+02  1.416E-01 
2.316E+03   1.150E+02  1.401E-01 
2.346E+03   1.144E+02  1.387E-01 
2.377E+03   1.139E+02  1.373E-01 
2.408E+03   1.133E+02  1.359E-01 
2.439E+03   1.128E+02  1.345E-01 
2.471E+03   1.122E+02  1.332E-01 
2.503E+03   1.117E+02  1.318E-01 
2.535E+03   1.111E+02  1.305E-01 
2.568E+03   1.105E+02  1.292E-01 
2.602E+03   1.100E+02  1.278E-01 
2.635E+03   1.094E+02  1.265E-01 
2.670E+03   1.088E+02  1.252E-01 
2.704E+03   1.083E+02  1.240E-01 
2.740E+03   1.077E+02  1.227E-01 
2.775E+03   1.071E+02  1.214E-01 
2.811E+03   1.066E+02  1.202E-01 
2.848E+03   1.060E+02  1.190E-01 
2.885E+03   1.054E+02  1.177E-01 
2.922E+03   1.049E+02  1.165E-01 
2.960E+03   1.043E+02  1.153E-01 
2.999E+03   1.037E+02  1.142E-01 
3.038E+03   1.032E+02  1.130E-01 
3.077E+03   1.026E+02  1.118E-01 
3.117E+03   1.020E+02  1.107E-01 
3.158E+03   1.014E+02  1.095E-01 
3.199E+03   1.009E+02  1.084E-01 
3.240E+03   1.003E+02  1.073E-01 
3.282E+03   9.973E+01  1.062E-01 
3.325E+03   9.916E+01  1.051E-01 
3.368E+03   9.859E+01  1.040E-01 
3.412E+03   9.802E+01  1.029E-01 
3.456E+03   9.745E+01  1.019E-01 
3.501E+03   9.688E+01  1.008E-01 
3.547E+03   9.631E+01  9.977E-02 
3.593E+03   9.575E+01  9.874E-02 
3.640E+03   9.518E+01  9.771E-02 
3.687E+03   9.461E+01  9.670E-02 
3.735E+03   9.405E+01  9.570E-02 
3.783E+03   9.348E+01  9.470E-02 
3.832E+03   9.292E+01  9.372E-02 
3.882E+03   9.235E+01  9.275E-02 
3.933E+03   9.179E+01  9.178E-02 
3.984E+03   9.123E+01  9.083E-02 
4.036E+03   9.067E+01  8.988E-02 
4.088E+03   9.011E+01  8.894E-02 
4.141E+03   8.955E+01  8.802E-02 
4.195E+03   8.899E+01  8.710E-02 
4.250E+03   8.844E+01  8.619E-02 
4.305E+03   8.788E+01  8.529E-02 
4.361E+03   8.733E+01  8.440E-02 
4.417E+03   8.678E+01  8.352E-02 
4.475E+03   8.623E+01  8.264E-02 
4.533E+03   8.568E+01  8.178E-02 
4.592E+03   8.514E+01  8.092E-02 
4.652E+03   8.459E+01  8.007E-02 
4.712E+03   8.405E+01  7.924E-02 
4.773E+03   8.350E+01  7.840E-02 
4.835E+03   8.296E+01  7.758E-02 
4.898E+03   8.242E+01  7.677E-02 
4.962E+03   8.189E+01  7.596E-02 
5.026E+03   8.135E+01  7.516E-02 
5.092E+03   8.082E+01  7.437E-02 
5.158E+03   8.029E+01  7.359E-02 
5.225E+03   7.976E+01  7.282E-02 
5.293E+03   7.923E+01  7.205E-02 
5.362E+03   7.870E+01  7.129E-02 
5.431E+03   7.818E+01  7.054E-02 
5.502E+03   7.766E+01  6.979E-02 
5.573E+03   7.714E+01  6.906E-02 
5.646E+03   7.662E+01  6.833E-02 
5.719E+03   7.610E+01  6.761E-02 
5.793E+03   7.559E+01  6.689E-02 
5.869E+03   7.508E+01  6.619E-02 
5.945E+03   7.457E+01  6.549E-02 
6.022E+03   7.406E+01  6.479E-02 
6.101E+03   7.356E+01  6.411E-02 
6.180E+03   7.305E+01  6.343E-02 
6.260E+03   7.255E+01  6.276E-02 
6.341E+03   7.205E+01  6.209E-02 
6.424E+03   7.156E+01  6.143E-02 
6.507E+03   7.106E+01  6.078E-02 
6.592E+03   7.057E+01  6.013E-02 
6.678E+03   7.008E+01  5.950E-02 
6.764E+03   6.959E+01  5.886E-02 
6.852E+03   6.911E+01  5.824E-02 
6.941E+03   6.862E+01  5.762E-02 
7.032E+03   6.814E+01  5.701E-02 
7.123E+03   6.766E+01  5.640E-02 
7.216E+03   6.719E+01  5.580E-02 
7.309E+03   6.671E+01  5.520E-02 
7.404E+03   6.624E+01  5.461E-02 
7.501E+03   6.577E+01  5.403E-02 
7.598E+03   6.531E+01  5.346E-02 
7.697E+03   6.484E+01  5.288E-02 
7.797E+03   6.438E+01  5.232E-02 
7.898E+03   6.392E+01  5.176E-02 
8.001E+03   6.347E+01  5.121E-02 
8.105E+03   6.310E+01  5.066E-02 
8.210E+03   6.273E+01  5.012E-02 
8.317E+03   6.236E+01  4.958E-02 
8.425E+03   6.198E+01  4.905E-02 
8.534E+03   6.160E+01  4.853E-02 
8.645E+03   6.122E+01  4.801E-02 
8.758E+03   6.082E+01  4.749E-02 
8.871E+03   6.043E+01  4.698E-02 
8.987E+03   6.003E+01  4.648E-02 
9.104E+03   5.962E+01  4.598E-02 
9.222E+03   5.921E+01  4.548E-02 
9.342E+03   5.879E+01  4.500E-02 
9.463E+03   5.837E+01  4.451E-02 
9.586E+03   5.794E+01  4.403E-02 
9.711E+03   5.753E+01  4.356E-02 
9.837E+03   5.712E+01  4.309E-02 
9.965E+03   5.672E+01  4.263E-02 
1.009E+04   5.632E+01  4.217E-02 
1.023E+04   5.592E+01  4.171E-02 
1.036E+04   5.552E+01  4.126E-02 
1.049E+04   5.513E+01  4.082E-02 
1.063E+04   5.473E+01  4.038E-02 
1.077E+04   5.434E+01  3.994E-02 
1.091E+04   5.395E+01  3.951E-02 
1.105E+04   5.357E+01  3.909E-02 
1.119E+04   5.318E+01  3.866E-02 
1.134E+04   5.280E+01  3.825E-02 
1.149E+04   5.242E+01  3.783E-02 
1.163E+04   5.205E+01  3.742E-02 
1.179E+04   5.167E+01  3.702E-02 
1.194E+04   5.130E+01  3.662E-02 
1.209E+04   5.093E+01  3.622E-02 
1.225E+04   5.056E+01  3.583E-02 
1.241E+04   5.019E+01  3.544E-02 
1.257E+04   4.983E+01  3.506E-02 
1.274E+04   4.946E+01  3.468E-02 
1.290E+04   4.910E+01  3.430E-02 
1.307E+04   4.874E+01  3.393E-02 
1.324E+04   4.839E+01  3.356E-02 
1.341E+04   4.803E+01  3.319E-02 
1.358E+04   4.768E+01  3.283E-02 
1.376E+04   4.733E+01  3.248E-02 
1.394E+04   4.698E+01  3.212E-02 
1.412E+04   4.663E+01  3.177E-02 
1.431E+04   4.629E+01  3.143E-02 
1.449E+04   4.595E+01  3.109E-02 
1.468E+04   4.561E+01  3.075E-02 
1.487E+04   4.527E+01  3.041E-02 
1.506E+04   4.493E+01  3.008E-02 
1.526E+04   4.460E+01  2.975E-02 
1.546E+04   4.427E+01  2.943E-02 
1.566E+04   4.394E+01  2.911E-02 
1.586E+04   4.361E+01  2.879E-02 
1.607E+04   4.328E+01  2.848E-02 
1.628E+04   4.296E+01  2.817E-02 
1.649E+04   4.263E+01  2.786E-02 
1.670E+04   4.231E+01  2.755E-02 
1.692E+04   4.199E+01  2.725E-02 
1.714E+04   4.168E+01  2.696E-02 
1.736E+04   4.136E+01  2.666E-02 
1.759E+04   4.105E+01  2.637E-02 
1.782E+04   4.073E+01  2.608E-02 
1.805E+04   4.043E+01  2.579E-02 
1.828E+04   4.012E+01  2.551E-02 
1.852E+04   3.981E+01  2.523E-02 
1.876E+04   3.951E+01  2.496E-02 
1.900E+04   3.920E+01  2.468E-02 
1.925E+04   3.890E+01  2.441E-02 
1.950E+04   3.861E+01  2.414E-02 
1.976E+04   3.831E+01  2.388E-02 
2.001E+04   3.801E+01  2.362E-02 
2.027E+04   3.772E+01  2.336E-02 
2.054E+04   3.743E+01  2.310E-02 
2.080E+04   3.714E+01  2.285E-02 
2.107E+04   3.685E+01  2.260E-02 
2.135E+04   3.656E+01  2.235E-02 
2.162E+04   3.628E+01  2.210E-02 
2.191E+04   3.600E+01  2.186E-02 
2.219E+04   3.572E+01  2.162E-02 
2.248E+04   3.544E+01  2.138E-02 
2.277E+04   3.516E+01  2.115E-02 
2.307E+04   3.488E+01  2.091E-02 
2.337E+04   3.461E+01  2.068E-02 
2.367E+04   3.434E+01  2.045E-02 
2.398E+04   3.407E+01  2.023E-02 
2.429E+04   3.380E+01  2.001E-02 
2.461E+04   3.353E+01  1.979E-02 
2.492E+04   3.326E+01  1.957E-02 
2.525E+04   3.300E+01  1.935E-02 
2.558E+04   3.274E+01  1.914E-02 
2.591E+04   3.248E+01  1.893E-02 
2.625E+04   3.222E+01  1.872E-02 
2.659E+04   3.196E+01  1.851E-02 
2.693E+04   3.170E+01  1.831E-02 
2.728E+04   3.145E+01  1.810E-02 
2.764E+04   3.120E+01  1.790E-02 
2.800E+04   3.095E+01  1.771E-02 
2.836E+04   3.070E+01  1.751E-02 
2.873E+04   3.045E+01  1.732E-02 
2.910E+04   3.020E+01  1.712E-02 
2.948E+04   2.996E+01  1.693E-02 
2.986E+04   2.972E+01  1.675E-02 
3.025E+04   2.947E+01  1.656E-02 
3.065E+04   2.923E+01  1.638E-02 
3.104E+04   2.900E+01  1.620E-02 
3.145E+04   2.876E+01  1.602E-02 
3.186E+04   2.852E+01  1.584E-02 
3.227E+04   2.829E+01  1.566E-02 
3.269E+04   2.806E+01  1.549E-02 
3.311E+04   2.783E+01  1.532E-02 
3.354E+04   2.760E+01  1.515E-02 
3.398E+04   2.737E+01  1.498E-02 
3.442E+04   2.715E+01  1.481E-02 
3.487E+04   2.692E+01  1.465E-02 
3.532E+04   2.670E+01  1.448E-02 
3.578E+04   2.648E+01  1.432E-02 
3.625E+04   2.626E+01  1.416E-02 
3.672E+04   2.604E+01  1.401E-02 
3.719E+04   2.582E+01  1.385E-02 
3.768E+04   2.561E+01  1.370E-02 
3.817E+04   2.539E+01  1.354E-02 
3.866E+04   2.518E+01  1.339E-02 
3.917E+04   2.497E+01  1.324E-02 
3.968E+04   2.476E+01  1.310E-02 
4.019E+04   2.455E+01  1.295E-02 
4.071E+04   2.435E+01  1.281E-02 
4.124E+04   2.414E+01  1.266E-02 
4.178E+04   2.394E+01  1.252E-02 
4.232E+04   2.374E+01  1.238E-02 
4.287E+04   2.354E+01  1.224E-02 
4.343E+04   2.334E+01  1.211E-02 
4.399E+04   2.314E+01  1.197E-02 
4.456E+04   2.294E+01  1.184E-02 
4.514E+04   2.275E+01  1.171E-02 
4.573E+04   2.255E+01  1.158E-02 
4.632E+04   2.236E+01  1.145E-02 
4.693E+04   2.217E+01  1.132E-02 
4.754E+04   2.198E+01  1.119E-02 
4.815E+04   2.179E+01  1.107E-02 
4.878E+04   2.161E+01  1.094E-02 
4.941E+04   2.142E+01  1.082E-02 
5.006E+04   2.124E+01  1.070E-02 
5.071E+04   2.105E+01  1.058E-02 
5.137E+04   2.087E+01  1.046E-02 
5.203E+04   2.069E+01  1.034E-02 
5.271E+04   2.051E+01  1.023E-02 
5.340E+04   2.034E+01  1.011E-02 
5.409E+04   2.016E+01  1.000E-02 
5.479E+04   1.999E+01  9.888E-03 
5.550E+04   1.981E+01  9.777E-03 
5.623E+04   1.964E+01  9.667E-03 
5.696E+04   1.947E+01  9.559E-03 
5.770E+04   1.930E+01  9.452E-03 
5.845E+04   1.913E+01  9.345E-03 
5.921E+04   1.896E+01  9.241E-03 
5.998E+04   1.880E+01  9.137E-03 
6.075E+04   1.863E+01  9.034E-03 
6.154E+04   1.847E+01  8.933E-03 
6.234E+04   1.831E+01  8.832E-03 
6.315E+04   1.815E+01  8.733E-03 
6.398E+04   1.799E+01  8.635E-03 
6.481E+04   1.783E+01  8.538E-03 
6.565E+04   1.767E+01  8.442E-03 
6.650E+04   1.752E+01  8.347E-03 
6.737E+04   1.736E+01  8.253E-03 
6.824E+04   1.721E+01  8.160E-03 
6.913E+04   1.706E+01  8.068E-03 
7.003E+04   1.691E+01  7.977E-03 
7.094E+04   1.676E+01  7.887E-03 
7.186E+04   1.661E+01  7.798E-03 
7.279E+04   1.646E+01  7.711E-03 
7.374E+04   1.631E+01  7.624E-03 
7.470E+04   1.617E+01  7.538E-03 
7.567E+04   1.603E+01  7.453E-03 
7.665E+04   1.588E+01  7.369E-03 
7.765E+04   1.574E+01  7.286E-03 
7.866E+04   1.560E+01  7.203E-03 
7.968E+04   1.546E+01  7.122E-03 
8.072E+04   1.532E+01  7.042E-03 
8.176E+04   1.519E+01  6.962E-03 
8.283E+04   1.505E+01  6.884E-03 
8.390E+04   1.491E+01  6.806E-03 
8.499E+04   1.478E+01  6.729E-03 
8.610E+04   1.465E+01  6.653E-03 
8.722E+04   1.452E+01  6.578E-03 
8.835E+04   1.439E+01  6.503E-03 
8.950E+04   1.426E+01  6.430E-03 
9.066E+04   1.413E+01  6.357E-03 
9.184E+04   1.400E+01  6.285E-03 
9.303E+04   1.387E+01  6.214E-03 
9.424E+04   1.375E+01  6.144E-03 
9.547E+04   1.363E+01  6.074E-03 
9.671E+04   1.350E+01  6.005E-03 
9.797E+04   1.338E+01  5.937E-03 
9.924E+04   1.326E+01  5.870E-03 
1.005E+05   1.314E+01  5.804E-03 
1.018E+05   1.302E+01  5.738E-03 
1.032E+05   1.290E+01  5.673E-03 
1.045E+05   1.278E+01  5.609E-03 
1.059E+05   1.267E+01  5.545E-03 
1.072E+05   1.255E+01  5.482E-03 
1.086E+05   1.244E+01  5.420E-03 
1.100E+05   1.233E+01  5.358E-03 
1.115E+05   1.221E+01  5.298E-03 
1.129E+05   1.210E+01  5.238E-03 
1.144E+05   1.199E+01  5.178E-03 
1.159E+05   1.188E+01  5.119E-03 
1.174E+05   1.178E+01  5.061E-03 
1.189E+05   1.167E+01  5.004E-03 
1.204E+05   1.156E+01  4.947E-03 
1.220E+05   1.146E+01  4.891E-03 
1.236E+05   1.135E+01  4.835E-03 
1.252E+05   1.125E+01  4.780E-03 
1.268E+05   1.115E+01  4.726E-03 
1.285E+05   1.104E+01  4.672E-03 
1.302E+05   1.094E+01  4.619E-03 
1.318E+05   1.084E+01  4.566E-03 
1.336E+05   1.074E+01  4.514E-03 
1.353E+05   1.064E+01  4.463E-03 
1.371E+05   1.055E+01  4.412E-03 
1.388E+05   1.045E+01  4.362E-03 
1.406E+05   1.035E+01  4.312E-03 
1.425E+05   1.026E+01  4.263E-03 
1.443E+05   1.017E+01  4.215E-03 
1.462E+05   1.007E+01  4.167E-03 
1.481E+05   9.980E+00  4.119E-03 
1.500E+05   9.889E+00  4.072E-03 
1.520E+05   9.798E+00  4.026E-03 
1.539E+05   9.708E+00  3.980E-03 
1.559E+05   9.619E+00  3.935E-03 
1.580E+05   9.531E+00  3.890E-03 
1.600E+05   9.443E+00  3.845E-03 
1.621E+05   9.356E+00  3.802E-03 
1.642E+05   9.270E+00  3.758E-03 
1.663E+05   9.185E+00  3.715E-03 
1.685E+05   9.101E+00  3.673E-03 
1.707E+05   9.017E+00  3.631E-03 
1.729E+05   8.935E+00  3.589E-03 
1.752E+05   8.853E+00  3.548E-03 
1.774E+05   8.771E+00  3.508E-03 
1.797E+05   8.691E+00  3.468E-03 
1.821E+05   8.611E+00  3.428E-03 
1.844E+05   8.532E+00  3.389E-03 
1.868E+05   8.454E+00  3.350E-03 
1.893E+05   8.376E+00  3.312E-03 
1.917E+05   8.299E+00  3.274E-03 
1.942E+05   8.223E+00  3.237E-03 
1.967E+05   8.147E+00  3.200E-03 
1.993E+05   8.073E+00  3.163E-03 
2.019E+05   7.999E+00  3.127E-03 
2.045E+05   7.925E+00  3.091E-03 
2.072E+05   7.853E+00  3.056E-03 
2.099E+05   7.781E+00  3.021E-03 
2.126E+05   7.709E+00  2.986E-03 
2.154E+05   7.639E+00  2.952E-03 
2.182E+05   7.569E+00  2.918E-03 
2.210E+05   7.500E+00  2.885E-03 
2.239E+05   7.431E+00  2.852E-03 
2.268E+05   7.363E+00  2.819E-03 
2.297E+05   7.296E+00  2.787E-03 
2.327E+05   7.229E+00  2.755E-03 
2.357E+05   7.163E+00  2.723E-03 
2.388E+05   7.097E+00  2.692E-03 
2.419E+05   7.033E+00  2.661E-03 
2.450E+05   6.968E+00  2.631E-03 
2.482E+05   6.905E+00  2.600E-03 
2.515E+05   6.842E+00  2.571E-03 
2.547E+05   6.780E+00  2.541E-03 
2.580E+05   6.718E+00  2.512E-03 
2.614E+05   6.657E+00  2.483E-03 
2.648E+05   6.596E+00  2.455E-03 
2.682E+05   6.536E+00  2.426E-03 
2.717E+05   6.477E+00  2.398E-03 
2.752E+05   6.418E+00  2.371E-03 
2.788E+05   6.360E+00  2.344E-03 
2.824E+05   6.302E+00  2.317E-03 
2.861E+05   6.245E+00  2.290E-03 
2.898E+05   6.189E+00  2.264E-03 
2.936E+05   6.133E+00  2.238E-03 
2.974E+05   6.078E+00  2.212E-03 
3.013E+05   6.023E+00  2.187E-03 
3.052E+05   5.968E+00  2.161E-03 
3.092E+05   5.915E+00  2.137E-03 
3.132E+05   5.861E+00  2.112E-03 
3.172E+05   5.809E+00  2.088E-03 
3.214E+05   5.756E+00  2.064E-03 
3.255E+05   5.705E+00  2.040E-03 
3.298E+05   5.654E+00  2.016E-03 
3.341E+05   5.603E+00  1.993E-03 
3.384E+05   5.553E+00  1.970E-03 
3.428E+05   5.503E+00  1.948E-03 
3.473E+05   5.454E+00  1.925E-03 
3.518E+05   5.406E+00  1.903E-03 
3.563E+05   5.357E+00  1.881E-03 
3.610E+05   5.310E+00  1.859E-03 
3.657E+05   5.263E+00  1.838E-03 
3.704E+05   5.216E+00  1.817E-03 
3.752E+05   5.170E+00  1.796E-03 
3.801E+05   5.124E+00  1.775E-03 
3.851E+05   5.079E+00  1.755E-03 
3.901E+05   5.034E+00  1.734E-03 
3.951E+05   4.990E+00  1.714E-03 
4.003E+05   4.946E+00  1.695E-03 
