Ion = Hydrogen    . Mass = 1.0079
Tgt = Ni (Solid). Density = 8.8955 g/cm3
Stopping Units =  eV/(1E15 atoms/cm2)
Energy(keV)  S(Elec)    S(Nuc)
1.000E+00   3.624E+00  4.582E-01 
1.012E+00   3.645E+00  4.580E-01 
1.023E+00   3.666E+00  4.579E-01 
1.035E+00   3.687E+00  4.577E-01 
1.047E+00   3.708E+00  4.575E-01 
1.059E+00   3.730E+00  4.573E-01 
1.072E+00   3.751E+00  4.571E-01 
1.084E+00   3.773E+00  4.569E-01 
1.097E+00   3.795E+00  4.567E-01 
1.109E+00   3.817E+00  4.565E-01 
1.122E+00   3.839E+00  4.563E-01 
1.135E+00   3.861E+00  4.560E-01 
1.148E+00   3.883E+00  4.558E-01 
1.162E+00   3.906E+00  4.555E-01 
1.175E+00   3.928E+00  4.552E-01 
1.189E+00   3.951E+00  4.549E-01 
1.203E+00   3.974E+00  4.546E-01 
1.217E+00   3.997E+00  4.543E-01 
1.231E+00   4.020E+00  4.540E-01 
1.245E+00   4.043E+00  4.536E-01 
1.259E+00   4.067E+00  4.533E-01 
1.274E+00   4.090E+00  4.530E-01 
1.289E+00   4.114E+00  4.526E-01 
1.304E+00   4.138E+00  4.522E-01 
1.319E+00   4.161E+00  4.518E-01 
1.334E+00   4.186E+00  4.514E-01 
1.350E+00   4.210E+00  4.510E-01 
1.365E+00   4.234E+00  4.506E-01 
1.381E+00   4.259E+00  4.502E-01 
1.397E+00   4.283E+00  4.497E-01 
1.413E+00   4.308E+00  4.493E-01 
1.430E+00   4.333E+00  4.488E-01 
1.446E+00   4.358E+00  4.484E-01 
1.463E+00   4.383E+00  4.479E-01 
1.480E+00   4.408E+00  4.474E-01 
1.497E+00   4.434E+00  4.469E-01 
1.515E+00   4.460E+00  4.464E-01 
1.532E+00   4.485E+00  4.459E-01 
1.550E+00   4.511E+00  4.453E-01 
1.568E+00   4.537E+00  4.448E-01 
1.586E+00   4.564E+00  4.442E-01 
1.605E+00   4.590E+00  4.437E-01 
1.623E+00   4.617E+00  4.431E-01 
1.642E+00   4.643E+00  4.425E-01 
1.661E+00   4.670E+00  4.419E-01 
1.680E+00   4.697E+00  4.413E-01 
1.700E+00   4.724E+00  4.407E-01 
1.719E+00   4.752E+00  4.401E-01 
1.739E+00   4.779E+00  4.394E-01 
1.760E+00   4.807E+00  4.388E-01 
1.780E+00   4.835E+00  4.381E-01 
1.801E+00   4.863E+00  4.375E-01 
1.822E+00   4.891E+00  4.368E-01 
1.843E+00   4.919E+00  4.361E-01 
1.864E+00   4.947E+00  4.354E-01 
1.886E+00   4.976E+00  4.347E-01 
1.908E+00   5.005E+00  4.340E-01 
1.930E+00   5.034E+00  4.332E-01 
1.952E+00   5.063E+00  4.325E-01 
1.975E+00   5.092E+00  4.318E-01 
1.998E+00   5.122E+00  4.310E-01 
2.021E+00   5.150E+00  4.302E-01 
2.044E+00   5.177E+00  4.295E-01 
2.068E+00   5.204E+00  4.287E-01 
2.092E+00   5.230E+00  4.279E-01 
2.116E+00   5.257E+00  4.271E-01 
2.141E+00   5.284E+00  4.262E-01 
2.166E+00   5.312E+00  4.254E-01 
2.191E+00   5.339E+00  4.246E-01 
2.216E+00   5.367E+00  4.237E-01 
2.242E+00   5.394E+00  4.229E-01 
2.268E+00   5.422E+00  4.220E-01 
2.294E+00   5.450E+00  4.212E-01 
2.321E+00   5.478E+00  4.203E-01 
2.348E+00   5.507E+00  4.194E-01 
2.375E+00   5.535E+00  4.185E-01 
2.402E+00   5.564E+00  4.176E-01 
2.430E+00   5.593E+00  4.167E-01 
2.458E+00   5.621E+00  4.157E-01 
2.487E+00   5.651E+00  4.148E-01 
2.516E+00   5.680E+00  4.138E-01 
2.545E+00   5.709E+00  4.129E-01 
2.574E+00   5.739E+00  4.119E-01 
2.604E+00   5.768E+00  4.110E-01 
2.635E+00   5.798E+00  4.100E-01 
2.665E+00   5.828E+00  4.090E-01 
2.696E+00   5.859E+00  4.080E-01 
2.727E+00   5.889E+00  4.070E-01 
2.759E+00   5.919E+00  4.060E-01 
2.791E+00   5.950E+00  4.050E-01 
2.823E+00   5.981E+00  4.039E-01 
2.856E+00   6.012E+00  4.029E-01 
2.889E+00   6.043E+00  4.018E-01 
2.923E+00   6.075E+00  4.008E-01 
2.957E+00   6.106E+00  3.997E-01 
2.991E+00   6.138E+00  3.987E-01 
3.026E+00   6.170E+00  3.976E-01 
3.061E+00   6.202E+00  3.965E-01 
3.096E+00   6.234E+00  3.954E-01 
3.132E+00   6.266E+00  3.943E-01 
3.168E+00   6.299E+00  3.932E-01 
3.205E+00   6.332E+00  3.921E-01 
3.242E+00   6.365E+00  3.910E-01 
3.280E+00   6.398E+00  3.898E-01 
3.318E+00   6.431E+00  3.887E-01 
3.356E+00   6.465E+00  3.875E-01 
3.395E+00   6.498E+00  3.864E-01 
3.435E+00   6.532E+00  3.852E-01 
3.475E+00   6.566E+00  3.841E-01 
3.515E+00   6.600E+00  3.829E-01 
3.556E+00   6.635E+00  3.817E-01 
3.597E+00   6.669E+00  3.805E-01 
3.639E+00   6.704E+00  3.793E-01 
3.681E+00   6.739E+00  3.781E-01 
3.724E+00   6.774E+00  3.769E-01 
3.767E+00   6.809E+00  3.757E-01 
3.810E+00   6.845E+00  3.745E-01 
3.855E+00   6.881E+00  3.733E-01 
3.899E+00   6.916E+00  3.721E-01 
3.945E+00   6.953E+00  3.708E-01 
3.990E+00   6.989E+00  3.696E-01 
4.037E+00   7.025E+00  3.684E-01 
4.083E+00   7.062E+00  3.671E-01 
4.131E+00   7.099E+00  3.659E-01 
4.179E+00   7.136E+00  3.646E-01 
4.227E+00   7.173E+00  3.633E-01 
4.276E+00   7.211E+00  3.621E-01 
4.326E+00   7.248E+00  3.608E-01 
4.376E+00   7.286E+00  3.595E-01 
4.427E+00   7.324E+00  3.582E-01 
4.478E+00   7.362E+00  3.569E-01 
4.530E+00   7.401E+00  3.556E-01 
4.583E+00   7.440E+00  3.543E-01 
4.636E+00   7.478E+00  3.530E-01 
4.690E+00   7.518E+00  3.517E-01 
4.744E+00   7.557E+00  3.504E-01 
4.799E+00   7.596E+00  3.491E-01 
4.855E+00   7.636E+00  3.478E-01 
4.911E+00   7.676E+00  3.464E-01 
4.968E+00   7.716E+00  3.451E-01 
5.026E+00   7.757E+00  3.438E-01 
5.084E+00   7.797E+00  3.424E-01 
5.143E+00   7.838E+00  3.411E-01 
5.202E+00   7.879E+00  3.398E-01 
5.263E+00   7.920E+00  3.384E-01 
5.324E+00   7.962E+00  3.371E-01 
5.386E+00   8.003E+00  3.357E-01 
5.448E+00   8.045E+00  3.343E-01 
5.511E+00   8.087E+00  3.330E-01 
5.575E+00   8.130E+00  3.316E-01 
5.640E+00   8.172E+00  3.303E-01 
5.705E+00   8.215E+00  3.289E-01 
5.771E+00   8.258E+00  3.275E-01 
5.838E+00   8.301E+00  3.261E-01 
5.906E+00   8.345E+00  3.248E-01 
5.975E+00   8.388E+00  3.234E-01 
6.044E+00   8.432E+00  3.220E-01 
6.114E+00   8.476E+00  3.206E-01 
6.185E+00   8.521E+00  3.192E-01 
6.257E+00   8.565E+00  3.178E-01 
6.329E+00   8.610E+00  3.165E-01 
6.403E+00   8.655E+00  3.151E-01 
6.477E+00   8.700E+00  3.137E-01 
6.552E+00   8.746E+00  3.123E-01 
6.628E+00   8.792E+00  3.109E-01 
6.705E+00   8.838E+00  3.095E-01 
6.783E+00   8.884E+00  3.081E-01 
6.861E+00   8.931E+00  3.067E-01 
6.941E+00   8.977E+00  3.053E-01 
7.021E+00   9.024E+00  3.039E-01 
7.103E+00   9.072E+00  3.025E-01 
7.185E+00   9.119E+00  3.011E-01 
7.269E+00   9.167E+00  2.997E-01 
7.353E+00   9.215E+00  2.983E-01 
7.438E+00   9.263E+00  2.969E-01 
7.524E+00   9.311E+00  2.955E-01 
7.612E+00   9.360E+00  2.941E-01 
7.700E+00   9.409E+00  2.926E-01 
7.789E+00   9.458E+00  2.912E-01 
7.880E+00   9.508E+00  2.898E-01 
7.971E+00   9.558E+00  2.884E-01 
8.064E+00   9.608E+00  2.870E-01 
8.157E+00   9.658E+00  2.856E-01 
8.252E+00   9.708E+00  2.842E-01 
8.347E+00   9.759E+00  2.828E-01 
8.444E+00   9.810E+00  2.814E-01 
8.542E+00   9.861E+00  2.800E-01 
8.641E+00   9.913E+00  2.786E-01 
8.741E+00   9.965E+00  2.772E-01 
8.843E+00   1.002E+01  2.758E-01 
8.945E+00   1.007E+01  2.744E-01 
9.049E+00   1.012E+01  2.730E-01 
9.154E+00   1.017E+01  2.716E-01 
9.260E+00   1.023E+01  2.702E-01 
9.368E+00   1.028E+01  2.688E-01 
9.476E+00   1.033E+01  2.674E-01 
9.586E+00   1.039E+01  2.660E-01 
9.698E+00   1.044E+01  2.646E-01 
9.810E+00   1.050E+01  2.632E-01 
9.924E+00   1.055E+01  2.618E-01 
1.004E+01   1.061E+01  2.604E-01 
1.016E+01   1.066E+01  2.590E-01 
1.027E+01   1.072E+01  2.576E-01 
1.039E+01   1.077E+01  2.562E-01 
1.051E+01   1.083E+01  2.548E-01 
1.063E+01   1.089E+01  2.535E-01 
1.076E+01   1.094E+01  2.521E-01 
1.088E+01   1.100E+01  2.507E-01 
1.101E+01   1.106E+01  2.493E-01 
1.114E+01   1.111E+01  2.480E-01 
1.127E+01   1.117E+01  2.466E-01 
1.140E+01   1.123E+01  2.452E-01 
1.153E+01   1.129E+01  2.438E-01 
1.166E+01   1.135E+01  2.425E-01 
1.180E+01   1.141E+01  2.411E-01 
1.193E+01   1.146E+01  2.398E-01 
1.207E+01   1.152E+01  2.384E-01 
1.221E+01   1.158E+01  2.370E-01 
1.235E+01   1.164E+01  2.357E-01 
1.250E+01   1.170E+01  2.343E-01 
1.264E+01   1.176E+01  2.330E-01 
1.279E+01   1.183E+01  2.317E-01 
1.294E+01   1.189E+01  2.303E-01 
1.309E+01   1.195E+01  2.290E-01 
1.324E+01   1.201E+01  2.276E-01 
1.339E+01   1.207E+01  2.263E-01 
1.355E+01   1.213E+01  2.250E-01 
1.371E+01   1.220E+01  2.237E-01 
1.387E+01   1.226E+01  2.223E-01 
1.403E+01   1.232E+01  2.210E-01 
1.419E+01   1.239E+01  2.197E-01 
1.435E+01   1.245E+01  2.184E-01 
1.452E+01   1.251E+01  2.171E-01 
1.469E+01   1.258E+01  2.158E-01 
1.486E+01   1.264E+01  2.145E-01 
1.503E+01   1.271E+01  2.132E-01 
1.521E+01   1.277E+01  2.119E-01 
1.538E+01   1.284E+01  2.106E-01 
1.556E+01   1.290E+01  2.093E-01 
1.574E+01   1.297E+01  2.080E-01 
1.592E+01   1.304E+01  2.068E-01 
1.611E+01   1.310E+01  2.055E-01 
1.629E+01   1.317E+01  2.042E-01 
1.648E+01   1.324E+01  2.030E-01 
1.667E+01   1.331E+01  2.017E-01 
1.687E+01   1.337E+01  2.004E-01 
1.706E+01   1.344E+01  1.992E-01 
1.726E+01   1.351E+01  1.979E-01 
1.746E+01   1.358E+01  1.967E-01 
1.766E+01   1.365E+01  1.954E-01 
1.787E+01   1.372E+01  1.942E-01 
1.808E+01   1.379E+01  1.930E-01 
1.829E+01   1.386E+01  1.917E-01 
1.850E+01   1.393E+01  1.905E-01 
1.871E+01   1.400E+01  1.893E-01 
1.893E+01   1.407E+01  1.881E-01 
1.915E+01   1.414E+01  1.869E-01 
1.937E+01   1.421E+01  1.857E-01 
1.960E+01   1.428E+01  1.845E-01 
1.982E+01   1.435E+01  1.833E-01 
2.005E+01   1.442E+01  1.821E-01 
2.029E+01   1.450E+01  1.809E-01 
2.052E+01   1.457E+01  1.797E-01 
2.076E+01   1.464E+01  1.785E-01 
2.100E+01   1.471E+01  1.773E-01 
2.124E+01   1.479E+01  1.762E-01 
2.149E+01   1.486E+01  1.750E-01 
2.174E+01   1.493E+01  1.738E-01 
2.199E+01   1.501E+01  1.727E-01 
2.225E+01   1.508E+01  1.715E-01 
2.250E+01   1.516E+01  1.704E-01 
2.277E+01   1.523E+01  1.693E-01 
2.303E+01   1.531E+01  1.681E-01 
2.330E+01   1.538E+01  1.670E-01 
2.357E+01   1.546E+01  1.659E-01 
2.384E+01   1.554E+01  1.647E-01 
2.412E+01   1.561E+01  1.636E-01 
2.440E+01   1.569E+01  1.625E-01 
2.468E+01   1.576E+01  1.614E-01 
2.497E+01   1.584E+01  1.603E-01 
2.526E+01   1.592E+01  1.592E-01 
2.555E+01   1.600E+01  1.581E-01 
2.584E+01   1.607E+01  1.570E-01 
2.614E+01   1.615E+01  1.559E-01 
2.645E+01   1.623E+01  1.549E-01 
2.675E+01   1.631E+01  1.538E-01 
2.707E+01   1.639E+01  1.527E-01 
2.738E+01   1.646E+01  1.517E-01 
2.770E+01   1.654E+01  1.506E-01 
2.802E+01   1.662E+01  1.495E-01 
2.834E+01   1.670E+01  1.485E-01 
2.867E+01   1.678E+01  1.475E-01 
2.900E+01   1.686E+01  1.464E-01 
2.934E+01   1.694E+01  1.454E-01 
2.968E+01   1.702E+01  1.444E-01 
3.003E+01   1.710E+01  1.433E-01 
3.037E+01   1.718E+01  1.423E-01 
3.073E+01   1.726E+01  1.413E-01 
3.108E+01   1.734E+01  1.403E-01 
3.144E+01   1.742E+01  1.393E-01 
3.181E+01   1.750E+01  1.383E-01 
3.218E+01   1.759E+01  1.373E-01 
3.255E+01   1.767E+01  1.363E-01 
3.293E+01   1.775E+01  1.353E-01 
3.331E+01   1.783E+01  1.344E-01 
3.370E+01   1.791E+01  1.334E-01 
3.409E+01   1.799E+01  1.324E-01 
3.448E+01   1.807E+01  1.315E-01 
3.488E+01   1.816E+01  1.305E-01 
3.529E+01   1.824E+01  1.296E-01 
3.570E+01   1.832E+01  1.286E-01 
3.611E+01   1.840E+01  1.277E-01 
3.653E+01   1.849E+01  1.267E-01 
3.695E+01   1.857E+01  1.258E-01 
3.738E+01   1.865E+01  1.249E-01 
3.781E+01   1.873E+01  1.240E-01 
3.825E+01   1.881E+01  1.230E-01 
3.870E+01   1.890E+01  1.221E-01 
3.915E+01   1.898E+01  1.212E-01 
3.960E+01   1.906E+01  1.203E-01 
4.006E+01   1.914E+01  1.194E-01 
4.052E+01   1.923E+01  1.185E-01 
4.099E+01   1.931E+01  1.177E-01 
4.147E+01   1.939E+01  1.168E-01 
4.195E+01   1.947E+01  1.159E-01 
4.244E+01   1.956E+01  1.150E-01 
4.293E+01   1.964E+01  1.142E-01 
4.343E+01   1.972E+01  1.133E-01 
4.393E+01   1.980E+01  1.125E-01 
4.444E+01   1.988E+01  1.116E-01 
4.496E+01   1.997E+01  1.108E-01 
4.548E+01   2.005E+01  1.099E-01 
4.600E+01   2.013E+01  1.091E-01 
4.654E+01   2.021E+01  1.083E-01 
4.708E+01   2.029E+01  1.074E-01 
4.762E+01   2.037E+01  1.066E-01 
4.818E+01   2.046E+01  1.058E-01 
4.873E+01   2.054E+01  1.050E-01 
4.930E+01   2.062E+01  1.042E-01 
4.987E+01   2.070E+01  1.034E-01 
5.045E+01   2.078E+01  1.026E-01 
5.104E+01   2.086E+01  1.018E-01 
5.163E+01   2.094E+01  1.010E-01 
5.223E+01   2.102E+01  1.002E-01 
5.283E+01   2.109E+01  9.946E-02 
5.344E+01   2.117E+01  9.869E-02 
5.406E+01   2.125E+01  9.793E-02 
5.469E+01   2.133E+01  9.716E-02 
5.533E+01   2.141E+01  9.641E-02 
5.597E+01   2.148E+01  9.566E-02 
5.662E+01   2.156E+01  9.491E-02 
5.727E+01   2.164E+01  9.417E-02 
5.794E+01   2.171E+01  9.343E-02 
5.861E+01   2.179E+01  9.270E-02 
5.929E+01   2.186E+01  9.197E-02 
5.998E+01   2.194E+01  9.124E-02 
6.067E+01   2.201E+01  9.053E-02 
6.138E+01   2.209E+01  8.981E-02 
6.209E+01   2.216E+01  8.910E-02 
6.281E+01   2.223E+01  8.840E-02 
6.354E+01   2.230E+01  8.770E-02 
6.427E+01   2.238E+01  8.700E-02 
6.502E+01   2.245E+01  8.631E-02 
6.577E+01   2.252E+01  8.562E-02 
6.654E+01   2.259E+01  8.494E-02 
6.731E+01   2.266E+01  8.426E-02 
6.809E+01   2.272E+01  8.359E-02 
6.888E+01   2.279E+01  8.292E-02 
6.968E+01   2.286E+01  8.226E-02 
7.049E+01   2.292E+01  8.160E-02 
7.130E+01   2.299E+01  8.094E-02 
7.213E+01   2.305E+01  8.029E-02 
7.297E+01   2.312E+01  7.965E-02 
7.381E+01   2.318E+01  7.901E-02 
7.467E+01   2.324E+01  7.837E-02 
7.554E+01   2.330E+01  7.773E-02 
7.641E+01   2.336E+01  7.711E-02 
7.730E+01   2.342E+01  7.648E-02 
7.820E+01   2.348E+01  7.586E-02 
7.910E+01   2.354E+01  7.524E-02 
8.002E+01   2.359E+01  7.463E-02 
8.095E+01   2.365E+01  7.402E-02 
8.189E+01   2.370E+01  7.342E-02 
8.284E+01   2.376E+01  7.191E-02 
8.380E+01   2.381E+01  7.133E-02 
8.477E+01   2.386E+01  7.075E-02 
8.575E+01   2.391E+01  7.017E-02 
8.675E+01   2.396E+01  6.960E-02 
8.775E+01   2.401E+01  6.903E-02 
8.877E+01   2.405E+01  6.847E-02 
8.980E+01   2.410E+01  6.791E-02 
9.084E+01   2.414E+01  6.735E-02 
9.190E+01   2.418E+01  6.680E-02 
9.296E+01   2.423E+01  6.625E-02 
9.404E+01   2.427E+01  6.571E-02 
9.513E+01   2.431E+01  6.517E-02 
9.624E+01   2.434E+01  6.463E-02 
9.735E+01   2.438E+01  6.410E-02 
9.848E+01   2.442E+01  6.357E-02 
9.962E+01   2.445E+01  6.304E-02 
1.008E+02   2.448E+01  6.252E-02 
1.019E+02   2.451E+01  6.200E-02 
1.031E+02   2.454E+01  6.148E-02 
1.043E+02   2.457E+01  6.097E-02 
1.055E+02   2.460E+01  6.046E-02 
1.068E+02   2.462E+01  5.996E-02 
1.080E+02   2.465E+01  5.946E-02 
1.093E+02   2.467E+01  5.896E-02 
1.105E+02   2.469E+01  5.847E-02 
1.118E+02   2.471E+01  5.798E-02 
1.131E+02   2.473E+01  5.749E-02 
1.144E+02   2.474E+01  5.701E-02 
1.157E+02   2.476E+01  5.653E-02 
1.171E+02   2.477E+01  5.606E-02 
1.184E+02   2.478E+01  5.558E-02 
1.198E+02   2.479E+01  5.511E-02 
1.212E+02   2.480E+01  5.465E-02 
1.226E+02   2.481E+01  5.419E-02 
1.240E+02   2.481E+01  5.373E-02 
1.255E+02   2.482E+01  5.327E-02 
1.269E+02   2.482E+01  5.282E-02 
1.284E+02   2.482E+01  5.237E-02 
1.299E+02   2.482E+01  5.193E-02 
1.314E+02   2.482E+01  5.149E-02 
1.329E+02   2.481E+01  5.105E-02 
1.345E+02   2.480E+01  5.061E-02 
1.360E+02   2.480E+01  5.018E-02 
1.376E+02   2.479E+01  4.975E-02 
1.392E+02   2.478E+01  4.933E-02 
1.408E+02   2.476E+01  4.891E-02 
1.424E+02   2.475E+01  4.849E-02 
1.441E+02   2.473E+01  4.807E-02 
1.458E+02   2.472E+01  4.766E-02 
1.475E+02   2.470E+01  4.725E-02 
1.492E+02   2.468E+01  4.684E-02 
1.509E+02   2.465E+01  4.644E-02 
1.526E+02   2.463E+01  4.604E-02 
1.544E+02   2.460E+01  4.564E-02 
1.562E+02   2.458E+01  4.525E-02 
1.580E+02   2.455E+01  4.486E-02 
1.598E+02   2.452E+01  4.447E-02 
1.617E+02   2.449E+01  4.408E-02 
1.636E+02   2.445E+01  4.370E-02 
1.655E+02   2.442E+01  4.332E-02 
1.674E+02   2.438E+01  4.295E-02 
1.693E+02   2.434E+01  4.257E-02 
1.713E+02   2.430E+01  4.220E-02 
1.733E+02   2.426E+01  4.184E-02 
1.753E+02   2.422E+01  4.147E-02 
1.773E+02   2.418E+01  4.111E-02 
1.794E+02   2.413E+01  4.075E-02 
1.815E+02   2.408E+01  4.039E-02 
1.836E+02   2.404E+01  4.004E-02 
1.857E+02   2.399E+01  3.969E-02 
1.879E+02   2.394E+01  3.934E-02 
1.900E+02   2.388E+01  3.900E-02 
1.922E+02   2.383E+01  3.866E-02 
1.945E+02   2.377E+01  3.832E-02 
1.967E+02   2.372E+01  3.798E-02 
1.990E+02   2.366E+01  3.765E-02 
2.013E+02   2.360E+01  3.732E-02 
2.036E+02   2.354E+01  3.699E-02 
2.060E+02   2.348E+01  3.666E-02 
2.084E+02   2.342E+01  3.634E-02 
2.108E+02   2.336E+01  3.602E-02 
2.133E+02   2.329E+01  3.570E-02 
2.157E+02   2.323E+01  3.538E-02 
2.182E+02   2.316E+01  3.507E-02 
2.208E+02   2.310E+01  3.476E-02 
2.233E+02   2.303E+01  3.445E-02 
2.259E+02   2.296E+01  3.414E-02 
2.285E+02   2.289E+01  3.384E-02 
2.312E+02   2.282E+01  3.354E-02 
2.339E+02   2.275E+01  3.324E-02 
2.366E+02   2.267E+01  3.295E-02 
2.393E+02   2.260E+01  3.265E-02 
2.421E+02   2.253E+01  3.236E-02 
2.449E+02   2.245E+01  3.207E-02 
2.478E+02   2.237E+01  3.179E-02 
2.506E+02   2.230E+01  3.150E-02 
2.535E+02   2.222E+01  3.122E-02 
2.565E+02   2.214E+01  3.094E-02 
2.595E+02   2.206E+01  3.067E-02 
2.625E+02   2.199E+01  3.039E-02 
2.655E+02   2.191E+01  3.012E-02 
2.686E+02   2.183E+01  2.985E-02 
2.717E+02   2.174E+01  2.958E-02 
2.749E+02   2.166E+01  2.931E-02 
2.780E+02   2.158E+01  2.905E-02 
2.813E+02   2.150E+01  2.879E-02 
2.845E+02   2.142E+01  2.853E-02 
2.878E+02   2.133E+01  2.827E-02 
2.912E+02   2.125E+01  2.802E-02 
2.945E+02   2.116E+01  2.777E-02 
2.980E+02   2.108E+01  2.752E-02 
3.014E+02   2.099E+01  2.727E-02 
3.049E+02   2.091E+01  2.702E-02 
3.085E+02   2.082E+01  2.678E-02 
3.120E+02   2.074E+01  2.653E-02 
3.156E+02   2.065E+01  2.629E-02 
3.193E+02   2.057E+01  2.606E-02 
3.230E+02   2.048E+01  2.582E-02 
3.268E+02   2.039E+01  2.559E-02 
3.306E+02   2.030E+01  2.535E-02 
3.344E+02   2.022E+01  2.512E-02 
3.383E+02   2.013E+01  2.489E-02 
3.422E+02   2.004E+01  2.467E-02 
3.462E+02   1.995E+01  2.444E-02 
3.502E+02   1.987E+01  2.422E-02 
3.542E+02   1.978E+01  2.400E-02 
3.583E+02   1.969E+01  2.378E-02 
3.625E+02   1.960E+01  2.356E-02 
3.667E+02   1.951E+01  2.335E-02 
3.710E+02   1.942E+01  2.314E-02 
3.753E+02   1.934E+01  2.292E-02 
3.796E+02   1.925E+01  2.271E-02 
3.840E+02   1.916E+01  2.251E-02 
3.885E+02   1.907E+01  2.230E-02 
3.930E+02   1.898E+01  2.210E-02 
3.975E+02   1.889E+01  2.189E-02 
4.021E+02   1.880E+01  2.169E-02 
4.068E+02   1.872E+01  2.149E-02 
4.115E+02   1.863E+01  2.130E-02 
4.163E+02   1.854E+01  2.110E-02 
4.211E+02   1.845E+01  2.091E-02 
4.260E+02   1.836E+01  2.071E-02 
4.310E+02   1.827E+01  2.052E-02 
4.360E+02   1.818E+01  2.034E-02 
4.410E+02   1.810E+01  2.015E-02 
4.461E+02   1.801E+01  1.996E-02 
4.513E+02   1.792E+01  1.978E-02 
4.565E+02   1.783E+01  1.960E-02 
4.618E+02   1.774E+01  1.941E-02 
4.672E+02   1.766E+01  1.923E-02 
4.726E+02   1.757E+01  1.906E-02 
4.781E+02   1.748E+01  1.888E-02 
4.836E+02   1.739E+01  1.871E-02 
4.892E+02   1.730E+01  1.853E-02 
4.949E+02   1.722E+01  1.836E-02 
5.007E+02   1.713E+01  1.819E-02 
5.065E+02   1.704E+01  1.802E-02 
5.123E+02   1.695E+01  1.786E-02 
5.183E+02   1.687E+01  1.769E-02 
5.243E+02   1.678E+01  1.753E-02 
5.304E+02   1.669E+01  1.736E-02 
5.365E+02   1.661E+01  1.720E-02 
5.428E+02   1.652E+01  1.704E-02 
5.490E+02   1.644E+01  1.688E-02 
5.554E+02   1.635E+01  1.672E-02 
5.619E+02   1.626E+01  1.657E-02 
5.684E+02   1.618E+01  1.641E-02 
5.750E+02   1.609E+01  1.626E-02 
5.816E+02   1.601E+01  1.611E-02 
5.884E+02   1.592E+01  1.596E-02 
5.952E+02   1.584E+01  1.581E-02 
6.021E+02   1.575E+01  1.566E-02 
6.091E+02   1.567E+01  1.552E-02 
6.162E+02   1.558E+01  1.537E-02 
6.233E+02   1.550E+01  1.523E-02 
6.305E+02   1.541E+01  1.508E-02 
6.378E+02   1.533E+01  1.494E-02 
6.452E+02   1.524E+01  1.480E-02 
6.527E+02   1.516E+01  1.466E-02 
6.603E+02   1.508E+01  1.453E-02 
6.680E+02   1.499E+01  1.439E-02 
6.757E+02   1.491E+01  1.426E-02 
6.835E+02   1.483E+01  1.412E-02 
6.915E+02   1.474E+01  1.399E-02 
6.995E+02   1.466E+01  1.386E-02 
7.076E+02   1.458E+01  1.373E-02 
7.158E+02   1.449E+01  1.360E-02 
7.241E+02   1.441E+01  1.347E-02 
7.325E+02   1.433E+01  1.334E-02 
7.410E+02   1.425E+01  1.322E-02 
7.496E+02   1.417E+01  1.309E-02 
7.583E+02   1.409E+01  1.297E-02 
7.671E+02   1.400E+01  1.285E-02 
7.760E+02   1.392E+01  1.273E-02 
7.850E+02   1.384E+01  1.261E-02 
7.941E+02   1.376E+01  1.249E-02 
8.033E+02   1.368E+01  1.237E-02 
8.126E+02   1.360E+01  1.225E-02 
8.221E+02   1.352E+01  1.214E-02 
8.316E+02   1.344E+01  1.202E-02 
8.412E+02   1.336E+01  1.191E-02 
8.510E+02   1.328E+01  1.179E-02 
8.609E+02   1.320E+01  1.168E-02 
8.709E+02   1.312E+01  1.157E-02 
8.810E+02   1.304E+01  1.146E-02 
8.912E+02   1.297E+01  1.135E-02 
9.015E+02   1.289E+01  1.124E-02 
9.120E+02   1.281E+01  1.114E-02 
9.225E+02   1.273E+01  1.103E-02 
9.332E+02   1.265E+01  1.093E-02 
9.441E+02   1.258E+01  1.082E-02 
9.550E+02   1.250E+01  1.072E-02 
9.661E+02   1.242E+01  1.062E-02 
9.773E+02   1.235E+01  1.052E-02 
9.886E+02   1.227E+01  1.042E-02 
1.000E+03   1.219E+01  1.032E-02 
1.012E+03   1.212E+01  1.022E-02 
1.023E+03   1.206E+01  1.012E-02 
1.035E+03   1.199E+01  1.003E-02 
1.047E+03   1.193E+01  9.930E-03 
1.059E+03   1.186E+01  9.835E-03 
1.072E+03   1.179E+01  9.741E-03 
1.084E+03   1.172E+01  9.648E-03 
1.097E+03   1.166E+01  9.556E-03 
1.109E+03   1.159E+01  9.465E-03 
1.122E+03   1.151E+01  9.374E-03 
1.135E+03   1.144E+01  9.284E-03 
1.149E+03   1.137E+01  9.196E-03 
1.162E+03   1.130E+01  9.108E-03 
1.175E+03   1.122E+01  9.020E-03 
1.189E+03   1.115E+01  8.934E-03 
1.203E+03   1.107E+01  8.848E-03 
1.217E+03   1.100E+01  8.763E-03 
1.231E+03   1.093E+01  8.679E-03 
1.245E+03   1.086E+01  8.596E-03 
1.260E+03   1.080E+01  8.513E-03 
1.274E+03   1.073E+01  8.432E-03 
1.289E+03   1.066E+01  8.351E-03 
1.304E+03   1.059E+01  8.270E-03 
1.319E+03   1.053E+01  8.191E-03 
1.334E+03   1.046E+01  8.112E-03 
1.350E+03   1.039E+01  8.034E-03 
1.365E+03   1.032E+01  7.957E-03 
1.381E+03   1.026E+01  7.880E-03 
1.397E+03   1.019E+01  7.804E-03 
1.414E+03   1.013E+01  7.729E-03 
1.430E+03   1.006E+01  7.655E-03 
1.446E+03   9.994E+00  7.581E-03 
1.463E+03   9.929E+00  7.508E-03 
1.480E+03   9.864E+00  7.435E-03 
1.497E+03   9.799E+00  7.363E-03 
1.515E+03   9.734E+00  7.292E-03 
1.532E+03   9.670E+00  7.222E-03 
1.550E+03   9.606E+00  7.152E-03 
1.568E+03   9.542E+00  7.083E-03 
1.586E+03   9.479E+00  7.014E-03 
1.605E+03   9.415E+00  6.947E-03 
1.623E+03   9.352E+00  6.879E-03 
1.642E+03   9.290E+00  6.813E-03 
1.661E+03   9.227E+00  6.747E-03 
1.680E+03   9.165E+00  6.682E-03 
1.700E+03   9.103E+00  6.617E-03 
1.720E+03   9.042E+00  6.553E-03 
1.740E+03   8.980E+00  6.489E-03 
1.760E+03   8.919E+00  6.426E-03 
1.780E+03   8.858E+00  6.364E-03 
1.801E+03   8.798E+00  6.302E-03 
1.822E+03   8.737E+00  6.241E-03 
1.843E+03   8.677E+00  6.180E-03 
1.864E+03   8.618E+00  6.120E-03 
1.886E+03   8.558E+00  6.061E-03 
1.908E+03   8.499E+00  6.002E-03 
1.930E+03   8.440E+00  5.944E-03 
1.952E+03   8.382E+00  5.886E-03 
1.975E+03   8.324E+00  5.829E-03 
1.998E+03   8.266E+00  5.772E-03 
2.021E+03   8.208E+00  5.716E-03 
2.044E+03   8.151E+00  5.660E-03 
2.068E+03   8.093E+00  5.605E-03 
2.092E+03   8.037E+00  5.550E-03 
2.116E+03   7.980E+00  5.496E-03 
2.141E+03   7.924E+00  5.443E-03 
2.166E+03   7.868E+00  5.389E-03 
2.191E+03   7.812E+00  5.337E-03 
2.216E+03   7.757E+00  5.285E-03 
2.242E+03   7.702E+00  5.233E-03 
2.268E+03   7.647E+00  5.182E-03 
2.294E+03   7.592E+00  5.131E-03 
2.321E+03   7.538E+00  5.081E-03 
2.348E+03   7.484E+00  5.032E-03 
2.375E+03   7.430E+00  4.982E-03 
2.403E+03   7.377E+00  4.934E-03 
2.431E+03   7.324E+00  4.886E-03 
2.459E+03   7.271E+00  4.838E-03 
2.487E+03   7.219E+00  4.790E-03 
2.516E+03   7.166E+00  4.743E-03 
2.545E+03   7.115E+00  4.697E-03 
2.575E+03   7.063E+00  4.651E-03 
2.605E+03   7.012E+00  4.605E-03 
2.635E+03   6.960E+00  4.560E-03 
2.665E+03   6.910E+00  4.516E-03 
2.696E+03   6.859E+00  4.471E-03 
2.728E+03   6.809E+00  4.427E-03 
2.759E+03   6.759E+00  4.384E-03 
2.791E+03   6.709E+00  4.341E-03 
2.824E+03   6.660E+00  4.298E-03 
2.856E+03   6.611E+00  4.256E-03 
2.889E+03   6.562E+00  4.214E-03 
2.923E+03   6.514E+00  4.173E-03 
2.957E+03   6.465E+00  4.132E-03 
2.991E+03   6.417E+00  4.091E-03 
3.026E+03   6.370E+00  4.051E-03 
3.061E+03   6.322E+00  4.011E-03 
3.097E+03   6.275E+00  3.972E-03 
3.132E+03   6.228E+00  3.933E-03 
3.169E+03   6.182E+00  3.894E-03 
3.206E+03   6.136E+00  3.856E-03 
3.243E+03   6.090E+00  3.818E-03 
3.280E+03   6.044E+00  3.780E-03 
3.318E+03   5.998E+00  3.743E-03 
3.357E+03   5.953E+00  3.706E-03 
3.396E+03   5.908E+00  3.669E-03 
3.435E+03   5.864E+00  3.633E-03 
3.475E+03   5.819E+00  3.597E-03 
3.515E+03   5.775E+00  3.562E-03 
3.556E+03   5.731E+00  3.527E-03 
3.597E+03   5.688E+00  3.492E-03 
3.639E+03   5.645E+00  3.457E-03 
3.681E+03   5.602E+00  3.423E-03 
3.724E+03   5.559E+00  3.389E-03 
3.767E+03   5.516E+00  3.356E-03 
3.811E+03   5.474E+00  3.323E-03 
3.855E+03   5.432E+00  3.290E-03 
3.900E+03   5.390E+00  3.257E-03 
3.945E+03   5.349E+00  3.225E-03 
3.991E+03   5.308E+00  3.193E-03 
4.037E+03   5.267E+00  3.161E-03 
4.084E+03   5.226E+00  3.130E-03 
4.131E+03   5.186E+00  3.099E-03 
4.179E+03   5.146E+00  3.068E-03 
4.228E+03   5.106E+00  3.038E-03 
4.277E+03   5.066E+00  3.008E-03 
4.326E+03   5.027E+00  2.978E-03 
4.376E+03   4.988E+00  2.949E-03 
4.427E+03   4.949E+00  2.919E-03 
4.479E+03   4.910E+00  2.890E-03 
4.531E+03   4.872E+00  2.862E-03 
4.583E+03   4.834E+00  2.833E-03 
4.636E+03   4.796E+00  2.805E-03 
4.690E+03   4.758E+00  2.777E-03 
4.744E+03   4.721E+00  2.750E-03 
4.799E+03   4.684E+00  2.722E-03 
4.855E+03   4.647E+00  2.695E-03 
4.911E+03   4.610E+00  2.668E-03 
4.968E+03   4.574E+00  2.642E-03 
5.026E+03   4.538E+00  2.616E-03 
5.084E+03   4.502E+00  2.590E-03 
5.143E+03   4.466E+00  2.564E-03 
5.203E+03   4.431E+00  2.538E-03 
5.263E+03   4.396E+00  2.513E-03 
5.324E+03   4.361E+00  2.488E-03 
5.386E+03   4.326E+00  2.463E-03 
5.449E+03   4.292E+00  2.439E-03 
5.512E+03   4.258E+00  2.414E-03 
5.576E+03   4.224E+00  2.390E-03 
5.640E+03   4.190E+00  2.367E-03 
5.706E+03   4.156E+00  2.343E-03 
5.772E+03   4.123E+00  2.320E-03 
5.839E+03   4.090E+00  2.296E-03 
5.907E+03   4.057E+00  2.274E-03 
5.975E+03   4.025E+00  2.251E-03 
6.045E+03   3.992E+00  2.228E-03 
6.115E+03   3.960E+00  2.206E-03 
6.186E+03   3.928E+00  2.184E-03 
6.257E+03   3.896E+00  2.162E-03 
6.330E+03   3.865E+00  2.141E-03 
6.403E+03   3.834E+00  2.119E-03 
6.478E+03   3.803E+00  2.098E-03 
6.553E+03   3.772E+00  2.077E-03 
6.629E+03   3.741E+00  2.056E-03 
6.706E+03   3.711E+00  2.036E-03 
6.783E+03   3.680E+00  2.015E-03 
6.862E+03   3.651E+00  1.995E-03 
6.942E+03   3.621E+00  1.975E-03 
7.022E+03   3.591E+00  1.956E-03 
7.104E+03   3.562E+00  1.936E-03 
7.186E+03   3.533E+00  1.917E-03 
7.269E+03   3.504E+00  1.897E-03 
7.354E+03   3.475E+00  1.878E-03 
7.439E+03   3.447E+00  1.860E-03 
7.525E+03   3.418E+00  1.841E-03 
7.613E+03   3.390E+00  1.822E-03 
7.701E+03   3.362E+00  1.804E-03 
7.790E+03   3.335E+00  1.786E-03 
7.881E+03   3.307E+00  1.768E-03 
7.972E+03   3.280E+00  1.750E-03 
8.064E+03   3.253E+00  1.733E-03 
8.158E+03   3.226E+00  1.715E-03 
8.253E+03   3.199E+00  1.698E-03 
8.348E+03   3.173E+00  1.681E-03 
8.445E+03   3.147E+00  1.664E-03 
8.543E+03   3.121E+00  1.648E-03 
8.642E+03   3.095E+00  1.631E-03 
8.742E+03   3.069E+00  1.615E-03 
8.844E+03   3.043E+00  1.598E-03 
8.946E+03   3.018E+00  1.582E-03 
9.050E+03   2.993E+00  1.566E-03 
9.155E+03   2.968E+00  1.551E-03 
9.261E+03   2.943E+00  1.535E-03 
9.369E+03   2.919E+00  1.520E-03 
9.477E+03   2.894E+00  1.504E-03 
9.587E+03   2.870E+00  1.489E-03 
9.699E+03   2.846E+00  1.474E-03 
9.811E+03   2.822E+00  1.459E-03 
9.925E+03   2.799E+00  1.445E-03 
1.004E+04   2.775E+00  1.430E-03 
1.016E+04   2.752E+00  1.416E-03 
1.027E+04   2.729E+00  1.401E-03 
1.039E+04   2.706E+00  1.387E-03 
1.051E+04   2.683E+00  1.373E-03 
1.064E+04   2.660E+00  1.359E-03 
1.076E+04   2.638E+00  1.346E-03 
1.088E+04   2.616E+00  1.332E-03 
1.101E+04   2.594E+00  1.319E-03 
1.114E+04   2.572E+00  1.305E-03 
1.127E+04   2.550E+00  1.292E-03 
1.140E+04   2.528E+00  1.279E-03 
1.153E+04   2.507E+00  1.266E-03 
1.166E+04   2.486E+00  1.254E-03 
1.180E+04   2.465E+00  1.241E-03 
1.194E+04   2.444E+00  1.228E-03 
1.207E+04   2.423E+00  1.216E-03 
1.221E+04   2.402E+00  1.204E-03 
1.236E+04   2.382E+00  1.191E-03 
1.250E+04   2.362E+00  1.179E-03 
1.264E+04   2.342E+00  1.167E-03 
1.279E+04   2.322E+00  1.156E-03 
1.294E+04   2.302E+00  1.144E-03 
1.309E+04   2.282E+00  1.132E-03 
1.324E+04   2.263E+00  1.121E-03 
1.340E+04   2.244E+00  1.110E-03 
1.355E+04   2.224E+00  1.098E-03 
1.371E+04   2.205E+00  1.087E-03 
1.387E+04   2.186E+00  1.076E-03 
1.403E+04   2.168E+00  1.065E-03 
1.419E+04   2.149E+00  1.055E-03 
1.435E+04   2.131E+00  1.044E-03 
1.452E+04   2.113E+00  1.033E-03 
1.469E+04   2.094E+00  1.023E-03 
1.486E+04   2.076E+00  1.012E-03 
1.503E+04   2.059E+00  1.002E-03 
1.521E+04   2.041E+00  9.920E-04 
1.538E+04   2.023E+00  9.819E-04 
1.556E+04   2.006E+00  9.720E-04 
1.574E+04   1.989E+00  9.621E-04 
1.592E+04   1.972E+00  9.524E-04 
1.611E+04   1.955E+00  9.427E-04 
1.630E+04   1.938E+00  9.331E-04 
1.649E+04   1.921E+00  9.237E-04 
1.668E+04   1.904E+00  9.143E-04 
1.687E+04   1.888E+00  9.050E-04 
1.707E+04   1.872E+00  8.958E-04 
1.726E+04   1.856E+00  8.867E-04 
1.746E+04   1.840E+00  8.777E-04 
1.767E+04   1.824E+00  8.688E-04 
1.787E+04   1.808E+00  8.599E-04 
1.808E+04   1.792E+00  8.512E-04 
1.829E+04   1.777E+00  8.425E-04 
1.850E+04   1.761E+00  8.340E-04 
1.871E+04   1.746E+00  8.255E-04 
1.893E+04   1.731E+00  8.171E-04 
1.915E+04   1.716E+00  8.088E-04 
1.937E+04   1.701E+00  8.005E-04 
1.960E+04   1.686E+00  7.924E-04 
1.983E+04   1.672E+00  7.843E-04 
2.006E+04   1.657E+00  7.763E-04 
2.029E+04   1.643E+00  7.684E-04 
2.052E+04   1.628E+00  7.606E-04 
2.076E+04   1.614E+00  7.529E-04 
2.100E+04   1.600E+00  7.452E-04 
2.125E+04   1.586E+00  7.376E-04 
2.149E+04   1.572E+00  7.301E-04 
2.174E+04   1.559E+00  7.226E-04 
2.199E+04   1.545E+00  7.153E-04 
2.225E+04   1.532E+00  7.080E-04 
2.251E+04   1.518E+00  7.007E-04 
2.277E+04   1.505E+00  6.936E-04 
2.303E+04   1.492E+00  6.865E-04 
2.330E+04   1.479E+00  6.795E-04 
2.357E+04   1.466E+00  6.726E-04 
2.384E+04   1.453E+00  6.657E-04 
2.412E+04   1.441E+00  6.589E-04 
2.440E+04   1.428E+00  6.522E-04 
2.468E+04   1.416E+00  6.455E-04 
2.497E+04   1.403E+00  6.389E-04 
2.526E+04   1.391E+00  6.324E-04 
2.555E+04   1.379E+00  6.260E-04 
2.585E+04   1.367E+00  6.196E-04 
2.615E+04   1.355E+00  6.132E-04 
2.645E+04   1.343E+00  6.070E-04 
2.676E+04   1.331E+00  6.008E-04 
2.707E+04   1.320E+00  5.946E-04 
2.738E+04   1.308E+00  5.885E-04 
2.770E+04   1.297E+00  5.825E-04 
2.802E+04   1.285E+00  5.766E-04 
2.835E+04   1.274E+00  5.707E-04 
2.867E+04   1.263E+00  5.648E-04 
2.901E+04   1.252E+00  5.590E-04 
2.934E+04   1.241E+00  5.533E-04 
2.968E+04   1.230E+00  5.477E-04 
3.003E+04   1.219E+00  5.420E-04 
3.038E+04   1.209E+00  5.365E-04 
3.073E+04   1.198E+00  5.310E-04 
3.109E+04   1.188E+00  5.256E-04 
3.145E+04   1.177E+00  5.202E-04 
3.181E+04   1.167E+00  5.148E-04 
3.218E+04   1.157E+00  5.096E-04 
3.255E+04   1.147E+00  5.043E-04 
3.293E+04   1.137E+00  4.992E-04 
3.331E+04   1.127E+00  4.941E-04 
3.370E+04   1.117E+00  4.890E-04 
3.409E+04   1.107E+00  4.840E-04 
3.449E+04   1.097E+00  4.790E-04 
3.489E+04   1.088E+00  4.741E-04 
3.529E+04   1.078E+00  4.692E-04 
3.570E+04   1.069E+00  4.644E-04 
3.611E+04   1.059E+00  4.597E-04 
3.653E+04   1.050E+00  4.549E-04 
3.696E+04   1.041E+00  4.503E-04 
3.738E+04   1.032E+00  4.457E-04 
3.782E+04   1.023E+00  4.411E-04 
3.826E+04   1.014E+00  4.365E-04 
3.870E+04   1.005E+00  4.321E-04 
3.915E+04   9.963E-01  4.276E-04 
3.960E+04   9.876E-01  4.232E-04 
4.006E+04   9.790E-01  4.189E-04 
4.053E+04   9.704E-01  4.146E-04 
4.100E+04   9.619E-01  4.103E-04 
4.147E+04   9.535E-01  4.061E-04 
4.195E+04   9.452E-01  4.019E-04 
4.244E+04   9.370E-01  3.978E-04 
4.293E+04   9.288E-01  3.937E-04 
4.343E+04   9.207E-01  3.897E-04 
4.394E+04   9.127E-01  3.856E-04 
4.444E+04   9.047E-01  3.817E-04 
4.496E+04   8.968E-01  3.777E-04 
4.548E+04   8.890E-01  3.739E-04 
4.601E+04   8.813E-01  3.700E-04 
4.654E+04   8.736E-01  3.662E-04 
4.708E+04   8.660E-01  3.624E-04 
4.763E+04   8.585E-01  3.587E-04 
4.818E+04   8.510E-01  3.550E-04 
4.874E+04   8.436E-01  3.514E-04 
4.931E+04   8.363E-01  3.477E-04 
4.988E+04   8.290E-01  3.442E-04 
5.046E+04   8.218E-01  3.406E-04 
5.104E+04   8.147E-01  3.371E-04 
5.163E+04   8.076E-01  3.336E-04 
5.223E+04   8.006E-01  3.302E-04 
5.284E+04   7.937E-01  3.268E-04 
5.345E+04   7.868E-01  3.234E-04 
5.407E+04   7.800E-01  3.201E-04 
5.470E+04   7.733E-01  3.168E-04 
5.533E+04   7.666E-01  3.135E-04 
5.597E+04   7.600E-01  3.103E-04 
5.662E+04   7.534E-01  3.071E-04 
5.728E+04   7.469E-01  3.039E-04 
5.794E+04   7.404E-01  3.008E-04 
5.862E+04   7.341E-01  2.977E-04 
5.930E+04   7.277E-01  2.946E-04 
5.998E+04   7.215E-01  2.916E-04 
6.068E+04   7.153E-01  2.885E-04 
6.138E+04   7.091E-01  2.856E-04 
6.210E+04   7.030E-01  2.826E-04 
6.282E+04   6.970E-01  2.797E-04 
6.354E+04   6.910E-01  2.768E-04 
6.428E+04   6.851E-01  2.739E-04 
6.503E+04   6.792E-01  2.711E-04 
6.578E+04   6.734E-01  2.683E-04 
6.654E+04   6.676E-01  2.655E-04 
6.732E+04   6.619E-01  2.628E-04 
6.810E+04   6.563E-01  2.601E-04 
6.889E+04   6.506E-01  2.574E-04 
6.969E+04   6.451E-01  2.547E-04 
7.049E+04   6.396E-01  2.521E-04 
7.131E+04   6.342E-01  2.495E-04 
7.214E+04   6.288E-01  2.469E-04 
7.298E+04   6.234E-01  2.444E-04 
7.382E+04   6.181E-01  2.418E-04 
7.468E+04   6.129E-01  2.393E-04 
7.555E+04   6.077E-01  2.368E-04 
7.642E+04   6.025E-01  2.344E-04 
7.731E+04   5.974E-01  2.320E-04 
7.820E+04   5.924E-01  2.296E-04 
7.911E+04   5.874E-01  2.272E-04 
8.003E+04   5.824E-01  2.248E-04 
8.096E+04   5.775E-01  2.225E-04 
8.190E+04   5.727E-01  2.202E-04 
8.285E+04   5.678E-01  2.179E-04 
8.381E+04   5.631E-01  2.157E-04 
8.478E+04   5.584E-01  2.134E-04 
8.576E+04   5.537E-01  2.112E-04 
8.676E+04   5.490E-01  2.090E-04 
8.776E+04   5.444E-01  2.069E-04 
8.878E+04   5.399E-01  2.047E-04 
8.981E+04   5.354E-01  2.026E-04 
9.085E+04   5.309E-01  2.005E-04 
9.191E+04   5.265E-01  1.984E-04 
9.297E+04   5.221E-01  1.964E-04 
9.405E+04   5.178E-01  1.943E-04 
9.514E+04   5.135E-01  1.923E-04 
9.625E+04   5.093E-01  1.903E-04 
9.736E+04   5.051E-01  1.883E-04 
9.849E+04   5.009E-01  1.864E-04 
9.963E+04   4.968E-01  1.844E-04 
1.008E+05   4.927E-01  1.825E-04 
