Ion = Hydrogen    . Mass = 1.0079
Tgt = He (Solid). Density = .12588 g/cm3
Stopping Units =  eV/(1E15 atoms/cm2)
Energy(keV)  S(Elec)    S(Nuc)
1.000E+00   1.904E-01  2.810E-01 
1.012E+00   1.915E-01  2.791E-01 
1.023E+00   1.927E-01  2.773E-01 
1.035E+00   1.938E-01  2.755E-01 
1.047E+00   1.949E-01  2.737E-01 
1.059E+00   1.960E-01  2.719E-01 
1.072E+00   1.972E-01  2.701E-01 
1.084E+00   1.983E-01  2.684E-01 
1.097E+00   1.994E-01  2.666E-01 
1.109E+00   2.006E-01  2.648E-01 
1.122E+00   2.018E-01  2.631E-01 
1.135E+00   2.029E-01  2.613E-01 
1.148E+00   2.041E-01  2.596E-01 
1.162E+00   2.053E-01  2.579E-01 
1.175E+00   2.065E-01  2.561E-01 
1.189E+00   2.077E-01  2.544E-01 
1.203E+00   2.089E-01  2.527E-01 
1.217E+00   2.101E-01  2.510E-01 
1.231E+00   2.113E-01  2.493E-01 
1.245E+00   2.125E-01  2.476E-01 
1.259E+00   2.137E-01  2.459E-01 
1.274E+00   2.150E-01  2.442E-01 
1.289E+00   2.162E-01  2.426E-01 
1.304E+00   2.175E-01  2.409E-01 
1.319E+00   2.187E-01  2.393E-01 
1.334E+00   2.200E-01  2.376E-01 
1.350E+00   2.213E-01  2.360E-01 
1.365E+00   2.225E-01  2.343E-01 
1.381E+00   2.238E-01  2.327E-01 
1.397E+00   2.251E-01  2.311E-01 
1.413E+00   2.264E-01  2.295E-01 
1.430E+00   2.277E-01  2.279E-01 
1.446E+00   2.290E-01  2.263E-01 
1.463E+00   2.304E-01  2.247E-01 
1.480E+00   2.317E-01  2.231E-01 
1.497E+00   2.330E-01  2.216E-01 
1.515E+00   2.344E-01  2.200E-01 
1.532E+00   2.357E-01  2.185E-01 
1.550E+00   2.371E-01  2.169E-01 
1.568E+00   2.385E-01  2.154E-01 
1.586E+00   2.399E-01  2.138E-01 
1.605E+00   2.412E-01  2.123E-01 
1.623E+00   2.426E-01  2.108E-01 
1.642E+00   2.440E-01  2.093E-01 
1.661E+00   2.454E-01  2.078E-01 
1.680E+00   2.469E-01  2.063E-01 
1.700E+00   2.483E-01  2.048E-01 
1.719E+00   2.497E-01  2.033E-01 
1.739E+00   2.512E-01  2.019E-01 
1.760E+00   2.526E-01  2.004E-01 
1.780E+00   2.541E-01  1.989E-01 
1.801E+00   2.556E-01  1.975E-01 
1.822E+00   2.570E-01  1.961E-01 
1.843E+00   2.585E-01  1.946E-01 
1.864E+00   2.600E-01  1.932E-01 
1.886E+00   2.615E-01  1.918E-01 
1.908E+00   2.630E-01  1.904E-01 
1.930E+00   2.646E-01  1.890E-01 
1.952E+00   2.661E-01  1.876E-01 
1.975E+00   2.676E-01  1.862E-01 
1.998E+00   2.692E-01  1.848E-01 
2.021E+00   2.714E-01  1.834E-01 
2.044E+00   2.760E-01  1.821E-01 
2.068E+00   2.808E-01  1.807E-01 
2.092E+00   2.856E-01  1.794E-01 
2.116E+00   2.905E-01  1.780E-01 
2.141E+00   2.955E-01  1.767E-01 
2.166E+00   3.006E-01  1.754E-01 
2.191E+00   3.058E-01  1.741E-01 
2.216E+00   3.111E-01  1.728E-01 
2.242E+00   3.164E-01  1.715E-01 
2.268E+00   3.219E-01  1.702E-01 
2.294E+00   3.274E-01  1.689E-01 
2.321E+00   3.331E-01  1.676E-01 
2.348E+00   3.388E-01  1.663E-01 
2.375E+00   3.447E-01  1.651E-01 
2.402E+00   3.506E-01  1.638E-01 
2.430E+00   3.567E-01  1.626E-01 
2.458E+00   3.629E-01  1.613E-01 
2.487E+00   3.691E-01  1.601E-01 
2.516E+00   3.755E-01  1.589E-01 
2.545E+00   3.820E-01  1.576E-01 
2.574E+00   3.886E-01  1.564E-01 
2.604E+00   3.954E-01  1.552E-01 
2.635E+00   4.022E-01  1.540E-01 
2.665E+00   4.092E-01  1.528E-01 
2.696E+00   4.163E-01  1.517E-01 
2.727E+00   4.235E-01  1.505E-01 
2.759E+00   4.308E-01  1.493E-01 
2.791E+00   4.383E-01  1.482E-01 
2.823E+00   4.459E-01  1.470E-01 
2.856E+00   4.536E-01  1.459E-01 
2.889E+00   4.615E-01  1.447E-01 
2.923E+00   4.695E-01  1.436E-01 
2.957E+00   4.776E-01  1.425E-01 
2.991E+00   4.859E-01  1.414E-01 
3.026E+00   4.944E-01  1.402E-01 
3.061E+00   5.030E-01  1.391E-01 
3.096E+00   5.117E-01  1.380E-01 
3.132E+00   5.206E-01  1.370E-01 
3.168E+00   5.296E-01  1.359E-01 
3.205E+00   5.388E-01  1.348E-01 
3.242E+00   5.482E-01  1.337E-01 
3.280E+00   5.577E-01  1.327E-01 
3.318E+00   5.674E-01  1.316E-01 
3.356E+00   5.773E-01  1.306E-01 
3.395E+00   5.873E-01  1.295E-01 
3.435E+00   5.975E-01  1.285E-01 
3.475E+00   6.079E-01  1.275E-01 
3.515E+00   6.185E-01  1.265E-01 
3.556E+00   6.293E-01  1.254E-01 
3.597E+00   6.402E-01  1.244E-01 
3.639E+00   6.514E-01  1.234E-01 
3.681E+00   6.627E-01  1.224E-01 
3.724E+00   6.742E-01  1.215E-01 
3.767E+00   6.860E-01  1.205E-01 
3.810E+00   6.979E-01  1.195E-01 
3.855E+00   7.101E-01  1.185E-01 
3.899E+00   7.224E-01  1.176E-01 
3.945E+00   7.350E-01  1.166E-01 
3.990E+00   7.478E-01  1.157E-01 
4.037E+00   7.608E-01  1.147E-01 
4.083E+00   7.741E-01  1.138E-01 
4.131E+00   7.875E-01  1.129E-01 
4.179E+00   8.012E-01  1.120E-01 
4.227E+00   8.152E-01  1.111E-01 
4.276E+00   8.294E-01  1.101E-01 
4.326E+00   8.438E-01  1.092E-01 
4.376E+00   8.585E-01  1.084E-01 
4.427E+00   8.734E-01  1.075E-01 
4.478E+00   8.886E-01  1.066E-01 
4.530E+00   9.041E-01  1.057E-01 
4.583E+00   9.198E-01  1.048E-01 
4.636E+00   9.358E-01  1.040E-01 
4.690E+00   9.521E-01  1.031E-01 
4.744E+00   9.686E-01  1.023E-01 
4.799E+00   9.855E-01  1.014E-01 
4.855E+00   1.003E+00  1.006E-01 
4.911E+00   1.020E+00  9.974E-02 
4.968E+00   1.038E+00  9.892E-02 
5.026E+00   1.056E+00  8.871E-02 
5.084E+00   1.074E+00  8.799E-02 
5.143E+00   1.093E+00  8.727E-02 
5.202E+00   1.112E+00  8.656E-02 
5.263E+00   1.131E+00  8.586E-02 
5.324E+00   1.150E+00  8.516E-02 
5.386E+00   1.170E+00  8.446E-02 
5.448E+00   1.191E+00  8.377E-02 
5.511E+00   1.211E+00  8.308E-02 
5.575E+00   1.232E+00  8.240E-02 
5.640E+00   1.254E+00  8.173E-02 
5.705E+00   1.275E+00  8.105E-02 
5.771E+00   1.297E+00  8.039E-02 
5.838E+00   1.320E+00  7.972E-02 
5.906E+00   1.342E+00  7.906E-02 
5.975E+00   1.365E+00  7.841E-02 
6.044E+00   1.389E+00  7.776E-02 
6.114E+00   1.413E+00  7.712E-02 
6.185E+00   1.437E+00  7.648E-02 
6.257E+00   1.462E+00  7.584E-02 
6.329E+00   1.487E+00  7.521E-02 
6.403E+00   1.512E+00  7.458E-02 
6.477E+00   1.538E+00  7.396E-02 
6.552E+00   1.564E+00  7.334E-02 
6.628E+00   1.591E+00  7.273E-02 
6.705E+00   1.618E+00  7.212E-02 
6.783E+00   1.646E+00  7.152E-02 
6.861E+00   1.674E+00  7.092E-02 
6.941E+00   1.702E+00  7.032E-02 
7.021E+00   1.731E+00  6.973E-02 
7.103E+00   1.760E+00  6.915E-02 
7.185E+00   1.790E+00  6.856E-02 
7.269E+00   1.820E+00  6.798E-02 
7.353E+00   1.851E+00  6.741E-02 
7.438E+00   1.882E+00  6.684E-02 
7.524E+00   1.913E+00  6.628E-02 
7.612E+00   1.945E+00  6.571E-02 
7.700E+00   1.978E+00  6.516E-02 
7.789E+00   2.010E+00  6.460E-02 
7.880E+00   2.044E+00  6.405E-02 
7.971E+00   2.078E+00  6.351E-02 
8.064E+00   2.112E+00  6.297E-02 
8.157E+00   2.147E+00  6.243E-02 
8.252E+00   2.182E+00  6.190E-02 
8.347E+00   2.217E+00  6.137E-02 
8.444E+00   2.253E+00  6.085E-02 
8.542E+00   2.290E+00  6.032E-02 
8.641E+00   2.327E+00  5.981E-02 
8.741E+00   2.364E+00  5.929E-02 
8.843E+00   2.402E+00  5.879E-02 
8.945E+00   2.441E+00  5.828E-02 
9.049E+00   2.479E+00  5.778E-02 
9.154E+00   2.519E+00  5.728E-02 
9.260E+00   2.558E+00  5.679E-02 
9.368E+00   2.598E+00  5.630E-02 
9.476E+00   2.639E+00  5.581E-02 
9.586E+00   2.679E+00  5.533E-02 
9.698E+00   2.721E+00  5.485E-02 
9.810E+00   2.762E+00  5.438E-02 
9.924E+00   2.804E+00  5.391E-02 
1.004E+01   2.846E+00  5.344E-02 
1.016E+01   2.889E+00  5.297E-02 
1.027E+01   2.932E+00  5.251E-02 
1.039E+01   2.975E+00  5.206E-02 
1.051E+01   3.018E+00  5.160E-02 
1.063E+01   3.062E+00  5.115E-02 
1.076E+01   3.106E+00  5.071E-02 
1.088E+01   3.150E+00  5.027E-02 
1.101E+01   3.195E+00  4.983E-02 
1.114E+01   3.239E+00  4.939E-02 
1.127E+01   3.284E+00  4.896E-02 
1.140E+01   3.328E+00  4.853E-02 
1.153E+01   3.373E+00  4.810E-02 
1.166E+01   3.418E+00  4.768E-02 
1.180E+01   3.463E+00  4.726E-02 
1.193E+01   3.507E+00  4.685E-02 
1.207E+01   3.552E+00  4.644E-02 
1.221E+01   3.597E+00  4.603E-02 
1.235E+01   3.641E+00  4.562E-02 
1.250E+01   3.685E+00  4.522E-02 
1.264E+01   3.729E+00  4.482E-02 
1.279E+01   3.773E+00  4.442E-02 
1.294E+01   3.817E+00  4.403E-02 
1.309E+01   3.860E+00  4.364E-02 
1.324E+01   3.903E+00  4.326E-02 
1.339E+01   3.945E+00  4.287E-02 
1.355E+01   3.987E+00  4.249E-02 
1.371E+01   4.029E+00  4.212E-02 
1.387E+01   4.070E+00  4.174E-02 
1.403E+01   4.110E+00  4.137E-02 
1.419E+01   4.150E+00  4.100E-02 
1.435E+01   4.189E+00  4.064E-02 
1.452E+01   4.228E+00  4.028E-02 
1.469E+01   4.266E+00  3.992E-02 
1.486E+01   4.303E+00  3.956E-02 
1.503E+01   4.339E+00  3.921E-02 
1.521E+01   4.375E+00  3.886E-02 
1.538E+01   4.409E+00  3.851E-02 
1.556E+01   4.443E+00  3.817E-02 
1.574E+01   4.476E+00  3.782E-02 
1.592E+01   4.509E+00  3.749E-02 
1.611E+01   4.540E+00  3.715E-02 
1.629E+01   4.571E+00  3.682E-02 
1.648E+01   4.601E+00  3.649E-02 
1.667E+01   4.629E+00  3.616E-02 
1.687E+01   4.657E+00  3.583E-02 
1.706E+01   4.685E+00  3.551E-02 
1.726E+01   4.711E+00  3.519E-02 
1.746E+01   4.736E+00  3.487E-02 
1.766E+01   4.761E+00  3.456E-02 
1.787E+01   4.785E+00  3.425E-02 
1.808E+01   4.808E+00  3.394E-02 
1.829E+01   4.831E+00  3.363E-02 
1.850E+01   4.853E+00  3.333E-02 
1.871E+01   4.874E+00  3.303E-02 
1.893E+01   4.894E+00  3.273E-02 
1.915E+01   4.914E+00  3.243E-02 
1.937E+01   4.934E+00  3.214E-02 
1.960E+01   4.953E+00  3.185E-02 
1.982E+01   4.971E+00  3.156E-02 
2.005E+01   4.990E+00  3.127E-02 
2.029E+01   5.008E+00  3.099E-02 
2.052E+01   5.025E+00  3.071E-02 
2.076E+01   5.042E+00  3.043E-02 
2.100E+01   5.060E+00  3.015E-02 
2.124E+01   5.077E+00  2.987E-02 
2.149E+01   5.093E+00  2.960E-02 
2.174E+01   5.110E+00  2.933E-02 
2.199E+01   5.127E+00  2.907E-02 
2.225E+01   5.144E+00  2.880E-02 
2.250E+01   5.161E+00  2.854E-02 
2.277E+01   5.178E+00  2.828E-02 
2.303E+01   5.195E+00  2.802E-02 
2.330E+01   5.213E+00  2.776E-02 
2.357E+01   5.231E+00  2.751E-02 
2.384E+01   5.249E+00  2.725E-02 
2.412E+01   5.267E+00  2.700E-02 
2.440E+01   5.286E+00  2.676E-02 
2.468E+01   5.304E+00  2.651E-02 
2.497E+01   5.324E+00  2.627E-02 
2.526E+01   5.343E+00  2.603E-02 
2.555E+01   5.364E+00  2.579E-02 
2.584E+01   5.384E+00  2.555E-02 
2.614E+01   5.405E+00  2.531E-02 
2.645E+01   5.426E+00  2.508E-02 
2.675E+01   5.448E+00  2.485E-02 
2.707E+01   5.471E+00  2.462E-02 
2.738E+01   5.493E+00  2.439E-02 
2.770E+01   5.517E+00  2.417E-02 
2.802E+01   5.540E+00  2.395E-02 
2.834E+01   5.564E+00  2.372E-02 
2.867E+01   5.589E+00  2.351E-02 
2.900E+01   5.614E+00  2.329E-02 
2.934E+01   5.640E+00  2.307E-02 
2.968E+01   5.666E+00  2.286E-02 
3.003E+01   5.692E+00  2.265E-02 
3.037E+01   5.719E+00  2.244E-02 
3.073E+01   5.746E+00  2.223E-02 
3.108E+01   5.773E+00  2.202E-02 
3.144E+01   5.801E+00  2.182E-02 
3.181E+01   5.829E+00  2.162E-02 
3.218E+01   5.858E+00  2.141E-02 
3.255E+01   5.886E+00  2.122E-02 
3.293E+01   5.915E+00  2.102E-02 
3.331E+01   5.945E+00  2.082E-02 
3.370E+01   5.974E+00  2.063E-02 
3.409E+01   6.004E+00  2.044E-02 
3.448E+01   6.034E+00  2.025E-02 
3.488E+01   6.064E+00  2.006E-02 
3.529E+01   6.095E+00  1.987E-02 
3.570E+01   6.125E+00  1.968E-02 
3.611E+01   6.155E+00  1.950E-02 
3.653E+01   6.186E+00  1.932E-02 
3.695E+01   6.217E+00  1.914E-02 
3.738E+01   6.247E+00  1.896E-02 
3.781E+01   6.278E+00  1.878E-02 
3.825E+01   6.309E+00  1.861E-02 
3.870E+01   6.339E+00  1.843E-02 
3.915E+01   6.370E+00  1.826E-02 
3.960E+01   6.400E+00  1.809E-02 
4.006E+01   6.430E+00  1.792E-02 
4.052E+01   6.461E+00  1.775E-02 
4.099E+01   6.491E+00  1.758E-02 
4.147E+01   6.520E+00  1.742E-02 
4.195E+01   6.550E+00  1.725E-02 
4.244E+01   6.579E+00  1.709E-02 
4.293E+01   6.608E+00  1.693E-02 
4.343E+01   6.637E+00  1.677E-02 
4.393E+01   6.666E+00  1.661E-02 
4.444E+01   6.694E+00  1.646E-02 
4.496E+01   6.722E+00  1.630E-02 
4.548E+01   6.749E+00  1.615E-02 
4.600E+01   6.776E+00  1.600E-02 
4.654E+01   6.803E+00  1.585E-02 
4.708E+01   6.829E+00  1.570E-02 
4.762E+01   6.855E+00  1.555E-02 
4.818E+01   6.880E+00  1.540E-02 
4.873E+01   6.905E+00  1.525E-02 
4.930E+01   6.930E+00  1.511E-02 
4.987E+01   6.954E+00  1.497E-02 
5.045E+01   6.977E+00  1.483E-02 
5.104E+01   7.000E+00  1.469E-02 
5.163E+01   7.022E+00  1.455E-02 
5.223E+01   7.044E+00  1.441E-02 
5.283E+01   7.065E+00  1.427E-02 
5.344E+01   7.086E+00  1.414E-02 
5.406E+01   7.106E+00  1.400E-02 
5.469E+01   7.125E+00  1.387E-02 
5.533E+01   7.144E+00  1.374E-02 
5.597E+01   7.162E+00  1.361E-02 
5.662E+01   7.179E+00  1.348E-02 
5.727E+01   7.196E+00  1.335E-02 
5.794E+01   7.212E+00  1.322E-02 
5.861E+01   7.228E+00  1.310E-02 
5.929E+01   7.243E+00  1.297E-02 
5.998E+01   7.257E+00  1.285E-02 
6.067E+01   7.270E+00  1.273E-02 
6.138E+01   7.283E+00  1.260E-02 
6.209E+01   7.295E+00  1.248E-02 
6.281E+01   7.306E+00  1.237E-02 
6.354E+01   7.317E+00  1.225E-02 
6.427E+01   7.327E+00  1.213E-02 
6.502E+01   7.336E+00  1.201E-02 
6.577E+01   7.344E+00  1.190E-02 
6.654E+01   7.352E+00  1.179E-02 
6.731E+01   7.359E+00  1.167E-02 
6.809E+01   7.365E+00  1.156E-02 
6.888E+01   7.371E+00  1.145E-02 
6.968E+01   7.375E+00  1.134E-02 
7.049E+01   7.380E+00  1.123E-02 
7.130E+01   7.383E+00  1.113E-02 
7.213E+01   7.386E+00  1.102E-02 
7.297E+01   7.387E+00  1.091E-02 
7.381E+01   7.389E+00  1.081E-02 
7.467E+01   7.389E+00  1.070E-02 
7.554E+01   7.389E+00  1.060E-02 
7.641E+01   7.388E+00  1.050E-02 
7.730E+01   7.386E+00  1.040E-02 
7.820E+01   7.384E+00  1.030E-02 
7.910E+01   7.381E+00  1.020E-02 
8.002E+01   7.377E+00  1.010E-02 
8.095E+01   7.372E+00  1.001E-02 
8.189E+01   7.367E+00  9.909E-03 
8.284E+01   7.361E+00  9.814E-03 
8.380E+01   7.355E+00  9.719E-03 
8.477E+01   7.348E+00  9.625E-03 
8.575E+01   7.340E+00  9.533E-03 
8.675E+01   7.331E+00  9.441E-03 
8.775E+01   7.322E+00  9.350E-03 
8.877E+01   7.312E+00  9.260E-03 
8.980E+01   7.302E+00  9.170E-03 
9.084E+01   7.291E+00  9.082E-03 
9.190E+01   7.279E+00  8.994E-03 
9.296E+01   7.267E+00  8.907E-03 
9.404E+01   7.254E+00  8.821E-03 
9.513E+01   7.241E+00  8.736E-03 
9.624E+01   7.227E+00  8.651E-03 
9.735E+01   7.212E+00  8.568E-03 
9.848E+01   7.197E+00  8.485E-03 
9.962E+01   7.181E+00  8.403E-03 
1.008E+02   7.165E+00  8.321E-03 
1.019E+02   7.148E+00  8.241E-03 
1.031E+02   7.130E+00  8.161E-03 
1.043E+02   7.112E+00  8.082E-03 
1.055E+02   7.094E+00  8.003E-03 
1.068E+02   7.075E+00  7.926E-03 
1.080E+02   7.056E+00  7.849E-03 
1.093E+02   7.036E+00  7.773E-03 
1.105E+02   7.015E+00  7.697E-03 
1.118E+02   6.994E+00  7.623E-03 
1.131E+02   6.973E+00  7.549E-03 
1.144E+02   6.951E+00  7.475E-03 
1.157E+02   6.929E+00  7.403E-03 
1.171E+02   6.906E+00  7.331E-03 
1.184E+02   6.883E+00  7.259E-03 
1.198E+02   6.860E+00  7.189E-03 
1.212E+02   6.836E+00  7.119E-03 
1.226E+02   6.812E+00  7.049E-03 
1.240E+02   6.787E+00  6.981E-03 
1.255E+02   6.762E+00  6.913E-03 
1.269E+02   6.737E+00  6.845E-03 
1.284E+02   6.711E+00  6.779E-03 
1.299E+02   6.685E+00  6.713E-03 
1.314E+02   6.659E+00  6.647E-03 
1.329E+02   6.632E+00  6.582E-03 
1.345E+02   6.605E+00  6.518E-03 
1.360E+02   6.578E+00  6.454E-03 
1.376E+02   6.550E+00  6.391E-03 
1.392E+02   6.522E+00  6.329E-03 
1.408E+02   6.494E+00  6.267E-03 
1.424E+02   6.466E+00  6.206E-03 
1.441E+02   6.437E+00  6.145E-03 
1.458E+02   6.408E+00  6.085E-03 
1.475E+02   6.379E+00  6.026E-03 
1.492E+02   6.349E+00  5.967E-03 
1.509E+02   6.320E+00  5.908E-03 
1.526E+02   6.290E+00  5.850E-03 
1.544E+02   6.260E+00  5.793E-03 
1.562E+02   6.230E+00  5.736E-03 
1.580E+02   6.199E+00  5.680E-03 
1.598E+02   6.168E+00  5.624E-03 
1.617E+02   6.138E+00  5.569E-03 
1.636E+02   6.107E+00  5.515E-03 
1.655E+02   6.076E+00  5.461E-03 
1.674E+02   6.044E+00  5.407E-03 
1.693E+02   6.013E+00  5.354E-03 
1.713E+02   5.981E+00  5.301E-03 
1.733E+02   5.950E+00  5.249E-03 
1.753E+02   5.918E+00  5.198E-03 
1.773E+02   5.886E+00  5.147E-03 
1.794E+02   5.854E+00  5.096E-03 
1.815E+02   5.822E+00  5.046E-03 
1.836E+02   5.790E+00  4.996E-03 
1.857E+02   5.757E+00  4.947E-03 
1.879E+02   5.725E+00  4.898E-03 
1.900E+02   5.692E+00  4.850E-03 
1.922E+02   5.660E+00  4.802E-03 
1.945E+02   5.627E+00  4.755E-03 
1.967E+02   5.595E+00  4.708E-03 
1.990E+02   5.562E+00  4.662E-03 
2.013E+02   5.529E+00  4.616E-03 
2.036E+02   5.496E+00  4.570E-03 
2.060E+02   5.464E+00  4.525E-03 
2.084E+02   5.431E+00  4.481E-03 
2.108E+02   5.398E+00  4.437E-03 
2.133E+02   5.365E+00  4.393E-03 
2.157E+02   5.332E+00  4.349E-03 
2.182E+02   5.299E+00  4.306E-03 
2.208E+02   5.266E+00  4.264E-03 
2.233E+02   5.233E+00  4.222E-03 
2.259E+02   5.201E+00  4.180E-03 
2.285E+02   5.168E+00  4.139E-03 
2.312E+02   5.135E+00  4.098E-03 
2.339E+02   5.102E+00  4.057E-03 
2.366E+02   5.069E+00  4.017E-03 
2.393E+02   5.037E+00  3.977E-03 
2.421E+02   5.004E+00  3.938E-03 
2.449E+02   4.971E+00  3.899E-03 
2.478E+02   4.939E+00  3.860E-03 
2.506E+02   4.906E+00  3.822E-03 
2.535E+02   4.873E+00  3.784E-03 
2.565E+02   4.841E+00  3.747E-03 
2.595E+02   4.808E+00  3.710E-03 
2.625E+02   4.776E+00  3.673E-03 
2.655E+02   4.744E+00  3.637E-03 
2.686E+02   4.712E+00  3.600E-03 
2.717E+02   4.679E+00  3.565E-03 
2.749E+02   4.647E+00  3.529E-03 
2.780E+02   4.615E+00  3.494E-03 
2.813E+02   4.583E+00  3.460E-03 
2.845E+02   4.552E+00  3.425E-03 
2.878E+02   4.520E+00  3.391E-03 
2.912E+02   4.488E+00  3.358E-03 
2.945E+02   4.457E+00  3.324E-03 
2.980E+02   4.425E+00  3.291E-03 
3.014E+02   4.394E+00  3.258E-03 
3.049E+02   4.362E+00  3.226E-03 
3.085E+02   4.331E+00  3.194E-03 
3.120E+02   4.300E+00  3.162E-03 
3.156E+02   4.269E+00  3.131E-03 
3.193E+02   4.238E+00  3.099E-03 
3.230E+02   4.208E+00  3.069E-03 
3.268E+02   4.177E+00  3.038E-03 
3.306E+02   4.146E+00  3.008E-03 
3.344E+02   4.116E+00  2.978E-03 
3.383E+02   4.086E+00  2.948E-03 
3.422E+02   4.056E+00  2.919E-03 
3.462E+02   4.026E+00  2.890E-03 
3.502E+02   3.996E+00  2.861E-03 
3.542E+02   3.966E+00  2.832E-03 
3.583E+02   3.936E+00  2.804E-03 
3.625E+02   3.907E+00  2.776E-03 
3.667E+02   3.877E+00  2.748E-03 
3.710E+02   3.848E+00  2.721E-03 
3.753E+02   3.819E+00  2.694E-03 
3.796E+02   3.790E+00  2.667E-03 
3.840E+02   3.761E+00  2.640E-03 
3.885E+02   3.732E+00  2.614E-03 
3.930E+02   3.704E+00  2.588E-03 
3.975E+02   3.675E+00  2.562E-03 
4.021E+02   3.647E+00  2.536E-03 
4.068E+02   3.619E+00  2.511E-03 
4.115E+02   3.590E+00  2.486E-03 
4.163E+02   3.563E+00  2.461E-03 
4.211E+02   3.535E+00  2.436E-03 
4.260E+02   3.507E+00  2.412E-03 
4.310E+02   3.480E+00  2.388E-03 
4.360E+02   3.452E+00  2.364E-03 
4.410E+02   3.425E+00  2.340E-03 
4.461E+02   3.398E+00  2.317E-03 
4.513E+02   3.371E+00  2.293E-03 
4.565E+02   3.345E+00  2.270E-03 
4.618E+02   3.318E+00  2.248E-03 
4.672E+02   3.291E+00  2.225E-03 
4.726E+02   3.265E+00  2.203E-03 
4.781E+02   3.239E+00  2.181E-03 
4.836E+02   3.213E+00  2.159E-03 
4.892E+02   3.187E+00  2.137E-03 
4.949E+02   3.161E+00  2.116E-03 
5.007E+02   3.136E+00  2.094E-03 
5.065E+02   3.110E+00  2.073E-03 
5.123E+02   3.085E+00  2.053E-03 
5.183E+02   3.060E+00  2.032E-03 
5.243E+02   3.035E+00  2.012E-03 
5.304E+02   3.010E+00  1.991E-03 
5.365E+02   2.986E+00  1.971E-03 
5.428E+02   2.961E+00  1.952E-03 
5.490E+02   2.937E+00  1.932E-03 
5.554E+02   2.913E+00  1.912E-03 
5.619E+02   2.889E+00  1.893E-03 
5.684E+02   2.865E+00  1.874E-03 
5.750E+02   2.841E+00  1.855E-03 
5.816E+02   2.817E+00  1.837E-03 
5.884E+02   2.794E+00  1.818E-03 
5.952E+02   2.771E+00  1.800E-03 
6.021E+02   2.748E+00  1.782E-03 
6.091E+02   2.725E+00  1.764E-03 
6.162E+02   2.702E+00  1.746E-03 
6.233E+02   2.679E+00  1.728E-03 
6.305E+02   2.656E+00  1.711E-03 
6.378E+02   2.634E+00  1.694E-03 
6.452E+02   2.612E+00  1.677E-03 
6.527E+02   2.590E+00  1.660E-03 
6.603E+02   2.568E+00  1.643E-03 
6.680E+02   2.546E+00  1.626E-03 
6.757E+02   2.524E+00  1.610E-03 
6.835E+02   2.503E+00  1.594E-03 
6.915E+02   2.481E+00  1.578E-03 
6.995E+02   2.460E+00  1.562E-03 
7.076E+02   2.439E+00  1.546E-03 
7.158E+02   2.418E+00  1.530E-03 
7.241E+02   2.398E+00  1.515E-03 
7.325E+02   2.377E+00  1.500E-03 
7.410E+02   2.356E+00  1.484E-03 
7.496E+02   2.336E+00  1.469E-03 
7.583E+02   2.316E+00  1.455E-03 
7.671E+02   2.296E+00  1.440E-03 
7.760E+02   2.276E+00  1.425E-03 
7.850E+02   2.256E+00  1.411E-03 
7.941E+02   2.237E+00  1.397E-03 
8.033E+02   2.217E+00  1.382E-03 
8.126E+02   2.198E+00  1.368E-03 
8.221E+02   2.179E+00  1.355E-03 
8.316E+02   2.160E+00  1.341E-03 
8.412E+02   2.141E+00  1.327E-03 
8.510E+02   2.122E+00  1.314E-03 
8.609E+02   2.103E+00  1.301E-03 
8.709E+02   2.085E+00  1.287E-03 
8.810E+02   2.066E+00  1.274E-03 
8.912E+02   2.048E+00  1.261E-03 
9.015E+02   2.030E+00  1.249E-03 
9.120E+02   2.012E+00  1.236E-03 
9.225E+02   1.994E+00  1.223E-03 
9.332E+02   1.977E+00  1.211E-03 
9.441E+02   1.959E+00  1.199E-03 
9.550E+02   1.942E+00  1.187E-03 
9.661E+02   1.924E+00  1.175E-03 
9.773E+02   1.907E+00  1.163E-03 
9.886E+02   1.890E+00  1.151E-03 
1.000E+03   1.873E+00  1.139E-03 
1.012E+03   1.859E+00  1.128E-03 
1.023E+03   1.851E+00  1.116E-03 
1.035E+03   1.842E+00  1.105E-03 
1.047E+03   1.833E+00  1.094E-03 
1.059E+03   1.825E+00  1.082E-03 
1.072E+03   1.816E+00  1.071E-03 
1.084E+03   1.807E+00  1.061E-03 
1.097E+03   1.797E+00  1.050E-03 
1.109E+03   1.788E+00  1.039E-03 
1.122E+03   1.779E+00  1.029E-03 
1.135E+03   1.769E+00  1.018E-03 
1.149E+03   1.760E+00  1.008E-03 
1.162E+03   1.750E+00  9.975E-04 
1.175E+03   1.740E+00  9.873E-04 
1.189E+03   1.730E+00  9.773E-04 
1.203E+03   1.720E+00  9.673E-04 
1.217E+03   1.707E+00  9.575E-04 
1.231E+03   1.692E+00  9.477E-04 
1.245E+03   1.676E+00  9.381E-04 
1.260E+03   1.661E+00  9.285E-04 
1.274E+03   1.646E+00  9.190E-04 
1.289E+03   1.631E+00  9.097E-04 
1.304E+03   1.616E+00  9.004E-04 
1.319E+03   1.601E+00  8.912E-04 
1.334E+03   1.586E+00  8.821E-04 
1.350E+03   1.572E+00  8.731E-04 
1.365E+03   1.557E+00  8.642E-04 
1.381E+03   1.543E+00  8.554E-04 
1.397E+03   1.529E+00  8.467E-04 
1.414E+03   1.515E+00  8.380E-04 
1.430E+03   1.501E+00  8.295E-04 
1.446E+03   1.487E+00  8.210E-04 
1.463E+03   1.473E+00  8.126E-04 
1.480E+03   1.460E+00  8.044E-04 
1.497E+03   1.446E+00  7.961E-04 
1.515E+03   1.433E+00  7.880E-04 
1.532E+03   1.420E+00  7.800E-04 
1.550E+03   1.406E+00  7.720E-04 
1.568E+03   1.393E+00  7.641E-04 
1.586E+03   1.381E+00  7.563E-04 
1.605E+03   1.368E+00  7.486E-04 
1.623E+03   1.355E+00  7.409E-04 
1.642E+03   1.343E+00  7.333E-04 
1.661E+03   1.330E+00  7.258E-04 
1.680E+03   1.318E+00  7.184E-04 
1.700E+03   1.306E+00  7.111E-04 
1.720E+03   1.293E+00  7.038E-04 
1.740E+03   1.281E+00  6.966E-04 
1.760E+03   1.270E+00  6.895E-04 
1.780E+03   1.258E+00  6.824E-04 
1.801E+03   1.246E+00  6.754E-04 
1.822E+03   1.235E+00  6.685E-04 
1.843E+03   1.223E+00  6.617E-04 
1.864E+03   1.212E+00  6.549E-04 
1.886E+03   1.200E+00  6.482E-04 
1.908E+03   1.189E+00  6.415E-04 
1.930E+03   1.178E+00  6.350E-04 
1.952E+03   1.167E+00  6.285E-04 
1.975E+03   1.156E+00  6.220E-04 
1.998E+03   1.146E+00  6.156E-04 
2.021E+03   1.135E+00  6.093E-04 
2.044E+03   1.124E+00  6.031E-04 
2.068E+03   1.114E+00  5.969E-04 
2.092E+03   1.104E+00  5.908E-04 
2.116E+03   1.093E+00  5.847E-04 
2.141E+03   1.083E+00  5.787E-04 
2.166E+03   1.073E+00  5.728E-04 
2.191E+03   1.063E+00  5.669E-04 
2.216E+03   1.053E+00  5.611E-04 
2.242E+03   1.043E+00  5.553E-04 
2.268E+03   1.034E+00  5.496E-04 
2.294E+03   1.024E+00  5.440E-04 
2.321E+03   1.014E+00  5.384E-04 
2.348E+03   1.005E+00  5.329E-04 
2.375E+03   9.956E-01  5.274E-04 
2.403E+03   9.863E-01  5.220E-04 
2.431E+03   9.771E-01  5.166E-04 
2.459E+03   9.679E-01  5.113E-04 
2.487E+03   9.589E-01  5.060E-04 
2.516E+03   9.500E-01  5.008E-04 
2.545E+03   9.411E-01  4.957E-04 
2.575E+03   9.323E-01  4.906E-04 
2.605E+03   9.236E-01  4.855E-04 
2.635E+03   9.150E-01  4.806E-04 
2.665E+03   9.064E-01  4.756E-04 
2.696E+03   8.980E-01  4.707E-04 
2.728E+03   8.896E-01  4.659E-04 
2.759E+03   8.812E-01  4.611E-04 
2.791E+03   8.730E-01  4.563E-04 
2.824E+03   8.648E-01  4.516E-04 
2.856E+03   8.568E-01  4.470E-04 
2.889E+03   8.487E-01  4.424E-04 
2.923E+03   8.408E-01  4.378E-04 
2.957E+03   8.329E-01  4.333E-04 
2.991E+03   8.251E-01  4.289E-04 
3.026E+03   8.174E-01  4.244E-04 
3.061E+03   8.098E-01  4.201E-04 
3.097E+03   8.022E-01  4.157E-04 
3.132E+03   7.947E-01  4.115E-04 
3.169E+03   7.872E-01  4.072E-04 
3.206E+03   7.799E-01  4.030E-04 
3.243E+03   7.725E-01  3.989E-04 
3.280E+03   7.653E-01  3.947E-04 
3.318E+03   7.581E-01  3.907E-04 
3.357E+03   7.510E-01  3.866E-04 
3.396E+03   7.440E-01  3.827E-04 
3.435E+03   7.370E-01  3.787E-04 
3.475E+03   7.301E-01  3.748E-04 
3.515E+03   7.232E-01  3.709E-04 
3.556E+03   7.165E-01  3.671E-04 
3.597E+03   7.097E-01  3.633E-04 
3.639E+03   7.031E-01  3.596E-04 
3.681E+03   6.965E-01  3.559E-04 
3.724E+03   6.899E-01  3.522E-04 
3.767E+03   6.835E-01  3.485E-04 
3.811E+03   6.770E-01  3.449E-04 
3.855E+03   6.707E-01  3.414E-04 
3.900E+03   6.644E-01  3.379E-04 
3.945E+03   6.581E-01  3.344E-04 
3.991E+03   6.519E-01  3.309E-04 
4.037E+03   6.458E-01  3.275E-04 
4.084E+03   6.397E-01  3.241E-04 
4.131E+03   6.337E-01  3.207E-04 
4.179E+03   6.278E-01  3.174E-04 
4.228E+03   6.218E-01  3.142E-04 
4.277E+03   6.160E-01  3.109E-04 
4.326E+03   6.102E-01  3.077E-04 
4.376E+03   6.045E-01  3.045E-04 
4.427E+03   5.988E-01  3.014E-04 
4.479E+03   5.931E-01  2.982E-04 
4.531E+03   5.875E-01  2.951E-04 
4.583E+03   5.820E-01  2.921E-04 
4.636E+03   5.765E-01  2.891E-04 
4.690E+03   5.711E-01  2.861E-04 
4.744E+03   5.657E-01  2.831E-04 
4.799E+03   5.604E-01  2.802E-04 
4.855E+03   5.551E-01  2.773E-04 
4.911E+03   5.498E-01  2.744E-04 
4.968E+03   5.446E-01  2.716E-04 
5.026E+03   5.395E-01  2.688E-04 
5.084E+03   5.344E-01  2.660E-04 
5.143E+03   5.294E-01  2.632E-04 
5.203E+03   5.244E-01  2.605E-04 
5.263E+03   5.194E-01  2.578E-04 
5.324E+03   5.145E-01  2.551E-04 
5.386E+03   5.096E-01  2.525E-04 
5.449E+03   5.048E-01  2.499E-04 
5.512E+03   5.001E-01  2.473E-04 
5.576E+03   4.953E-01  2.447E-04 
5.640E+03   4.906E-01  2.422E-04 
5.706E+03   4.860E-01  2.396E-04 
5.772E+03   4.814E-01  2.372E-04 
5.839E+03   4.769E-01  2.347E-04 
5.907E+03   4.723E-01  2.323E-04 
5.975E+03   4.679E-01  2.299E-04 
6.045E+03   4.634E-01  2.275E-04 
6.115E+03   4.591E-01  2.251E-04 
6.186E+03   4.547E-01  2.228E-04 
6.257E+03   4.504E-01  2.205E-04 
6.330E+03   4.461E-01  2.182E-04 
6.403E+03   4.419E-01  2.159E-04 
6.478E+03   4.377E-01  2.137E-04 
6.553E+03   4.336E-01  2.114E-04 
6.629E+03   4.295E-01  2.092E-04 
6.706E+03   4.254E-01  2.071E-04 
6.783E+03   4.214E-01  2.049E-04 
6.862E+03   4.174E-01  2.028E-04 
6.942E+03   4.134E-01  2.007E-04 
7.022E+03   4.095E-01  1.986E-04 
7.104E+03   4.056E-01  1.965E-04 
7.186E+03   4.017E-01  1.945E-04 
7.269E+03   3.979E-01  1.925E-04 
7.354E+03   3.941E-01  1.905E-04 
7.439E+03   3.904E-01  1.885E-04 
7.525E+03   3.867E-01  1.865E-04 
7.613E+03   3.830E-01  1.846E-04 
7.701E+03   3.794E-01  1.827E-04 
7.790E+03   3.758E-01  1.808E-04 
7.881E+03   3.722E-01  1.789E-04 
7.972E+03   3.687E-01  1.770E-04 
8.064E+03   3.652E-01  1.752E-04 
8.158E+03   3.617E-01  1.734E-04 
8.253E+03   3.582E-01  1.716E-04 
8.348E+03   3.548E-01  1.698E-04 
8.445E+03   3.515E-01  1.680E-04 
8.543E+03   3.481E-01  1.662E-04 
8.642E+03   3.448E-01  1.645E-04 
8.742E+03   3.415E-01  1.628E-04 
8.844E+03   3.383E-01  1.611E-04 
8.946E+03   3.351E-01  1.594E-04 
9.050E+03   3.319E-01  1.578E-04 
9.155E+03   3.287E-01  1.561E-04 
9.261E+03   3.256E-01  1.545E-04 
9.369E+03   3.225E-01  1.529E-04 
9.477E+03   3.194E-01  1.513E-04 
9.587E+03   3.164E-01  1.497E-04 
9.699E+03   3.133E-01  1.482E-04 
9.811E+03   3.104E-01  1.466E-04 
9.925E+03   3.074E-01  1.451E-04 
1.004E+04   3.045E-01  1.436E-04 
1.016E+04   3.016E-01  1.421E-04 
1.027E+04   2.987E-01  1.406E-04 
1.039E+04   2.958E-01  1.391E-04 
1.051E+04   2.930E-01  1.377E-04 
1.064E+04   2.902E-01  1.362E-04 
1.076E+04   2.875E-01  1.348E-04 
1.088E+04   2.847E-01  1.334E-04 
1.101E+04   2.820E-01  1.320E-04 
1.114E+04   2.793E-01  1.306E-04 
1.127E+04   2.767E-01  1.293E-04 
1.140E+04   2.740E-01  1.279E-04 
1.153E+04   2.714E-01  1.266E-04 
1.166E+04   2.688E-01  1.253E-04 
1.180E+04   2.662E-01  1.240E-04 
1.194E+04   2.637E-01  1.227E-04 
1.207E+04   2.612E-01  1.214E-04 
1.221E+04   2.587E-01  1.201E-04 
1.236E+04   2.562E-01  1.189E-04 
1.250E+04   2.538E-01  1.176E-04 
1.264E+04   2.514E-01  1.164E-04 
1.279E+04   2.490E-01  1.152E-04 
1.294E+04   2.466E-01  1.140E-04 
1.309E+04   2.442E-01  1.128E-04 
1.324E+04   2.419E-01  1.116E-04 
1.340E+04   2.396E-01  1.104E-04 
1.355E+04   2.373E-01  1.093E-04 
1.371E+04   2.350E-01  1.081E-04 
1.387E+04   2.328E-01  1.070E-04 
1.403E+04   2.306E-01  1.059E-04 
1.419E+04   2.284E-01  1.048E-04 
1.435E+04   2.262E-01  1.037E-04 
1.452E+04   2.240E-01  1.026E-04 
1.469E+04   2.219E-01  1.015E-04 
1.486E+04   2.198E-01  1.005E-04 
1.503E+04   2.177E-01  9.941E-05 
1.521E+04   2.156E-01  9.837E-05 
1.538E+04   2.135E-01  9.734E-05 
1.556E+04   2.115E-01  9.632E-05 
1.574E+04   2.095E-01  9.531E-05 
1.592E+04   2.075E-01  9.431E-05 
1.611E+04   2.055E-01  9.332E-05 
1.630E+04   2.035E-01  9.235E-05 
1.649E+04   2.016E-01  9.138E-05 
1.668E+04   1.997E-01  9.042E-05 
1.687E+04   1.978E-01  8.947E-05 
1.707E+04   1.959E-01  8.854E-05 
1.726E+04   1.940E-01  8.761E-05 
1.746E+04   1.921E-01  8.669E-05 
1.767E+04   1.903E-01  8.578E-05 
1.787E+04   1.885E-01  8.488E-05 
1.808E+04   1.867E-01  8.399E-05 
1.829E+04   1.849E-01  8.311E-05 
1.850E+04   1.832E-01  8.224E-05 
1.871E+04   1.814E-01  8.138E-05 
1.893E+04   1.797E-01  8.053E-05 
1.915E+04   1.780E-01  7.968E-05 
1.937E+04   1.763E-01  7.885E-05 
1.960E+04   1.746E-01  7.802E-05 
1.983E+04   1.729E-01  7.720E-05 
2.006E+04   1.713E-01  7.639E-05 
2.029E+04   1.696E-01  7.559E-05 
2.052E+04   1.680E-01  7.480E-05 
2.076E+04   1.664E-01  7.401E-05 
2.100E+04   1.648E-01  7.324E-05 
2.125E+04   1.633E-01  7.247E-05 
2.149E+04   1.617E-01  7.171E-05 
2.174E+04   1.602E-01  7.095E-05 
2.199E+04   1.586E-01  7.021E-05 
2.225E+04   1.571E-01  6.947E-05 
2.251E+04   1.556E-01  6.874E-05 
2.277E+04   1.542E-01  6.802E-05 
2.303E+04   1.527E-01  6.731E-05 
2.330E+04   1.512E-01  6.660E-05 
2.357E+04   1.498E-01  6.590E-05 
2.384E+04   1.484E-01  6.521E-05 
2.412E+04   1.470E-01  6.452E-05 
2.440E+04   1.456E-01  6.384E-05 
2.468E+04   1.442E-01  6.317E-05 
2.497E+04   1.428E-01  6.251E-05 
2.526E+04   1.414E-01  6.185E-05 
2.555E+04   1.401E-01  6.120E-05 
2.585E+04   1.388E-01  6.056E-05 
2.615E+04   1.375E-01  5.992E-05 
2.645E+04   1.362E-01  5.929E-05 
2.676E+04   1.349E-01  5.867E-05 
2.707E+04   1.336E-01  5.805E-05 
2.738E+04   1.323E-01  5.744E-05 
2.770E+04   1.311E-01  5.684E-05 
2.802E+04   1.298E-01  5.624E-05 
2.835E+04   1.286E-01  5.565E-05 
2.867E+04   1.274E-01  5.506E-05 
2.901E+04   1.262E-01  5.448E-05 
2.934E+04   1.250E-01  5.391E-05 
2.968E+04   1.238E-01  5.334E-05 
3.003E+04   1.226E-01  5.278E-05 
3.038E+04   1.214E-01  5.223E-05 
3.073E+04   1.203E-01  5.168E-05 
3.109E+04   1.192E-01  5.113E-05 
3.145E+04   1.180E-01  5.059E-05 
3.181E+04   1.169E-01  5.006E-05 
3.218E+04   1.158E-01  4.953E-05 
3.255E+04   1.147E-01  4.901E-05 
3.293E+04   1.136E-01  4.850E-05 
3.331E+04   1.126E-01  4.799E-05 
3.370E+04   1.115E-01  4.748E-05 
3.409E+04   1.105E-01  4.698E-05 
3.449E+04   1.094E-01  4.649E-05 
3.489E+04   1.084E-01  4.600E-05 
3.529E+04   1.074E-01  4.551E-05 
3.570E+04   1.064E-01  4.503E-05 
3.611E+04   1.054E-01  4.456E-05 
3.653E+04   1.044E-01  4.409E-05 
3.696E+04   1.034E-01  4.362E-05 
3.738E+04   1.024E-01  4.316E-05 
3.782E+04   1.014E-01  4.271E-05 
3.826E+04   1.005E-01  4.226E-05 
3.870E+04   9.955E-02  4.181E-05 
3.915E+04   9.862E-02  4.137E-05 
3.960E+04   9.770E-02  4.094E-05 
4.006E+04   9.678E-02  4.050E-05 
4.053E+04   9.588E-02  4.008E-05 
4.100E+04   9.498E-02  3.965E-05 
4.147E+04   9.409E-02  3.924E-05 
4.195E+04   9.321E-02  3.882E-05 
4.244E+04   9.234E-02  3.841E-05 
4.293E+04   9.148E-02  3.801E-05 
4.343E+04   9.063E-02  3.761E-05 
4.394E+04   8.978E-02  3.721E-05 
4.444E+04   8.894E-02  3.682E-05 
4.496E+04   8.812E-02  3.643E-05 
4.548E+04   8.730E-02  3.604E-05 
4.601E+04   8.648E-02  3.566E-05 
4.654E+04   8.568E-02  3.529E-05 
4.708E+04   8.488E-02  3.491E-05 
4.763E+04   8.410E-02  3.455E-05 
4.818E+04   8.332E-02  3.418E-05 
4.874E+04   8.254E-02  3.382E-05 
4.931E+04   8.178E-02  3.346E-05 
4.988E+04   8.102E-02  3.311E-05 
5.046E+04   8.027E-02  3.276E-05 
5.104E+04   7.953E-02  3.241E-05 
5.163E+04   7.879E-02  3.207E-05 
5.223E+04   7.807E-02  3.173E-05 
5.284E+04   7.735E-02  3.140E-05 
5.345E+04   7.663E-02  3.107E-05 
5.407E+04   7.593E-02  3.074E-05 
5.470E+04   7.523E-02  3.041E-05 
5.533E+04   7.454E-02  3.009E-05 
5.597E+04   7.385E-02  2.977E-05 
5.662E+04   7.318E-02  2.946E-05 
5.728E+04   7.250E-02  2.915E-05 
5.794E+04   7.184E-02  2.884E-05 
5.862E+04   7.118E-02  2.853E-05 
5.930E+04   7.053E-02  2.823E-05 
5.998E+04   6.989E-02  2.793E-05 
6.068E+04   6.925E-02  2.764E-05 
6.138E+04   6.862E-02  2.735E-05 
6.210E+04   6.799E-02  2.706E-05 
6.282E+04   6.737E-02  2.677E-05 
6.354E+04   6.676E-02  2.649E-05 
6.428E+04   6.615E-02  2.621E-05 
6.503E+04   6.555E-02  2.593E-05 
6.578E+04   6.496E-02  2.566E-05 
6.654E+04   6.437E-02  2.538E-05 
6.732E+04   6.379E-02  2.512E-05 
6.810E+04   6.321E-02  2.485E-05 
6.889E+04   6.264E-02  2.459E-05 
6.969E+04   6.207E-02  2.433E-05 
7.049E+04   6.151E-02  2.407E-05 
7.131E+04   6.096E-02  2.381E-05 
7.214E+04   6.041E-02  2.356E-05 
7.298E+04   5.987E-02  2.331E-05 
7.382E+04   5.933E-02  2.307E-05 
7.468E+04   5.880E-02  2.282E-05 
7.555E+04   5.827E-02  2.258E-05 
7.642E+04   5.775E-02  2.234E-05 
7.731E+04   5.724E-02  2.210E-05 
7.820E+04   5.673E-02  2.187E-05 
7.911E+04   5.622E-02  2.164E-05 
8.003E+04   5.572E-02  2.141E-05 
8.096E+04   5.523E-02  2.118E-05 
8.190E+04   5.474E-02  2.096E-05 
8.285E+04   5.425E-02  2.074E-05 
8.381E+04   5.377E-02  2.052E-05 
8.478E+04   5.329E-02  2.030E-05 
8.576E+04   5.282E-02  2.008E-05 
8.676E+04   5.236E-02  1.987E-05 
8.776E+04   5.190E-02  1.966E-05 
8.878E+04   5.144E-02  1.945E-05 
8.981E+04   5.099E-02  1.925E-05 
9.085E+04   5.054E-02  1.904E-05 
9.191E+04   5.010E-02  1.884E-05 
9.297E+04   4.966E-02  1.864E-05 
9.405E+04   4.923E-02  1.844E-05 
9.514E+04   4.880E-02  1.825E-05 
9.625E+04   4.838E-02  1.805E-05 
9.736E+04   4.796E-02  1.786E-05 
9.849E+04   4.754E-02  1.767E-05 
9.963E+04   4.713E-02  1.748E-05 
1.008E+05   4.672E-02  1.730E-05 
