Ion = Hydrogen    . Mass = 1.0079
Tgt = Th (Solid). Density = 11.658 g/cm3
Stopping Units =  eV/(1E15 atoms/cm2)
Energy(keV)  S(Elec)    S(Nuc)
1.000E+00   7.910E+00  2.370E-01 
1.012E+00   7.956E+00  2.373E-01 
1.023E+00   8.002E+00  2.377E-01 
1.035E+00   8.048E+00  2.381E-01 
1.047E+00   8.095E+00  2.384E-01 
1.059E+00   8.142E+00  2.388E-01 
1.072E+00   8.189E+00  2.391E-01 
1.084E+00   8.236E+00  2.395E-01 
1.097E+00   8.284E+00  2.399E-01 
1.109E+00   8.332E+00  2.402E-01 
1.122E+00   8.380E+00  2.406E-01 
1.135E+00   8.428E+00  2.409E-01 
1.148E+00   8.477E+00  2.412E-01 
1.162E+00   8.526E+00  2.416E-01 
1.175E+00   8.575E+00  2.419E-01 
1.189E+00   8.625E+00  2.422E-01 
1.203E+00   8.675E+00  2.426E-01 
1.217E+00   8.725E+00  2.429E-01 
1.231E+00   8.775E+00  2.432E-01 
1.245E+00   8.826E+00  2.435E-01 
1.259E+00   8.877E+00  2.439E-01 
1.274E+00   8.928E+00  2.442E-01 
1.289E+00   8.980E+00  2.445E-01 
1.304E+00   9.032E+00  2.448E-01 
1.319E+00   9.084E+00  2.451E-01 
1.334E+00   9.137E+00  2.454E-01 
1.350E+00   9.190E+00  2.457E-01 
1.365E+00   9.243E+00  2.460E-01 
1.381E+00   9.296E+00  2.463E-01 
1.397E+00   9.350E+00  2.466E-01 
1.413E+00   9.404E+00  2.469E-01 
1.430E+00   9.458E+00  2.471E-01 
1.446E+00   9.513E+00  2.474E-01 
1.463E+00   9.568E+00  2.477E-01 
1.480E+00   9.623E+00  2.480E-01 
1.497E+00   9.679E+00  2.482E-01 
1.515E+00   9.735E+00  2.485E-01 
1.532E+00   9.791E+00  2.488E-01 
1.550E+00   9.848E+00  2.490E-01 
1.568E+00   9.905E+00  2.493E-01 
1.586E+00   9.962E+00  2.495E-01 
1.605E+00   1.002E+01  2.498E-01 
1.623E+00   1.008E+01  2.500E-01 
1.642E+00   1.014E+01  2.503E-01 
1.661E+00   1.019E+01  2.505E-01 
1.680E+00   1.025E+01  2.508E-01 
1.700E+00   1.031E+01  2.510E-01 
1.719E+00   1.037E+01  2.512E-01 
1.739E+00   1.043E+01  2.515E-01 
1.760E+00   1.049E+01  2.517E-01 
1.780E+00   1.055E+01  2.519E-01 
1.801E+00   1.061E+01  2.521E-01 
1.822E+00   1.068E+01  2.523E-01 
1.843E+00   1.074E+01  2.525E-01 
1.864E+00   1.080E+01  2.527E-01 
1.886E+00   1.086E+01  2.529E-01 
1.908E+00   1.092E+01  2.531E-01 
1.930E+00   1.099E+01  2.533E-01 
1.952E+00   1.105E+01  2.535E-01 
1.975E+00   1.112E+01  2.537E-01 
1.998E+00   1.118E+01  2.539E-01 
2.021E+00   1.124E+01  2.540E-01 
2.044E+00   1.130E+01  2.542E-01 
2.068E+00   1.136E+01  2.544E-01 
2.092E+00   1.142E+01  2.546E-01 
2.116E+00   1.148E+01  2.547E-01 
2.141E+00   1.154E+01  2.549E-01 
2.166E+00   1.159E+01  2.550E-01 
2.191E+00   1.165E+01  2.552E-01 
2.216E+00   1.171E+01  2.553E-01 
2.242E+00   1.178E+01  2.555E-01 
2.268E+00   1.184E+01  2.556E-01 
2.294E+00   1.190E+01  2.557E-01 
2.321E+00   1.196E+01  2.559E-01 
2.348E+00   1.202E+01  2.560E-01 
2.375E+00   1.208E+01  2.561E-01 
2.402E+00   1.215E+01  2.562E-01 
2.430E+00   1.221E+01  2.563E-01 
2.458E+00   1.227E+01  2.564E-01 
2.487E+00   1.233E+01  2.566E-01 
2.516E+00   1.240E+01  2.567E-01 
2.545E+00   1.246E+01  2.567E-01 
2.574E+00   1.253E+01  2.568E-01 
2.604E+00   1.259E+01  2.569E-01 
2.635E+00   1.266E+01  2.570E-01 
2.665E+00   1.272E+01  2.571E-01 
2.696E+00   1.279E+01  2.572E-01 
2.727E+00   1.286E+01  2.572E-01 
2.759E+00   1.292E+01  2.573E-01 
2.791E+00   1.299E+01  2.574E-01 
2.823E+00   1.306E+01  2.574E-01 
2.856E+00   1.313E+01  2.575E-01 
2.889E+00   1.320E+01  2.575E-01 
2.923E+00   1.326E+01  2.576E-01 
2.957E+00   1.333E+01  2.576E-01 
2.991E+00   1.340E+01  2.576E-01 
3.026E+00   1.347E+01  2.577E-01 
3.061E+00   1.354E+01  2.577E-01 
3.096E+00   1.361E+01  2.577E-01 
3.132E+00   1.369E+01  2.577E-01 
3.168E+00   1.376E+01  2.578E-01 
3.205E+00   1.383E+01  2.578E-01 
3.242E+00   1.390E+01  2.578E-01 
3.280E+00   1.397E+01  2.578E-01 
3.318E+00   1.405E+01  2.578E-01 
3.356E+00   1.412E+01  2.577E-01 
3.395E+00   1.419E+01  2.577E-01 
3.435E+00   1.427E+01  2.577E-01 
3.475E+00   1.434E+01  2.577E-01 
3.515E+00   1.442E+01  2.577E-01 
3.556E+00   1.449E+01  2.576E-01 
3.597E+00   1.457E+01  2.576E-01 
3.639E+00   1.465E+01  2.575E-01 
3.681E+00   1.472E+01  2.575E-01 
3.724E+00   1.480E+01  2.574E-01 
3.767E+00   1.488E+01  2.574E-01 
3.810E+00   1.496E+01  2.573E-01 
3.855E+00   1.504E+01  2.573E-01 
3.899E+00   1.512E+01  2.572E-01 
3.945E+00   1.520E+01  2.571E-01 
3.990E+00   1.528E+01  2.570E-01 
4.037E+00   1.536E+01  2.569E-01 
4.083E+00   1.544E+01  2.568E-01 
4.131E+00   1.552E+01  2.567E-01 
4.179E+00   1.560E+01  2.566E-01 
4.227E+00   1.568E+01  2.565E-01 
4.276E+00   1.577E+01  2.564E-01 
4.326E+00   1.585E+01  2.563E-01 
4.376E+00   1.593E+01  2.562E-01 
4.427E+00   1.602E+01  2.561E-01 
4.478E+00   1.610E+01  2.559E-01 
4.530E+00   1.619E+01  2.558E-01 
4.583E+00   1.627E+01  2.557E-01 
4.636E+00   1.636E+01  2.555E-01 
4.690E+00   1.644E+01  2.554E-01 
4.744E+00   1.653E+01  2.552E-01 
4.799E+00   1.662E+01  2.550E-01 
4.855E+00   1.671E+01  2.549E-01 
4.911E+00   1.680E+01  2.547E-01 
4.968E+00   1.688E+01  2.545E-01 
5.026E+00   1.697E+01  2.543E-01 
5.084E+00   1.706E+01  2.542E-01 
5.143E+00   1.715E+01  2.540E-01 
5.202E+00   1.725E+01  2.538E-01 
5.263E+00   1.734E+01  2.536E-01 
5.324E+00   1.743E+01  2.534E-01 
5.386E+00   1.752E+01  2.531E-01 
5.448E+00   1.761E+01  2.529E-01 
5.511E+00   1.771E+01  2.527E-01 
5.575E+00   1.780E+01  2.525E-01 
5.640E+00   1.790E+01  2.522E-01 
5.705E+00   1.799E+01  2.520E-01 
5.771E+00   1.809E+01  2.518E-01 
5.838E+00   1.818E+01  2.515E-01 
5.906E+00   1.828E+01  2.513E-01 
5.975E+00   1.838E+01  2.510E-01 
6.044E+00   1.847E+01  2.507E-01 
6.114E+00   1.857E+01  2.505E-01 
6.185E+00   1.867E+01  2.502E-01 
6.257E+00   1.877E+01  2.499E-01 
6.329E+00   1.887E+01  2.496E-01 
6.403E+00   1.897E+01  2.493E-01 
6.477E+00   1.907E+01  2.491E-01 
6.552E+00   1.917E+01  2.488E-01 
6.628E+00   1.927E+01  2.484E-01 
6.705E+00   1.938E+01  2.481E-01 
6.783E+00   1.948E+01  2.478E-01 
6.861E+00   1.958E+01  2.475E-01 
6.941E+00   1.969E+01  2.472E-01 
7.021E+00   1.979E+01  2.469E-01 
7.103E+00   1.990E+01  2.465E-01 
7.185E+00   2.000E+01  2.462E-01 
7.269E+00   2.011E+01  2.458E-01 
7.353E+00   2.022E+01  2.455E-01 
7.438E+00   2.033E+01  2.451E-01 
7.524E+00   2.043E+01  2.448E-01 
7.612E+00   2.054E+01  2.444E-01 
7.700E+00   2.065E+01  2.440E-01 
7.789E+00   2.076E+01  2.437E-01 
7.880E+00   2.087E+01  2.433E-01 
7.971E+00   2.098E+01  2.429E-01 
8.064E+00   2.110E+01  2.425E-01 
8.157E+00   2.121E+01  2.421E-01 
8.252E+00   2.132E+01  2.417E-01 
8.347E+00   2.144E+01  2.413E-01 
8.444E+00   2.155E+01  2.409E-01 
8.542E+00   2.166E+01  2.405E-01 
8.641E+00   2.178E+01  2.401E-01 
8.741E+00   2.190E+01  2.396E-01 
8.843E+00   2.201E+01  2.392E-01 
8.945E+00   2.213E+01  2.388E-01 
9.049E+00   2.225E+01  2.383E-01 
9.154E+00   2.237E+01  2.379E-01 
9.260E+00   2.249E+01  2.374E-01 
9.368E+00   2.261E+01  2.370E-01 
9.476E+00   2.273E+01  2.365E-01 
9.586E+00   2.285E+01  2.361E-01 
9.698E+00   2.297E+01  2.356E-01 
9.810E+00   2.309E+01  2.351E-01 
9.924E+00   2.321E+01  2.346E-01 
1.004E+01   2.334E+01  2.342E-01 
1.016E+01   2.346E+01  2.337E-01 
1.027E+01   2.359E+01  2.332E-01 
1.039E+01   2.371E+01  2.327E-01 
1.051E+01   2.384E+01  2.322E-01 
1.063E+01   2.397E+01  2.317E-01 
1.076E+01   2.409E+01  2.312E-01 
1.088E+01   2.422E+01  2.307E-01 
1.101E+01   2.435E+01  2.301E-01 
1.114E+01   2.448E+01  2.296E-01 
1.127E+01   2.461E+01  2.291E-01 
1.140E+01   2.474E+01  2.286E-01 
1.153E+01   2.487E+01  2.280E-01 
1.166E+01   2.500E+01  2.275E-01 
1.180E+01   2.514E+01  2.269E-01 
1.193E+01   2.527E+01  2.264E-01 
1.207E+01   2.540E+01  2.258E-01 
1.221E+01   2.554E+01  2.253E-01 
1.235E+01   2.567E+01  2.247E-01 
1.250E+01   2.581E+01  2.241E-01 
1.264E+01   2.595E+01  2.236E-01 
1.279E+01   2.609E+01  2.230E-01 
1.294E+01   2.622E+01  2.224E-01 
1.309E+01   2.636E+01  2.218E-01 
1.324E+01   2.650E+01  2.213E-01 
1.339E+01   2.664E+01  2.207E-01 
1.355E+01   2.678E+01  2.201E-01 
1.371E+01   2.692E+01  2.195E-01 
1.387E+01   2.707E+01  2.189E-01 
1.403E+01   2.721E+01  2.183E-01 
1.419E+01   2.735E+01  2.177E-01 
1.435E+01   2.750E+01  2.170E-01 
1.452E+01   2.764E+01  2.164E-01 
1.469E+01   2.779E+01  2.158E-01 
1.486E+01   2.793E+01  2.152E-01 
1.503E+01   2.808E+01  2.146E-01 
1.521E+01   2.823E+01  2.139E-01 
1.538E+01   2.838E+01  2.133E-01 
1.556E+01   2.853E+01  2.127E-01 
1.574E+01   2.868E+01  2.120E-01 
1.592E+01   2.883E+01  2.114E-01 
1.611E+01   2.898E+01  2.107E-01 
1.629E+01   2.913E+01  2.101E-01 
1.648E+01   2.928E+01  2.094E-01 
1.667E+01   2.944E+01  2.088E-01 
1.687E+01   2.959E+01  2.081E-01 
1.706E+01   2.975E+01  2.074E-01 
1.726E+01   2.990E+01  2.068E-01 
1.746E+01   3.006E+01  2.061E-01 
1.766E+01   3.021E+01  2.054E-01 
1.787E+01   3.037E+01  2.047E-01 
1.808E+01   3.053E+01  2.041E-01 
1.829E+01   3.069E+01  2.034E-01 
1.850E+01   3.085E+01  2.027E-01 
1.871E+01   3.101E+01  2.020E-01 
1.893E+01   3.117E+01  2.013E-01 
1.915E+01   3.133E+01  2.006E-01 
1.937E+01   3.149E+01  1.999E-01 
1.960E+01   3.165E+01  1.992E-01 
1.982E+01   3.182E+01  1.985E-01 
2.005E+01   3.198E+01  1.978E-01 
2.029E+01   3.215E+01  1.971E-01 
2.052E+01   3.231E+01  1.964E-01 
2.076E+01   3.248E+01  1.957E-01 
2.100E+01   3.265E+01  1.950E-01 
2.124E+01   3.281E+01  1.943E-01 
2.149E+01   3.298E+01  1.936E-01 
2.174E+01   3.315E+01  1.928E-01 
2.199E+01   3.332E+01  1.921E-01 
2.225E+01   3.349E+01  1.914E-01 
2.250E+01   3.366E+01  1.907E-01 
2.277E+01   3.383E+01  1.899E-01 
2.303E+01   3.400E+01  1.892E-01 
2.330E+01   3.418E+01  1.885E-01 
2.357E+01   3.435E+01  1.877E-01 
2.384E+01   3.452E+01  1.870E-01 
2.412E+01   3.470E+01  1.863E-01 
2.440E+01   3.487E+01  1.855E-01 
2.468E+01   3.505E+01  1.848E-01 
2.497E+01   3.522E+01  1.840E-01 
2.526E+01   3.540E+01  1.833E-01 
2.555E+01   3.558E+01  1.826E-01 
2.584E+01   3.575E+01  1.818E-01 
2.614E+01   3.593E+01  1.811E-01 
2.645E+01   3.611E+01  1.803E-01 
2.675E+01   3.629E+01  1.796E-01 
2.707E+01   3.647E+01  1.788E-01 
2.738E+01   3.665E+01  1.781E-01 
2.770E+01   3.683E+01  1.773E-01 
2.802E+01   3.701E+01  1.765E-01 
2.834E+01   3.719E+01  1.758E-01 
2.867E+01   3.738E+01  1.750E-01 
2.900E+01   3.756E+01  1.743E-01 
2.934E+01   3.774E+01  1.735E-01 
2.968E+01   3.793E+01  1.727E-01 
3.003E+01   3.811E+01  1.720E-01 
3.037E+01   3.830E+01  1.712E-01 
3.073E+01   3.848E+01  1.705E-01 
3.108E+01   3.867E+01  1.697E-01 
3.144E+01   3.885E+01  1.689E-01 
3.181E+01   3.904E+01  1.682E-01 
3.218E+01   3.922E+01  1.674E-01 
3.255E+01   3.941E+01  1.666E-01 
3.293E+01   3.960E+01  1.659E-01 
3.331E+01   3.978E+01  1.651E-01 
3.370E+01   3.997E+01  1.643E-01 
3.409E+01   4.016E+01  1.636E-01 
3.448E+01   4.035E+01  1.628E-01 
3.488E+01   4.054E+01  1.620E-01 
3.529E+01   4.073E+01  1.613E-01 
3.570E+01   4.091E+01  1.605E-01 
3.611E+01   4.110E+01  1.597E-01 
3.653E+01   4.129E+01  1.590E-01 
3.695E+01   4.148E+01  1.582E-01 
3.738E+01   4.167E+01  1.574E-01 
3.781E+01   4.186E+01  1.567E-01 
3.825E+01   4.205E+01  1.559E-01 
3.870E+01   4.224E+01  1.551E-01 
3.915E+01   4.243E+01  1.544E-01 
3.960E+01   4.262E+01  1.536E-01 
4.006E+01   4.281E+01  1.528E-01 
4.052E+01   4.300E+01  1.521E-01 
4.099E+01   4.319E+01  1.513E-01 
4.147E+01   4.338E+01  1.505E-01 
4.195E+01   4.357E+01  1.498E-01 
4.244E+01   4.376E+01  1.490E-01 
4.293E+01   4.394E+01  1.482E-01 
4.343E+01   4.413E+01  1.475E-01 
4.393E+01   4.432E+01  1.467E-01 
4.444E+01   4.451E+01  1.459E-01 
4.496E+01   4.470E+01  1.452E-01 
4.548E+01   4.489E+01  1.444E-01 
4.600E+01   4.507E+01  1.437E-01 
4.654E+01   4.526E+01  1.429E-01 
4.708E+01   4.545E+01  1.421E-01 
4.762E+01   4.563E+01  1.414E-01 
4.818E+01   4.582E+01  1.406E-01 
4.873E+01   4.601E+01  1.399E-01 
4.930E+01   4.619E+01  1.391E-01 
4.987E+01   4.637E+01  1.384E-01 
5.045E+01   4.656E+01  1.376E-01 
5.104E+01   4.674E+01  1.369E-01 
5.163E+01   4.692E+01  1.361E-01 
5.223E+01   4.711E+01  1.354E-01 
5.283E+01   4.729E+01  1.346E-01 
5.344E+01   4.747E+01  1.339E-01 
5.406E+01   4.765E+01  1.331E-01 
5.469E+01   4.782E+01  1.324E-01 
5.533E+01   4.800E+01  1.316E-01 
5.597E+01   4.818E+01  1.309E-01 
5.662E+01   4.835E+01  1.302E-01 
5.727E+01   4.853E+01  1.294E-01 
5.794E+01   4.870E+01  1.287E-01 
5.861E+01   4.887E+01  1.280E-01 
5.929E+01   4.905E+01  1.272E-01 
5.998E+01   4.922E+01  1.265E-01 
6.067E+01   4.938E+01  1.258E-01 
6.138E+01   4.955E+01  1.250E-01 
6.209E+01   4.972E+01  1.243E-01 
6.281E+01   4.988E+01  1.236E-01 
6.354E+01   5.005E+01  1.229E-01 
6.427E+01   5.021E+01  1.221E-01 
6.502E+01   5.037E+01  1.214E-01 
6.577E+01   5.053E+01  1.207E-01 
6.654E+01   5.068E+01  1.200E-01 
6.731E+01   5.084E+01  1.193E-01 
6.809E+01   5.099E+01  1.186E-01 
6.888E+01   5.115E+01  1.178E-01 
6.968E+01   5.130E+01  1.171E-01 
7.049E+01   5.144E+01  1.164E-01 
7.130E+01   5.159E+01  1.157E-01 
7.213E+01   5.173E+01  1.150E-01 
7.297E+01   5.188E+01  1.143E-01 
7.381E+01   5.202E+01  1.136E-01 
7.467E+01   5.216E+01  1.129E-01 
7.554E+01   5.229E+01  1.122E-01 
7.641E+01   5.243E+01  1.115E-01 
7.730E+01   5.256E+01  1.109E-01 
7.820E+01   5.269E+01  1.102E-01 
7.910E+01   5.281E+01  1.095E-01 
8.002E+01   5.294E+01  1.088E-01 
8.095E+01   5.306E+01  1.081E-01 
8.189E+01   5.318E+01  1.074E-01 
8.284E+01   5.330E+01  1.068E-01 
8.380E+01   5.341E+01  1.061E-01 
8.477E+01   5.352E+01  1.054E-01 
8.575E+01   5.363E+01  1.047E-01 
8.675E+01   5.374E+01  1.041E-01 
8.775E+01   5.384E+01  1.034E-01 
8.877E+01   5.394E+01  1.028E-01 
8.980E+01   5.404E+01  1.021E-01 
9.084E+01   5.414E+01  1.014E-01 
9.190E+01   5.423E+01  1.008E-01 
9.296E+01   5.432E+01  1.001E-01 
9.404E+01   5.440E+01  9.948E-02 
9.513E+01   5.448E+01  9.883E-02 
9.624E+01   5.456E+01  9.819E-02 
9.735E+01   5.464E+01  9.755E-02 
9.848E+01   5.471E+01  9.691E-02 
9.962E+01   5.478E+01  9.627E-02 
1.008E+02   5.485E+01  9.563E-02 
1.019E+02   5.491E+01  9.500E-02 
1.031E+02   5.497E+01  9.437E-02 
1.043E+02   5.503E+01  9.374E-02 
1.055E+02   5.508E+01  9.312E-02 
1.068E+02   5.513E+01  9.250E-02 
1.080E+02   5.517E+01  9.188E-02 
1.093E+02   5.521E+01  9.126E-02 
1.105E+02   5.525E+01  9.065E-02 
1.118E+02   5.529E+01  9.004E-02 
1.131E+02   5.532E+01  8.943E-02 
1.144E+02   5.535E+01  8.882E-02 
1.157E+02   5.537E+01  8.822E-02 
1.171E+02   5.539E+01  8.762E-02 
1.184E+02   5.541E+01  8.702E-02 
1.198E+02   5.542E+01  8.642E-02 
1.212E+02   5.543E+01  8.583E-02 
1.226E+02   5.543E+01  8.524E-02 
1.240E+02   5.543E+01  8.465E-02 
1.255E+02   5.543E+01  8.407E-02 
1.269E+02   5.542E+01  8.349E-02 
1.284E+02   5.541E+01  8.291E-02 
1.299E+02   5.540E+01  8.233E-02 
1.314E+02   5.538E+01  8.176E-02 
1.329E+02   5.536E+01  8.119E-02 
1.345E+02   5.533E+01  8.062E-02 
1.360E+02   5.530E+01  8.005E-02 
1.376E+02   5.527E+01  7.949E-02 
1.392E+02   5.523E+01  7.893E-02 
1.408E+02   5.519E+01  7.837E-02 
1.424E+02   5.514E+01  7.782E-02 
1.441E+02   5.509E+01  7.727E-02 
1.458E+02   5.504E+01  7.672E-02 
1.475E+02   5.499E+01  7.617E-02 
1.492E+02   5.493E+01  7.563E-02 
1.509E+02   5.486E+01  7.509E-02 
1.526E+02   5.479E+01  7.455E-02 
1.544E+02   5.472E+01  7.402E-02 
1.562E+02   5.465E+01  7.348E-02 
1.580E+02   5.457E+01  7.295E-02 
1.598E+02   5.448E+01  7.243E-02 
1.617E+02   5.440E+01  7.190E-02 
1.636E+02   5.431E+01  7.138E-02 
1.655E+02   5.421E+01  7.086E-02 
1.674E+02   5.412E+01  7.035E-02 
1.693E+02   5.402E+01  6.983E-02 
1.713E+02   5.391E+01  6.932E-02 
1.733E+02   5.381E+01  6.882E-02 
1.753E+02   5.369E+01  6.831E-02 
1.773E+02   5.358E+01  6.781E-02 
1.794E+02   5.346E+01  6.731E-02 
1.815E+02   5.334E+01  6.681E-02 
1.836E+02   5.322E+01  6.632E-02 
1.857E+02   5.309E+01  6.583E-02 
1.879E+02   5.296E+01  6.534E-02 
1.900E+02   5.283E+01  6.486E-02 
1.922E+02   5.269E+01  6.437E-02 
1.945E+02   5.255E+01  6.389E-02 
1.967E+02   5.241E+01  6.342E-02 
1.990E+02   5.226E+01  6.294E-02 
2.013E+02   5.211E+01  6.247E-02 
2.036E+02   5.196E+01  6.200E-02 
2.060E+02   5.181E+01  6.154E-02 
2.084E+02   5.165E+01  6.107E-02 
2.108E+02   5.149E+01  6.061E-02 
2.133E+02   5.133E+01  6.015E-02 
2.157E+02   5.117E+01  5.970E-02 
2.182E+02   5.100E+01  5.925E-02 
2.208E+02   5.083E+01  5.880E-02 
2.233E+02   5.066E+01  5.835E-02 
2.259E+02   5.048E+01  5.790E-02 
2.285E+02   5.031E+01  5.746E-02 
2.312E+02   5.013E+01  5.702E-02 
2.339E+02   4.995E+01  5.659E-02 
2.366E+02   4.977E+01  5.615E-02 
2.393E+02   4.958E+01  5.572E-02 
2.421E+02   4.939E+01  5.529E-02 
2.449E+02   4.920E+01  5.487E-02 
2.478E+02   4.901E+01  5.444E-02 
2.506E+02   4.882E+01  5.402E-02 
2.535E+02   4.862E+01  5.360E-02 
2.565E+02   4.843E+01  5.319E-02 
2.595E+02   4.823E+01  5.277E-02 
2.625E+02   4.803E+01  5.236E-02 
2.655E+02   4.783E+01  5.196E-02 
2.686E+02   4.762E+01  5.155E-02 
2.717E+02   4.742E+01  5.115E-02 
2.749E+02   4.721E+01  5.075E-02 
2.780E+02   4.701E+01  5.035E-02 
2.813E+02   4.680E+01  4.996E-02 
2.845E+02   4.659E+01  4.956E-02 
2.878E+02   4.637E+01  4.917E-02 
2.912E+02   4.616E+01  4.879E-02 
2.945E+02   4.595E+01  4.840E-02 
2.980E+02   4.573E+01  4.802E-02 
3.014E+02   4.551E+01  4.764E-02 
3.049E+02   4.530E+01  4.726E-02 
3.085E+02   4.508E+01  4.689E-02 
3.120E+02   4.486E+01  4.651E-02 
3.156E+02   4.464E+01  4.614E-02 
3.193E+02   4.442E+01  4.881E-02 
3.230E+02   4.420E+01  4.841E-02 
3.268E+02   4.397E+01  4.802E-02 
3.306E+02   4.375E+01  4.763E-02 
3.344E+02   4.352E+01  4.724E-02 
3.383E+02   4.330E+01  4.686E-02 
3.422E+02   4.307E+01  4.647E-02 
3.462E+02   4.285E+01  4.609E-02 
3.502E+02   4.262E+01  4.571E-02 
3.542E+02   4.239E+01  4.534E-02 
3.583E+02   4.216E+01  4.497E-02 
3.625E+02   4.193E+01  4.460E-02 
3.667E+02   4.171E+01  4.423E-02 
3.710E+02   4.148E+01  4.386E-02 
3.753E+02   4.125E+01  4.350E-02 
3.796E+02   4.102E+01  4.314E-02 
3.840E+02   4.079E+01  4.278E-02 
3.885E+02   4.055E+01  4.243E-02 
3.930E+02   4.032E+01  4.208E-02 
3.975E+02   4.009E+01  4.173E-02 
4.021E+02   3.986E+01  4.138E-02 
4.068E+02   3.963E+01  4.104E-02 
4.115E+02   3.940E+01  4.069E-02 
4.163E+02   3.916E+01  4.035E-02 
4.211E+02   3.893E+01  4.002E-02 
4.260E+02   3.870E+01  3.968E-02 
4.310E+02   3.847E+01  3.935E-02 
4.360E+02   3.824E+01  3.902E-02 
4.410E+02   3.800E+01  3.869E-02 
4.461E+02   3.777E+01  3.837E-02 
4.513E+02   3.754E+01  3.804E-02 
4.565E+02   3.731E+01  3.772E-02 
4.618E+02   3.708E+01  3.740E-02 
4.672E+02   3.685E+01  3.709E-02 
4.726E+02   3.661E+01  3.678E-02 
4.781E+02   3.638E+01  3.646E-02 
4.836E+02   3.615E+01  3.615E-02 
4.892E+02   3.592E+01  3.585E-02 
4.949E+02   3.569E+01  3.554E-02 
5.007E+02   3.546E+01  3.524E-02 
5.065E+02   3.523E+01  3.494E-02 
5.123E+02   3.500E+01  3.464E-02 
5.183E+02   3.477E+01  3.435E-02 
5.243E+02   3.454E+01  3.406E-02 
5.304E+02   3.431E+01  3.376E-02 
5.365E+02   3.409E+01  3.348E-02 
5.428E+02   3.386E+01  3.319E-02 
5.490E+02   3.363E+01  3.290E-02 
5.554E+02   3.340E+01  3.262E-02 
5.619E+02   3.318E+01  3.234E-02 
5.684E+02   3.295E+01  3.206E-02 
5.750E+02   3.273E+01  3.179E-02 
5.816E+02   3.250E+01  3.151E-02 
5.884E+02   3.228E+01  3.124E-02 
5.952E+02   3.205E+01  3.097E-02 
6.021E+02   3.183E+01  3.071E-02 
6.091E+02   3.161E+01  3.044E-02 
6.162E+02   3.139E+01  3.018E-02 
6.233E+02   3.116E+01  2.992E-02 
6.305E+02   3.094E+01  2.966E-02 
6.378E+02   3.072E+01  2.940E-02 
6.452E+02   3.050E+01  2.914E-02 
6.527E+02   3.028E+01  2.889E-02 
6.603E+02   3.007E+01  2.864E-02 
6.680E+02   2.985E+01  2.839E-02 
6.757E+02   2.963E+01  2.814E-02 
6.835E+02   2.942E+01  2.790E-02 
6.915E+02   2.920E+01  2.765E-02 
6.995E+02   2.899E+01  2.741E-02 
7.076E+02   2.877E+01  2.717E-02 
7.158E+02   2.856E+01  2.693E-02 
7.241E+02   2.835E+01  2.670E-02 
7.325E+02   2.814E+01  2.646E-02 
7.410E+02   2.793E+01  2.623E-02 
7.496E+02   2.772E+01  2.600E-02 
7.583E+02   2.751E+01  2.577E-02 
7.671E+02   2.730E+01  2.555E-02 
7.760E+02   2.709E+01  2.532E-02 
7.850E+02   2.688E+01  2.510E-02 
7.941E+02   2.668E+01  2.488E-02 
8.033E+02   2.647E+01  2.466E-02 
8.126E+02   2.627E+01  2.444E-02 
8.221E+02   2.607E+01  2.422E-02 
8.316E+02   2.587E+01  2.401E-02 
8.412E+02   2.566E+01  2.380E-02 
8.510E+02   2.546E+01  2.359E-02 
8.609E+02   2.527E+01  2.338E-02 
8.709E+02   2.507E+01  2.317E-02 
8.810E+02   2.487E+01  2.296E-02 
8.912E+02   2.467E+01  2.276E-02 
9.015E+02   2.448E+01  2.256E-02 
9.120E+02   2.428E+01  2.236E-02 
9.225E+02   2.409E+01  2.216E-02 
9.332E+02   2.390E+01  2.196E-02 
9.441E+02   2.370E+01  2.176E-02 
9.550E+02   2.351E+01  2.157E-02 
9.661E+02   2.332E+01  2.138E-02 
9.773E+02   2.314E+01  2.119E-02 
9.886E+02   2.295E+01  2.100E-02 
1.000E+03   2.276E+01  2.081E-02 
1.012E+03   2.261E+01  2.062E-02 
1.023E+03   2.252E+01  2.044E-02 
1.035E+03   2.243E+01  2.025E-02 
1.047E+03   2.234E+01  2.007E-02 
1.059E+03   2.225E+01  1.989E-02 
1.072E+03   2.216E+01  1.971E-02 
1.084E+03   2.206E+01  1.954E-02 
1.097E+03   2.197E+01  1.936E-02 
1.109E+03   2.187E+01  1.919E-02 
1.122E+03   2.178E+01  1.901E-02 
1.135E+03   2.168E+01  1.884E-02 
1.149E+03   2.158E+01  1.867E-02 
1.162E+03   2.148E+01  1.850E-02 
1.175E+03   2.138E+01  1.834E-02 
1.189E+03   2.128E+01  1.817E-02 
1.203E+03   2.117E+01  1.800E-02 
1.217E+03   2.107E+01  1.784E-02 
1.231E+03   2.097E+01  1.768E-02 
1.245E+03   2.087E+01  1.752E-02 
1.260E+03   2.077E+01  1.736E-02 
1.274E+03   2.067E+01  1.720E-02 
1.289E+03   2.056E+01  1.705E-02 
1.304E+03   2.046E+01  1.689E-02 
1.319E+03   2.036E+01  1.674E-02 
1.334E+03   2.026E+01  1.659E-02 
1.350E+03   2.016E+01  1.643E-02 
1.365E+03   2.005E+01  1.628E-02 
1.381E+03   1.995E+01  1.614E-02 
1.397E+03   1.985E+01  1.599E-02 
1.414E+03   1.974E+01  1.584E-02 
1.430E+03   1.964E+01  1.570E-02 
1.446E+03   1.954E+01  1.555E-02 
1.463E+03   1.943E+01  1.541E-02 
1.480E+03   1.933E+01  1.527E-02 
1.497E+03   1.923E+01  1.513E-02 
1.515E+03   1.912E+01  1.499E-02 
1.532E+03   1.902E+01  1.486E-02 
1.550E+03   1.892E+01  1.472E-02 
1.568E+03   1.882E+01  1.458E-02 
1.586E+03   1.871E+01  1.445E-02 
1.605E+03   1.861E+01  1.432E-02 
1.623E+03   1.851E+01  1.419E-02 
1.642E+03   1.841E+01  1.406E-02 
1.661E+03   1.830E+01  1.393E-02 
1.680E+03   1.820E+01  1.380E-02 
1.700E+03   1.810E+01  1.367E-02 
1.720E+03   1.800E+01  1.354E-02 
1.740E+03   1.790E+01  1.342E-02 
1.760E+03   1.780E+01  1.330E-02 
1.780E+03   1.770E+01  1.317E-02 
1.801E+03   1.760E+01  1.305E-02 
1.822E+03   1.750E+01  1.293E-02 
1.843E+03   1.740E+01  1.281E-02 
1.864E+03   1.730E+01  1.269E-02 
1.886E+03   1.720E+01  1.257E-02 
1.908E+03   1.710E+01  1.246E-02 
1.930E+03   1.700E+01  1.234E-02 
1.952E+03   1.690E+01  1.223E-02 
1.975E+03   1.680E+01  1.211E-02 
1.998E+03   1.670E+01  1.200E-02 
2.021E+03   1.661E+01  1.189E-02 
2.044E+03   1.651E+01  1.178E-02 
2.068E+03   1.641E+01  1.167E-02 
2.092E+03   1.632E+01  1.156E-02 
2.116E+03   1.622E+01  1.145E-02 
2.141E+03   1.612E+01  1.135E-02 
2.166E+03   1.603E+01  1.124E-02 
2.191E+03   1.593E+01  1.114E-02 
2.216E+03   1.584E+01  1.103E-02 
2.242E+03   1.574E+01  1.093E-02 
2.268E+03   1.565E+01  1.083E-02 
2.294E+03   1.556E+01  1.073E-02 
2.321E+03   1.546E+01  1.063E-02 
2.348E+03   1.537E+01  1.053E-02 
2.375E+03   1.528E+01  1.043E-02 
2.403E+03   1.518E+01  1.033E-02 
2.431E+03   1.509E+01  1.023E-02 
2.459E+03   1.500E+01  1.014E-02 
2.487E+03   1.491E+01  1.004E-02 
2.516E+03   1.482E+01  9.950E-03 
2.545E+03   1.473E+01  9.856E-03 
2.575E+03   1.464E+01  9.764E-03 
2.605E+03   1.455E+01  9.672E-03 
2.635E+03   1.446E+01  9.581E-03 
2.665E+03   1.437E+01  9.491E-03 
2.696E+03   1.428E+01  9.402E-03 
2.728E+03   1.419E+01  9.313E-03 
2.759E+03   1.410E+01  9.226E-03 
2.791E+03   1.402E+01  9.139E-03 
2.824E+03   1.393E+01  9.053E-03 
2.856E+03   1.384E+01  8.967E-03 
2.889E+03   1.375E+01  8.883E-03 
2.923E+03   1.367E+01  8.799E-03 
2.957E+03   1.358E+01  8.716E-03 
2.991E+03   1.350E+01  8.634E-03 
3.026E+03   1.341E+01  8.552E-03 
3.061E+03   1.333E+01  8.471E-03 
3.097E+03   1.324E+01  8.391E-03 
3.132E+03   1.316E+01  8.312E-03 
3.169E+03   1.308E+01  8.233E-03 
3.206E+03   1.299E+01  8.155E-03 
3.243E+03   1.291E+01  8.078E-03 
3.280E+03   1.283E+01  8.002E-03 
3.318E+03   1.275E+01  7.926E-03 
3.357E+03   1.266E+01  7.851E-03 
3.396E+03   1.258E+01  7.776E-03 
3.435E+03   1.250E+01  7.702E-03 
3.475E+03   1.242E+01  7.629E-03 
3.515E+03   1.234E+01  7.557E-03 
3.556E+03   1.226E+01  7.485E-03 
3.597E+03   1.218E+01  7.414E-03 
3.639E+03   1.210E+01  7.343E-03 
3.681E+03   1.202E+01  7.273E-03 
3.724E+03   1.195E+01  7.204E-03 
3.767E+03   1.187E+01  7.136E-03 
3.811E+03   1.179E+01  7.068E-03 
3.855E+03   1.171E+01  7.000E-03 
3.900E+03   1.164E+01  6.934E-03 
3.945E+03   1.156E+01  6.867E-03 
3.991E+03   1.148E+01  6.802E-03 
4.037E+03   1.141E+01  6.737E-03 
4.084E+03   1.133E+01  6.673E-03 
4.131E+03   1.126E+01  6.609E-03 
4.179E+03   1.118E+01  6.546E-03 
4.228E+03   1.111E+01  6.483E-03 
4.277E+03   1.104E+01  6.421E-03 
4.326E+03   1.096E+01  6.360E-03 
4.376E+03   1.089E+01  6.299E-03 
4.427E+03   1.082E+01  6.239E-03 
4.479E+03   1.074E+01  6.179E-03 
4.531E+03   1.067E+01  6.120E-03 
4.583E+03   1.060E+01  6.061E-03 
4.636E+03   1.053E+01  6.003E-03 
4.690E+03   1.046E+01  5.945E-03 
4.744E+03   1.039E+01  5.888E-03 
4.799E+03   1.032E+01  5.832E-03 
4.855E+03   1.025E+01  5.776E-03 
4.911E+03   1.018E+01  5.720E-03 
4.968E+03   1.011E+01  5.665E-03 
5.026E+03   1.004E+01  5.611E-03 
5.084E+03   9.972E+00  5.557E-03 
5.143E+03   9.904E+00  5.503E-03 
5.203E+03   9.837E+00  5.451E-03 
5.263E+03   9.769E+00  5.398E-03 
5.324E+03   9.702E+00  5.346E-03 
5.386E+03   9.636E+00  5.295E-03 
5.449E+03   9.569E+00  5.244E-03 
5.512E+03   9.503E+00  5.193E-03 
5.576E+03   9.438E+00  5.143E-03 
5.640E+03   9.372E+00  5.093E-03 
5.706E+03   9.308E+00  5.044E-03 
5.772E+03   9.243E+00  4.995E-03 
5.839E+03   9.179E+00  4.947E-03 
5.907E+03   9.115E+00  4.899E-03 
5.975E+03   9.051E+00  4.852E-03 
6.045E+03   8.988E+00  4.805E-03 
6.115E+03   8.925E+00  4.759E-03 
6.186E+03   8.863E+00  4.713E-03 
6.257E+03   8.801E+00  4.667E-03 
6.330E+03   8.739E+00  4.622E-03 
6.403E+03   8.677E+00  4.577E-03 
6.478E+03   8.616E+00  4.533E-03 
6.553E+03   8.555E+00  4.489E-03 
6.629E+03   8.495E+00  4.445E-03 
6.706E+03   8.435E+00  4.402E-03 
6.783E+03   8.375E+00  4.360E-03 
6.862E+03   8.316E+00  4.317E-03 
6.942E+03   8.256E+00  4.275E-03 
7.022E+03   8.198E+00  4.234E-03 
7.104E+03   8.139E+00  4.193E-03 
7.186E+03   8.081E+00  4.152E-03 
7.269E+03   8.023E+00  4.112E-03 
7.354E+03   7.966E+00  4.072E-03 
7.439E+03   7.909E+00  4.032E-03 
7.525E+03   7.852E+00  3.993E-03 
7.613E+03   7.795E+00  3.954E-03 
7.701E+03   7.739E+00  3.916E-03 
7.790E+03   7.683E+00  3.877E-03 
7.881E+03   7.628E+00  3.840E-03 
7.972E+03   7.572E+00  3.802E-03 
8.064E+03   7.518E+00  3.765E-03 
8.158E+03   7.463E+00  3.729E-03 
8.253E+03   7.409E+00  3.692E-03 
8.348E+03   7.355E+00  3.656E-03 
8.445E+03   7.301E+00  3.621E-03 
8.543E+03   7.248E+00  3.585E-03 
8.642E+03   7.195E+00  3.550E-03 
8.742E+03   7.142E+00  3.516E-03 
8.844E+03   7.090E+00  3.481E-03 
8.946E+03   7.038E+00  3.447E-03 
9.050E+03   6.986E+00  3.413E-03 
9.155E+03   6.935E+00  3.380E-03 
9.261E+03   6.884E+00  3.347E-03 
9.369E+03   6.833E+00  3.314E-03 
9.477E+03   6.783E+00  3.282E-03 
9.587E+03   6.732E+00  3.250E-03 
9.699E+03   6.682E+00  3.218E-03 
9.811E+03   6.633E+00  3.186E-03 
9.925E+03   6.584E+00  3.155E-03 
1.004E+04   6.535E+00  3.124E-03 
1.016E+04   6.486E+00  3.094E-03 
1.027E+04   6.438E+00  3.063E-03 
1.039E+04   6.390E+00  3.033E-03 
1.051E+04   6.342E+00  3.003E-03 
1.064E+04   6.294E+00  2.974E-03 
1.076E+04   6.247E+00  2.945E-03 
1.088E+04   6.200E+00  2.916E-03 
1.101E+04   6.154E+00  2.887E-03 
1.114E+04   6.108E+00  2.859E-03 
1.127E+04   6.062E+00  2.831E-03 
1.140E+04   6.016E+00  2.803E-03 
1.153E+04   5.971E+00  2.775E-03 
1.166E+04   5.925E+00  2.748E-03 
1.180E+04   5.881E+00  2.721E-03 
1.194E+04   5.836E+00  2.694E-03 
1.207E+04   5.792E+00  2.668E-03 
1.221E+04   5.748E+00  2.642E-03 
1.236E+04   5.704E+00  2.616E-03 
1.250E+04   5.661E+00  2.590E-03 
1.264E+04   5.618E+00  2.564E-03 
1.279E+04   5.575E+00  2.539E-03 
1.294E+04   5.532E+00  2.514E-03 
1.309E+04   5.490E+00  2.489E-03 
1.324E+04   5.448E+00  2.465E-03 
1.340E+04   5.406E+00  2.440E-03 
1.355E+04   5.365E+00  2.416E-03 
1.371E+04   5.324E+00  2.392E-03 
1.387E+04   5.283E+00  2.369E-03 
1.403E+04   5.242E+00  2.345E-03 
1.419E+04   5.202E+00  2.322E-03 
1.435E+04   5.162E+00  2.299E-03 
1.452E+04   5.122E+00  2.276E-03 
1.469E+04   5.082E+00  2.254E-03 
1.486E+04   5.043E+00  2.232E-03 
1.503E+04   5.004E+00  2.210E-03 
1.521E+04   4.965E+00  2.188E-03 
1.538E+04   4.927E+00  2.166E-03 
1.556E+04   4.889E+00  2.145E-03 
1.574E+04   4.851E+00  2.123E-03 
1.592E+04   4.813E+00  2.102E-03 
1.611E+04   4.775E+00  2.082E-03 
1.630E+04   4.738E+00  2.061E-03 
1.649E+04   4.701E+00  2.040E-03 
1.668E+04   4.665E+00  2.020E-03 
1.687E+04   4.628E+00  2.000E-03 
1.707E+04   4.592E+00  1.980E-03 
1.726E+04   4.556E+00  1.961E-03 
1.746E+04   4.520E+00  1.941E-03 
1.767E+04   4.485E+00  1.922E-03 
1.787E+04   4.450E+00  1.903E-03 
1.808E+04   4.415E+00  1.884E-03 
1.829E+04   4.380E+00  1.865E-03 
1.850E+04   4.346E+00  1.847E-03 
1.871E+04   4.311E+00  1.828E-03 
1.893E+04   4.277E+00  1.810E-03 
1.915E+04   4.244E+00  1.792E-03 
1.937E+04   4.210E+00  1.774E-03 
1.960E+04   4.177E+00  1.757E-03 
1.983E+04   4.144E+00  1.739E-03 
2.006E+04   4.111E+00  1.722E-03 
2.029E+04   4.079E+00  1.705E-03 
2.052E+04   4.046E+00  1.688E-03 
2.076E+04   4.014E+00  1.671E-03 
2.100E+04   3.982E+00  1.654E-03 
2.125E+04   3.951E+00  1.638E-03 
2.149E+04   3.919E+00  1.622E-03 
2.174E+04   3.888E+00  1.605E-03 
2.199E+04   3.857E+00  1.589E-03 
2.225E+04   3.826E+00  1.574E-03 
2.251E+04   3.796E+00  1.558E-03 
2.277E+04   3.766E+00  1.542E-03 
2.303E+04   3.736E+00  1.527E-03 
2.330E+04   3.706E+00  1.512E-03 
2.357E+04   3.676E+00  1.497E-03 
2.384E+04   3.647E+00  1.482E-03 
2.412E+04   3.618E+00  1.467E-03 
2.440E+04   3.589E+00  1.452E-03 
2.468E+04   3.560E+00  1.438E-03 
2.497E+04   3.531E+00  1.423E-03 
2.526E+04   3.503E+00  1.409E-03 
2.555E+04   3.475E+00  1.395E-03 
2.585E+04   3.447E+00  1.381E-03 
2.615E+04   3.419E+00  1.367E-03 
2.645E+04   3.392E+00  1.353E-03 
2.676E+04   3.365E+00  1.340E-03 
2.707E+04   3.338E+00  1.327E-03 
2.738E+04   3.311E+00  1.313E-03 
2.770E+04   3.284E+00  1.300E-03 
2.802E+04   3.258E+00  1.287E-03 
2.835E+04   3.231E+00  1.274E-03 
2.867E+04   3.205E+00  1.261E-03 
2.901E+04   3.179E+00  1.249E-03 
2.934E+04   3.154E+00  1.236E-03 
2.968E+04   3.128E+00  1.224E-03 
3.003E+04   3.103E+00  1.212E-03 
3.038E+04   3.078E+00  1.199E-03 
3.073E+04   3.053E+00  1.187E-03 
3.109E+04   3.028E+00  1.175E-03 
3.145E+04   3.004E+00  1.164E-03 
3.181E+04   2.979E+00  1.152E-03 
3.218E+04   2.955E+00  1.140E-03 
3.255E+04   2.931E+00  1.129E-03 
3.293E+04   2.908E+00  1.118E-03 
3.331E+04   2.884E+00  1.106E-03 
3.370E+04   2.861E+00  1.095E-03 
3.409E+04   2.837E+00  1.084E-03 
3.449E+04   2.814E+00  1.073E-03 
3.489E+04   2.792E+00  1.063E-03 
3.529E+04   2.769E+00  1.052E-03 
3.570E+04   2.746E+00  1.041E-03 
3.611E+04   2.724E+00  1.031E-03 
3.653E+04   2.702E+00  1.020E-03 
3.696E+04   2.680E+00  1.010E-03 
3.738E+04   2.658E+00  1.000E-03 
3.782E+04   2.637E+00  9.899E-04 
3.826E+04   2.615E+00  9.800E-04 
3.870E+04   2.594E+00  9.701E-04 
3.915E+04   2.573E+00  9.603E-04 
3.960E+04   2.552E+00  9.506E-04 
4.006E+04   2.531E+00  9.411E-04 
4.053E+04   2.511E+00  9.316E-04 
4.100E+04   2.490E+00  9.222E-04 
4.147E+04   2.470E+00  9.129E-04 
4.195E+04   2.450E+00  9.037E-04 
4.244E+04   2.430E+00  8.945E-04 
4.293E+04   2.410E+00  8.855E-04 
4.343E+04   2.390E+00  8.766E-04 
4.394E+04   2.371E+00  8.677E-04 
4.444E+04   2.352E+00  8.590E-04 
4.496E+04   2.333E+00  8.503E-04 
4.548E+04   2.314E+00  8.417E-04 
4.601E+04   2.295E+00  8.332E-04 
4.654E+04   2.276E+00  8.248E-04 
4.708E+04   2.257E+00  8.164E-04 
4.763E+04   2.239E+00  8.082E-04 
4.818E+04   2.221E+00  8.000E-04 
4.874E+04   2.203E+00  7.919E-04 
4.931E+04   2.185E+00  7.839E-04 
4.988E+04   2.167E+00  7.760E-04 
5.046E+04   2.149E+00  7.681E-04 
5.104E+04   2.132E+00  7.604E-04 
5.163E+04   2.115E+00  7.527E-04 
5.223E+04   2.097E+00  7.450E-04 
5.284E+04   2.080E+00  7.375E-04 
5.345E+04   2.063E+00  7.300E-04 
5.407E+04   2.047E+00  7.226E-04 
5.470E+04   2.030E+00  7.153E-04 
5.533E+04   2.014E+00  7.081E-04 
5.597E+04   1.997E+00  7.009E-04 
5.662E+04   1.981E+00  6.938E-04 
5.728E+04   1.965E+00  6.868E-04 
5.794E+04   1.949E+00  6.798E-04 
5.862E+04   1.933E+00  6.729E-04 
5.930E+04   1.918E+00  6.661E-04 
5.998E+04   1.902E+00  6.593E-04 
6.068E+04   1.887E+00  6.526E-04 
6.138E+04   1.871E+00  6.460E-04 
6.210E+04   1.856E+00  6.394E-04 
6.282E+04   1.841E+00  6.330E-04 
6.354E+04   1.826E+00  6.265E-04 
6.428E+04   1.812E+00  6.202E-04 
6.503E+04   1.797E+00  6.139E-04 
6.578E+04   1.782E+00  6.076E-04 
6.654E+04   1.768E+00  6.015E-04 
6.732E+04   1.754E+00  5.953E-04 
6.810E+04   1.740E+00  5.893E-04 
6.889E+04   1.726E+00  5.833E-04 
6.969E+04   1.712E+00  5.774E-04 
7.049E+04   1.698E+00  5.715E-04 
7.131E+04   1.684E+00  5.657E-04 
7.214E+04   1.671E+00  5.599E-04 
7.298E+04   1.657E+00  5.542E-04 
7.382E+04   1.644E+00  5.486E-04 
7.468E+04   1.631E+00  5.430E-04 
7.555E+04   1.618E+00  5.375E-04 
7.642E+04   1.605E+00  5.320E-04 
7.731E+04   1.592E+00  5.266E-04 
7.820E+04   1.579E+00  5.212E-04 
7.911E+04   1.567E+00  5.159E-04 
8.003E+04   1.554E+00  5.107E-04 
8.096E+04   1.542E+00  5.055E-04 
8.190E+04   1.529E+00  5.003E-04 
8.285E+04   1.517E+00  4.952E-04 
8.381E+04   1.505E+00  4.902E-04 
8.478E+04   1.493E+00  4.852E-04 
8.576E+04   1.481E+00  4.802E-04 
8.676E+04   1.470E+00  4.753E-04 
8.776E+04   1.458E+00  4.705E-04 
8.878E+04   1.446E+00  4.657E-04 
8.981E+04   1.435E+00  4.609E-04 
9.085E+04   1.424E+00  4.562E-04 
9.191E+04   1.412E+00  4.516E-04 
9.297E+04   1.401E+00  4.470E-04 
9.405E+04   1.390E+00  4.424E-04 
9.514E+04   1.379E+00  4.379E-04 
9.625E+04   1.368E+00  4.334E-04 
9.736E+04   1.358E+00  4.290E-04 
9.849E+04   1.347E+00  4.246E-04 
9.963E+04   1.337E+00  4.202E-04 
1.008E+05   1.326E+00  4.160E-04 
