Ion = Helium      . Mass = 4.0026
Tgt =  N (Solid). Density = 1.026 g/cm3
Stopping Units =  eV/(1E15 atoms/cm2)
Energy(keV)  S(Elec)    S(Nuc)
1.000E+00   2.236E+00  3.734E+00 
1.013E+00   2.251E+00  3.727E+00 
1.026E+00   2.266E+00  3.720E+00 
1.039E+00   2.280E+00  3.713E+00 
1.053E+00   2.295E+00  3.706E+00 
1.067E+00   2.310E+00  3.698E+00 
1.081E+00   2.325E+00  3.690E+00 
1.095E+00   2.340E+00  3.683E+00 
1.109E+00   2.355E+00  3.675E+00 
1.123E+00   2.370E+00  3.667E+00 
1.138E+00   2.386E+00  3.659E+00 
1.153E+00   2.401E+00  3.651E+00 
1.168E+00   2.417E+00  3.643E+00 
1.183E+00   2.432E+00  3.634E+00 
1.198E+00   2.448E+00  3.626E+00 
1.214E+00   2.464E+00  3.617E+00 
1.229E+00   2.480E+00  3.608E+00 
1.245E+00   2.496E+00  3.600E+00 
1.262E+00   2.512E+00  3.591E+00 
1.278E+00   2.528E+00  3.582E+00 
1.295E+00   2.545E+00  3.573E+00 
1.311E+00   2.561E+00  3.563E+00 
1.329E+00   2.578E+00  3.554E+00 
1.346E+00   2.595E+00  3.545E+00 
1.363E+00   2.611E+00  3.535E+00 
1.381E+00   2.628E+00  3.525E+00 
1.399E+00   2.645E+00  3.516E+00 
1.417E+00   2.662E+00  3.506E+00 
1.436E+00   2.680E+00  3.496E+00 
1.454E+00   2.697E+00  3.486E+00 
1.473E+00   2.714E+00  3.476E+00 
1.492E+00   2.732E+00  3.465E+00 
1.512E+00   2.750E+00  3.455E+00 
1.531E+00   2.768E+00  3.445E+00 
1.551E+00   2.786E+00  3.434E+00 
1.571E+00   2.804E+00  3.424E+00 
1.592E+00   2.822E+00  3.413E+00 
1.612E+00   2.840E+00  3.402E+00 
1.633E+00   2.858E+00  3.391E+00 
1.655E+00   2.877E+00  3.380E+00 
1.676E+00   2.896E+00  3.369E+00 
1.698E+00   2.914E+00  3.358E+00 
1.720E+00   2.933E+00  3.347E+00 
1.742E+00   2.952E+00  3.336E+00 
1.765E+00   2.971E+00  3.324E+00 
1.788E+00   2.991E+00  3.313E+00 
1.811E+00   3.010E+00  3.301E+00 
1.835E+00   3.029E+00  3.290E+00 
1.859E+00   3.049E+00  3.278E+00 
1.883E+00   3.069E+00  3.266E+00 
1.907E+00   3.089E+00  3.255E+00 
1.932E+00   3.109E+00  3.243E+00 
1.957E+00   3.129E+00  3.231E+00 
1.983E+00   3.149E+00  3.219E+00 
2.008E+00   3.169E+00  3.207E+00 
2.034E+00   3.190E+00  3.195E+00 
2.061E+00   3.211E+00  3.182E+00 
2.088E+00   3.231E+00  3.170E+00 
2.115E+00   3.252E+00  3.158E+00 
2.142E+00   3.273E+00  3.145E+00 
2.170E+00   3.295E+00  3.133E+00 
2.198E+00   3.316E+00  3.120E+00 
2.227E+00   3.338E+00  3.108E+00 
2.256E+00   3.359E+00  3.095E+00 
2.285E+00   3.381E+00  3.082E+00 
2.315E+00   3.403E+00  3.070E+00 
2.345E+00   3.425E+00  3.057E+00 
2.375E+00   3.447E+00  3.044E+00 
2.406E+00   3.469E+00  3.031E+00 
2.438E+00   3.492E+00  3.018E+00 
2.469E+00   3.514E+00  3.005E+00 
2.501E+00   3.537E+00  2.992E+00 
2.534E+00   3.560E+00  2.979E+00 
2.567E+00   3.583E+00  2.966E+00 
2.600E+00   3.606E+00  2.953E+00 
2.634E+00   3.630E+00  2.940E+00 
2.668E+00   3.653E+00  2.927E+00 
2.703E+00   3.677E+00  2.913E+00 
2.738E+00   3.701E+00  2.900E+00 
2.773E+00   3.725E+00  2.887E+00 
2.810E+00   3.749E+00  2.873E+00 
2.846E+00   3.773E+00  2.860E+00 
2.883E+00   3.798E+00  2.846E+00 
2.921E+00   3.822E+00  2.833E+00 
2.958E+00   3.847E+00  2.819E+00 
2.997E+00   3.872E+00  2.806E+00 
3.036E+00   3.897E+00  2.792E+00 
3.075E+00   3.922E+00  2.779E+00 
3.115E+00   3.948E+00  2.765E+00 
3.156E+00   3.973E+00  2.752E+00 
3.197E+00   3.999E+00  2.738E+00 
3.238E+00   4.025E+00  2.724E+00 
3.280E+00   4.051E+00  2.711E+00 
3.323E+00   4.077E+00  2.697E+00 
3.366E+00   4.104E+00  2.683E+00 
3.410E+00   4.130E+00  2.669E+00 
3.454E+00   4.157E+00  2.656E+00 
3.499E+00   4.184E+00  2.642E+00 
3.545E+00   4.211E+00  2.628E+00 
3.591E+00   4.238E+00  2.614E+00 
3.637E+00   4.266E+00  2.601E+00 
3.685E+00   4.293E+00  2.587E+00 
3.733E+00   4.321E+00  2.573E+00 
3.781E+00   4.349E+00  2.559E+00 
3.830E+00   4.377E+00  2.545E+00 
3.880E+00   4.406E+00  2.532E+00 
3.930E+00   4.434E+00  2.518E+00 
3.982E+00   4.463E+00  2.504E+00 
4.033E+00   4.492E+00  2.490E+00 
4.086E+00   4.521E+00  2.476E+00 
4.139E+00   4.550E+00  2.463E+00 
4.193E+00   4.580E+00  2.449E+00 
4.247E+00   4.609E+00  2.435E+00 
4.302E+00   4.639E+00  2.421E+00 
4.358E+00   4.669E+00  2.407E+00 
4.415E+00   4.699E+00  2.394E+00 
4.472E+00   4.730E+00  2.380E+00 
4.530E+00   4.760E+00  2.366E+00 
4.589E+00   4.791E+00  2.352E+00 
4.649E+00   4.822E+00  2.339E+00 
4.709E+00   4.854E+00  2.325E+00 
4.770E+00   4.885E+00  2.311E+00 
4.832E+00   4.917E+00  2.297E+00 
4.895E+00   4.949E+00  2.284E+00 
4.959E+00   4.981E+00  2.270E+00 
5.023E+00   5.013E+00  2.257E+00 
5.089E+00   5.045E+00  2.243E+00 
5.155E+00   5.078E+00  2.229E+00 
5.222E+00   5.111E+00  2.216E+00 
5.290E+00   5.144E+00  2.202E+00 
5.358E+00   5.177E+00  2.189E+00 
5.428E+00   5.211E+00  2.175E+00 
5.499E+00   5.245E+00  2.162E+00 
5.570E+00   5.279E+00  2.148E+00 
5.642E+00   5.313E+00  2.135E+00 
5.716E+00   5.347E+00  2.121E+00 
5.790E+00   5.382E+00  2.108E+00 
5.865E+00   5.417E+00  2.095E+00 
5.942E+00   5.452E+00  2.081E+00 
6.019E+00   5.487E+00  2.068E+00 
6.097E+00   5.523E+00  2.055E+00 
6.176E+00   5.558E+00  2.041E+00 
6.256E+00   5.594E+00  2.028E+00 
6.338E+00   5.631E+00  2.015E+00 
6.420E+00   5.667E+00  2.002E+00 
6.504E+00   5.704E+00  1.989E+00 
6.588E+00   5.741E+00  1.976E+00 
6.674E+00   5.778E+00  1.963E+00 
6.760E+00   5.815E+00  1.950E+00 
6.848E+00   5.853E+00  1.937E+00 
6.937E+00   5.891E+00  1.924E+00 
7.027E+00   5.929E+00  1.911E+00 
7.119E+00   5.968E+00  1.898E+00 
7.211E+00   6.006E+00  1.885E+00 
7.305E+00   6.045E+00  1.872E+00 
7.400E+00   6.084E+00  1.860E+00 
7.496E+00   6.124E+00  1.847E+00 
7.594E+00   6.163E+00  1.834E+00 
7.692E+00   6.203E+00  1.822E+00 
7.792E+00   6.244E+00  1.809E+00 
7.894E+00   6.284E+00  1.797E+00 
7.996E+00   6.325E+00  1.784E+00 
8.100E+00   6.366E+00  1.772E+00 
8.205E+00   6.407E+00  1.759E+00 
8.312E+00   6.448E+00  1.747E+00 
8.420E+00   6.490E+00  1.735E+00 
8.529E+00   6.532E+00  1.722E+00 
8.640E+00   6.574E+00  1.710E+00 
8.753E+00   6.616E+00  1.698E+00 
8.866E+00   6.659E+00  1.686E+00 
8.982E+00   6.702E+00  1.674E+00 
9.098E+00   6.745E+00  1.662E+00 
9.217E+00   6.789E+00  1.650E+00 
9.336E+00   6.833E+00  1.638E+00 
9.458E+00   6.877E+00  1.626E+00 
9.581E+00   6.922E+00  1.614E+00 
9.705E+00   6.966E+00  1.602E+00 
9.831E+00   7.011E+00  1.591E+00 
9.959E+00   7.057E+00  1.579E+00 
1.009E+01   7.102E+00  1.567E+00 
1.022E+01   7.148E+00  1.556E+00 
1.035E+01   7.194E+00  1.544E+00 
1.049E+01   7.241E+00  1.533E+00 
1.062E+01   7.288E+00  1.522E+00 
1.076E+01   7.335E+00  1.510E+00 
1.090E+01   7.382E+00  1.499E+00 
1.104E+01   7.430E+00  1.488E+00 
1.119E+01   7.478E+00  1.476E+00 
1.133E+01   7.526E+00  1.465E+00 
1.148E+01   7.575E+00  1.454E+00 
1.163E+01   7.624E+00  1.443E+00 
1.178E+01   7.673E+00  1.432E+00 
1.193E+01   7.722E+00  1.421E+00 
1.209E+01   7.772E+00  1.410E+00 
1.224E+01   7.823E+00  1.399E+00 
1.240E+01   7.873E+00  1.389E+00 
1.256E+01   7.924E+00  1.378E+00 
1.273E+01   7.975E+00  1.367E+00 
1.289E+01   8.027E+00  1.357E+00 
1.306E+01   8.079E+00  1.346E+00 
1.323E+01   8.131E+00  1.336E+00 
1.340E+01   8.183E+00  1.325E+00 
1.358E+01   8.236E+00  1.315E+00 
1.375E+01   8.289E+00  1.305E+00 
1.393E+01   8.343E+00  1.294E+00 
1.411E+01   8.397E+00  1.284E+00 
1.430E+01   8.451E+00  1.274E+00 
1.448E+01   8.506E+00  1.264E+00 
1.467E+01   8.561E+00  1.254E+00 
1.486E+01   8.616E+00  1.244E+00 
1.505E+01   8.672E+00  1.234E+00 
1.525E+01   8.728E+00  1.224E+00 
1.545E+01   8.784E+00  1.214E+00 
1.565E+01   8.841E+00  1.204E+00 
1.585E+01   8.898E+00  1.195E+00 
1.606E+01   8.956E+00  1.185E+00 
1.627E+01   9.013E+00  1.175E+00 
1.648E+01   9.072E+00  1.166E+00 
1.669E+01   9.130E+00  1.156E+00 
1.691E+01   9.189E+00  1.147E+00 
1.713E+01   9.249E+00  1.138E+00 
1.735E+01   9.308E+00  1.128E+00 
1.758E+01   9.369E+00  1.119E+00 
1.781E+01   9.429E+00  1.110E+00 
1.804E+01   9.490E+00  1.101E+00 
1.827E+01   9.551E+00  1.092E+00 
1.851E+01   9.613E+00  1.083E+00 
1.875E+01   9.675E+00  1.074E+00 
1.899E+01   9.738E+00  1.065E+00 
1.924E+01   9.801E+00  1.056E+00 
1.949E+01   9.864E+00  1.047E+00 
1.974E+01   9.928E+00  1.038E+00 
2.000E+01   9.992E+00  1.030E+00 
2.026E+01   1.006E+01  1.021E+00 
2.052E+01   1.012E+01  1.012E+00 
2.079E+01   1.019E+01  1.004E+00 
2.106E+01   1.025E+01  9.954E-01 
2.133E+01   1.032E+01  9.870E-01 
2.161E+01   1.039E+01  9.786E-01 
2.189E+01   1.045E+01  9.703E-01 
2.218E+01   1.052E+01  9.621E-01 
2.247E+01   1.059E+01  9.539E-01 
2.276E+01   1.066E+01  9.458E-01 
2.305E+01   1.073E+01  9.377E-01 
2.335E+01   1.079E+01  9.296E-01 
2.366E+01   1.086E+01  9.217E-01 
2.396E+01   1.093E+01  9.137E-01 
2.428E+01   1.100E+01  9.059E-01 
2.459E+01   1.108E+01  8.981E-01 
2.491E+01   1.115E+01  8.903E-01 
2.523E+01   1.122E+01  8.826E-01 
2.556E+01   1.129E+01  8.749E-01 
2.589E+01   1.136E+01  8.673E-01 
2.623E+01   1.144E+01  8.598E-01 
2.657E+01   1.151E+01  8.523E-01 
2.692E+01   1.159E+01  8.449E-01 
2.727E+01   1.166E+01  8.375E-01 
2.762E+01   1.174E+01  8.301E-01 
2.798E+01   1.181E+01  8.229E-01 
2.834E+01   1.189E+01  8.156E-01 
2.871E+01   1.197E+01  8.084E-01 
2.909E+01   1.204E+01  8.013E-01 
2.946E+01   1.212E+01  7.942E-01 
2.985E+01   1.220E+01  7.872E-01 
3.023E+01   1.228E+01  7.802E-01 
3.063E+01   1.236E+01  7.733E-01 
3.103E+01   1.244E+01  7.664E-01 
3.143E+01   1.252E+01  7.596E-01 
3.184E+01   1.260E+01  7.529E-01 
3.225E+01   1.268E+01  7.461E-01 
3.267E+01   1.276E+01  7.395E-01 
3.309E+01   1.284E+01  7.328E-01 
3.352E+01   1.293E+01  7.263E-01 
3.396E+01   1.301E+01  7.197E-01 
3.440E+01   1.309E+01  7.133E-01 
3.485E+01   1.318E+01  7.068E-01 
3.530E+01   1.326E+01  7.005E-01 
3.576E+01   1.335E+01  6.941E-01 
3.623E+01   1.343E+01  6.879E-01 
3.670E+01   1.352E+01  6.816E-01 
3.717E+01   1.361E+01  6.754E-01 
3.766E+01   1.369E+01  6.693E-01 
3.815E+01   1.378E+01  6.632E-01 
3.864E+01   1.387E+01  6.572E-01 
3.914E+01   1.396E+01  6.512E-01 
3.965E+01   1.405E+01  6.452E-01 
4.017E+01   1.414E+01  6.393E-01 
4.069E+01   1.423E+01  6.335E-01 
4.122E+01   1.432E+01  6.277E-01 
4.175E+01   1.442E+01  6.219E-01 
4.230E+01   1.451E+01  6.162E-01 
4.285E+01   1.460E+01  6.105E-01 
4.340E+01   1.470E+01  6.049E-01 
4.397E+01   1.479E+01  5.993E-01 
4.454E+01   1.489E+01  5.937E-01 
4.512E+01   1.498E+01  5.883E-01 
4.570E+01   1.508E+01  5.430E-01 
4.630E+01   1.518E+01  5.381E-01 
4.690E+01   1.527E+01  5.332E-01 
4.751E+01   1.537E+01  5.283E-01 
4.813E+01   1.547E+01  5.235E-01 
4.875E+01   1.557E+01  5.187E-01 
4.939E+01   1.567E+01  5.140E-01 
5.003E+01   1.577E+01  5.093E-01 
5.068E+01   1.587E+01  5.046E-01 
5.134E+01   1.597E+01  4.999E-01 
5.200E+01   1.608E+01  4.953E-01 
5.268E+01   1.618E+01  4.908E-01 
5.336E+01   1.628E+01  4.862E-01 
5.406E+01   1.639E+01  4.817E-01 
5.476E+01   1.649E+01  4.773E-01 
5.547E+01   1.660E+01  4.728E-01 
5.619E+01   1.671E+01  4.685E-01 
5.692E+01   1.681E+01  4.641E-01 
5.766E+01   1.692E+01  4.598E-01 
5.841E+01   1.703E+01  4.555E-01 
5.917E+01   1.714E+01  4.512E-01 
5.994E+01   1.725E+01  4.470E-01 
6.072E+01   1.736E+01  4.428E-01 
6.151E+01   1.747E+01  4.387E-01 
6.231E+01   1.758E+01  4.346E-01 
6.312E+01   1.770E+01  4.305E-01 
6.394E+01   1.781E+01  4.264E-01 
6.477E+01   1.792E+01  4.224E-01 
6.561E+01   1.804E+01  4.184E-01 
6.646E+01   1.815E+01  4.145E-01 
6.733E+01   1.827E+01  4.105E-01 
6.820E+01   1.839E+01  4.067E-01 
6.909E+01   1.850E+01  4.028E-01 
6.999E+01   1.862E+01  3.990E-01 
7.090E+01   1.874E+01  3.952E-01 
7.182E+01   1.886E+01  3.914E-01 
7.275E+01   1.898E+01  3.877E-01 
7.370E+01   1.910E+01  3.840E-01 
7.465E+01   1.922E+01  3.803E-01 
7.562E+01   1.935E+01  3.767E-01 
7.661E+01   1.947E+01  3.731E-01 
7.760E+01   1.959E+01  3.695E-01 
7.861E+01   1.972E+01  3.660E-01 
7.963E+01   1.984E+01  3.625E-01 
8.067E+01   1.997E+01  3.590E-01 
8.172E+01   2.010E+01  3.555E-01 
8.278E+01   2.023E+01  3.521E-01 
8.385E+01   2.035E+01  3.487E-01 
8.494E+01   2.048E+01  3.453E-01 
8.605E+01   2.061E+01  3.420E-01 
8.717E+01   2.074E+01  3.387E-01 
8.830E+01   2.088E+01  3.354E-01 
8.945E+01   2.101E+01  3.322E-01 
9.061E+01   2.114E+01  3.289E-01 
9.179E+01   2.127E+01  3.257E-01 
9.298E+01   2.141E+01  3.226E-01 
9.419E+01   2.154E+01  3.194E-01 
9.541E+01   2.168E+01  3.163E-01 
9.665E+01   2.182E+01  3.132E-01 
9.791E+01   2.196E+01  3.102E-01 
9.918E+01   2.209E+01  3.071E-01 
1.005E+02   2.223E+01  3.041E-01 
1.018E+02   2.237E+01  3.012E-01 
1.031E+02   2.251E+01  2.982E-01 
1.044E+02   2.266E+01  2.953E-01 
1.058E+02   2.280E+01  2.924E-01 
1.072E+02   2.294E+01  2.895E-01 
1.086E+02   2.309E+01  2.867E-01 
1.100E+02   2.323E+01  2.838E-01 
1.114E+02   2.338E+01  2.810E-01 
1.129E+02   2.352E+01  2.783E-01 
1.143E+02   2.367E+01  2.755E-01 
1.158E+02   2.382E+01  2.728E-01 
1.173E+02   2.397E+01  2.701E-01 
1.188E+02   2.412E+01  2.674E-01 
1.204E+02   2.427E+01  2.648E-01 
1.219E+02   2.442E+01  2.622E-01 
1.235E+02   2.457E+01  2.596E-01 
1.251E+02   2.472E+01  2.570E-01 
1.268E+02   2.488E+01  2.544E-01 
1.284E+02   2.503E+01  2.519E-01 
1.301E+02   2.519E+01  2.494E-01 
1.318E+02   2.534E+01  2.469E-01 
1.335E+02   2.550E+01  2.444E-01 
1.352E+02   2.565E+01  2.420E-01 
1.370E+02   2.581E+01  2.396E-01 
1.388E+02   2.597E+01  2.372E-01 
1.406E+02   2.613E+01  2.348E-01 
1.424E+02   2.629E+01  2.324E-01 
1.442E+02   2.645E+01  2.301E-01 
1.461E+02   2.662E+01  2.278E-01 
1.480E+02   2.678E+01  2.255E-01 
1.499E+02   2.694E+01  2.233E-01 
1.519E+02   2.711E+01  2.210E-01 
1.539E+02   2.727E+01  2.188E-01 
1.559E+02   2.744E+01  2.166E-01 
1.579E+02   2.760E+01  2.144E-01 
1.599E+02   2.777E+01  2.122E-01 
1.620E+02   2.794E+01  2.101E-01 
1.641E+02   2.811E+01  2.080E-01 
1.662E+02   2.827E+01  2.059E-01 
1.684E+02   2.844E+01  2.038E-01 
1.706E+02   2.862E+01  2.017E-01 
1.728E+02   2.879E+01  1.997E-01 
1.751E+02   2.896E+01  1.977E-01 
1.773E+02   2.913E+01  1.957E-01 
1.796E+02   2.930E+01  1.937E-01 
1.820E+02   2.948E+01  1.917E-01 
1.843E+02   2.965E+01  1.897E-01 
1.867E+02   2.983E+01  1.878E-01 
1.892E+02   3.000E+01  1.859E-01 
1.916E+02   3.018E+01  1.840E-01 
1.941E+02   3.036E+01  1.821E-01 
1.966E+02   3.053E+01  1.803E-01 
1.992E+02   3.071E+01  1.784E-01 
2.018E+02   3.089E+01  1.766E-01 
2.044E+02   3.107E+01  1.748E-01 
2.071E+02   3.125E+01  1.730E-01 
2.097E+02   3.143E+01  1.712E-01 
2.125E+02   3.161E+01  1.695E-01 
2.152E+02   3.179E+01  1.678E-01 
2.180E+02   3.197E+01  1.660E-01 
2.209E+02   3.215E+01  1.643E-01 
2.237E+02   3.233E+01  1.626E-01 
2.266E+02   3.251E+01  1.610E-01 
2.296E+02   3.270E+01  1.593E-01 
2.326E+02   3.288E+01  1.577E-01 
2.356E+02   3.306E+01  1.561E-01 
2.387E+02   3.325E+01  1.544E-01 
2.418E+02   3.343E+01  1.529E-01 
2.449E+02   3.361E+01  1.513E-01 
2.481E+02   3.380E+01  1.497E-01 
2.513E+02   3.398E+01  1.482E-01 
2.546E+02   3.417E+01  1.466E-01 
2.579E+02   3.435E+01  1.451E-01 
2.612E+02   3.453E+01  1.436E-01 
2.646E+02   3.472E+01  1.421E-01 
2.681E+02   3.490E+01  1.407E-01 
2.716E+02   3.509E+01  1.392E-01 
2.751E+02   3.527E+01  1.378E-01 
2.787E+02   3.545E+01  1.363E-01 
2.823E+02   3.564E+01  1.349E-01 
2.859E+02   3.582E+01  1.335E-01 
2.897E+02   3.601E+01  1.321E-01 
2.934E+02   3.619E+01  1.307E-01 
2.972E+02   3.637E+01  1.294E-01 
3.011E+02   3.655E+01  1.280E-01 
3.050E+02   3.674E+01  1.267E-01 
3.090E+02   3.692E+01  1.254E-01 
3.130E+02   3.710E+01  1.241E-01 
3.171E+02   3.728E+01  1.228E-01 
3.212E+02   3.746E+01  1.215E-01 
3.254E+02   3.764E+01  1.202E-01 
3.296E+02   3.781E+01  1.190E-01 
3.339E+02   3.799E+01  1.177E-01 
3.382E+02   3.817E+01  1.165E-01 
3.426E+02   3.834E+01  1.153E-01 
3.471E+02   3.852E+01  1.141E-01 
3.516E+02   3.869E+01  1.129E-01 
3.561E+02   3.886E+01  1.117E-01 
3.608E+02   3.903E+01  1.105E-01 
3.655E+02   3.920E+01  1.094E-01 
3.702E+02   3.937E+01  1.082E-01 
3.750E+02   3.954E+01  1.071E-01 
3.799E+02   3.971E+01  1.059E-01 
3.848E+02   3.987E+01  1.048E-01 
3.898E+02   4.003E+01  1.037E-01 
3.949E+02   4.020E+01  1.026E-01 
4.000E+02   4.035E+01  1.015E-01 
4.052E+02   4.051E+01  1.005E-01 
4.105E+02   4.067E+01  9.942E-02 
4.158E+02   4.082E+01  9.837E-02 
4.212E+02   4.097E+01  9.733E-02 
4.267E+02   4.112E+01  9.630E-02 
4.323E+02   4.127E+01  9.528E-02 
4.379E+02   4.142E+01  9.428E-02 
4.436E+02   4.156E+01  9.328E-02 
4.493E+02   4.170E+01  9.229E-02 
4.552E+02   4.184E+01  9.131E-02 
4.611E+02   4.197E+01  9.035E-02 
4.671E+02   4.211E+01  8.939E-02 
4.731E+02   4.223E+01  8.844E-02 
4.793E+02   4.236E+01  8.750E-02 
4.855E+02   4.249E+01  8.657E-02 
4.918E+02   4.261E+01  8.565E-02 
4.982E+02   4.272E+01  8.474E-02 
5.047E+02   4.284E+01  8.384E-02 
5.113E+02   4.295E+01  8.295E-02 
5.179E+02   4.306E+01  8.207E-02 
5.246E+02   4.316E+01  8.119E-02 
5.315E+02   4.326E+01  8.033E-02 
5.384E+02   4.336E+01  7.947E-02 
5.454E+02   4.345E+01  7.863E-02 
5.524E+02   4.354E+01  7.779E-02 
5.596E+02   4.363E+01  7.696E-02 
5.669E+02   4.371E+01  7.614E-02 
5.743E+02   4.379E+01  7.532E-02 
5.817E+02   4.386E+01  7.452E-02 
5.893E+02   4.393E+01  7.372E-02 
5.969E+02   4.399E+01  7.293E-02 
6.047E+02   4.405E+01  7.215E-02 
6.126E+02   4.411E+01  7.138E-02 
6.205E+02   4.416E+01  7.062E-02 
6.286E+02   4.421E+01  6.986E-02 
6.368E+02   4.425E+01  6.911E-02 
6.450E+02   4.429E+01  6.837E-02 
6.534E+02   4.432E+01  6.764E-02 
6.619E+02   4.435E+01  6.691E-02 
6.705E+02   4.437E+01  6.619E-02 
6.792E+02   4.439E+01  6.548E-02 
6.881E+02   4.440E+01  6.478E-02 
6.970E+02   4.441E+01  6.408E-02 
7.061E+02   4.441E+01  6.340E-02 
7.152E+02   4.441E+01  6.271E-02 
7.245E+02   4.440E+01  6.204E-02 
7.339E+02   4.439E+01  6.137E-02 
7.435E+02   4.437E+01  6.071E-02 
7.531E+02   4.435E+01  6.006E-02 
7.629E+02   4.432E+01  5.941E-02 
7.728E+02   4.429E+01  5.877E-02 
7.829E+02   4.425E+01  5.813E-02 
7.931E+02   4.420E+01  5.751E-02 
8.034E+02   4.416E+01  5.689E-02 
8.138E+02   4.410E+01  5.627E-02 
8.244E+02   4.404E+01  5.566E-02 
8.351E+02   4.398E+01  5.506E-02 
8.460E+02   4.391E+01  5.447E-02 
8.570E+02   4.383E+01  5.388E-02 
8.681E+02   4.375E+01  5.330E-02 
8.794E+02   4.366E+01  5.272E-02 
8.908E+02   4.357E+01  5.215E-02 
9.024E+02   4.348E+01  5.158E-02 
9.141E+02   4.338E+01  5.102E-02 
9.260E+02   4.327E+01  5.047E-02 
9.380E+02   4.316E+01  4.992E-02 
9.502E+02   4.305E+01  4.938E-02 
9.626E+02   4.293E+01  4.885E-02 
9.751E+02   4.281E+01  4.832E-02 
9.877E+02   4.268E+01  4.779E-02 
1.001E+03   4.254E+01  4.727E-02 
1.014E+03   4.241E+01  4.676E-02 
1.027E+03   4.227E+01  4.625E-02 
1.040E+03   4.212E+01  4.575E-02 
1.054E+03   4.197E+01  4.525E-02 
1.067E+03   4.182E+01  4.476E-02 
1.081E+03   4.166E+01  4.427E-02 
1.095E+03   4.150E+01  4.379E-02 
1.109E+03   4.134E+01  4.331E-02 
1.124E+03   4.117E+01  4.284E-02 
1.138E+03   4.100E+01  4.237E-02 
1.153E+03   4.082E+01  4.191E-02 
1.168E+03   4.065E+01  4.145E-02 
1.183E+03   4.046E+01  4.100E-02 
1.199E+03   4.028E+01  4.055E-02 
1.214E+03   4.010E+01  4.011E-02 
1.230E+03   3.991E+01  3.967E-02 
1.246E+03   3.971E+01  3.924E-02 
1.262E+03   3.952E+01  3.881E-02 
1.279E+03   3.933E+01  3.839E-02 
1.295E+03   3.913E+01  3.797E-02 
1.312E+03   3.893E+01  3.755E-02 
1.329E+03   3.872E+01  3.714E-02 
1.347E+03   3.852E+01  3.673E-02 
1.364E+03   3.831E+01  3.633E-02 
1.382E+03   3.811E+01  3.593E-02 
1.400E+03   3.790E+01  3.554E-02 
1.418E+03   3.769E+01  3.515E-02 
1.436E+03   3.748E+01  3.476E-02 
1.455E+03   3.726E+01  3.438E-02 
1.474E+03   3.705E+01  3.400E-02 
1.493E+03   3.684E+01  3.363E-02 
1.513E+03   3.662E+01  3.326E-02 
1.532E+03   3.640E+01  3.290E-02 
1.552E+03   3.619E+01  3.254E-02 
1.572E+03   3.597E+01  3.218E-02 
1.593E+03   3.575E+01  3.182E-02 
1.613E+03   3.553E+01  3.147E-02 
1.634E+03   3.531E+01  3.113E-02 
1.656E+03   3.509E+01  3.079E-02 
1.677E+03   3.487E+01  3.045E-02 
1.699E+03   3.465E+01  3.011E-02 
1.721E+03   3.443E+01  2.978E-02 
1.743E+03   3.421E+01  2.945E-02 
1.766E+03   3.399E+01  2.913E-02 
1.789E+03   3.377E+01  2.881E-02 
1.812E+03   3.355E+01  2.849E-02 
1.836E+03   3.333E+01  2.817E-02 
1.860E+03   3.311E+01  2.786E-02 
1.884E+03   3.289E+01  2.756E-02 
1.908E+03   3.267E+01  2.725E-02 
1.933E+03   3.245E+01  2.695E-02 
1.958E+03   3.223E+01  2.665E-02 
1.984E+03   3.201E+01  2.636E-02 
2.009E+03   3.179E+01  2.607E-02 
2.036E+03   3.157E+01  2.578E-02 
2.062E+03   3.136E+01  2.549E-02 
2.089E+03   3.114E+01  2.521E-02 
2.116E+03   3.092E+01  2.493E-02 
2.143E+03   3.071E+01  2.466E-02 
2.171E+03   3.049E+01  2.438E-02 
2.200E+03   3.028E+01  2.411E-02 
2.228E+03   3.006E+01  2.385E-02 
2.257E+03   2.985E+01  2.358E-02 
2.286E+03   2.963E+01  2.332E-02 
2.316E+03   2.942E+01  2.306E-02 
2.346E+03   2.921E+01  2.281E-02 
2.377E+03   2.900E+01  2.255E-02 
2.408E+03   2.879E+01  2.230E-02 
2.439E+03   2.857E+01  2.206E-02 
2.471E+03   2.836E+01  2.181E-02 
2.503E+03   2.816E+01  2.157E-02 
2.535E+03   2.795E+01  2.133E-02 
2.568E+03   2.774E+01  2.109E-02 
2.602E+03   2.753E+01  2.086E-02 
2.635E+03   2.733E+01  2.062E-02 
2.670E+03   2.712E+01  2.040E-02 
2.704E+03   2.691E+01  2.017E-02 
2.740E+03   2.671E+01  1.994E-02 
2.775E+03   2.651E+01  1.972E-02 
2.811E+03   2.630E+01  1.950E-02 
2.848E+03   2.610E+01  1.929E-02 
2.885E+03   2.590E+01  1.907E-02 
2.922E+03   2.570E+01  1.886E-02 
2.960E+03   2.550E+01  1.865E-02 
2.999E+03   2.530E+01  1.844E-02 
3.038E+03   2.510E+01  1.823E-02 
3.077E+03   2.491E+01  1.803E-02 
3.117E+03   2.471E+01  1.783E-02 
3.158E+03   2.451E+01  1.763E-02 
3.199E+03   2.432E+01  1.743E-02 
3.240E+03   2.413E+01  1.724E-02 
3.282E+03   2.393E+01  1.705E-02 
3.325E+03   2.374E+01  1.686E-02 
3.368E+03   2.355E+01  1.667E-02 
3.412E+03   2.336E+01  1.648E-02 
3.456E+03   2.317E+01  1.630E-02 
3.501E+03   2.298E+01  1.612E-02 
3.547E+03   2.279E+01  1.594E-02 
3.593E+03   2.261E+01  1.576E-02 
3.640E+03   2.242E+01  1.558E-02 
3.687E+03   2.223E+01  1.541E-02 
3.735E+03   2.205E+01  1.523E-02 
3.783E+03   2.187E+01  1.506E-02 
3.832E+03   2.168E+01  1.489E-02 
3.882E+03   2.150E+01  1.473E-02 
3.933E+03   2.132E+01  1.456E-02 
3.984E+03   2.114E+01  1.440E-02 
4.036E+03   2.096E+01  1.424E-02 
4.088E+03   2.079E+01  1.408E-02 
4.141E+03   2.061E+01  1.392E-02 
4.195E+03   2.043E+01  1.376E-02 
4.250E+03   2.026E+01  1.361E-02 
4.305E+03   2.008E+01  1.346E-02 
4.361E+03   1.991E+01  1.331E-02 
4.417E+03   1.974E+01  1.316E-02 
4.475E+03   1.957E+01  1.301E-02 
4.533E+03   1.940E+01  1.286E-02 
4.592E+03   1.923E+01  1.272E-02 
4.652E+03   1.906E+01  1.258E-02 
4.712E+03   1.889E+01  1.243E-02 
4.773E+03   1.872E+01  1.229E-02 
4.835E+03   1.856E+01  1.216E-02 
4.898E+03   1.839E+01  1.202E-02 
4.962E+03   1.823E+01  1.188E-02 
5.026E+03   1.807E+01  1.175E-02 
5.092E+03   1.791E+01  1.162E-02 
5.158E+03   1.774E+01  1.149E-02 
5.225E+03   1.759E+01  1.136E-02 
5.293E+03   1.743E+01  1.123E-02 
5.362E+03   1.727E+01  1.110E-02 
5.431E+03   1.711E+01  1.098E-02 
5.502E+03   1.696E+01  1.085E-02 
5.573E+03   1.680E+01  1.073E-02 
5.646E+03   1.665E+01  1.061E-02 
5.719E+03   1.649E+01  1.049E-02 
5.793E+03   1.634E+01  1.037E-02 
5.869E+03   1.619E+01  1.026E-02 
5.945E+03   1.604E+01  1.014E-02 
6.022E+03   1.589E+01  1.003E-02 
6.101E+03   1.574E+01  9.912E-03 
6.180E+03   1.560E+01  9.800E-03 
6.260E+03   1.545E+01  9.690E-03 
6.341E+03   1.530E+01  9.580E-03 
6.424E+03   1.516E+01  9.472E-03 
6.507E+03   1.502E+01  9.365E-03 
6.592E+03   1.487E+01  9.259E-03 
6.678E+03   1.473E+01  9.154E-03 
6.764E+03   1.459E+01  9.051E-03 
6.852E+03   1.445E+01  8.948E-03 
6.941E+03   1.431E+01  8.847E-03 
7.032E+03   1.418E+01  8.747E-03 
7.123E+03   1.404E+01  8.648E-03 
7.216E+03   1.390E+01  8.550E-03 
7.309E+03   1.377E+01  8.453E-03 
7.404E+03   1.363E+01  8.357E-03 
7.501E+03   1.350E+01  8.263E-03 
7.598E+03   1.337E+01  8.169E-03 
7.697E+03   1.324E+01  8.076E-03 
7.797E+03   1.311E+01  7.985E-03 
7.898E+03   1.298E+01  7.894E-03 
8.001E+03   1.285E+01  7.805E-03 
8.105E+03   1.276E+01  7.716E-03 
8.210E+03   1.267E+01  7.629E-03 
8.317E+03   1.258E+01  7.542E-03 
8.425E+03   1.248E+01  7.457E-03 
8.534E+03   1.239E+01  7.372E-03 
8.645E+03   1.229E+01  7.288E-03 
8.758E+03   1.220E+01  7.206E-03 
8.871E+03   1.210E+01  7.124E-03 
8.987E+03   1.200E+01  7.043E-03 
9.104E+03   1.190E+01  6.963E-03 
9.222E+03   1.180E+01  6.884E-03 
9.342E+03   1.169E+01  6.805E-03 
9.463E+03   1.159E+01  6.728E-03 
9.586E+03   1.148E+01  6.651E-03 
9.711E+03   1.137E+01  6.576E-03 
9.837E+03   1.126E+01  6.501E-03 
9.965E+03   1.115E+01  6.427E-03 
1.009E+04   1.105E+01  6.354E-03 
1.023E+04   1.094E+01  6.282E-03 
1.036E+04   1.083E+01  6.210E-03 
1.049E+04   1.073E+01  6.139E-03 
1.063E+04   1.062E+01  6.069E-03 
1.077E+04   1.052E+01  6.000E-03 
1.091E+04   1.042E+01  5.932E-03 
1.105E+04   1.032E+01  5.864E-03 
1.119E+04   1.022E+01  5.798E-03 
1.134E+04   1.012E+01  5.731E-03 
1.149E+04   1.002E+01  5.666E-03 
1.163E+04   9.920E+00  5.601E-03 
1.179E+04   9.824E+00  5.538E-03 
1.194E+04   9.728E+00  5.474E-03 
1.209E+04   9.633E+00  5.412E-03 
1.225E+04   9.538E+00  5.350E-03 
1.241E+04   9.445E+00  5.289E-03 
1.257E+04   9.352E+00  5.229E-03 
1.274E+04   9.261E+00  5.169E-03 
1.290E+04   9.170E+00  5.110E-03 
1.307E+04   9.080E+00  5.052E-03 
1.324E+04   8.990E+00  4.994E-03 
1.341E+04   8.902E+00  4.937E-03 
1.358E+04   8.814E+00  4.881E-03 
1.376E+04   8.728E+00  4.825E-03 
1.394E+04   8.642E+00  4.770E-03 
1.412E+04   8.556E+00  4.715E-03 
1.431E+04   8.472E+00  4.661E-03 
1.449E+04   8.388E+00  4.608E-03 
1.468E+04   8.305E+00  4.555E-03 
1.487E+04   8.223E+00  4.503E-03 
1.506E+04   8.142E+00  4.451E-03 
1.526E+04   8.061E+00  4.401E-03 
1.546E+04   7.981E+00  4.350E-03 
1.566E+04   7.902E+00  4.300E-03 
1.586E+04   7.824E+00  4.251E-03 
1.607E+04   7.746E+00  4.202E-03 
1.628E+04   7.669E+00  4.154E-03 
1.649E+04   7.593E+00  4.107E-03 
1.670E+04   7.517E+00  4.060E-03 
1.692E+04   7.442E+00  4.013E-03 
1.714E+04   7.368E+00  3.967E-03 
1.736E+04   7.294E+00  3.922E-03 
1.759E+04   7.222E+00  3.877E-03 
1.782E+04   7.150E+00  3.832E-03 
1.805E+04   7.078E+00  3.788E-03 
1.828E+04   7.007E+00  3.745E-03 
1.852E+04   6.937E+00  3.702E-03 
1.876E+04   6.868E+00  3.659E-03 
1.900E+04   6.799E+00  3.617E-03 
1.925E+04   6.731E+00  3.576E-03 
1.950E+04   6.663E+00  3.535E-03 
1.976E+04   6.596E+00  3.494E-03 
2.001E+04   6.530E+00  3.454E-03 
2.027E+04   6.464E+00  3.414E-03 
2.054E+04   6.399E+00  3.375E-03 
2.080E+04   6.335E+00  3.336E-03 
2.107E+04   6.271E+00  3.298E-03 
2.135E+04   6.208E+00  3.260E-03 
2.162E+04   6.145E+00  3.223E-03 
2.191E+04   6.083E+00  3.186E-03 
2.219E+04   6.022E+00  3.149E-03 
2.248E+04   5.961E+00  3.113E-03 
2.277E+04   5.901E+00  3.077E-03 
2.307E+04   5.841E+00  3.042E-03 
2.337E+04   5.782E+00  3.007E-03 
2.367E+04   5.723E+00  2.972E-03 
2.398E+04   5.665E+00  2.938E-03 
2.429E+04   5.608E+00  2.904E-03 
2.461E+04   5.551E+00  2.870E-03 
2.492E+04   5.494E+00  2.837E-03 
2.525E+04   5.439E+00  2.805E-03 
2.558E+04   5.383E+00  2.772E-03 
2.591E+04   5.329E+00  2.741E-03 
2.625E+04   5.274E+00  2.709E-03 
2.659E+04   5.221E+00  2.678E-03 
2.693E+04   5.167E+00  2.647E-03 
2.728E+04   5.115E+00  2.616E-03 
2.764E+04   5.063E+00  2.586E-03 
2.800E+04   5.011E+00  2.556E-03 
2.836E+04   4.960E+00  2.527E-03 
2.873E+04   4.909E+00  2.498E-03 
2.910E+04   4.859E+00  2.469E-03 
2.948E+04   4.809E+00  2.440E-03 
2.986E+04   4.760E+00  2.412E-03 
3.025E+04   4.711E+00  2.384E-03 
3.065E+04   4.663E+00  2.357E-03 
3.104E+04   4.615E+00  2.330E-03 
3.145E+04   4.568E+00  2.303E-03 
3.186E+04   4.521E+00  2.276E-03 
3.227E+04   4.475E+00  2.250E-03 
3.269E+04   4.429E+00  2.224E-03 
3.311E+04   4.383E+00  2.198E-03 
3.354E+04   4.338E+00  2.173E-03 
3.398E+04   4.294E+00  2.148E-03 
3.442E+04   4.250E+00  2.123E-03 
3.487E+04   4.206E+00  2.098E-03 
3.532E+04   4.163E+00  2.074E-03 
3.578E+04   4.120E+00  2.050E-03 
3.625E+04   4.077E+00  2.026E-03 
3.672E+04   4.035E+00  2.003E-03 
3.719E+04   3.994E+00  1.980E-03 
3.768E+04   3.952E+00  1.957E-03 
3.817E+04   3.912E+00  1.934E-03 
3.866E+04   3.871E+00  1.912E-03 
3.917E+04   3.831E+00  1.890E-03 
3.968E+04   3.792E+00  1.868E-03 
4.019E+04   3.752E+00  1.846E-03 
4.071E+04   3.714E+00  1.825E-03 
4.124E+04   3.675E+00  1.804E-03 
4.178E+04   3.637E+00  1.783E-03 
4.232E+04   3.600E+00  1.762E-03 
4.287E+04   3.562E+00  1.742E-03 
4.343E+04   3.525E+00  1.722E-03 
4.399E+04   3.489E+00  1.702E-03 
4.456E+04   3.453E+00  1.682E-03 
4.514E+04   3.417E+00  1.662E-03 
4.573E+04   3.382E+00  1.643E-03 
4.632E+04   3.346E+00  1.624E-03 
4.693E+04   3.312E+00  1.605E-03 
4.754E+04   3.277E+00  1.587E-03 
4.815E+04   3.243E+00  1.568E-03 
4.878E+04   3.210E+00  1.550E-03 
4.941E+04   3.176E+00  1.532E-03 
5.006E+04   3.143E+00  1.514E-03 
5.071E+04   3.111E+00  1.497E-03 
5.137E+04   3.078E+00  1.479E-03 
5.203E+04   3.046E+00  1.462E-03 
5.271E+04   3.015E+00  1.445E-03 
5.340E+04   2.983E+00  1.428E-03 
5.409E+04   2.952E+00  1.412E-03 
5.479E+04   2.921E+00  1.395E-03 
5.550E+04   2.891E+00  1.379E-03 
5.623E+04   2.861E+00  1.363E-03 
5.696E+04   2.831E+00  1.347E-03 
5.770E+04   2.802E+00  1.332E-03 
5.845E+04   2.772E+00  1.316E-03 
5.921E+04   2.744E+00  1.301E-03 
5.998E+04   2.715E+00  1.286E-03 
6.075E+04   2.687E+00  1.271E-03 
6.154E+04   2.659E+00  1.256E-03 
6.234E+04   2.631E+00  1.242E-03 
6.315E+04   2.604E+00  1.227E-03 
6.398E+04   2.576E+00  1.213E-03 
6.481E+04   2.549E+00  1.199E-03 
6.565E+04   2.523E+00  1.185E-03 
6.650E+04   2.497E+00  1.171E-03 
6.737E+04   2.471E+00  1.157E-03 
6.824E+04   2.445E+00  1.144E-03 
6.913E+04   2.419E+00  1.131E-03 
7.003E+04   2.394E+00  1.117E-03 
7.094E+04   2.369E+00  1.104E-03 
7.186E+04   2.344E+00  1.092E-03 
7.279E+04   2.320E+00  1.079E-03 
7.374E+04   2.296E+00  1.066E-03 
7.470E+04   2.272E+00  1.054E-03 
7.567E+04   2.248E+00  1.042E-03 
7.665E+04   2.224E+00  1.029E-03 
7.765E+04   2.201E+00  1.017E-03 
7.866E+04   2.178E+00  1.006E-03 
7.968E+04   2.155E+00  9.938E-04 
8.072E+04   2.133E+00  9.823E-04 
8.176E+04   2.111E+00  9.708E-04 
8.283E+04   2.089E+00  9.595E-04 
8.390E+04   2.067E+00  9.483E-04 
8.499E+04   2.045E+00  9.372E-04 
8.610E+04   2.024E+00  9.263E-04 
8.722E+04   2.003E+00  9.155E-04 
8.835E+04   1.982E+00  9.048E-04 
8.950E+04   1.961E+00  8.943E-04 
9.066E+04   1.941E+00  8.838E-04 
9.184E+04   1.920E+00  8.735E-04 
9.303E+04   1.900E+00  8.633E-04 
9.424E+04   1.880E+00  8.532E-04 
9.547E+04   1.861E+00  8.433E-04 
9.671E+04   1.841E+00  8.334E-04 
9.797E+04   1.822E+00  8.237E-04 
9.924E+04   1.803E+00  8.141E-04 
1.005E+05   1.784E+00  8.046E-04 
1.018E+05   1.766E+00  7.952E-04 
1.032E+05   1.747E+00  7.859E-04 
1.045E+05   1.729E+00  7.767E-04 
1.059E+05   1.711E+00  7.676E-04 
1.072E+05   1.693E+00  7.586E-04 
1.086E+05   1.676E+00  7.498E-04 
1.100E+05   1.658E+00  7.410E-04 
1.115E+05   1.641E+00  7.323E-04 
1.129E+05   1.624E+00  7.238E-04 
1.144E+05   1.607E+00  7.153E-04 
1.159E+05   1.590E+00  7.070E-04 
1.174E+05   1.574E+00  6.987E-04 
1.189E+05   1.557E+00  6.905E-04 
1.204E+05   1.541E+00  6.824E-04 
1.220E+05   1.525E+00  6.745E-04 
1.236E+05   1.509E+00  6.666E-04 
1.252E+05   1.493E+00  6.588E-04 
1.268E+05   1.478E+00  6.511E-04 
1.285E+05   1.463E+00  6.434E-04 
1.302E+05   1.447E+00  6.359E-04 
1.318E+05   1.432E+00  6.285E-04 
1.336E+05   1.418E+00  6.211E-04 
1.353E+05   1.403E+00  6.138E-04 
1.371E+05   1.388E+00  6.066E-04 
1.388E+05   1.374E+00  5.995E-04 
1.406E+05   1.360E+00  5.925E-04 
1.425E+05   1.346E+00  5.856E-04 
1.443E+05   1.332E+00  5.787E-04 
1.462E+05   1.318E+00  5.719E-04 
1.481E+05   1.304E+00  5.652E-04 
1.500E+05   1.291E+00  5.586E-04 
1.520E+05   1.277E+00  5.520E-04 
1.539E+05   1.264E+00  5.456E-04 
1.559E+05   1.251E+00  5.392E-04 
1.580E+05   1.238E+00  5.329E-04 
1.600E+05   1.225E+00  5.266E-04 
1.621E+05   1.213E+00  5.204E-04 
1.642E+05   1.200E+00  5.143E-04 
1.663E+05   1.188E+00  5.083E-04 
1.685E+05   1.176E+00  5.023E-04 
1.707E+05   1.164E+00  4.964E-04 
1.729E+05   1.152E+00  4.906E-04 
1.752E+05   1.140E+00  4.849E-04 
1.774E+05   1.128E+00  4.792E-04 
1.797E+05   1.117E+00  4.735E-04 
1.821E+05   1.105E+00  4.680E-04 
1.844E+05   1.094E+00  4.625E-04 
1.868E+05   1.083E+00  4.571E-04 
1.893E+05   1.072E+00  4.517E-04 
1.917E+05   1.061E+00  4.464E-04 
1.942E+05   1.050E+00  4.411E-04 
1.967E+05   1.039E+00  4.360E-04 
1.993E+05   1.028E+00  4.308E-04 
2.019E+05   1.018E+00  4.258E-04 
2.045E+05   1.008E+00  4.208E-04 
2.072E+05   9.973E-01  4.158E-04 
2.099E+05   9.871E-01  4.109E-04 
2.126E+05   9.771E-01  4.061E-04 
2.154E+05   9.672E-01  4.013E-04 
2.182E+05   9.573E-01  3.966E-04 
2.210E+05   9.476E-01  3.920E-04 
2.239E+05   9.380E-01  3.874E-04 
2.268E+05   9.285E-01  3.828E-04 
2.297E+05   9.191E-01  3.783E-04 
2.327E+05   9.099E-01  3.738E-04 
2.357E+05   9.007E-01  3.694E-04 
2.388E+05   8.916E-01  3.651E-04 
2.419E+05   8.826E-01  3.608E-04 
2.450E+05   8.737E-01  3.566E-04 
2.482E+05   8.649E-01  3.524E-04 
2.515E+05   8.562E-01  3.482E-04 
2.547E+05   8.476E-01  3.441E-04 
2.580E+05   8.391E-01  3.401E-04 
2.614E+05   8.307E-01  3.361E-04 
2.648E+05   8.224E-01  3.321E-04 
2.682E+05   8.142E-01  3.282E-04 
2.717E+05   8.061E-01  3.243E-04 
2.752E+05   7.981E-01  3.205E-04 
2.788E+05   7.901E-01  3.167E-04 
2.824E+05   7.822E-01  3.130E-04 
2.861E+05   7.745E-01  3.093E-04 
2.898E+05   7.668E-01  3.057E-04 
2.936E+05   7.592E-01  3.021E-04 
2.974E+05   7.517E-01  2.985E-04 
3.013E+05   7.442E-01  2.950E-04 
3.052E+05   7.369E-01  2.915E-04 
3.092E+05   7.296E-01  2.881E-04 
3.132E+05   7.225E-01  2.847E-04 
3.172E+05   7.153E-01  2.813E-04 
3.214E+05   7.083E-01  2.780E-04 
3.255E+05   7.014E-01  2.747E-04 
3.298E+05   6.945E-01  2.715E-04 
3.341E+05   6.877E-01  2.683E-04 
3.384E+05   6.810E-01  2.651E-04 
3.428E+05   6.744E-01  2.620E-04 
3.473E+05   6.678E-01  2.589E-04 
3.518E+05   6.613E-01  2.559E-04 
3.563E+05   6.549E-01  2.528E-04 
3.610E+05   6.486E-01  2.499E-04 
3.657E+05   6.423E-01  2.469E-04 
3.704E+05   6.361E-01  2.440E-04 
3.752E+05   6.300E-01  2.411E-04 
3.801E+05   6.239E-01  2.383E-04 
3.851E+05   6.179E-01  2.355E-04 
3.901E+05   6.120E-01  2.327E-04 
3.951E+05   6.061E-01  2.299E-04 
4.003E+05   6.003E-01  2.272E-04 
