Ion = Hydrogen    . Mass = 1.0079
Tgt = In (Solid). Density = 7.3 g/cm3
Stopping Units =  eV/(1E15 atoms/cm2)
Energy(keV)  S(Elec)    S(Nuc)
1.000E+00   6.061E+00  3.500E-01 
1.012E+00   6.096E+00  3.502E-01 
1.023E+00   6.131E+00  3.504E-01 
1.035E+00   6.167E+00  3.507E-01 
1.047E+00   6.202E+00  3.509E-01 
1.059E+00   6.238E+00  3.511E-01 
1.072E+00   6.274E+00  3.513E-01 
1.084E+00   6.310E+00  3.515E-01 
1.097E+00   6.347E+00  3.517E-01 
1.109E+00   6.384E+00  3.519E-01 
1.122E+00   6.421E+00  3.521E-01 
1.135E+00   6.458E+00  3.523E-01 
1.148E+00   6.495E+00  3.525E-01 
1.162E+00   6.533E+00  3.526E-01 
1.175E+00   6.570E+00  3.528E-01 
1.189E+00   6.608E+00  3.530E-01 
1.203E+00   6.647E+00  3.531E-01 
1.217E+00   6.685E+00  3.532E-01 
1.231E+00   6.724E+00  3.534E-01 
1.245E+00   6.763E+00  3.535E-01 
1.259E+00   6.802E+00  3.536E-01 
1.274E+00   6.841E+00  3.538E-01 
1.289E+00   6.881E+00  3.539E-01 
1.304E+00   6.920E+00  3.540E-01 
1.319E+00   6.960E+00  3.541E-01 
1.334E+00   7.001E+00  3.542E-01 
1.350E+00   7.041E+00  3.542E-01 
1.365E+00   7.082E+00  3.543E-01 
1.381E+00   7.123E+00  3.544E-01 
1.397E+00   7.164E+00  3.544E-01 
1.413E+00   7.205E+00  3.545E-01 
1.430E+00   7.247E+00  3.546E-01 
1.446E+00   7.289E+00  3.546E-01 
1.463E+00   7.331E+00  3.546E-01 
1.480E+00   7.373E+00  3.547E-01 
1.497E+00   7.416E+00  3.547E-01 
1.515E+00   7.459E+00  3.547E-01 
1.532E+00   7.502E+00  3.547E-01 
1.550E+00   7.546E+00  3.547E-01 
1.568E+00   7.589E+00  3.547E-01 
1.586E+00   7.633E+00  3.547E-01 
1.605E+00   7.677E+00  3.547E-01 
1.623E+00   7.722E+00  3.546E-01 
1.642E+00   7.766E+00  3.546E-01 
1.661E+00   7.811E+00  3.546E-01 
1.680E+00   7.856E+00  3.545E-01 
1.700E+00   7.902E+00  3.545E-01 
1.719E+00   7.947E+00  3.544E-01 
1.739E+00   7.993E+00  3.543E-01 
1.760E+00   8.040E+00  3.543E-01 
1.780E+00   8.086E+00  3.542E-01 
1.801E+00   8.133E+00  3.541E-01 
1.822E+00   8.180E+00  3.540E-01 
1.843E+00   8.227E+00  3.539E-01 
1.864E+00   8.275E+00  3.538E-01 
1.886E+00   8.323E+00  3.536E-01 
1.908E+00   8.371E+00  3.535E-01 
1.930E+00   8.419E+00  3.534E-01 
1.952E+00   8.468E+00  3.532E-01 
1.975E+00   8.517E+00  3.531E-01 
1.998E+00   8.566E+00  3.529E-01 
2.021E+00   8.613E+00  3.528E-01 
2.044E+00   8.653E+00  3.526E-01 
2.068E+00   8.692E+00  3.524E-01 
2.092E+00   8.732E+00  3.522E-01 
2.116E+00   8.772E+00  3.520E-01 
2.141E+00   8.812E+00  3.518E-01 
2.166E+00   8.853E+00  3.516E-01 
2.191E+00   8.894E+00  3.514E-01 
2.216E+00   8.935E+00  3.512E-01 
2.242E+00   8.976E+00  3.510E-01 
2.268E+00   9.018E+00  3.507E-01 
2.294E+00   9.060E+00  3.505E-01 
2.321E+00   9.102E+00  3.502E-01 
2.348E+00   9.144E+00  3.500E-01 
2.375E+00   9.187E+00  3.497E-01 
2.402E+00   9.230E+00  3.494E-01 
2.430E+00   9.273E+00  3.491E-01 
2.458E+00   9.316E+00  3.489E-01 
2.487E+00   9.360E+00  3.486E-01 
2.516E+00   9.404E+00  3.482E-01 
2.545E+00   9.449E+00  3.479E-01 
2.574E+00   9.493E+00  3.476E-01 
2.604E+00   9.538E+00  3.473E-01 
2.635E+00   9.583E+00  3.469E-01 
2.665E+00   9.629E+00  3.466E-01 
2.696E+00   9.675E+00  3.463E-01 
2.727E+00   9.721E+00  3.459E-01 
2.759E+00   9.767E+00  3.455E-01 
2.791E+00   9.814E+00  3.452E-01 
2.823E+00   9.861E+00  3.448E-01 
2.856E+00   9.908E+00  3.444E-01 
2.889E+00   9.955E+00  3.440E-01 
2.923E+00   1.000E+01  3.436E-01 
2.957E+00   1.005E+01  3.432E-01 
2.991E+00   1.010E+01  3.428E-01 
3.026E+00   1.015E+01  3.423E-01 
3.061E+00   1.020E+01  3.419E-01 
3.096E+00   1.025E+01  3.415E-01 
3.132E+00   1.030E+01  3.410E-01 
3.168E+00   1.035E+01  3.406E-01 
3.205E+00   1.040E+01  3.401E-01 
3.242E+00   1.045E+01  3.396E-01 
3.280E+00   1.050E+01  3.391E-01 
3.318E+00   1.055E+01  3.387E-01 
3.356E+00   1.060E+01  3.382E-01 
3.395E+00   1.065E+01  3.377E-01 
3.435E+00   1.071E+01  3.372E-01 
3.475E+00   1.076E+01  3.367E-01 
3.515E+00   1.081E+01  3.361E-01 
3.556E+00   1.087E+01  3.356E-01 
3.597E+00   1.092E+01  3.351E-01 
3.639E+00   1.097E+01  3.345E-01 
3.681E+00   1.103E+01  3.340E-01 
3.724E+00   1.108E+01  3.334E-01 
3.767E+00   1.114E+01  3.328E-01 
3.810E+00   1.119E+01  3.323E-01 
3.855E+00   1.125E+01  3.317E-01 
3.899E+00   1.130E+01  3.311E-01 
3.945E+00   1.136E+01  3.305E-01 
3.990E+00   1.142E+01  3.299E-01 
4.037E+00   1.147E+01  3.293E-01 
4.083E+00   1.153E+01  3.287E-01 
4.131E+00   1.159E+01  3.281E-01 
4.179E+00   1.165E+01  3.274E-01 
4.227E+00   1.171E+01  3.268E-01 
4.276E+00   1.177E+01  3.262E-01 
4.326E+00   1.183E+01  3.255E-01 
4.376E+00   1.189E+01  3.249E-01 
4.427E+00   1.195E+01  3.242E-01 
4.478E+00   1.201E+01  3.235E-01 
4.530E+00   1.207E+01  3.229E-01 
4.583E+00   1.213E+01  3.222E-01 
4.636E+00   1.219E+01  3.215E-01 
4.690E+00   1.225E+01  3.208E-01 
4.744E+00   1.231E+01  3.201E-01 
4.799E+00   1.238E+01  3.194E-01 
4.855E+00   1.244E+01  3.187E-01 
4.911E+00   1.250E+01  3.179E-01 
4.968E+00   1.257E+01  3.172E-01 
5.026E+00   1.263E+01  3.165E-01 
5.084E+00   1.270E+01  3.157E-01 
5.143E+00   1.276E+01  3.150E-01 
5.202E+00   1.283E+01  3.142E-01 
5.263E+00   1.289E+01  3.135E-01 
5.324E+00   1.296E+01  3.127E-01 
5.386E+00   1.303E+01  3.120E-01 
5.448E+00   1.310E+01  3.112E-01 
5.511E+00   1.316E+01  3.104E-01 
5.575E+00   1.323E+01  3.096E-01 
5.640E+00   1.330E+01  3.088E-01 
5.705E+00   1.337E+01  3.080E-01 
5.771E+00   1.344E+01  3.072E-01 
5.838E+00   1.351E+01  3.064E-01 
5.906E+00   1.358E+01  3.056E-01 
5.975E+00   1.365E+01  3.047E-01 
6.044E+00   1.372E+01  3.039E-01 
6.114E+00   1.379E+01  3.031E-01 
6.185E+00   1.386E+01  3.022E-01 
6.257E+00   1.394E+01  3.014E-01 
6.329E+00   1.401E+01  3.005E-01 
6.403E+00   1.408E+01  2.997E-01 
6.477E+00   1.416E+01  2.988E-01 
6.552E+00   1.423E+01  2.980E-01 
6.628E+00   1.431E+01  2.971E-01 
6.705E+00   1.438E+01  2.962E-01 
6.783E+00   1.446E+01  2.953E-01 
6.861E+00   1.453E+01  2.944E-01 
6.941E+00   1.461E+01  2.936E-01 
7.021E+00   1.469E+01  2.927E-01 
7.103E+00   1.476E+01  2.918E-01 
7.185E+00   1.484E+01  2.909E-01 
7.269E+00   1.492E+01  2.899E-01 
7.353E+00   1.500E+01  2.890E-01 
7.438E+00   1.508E+01  2.881E-01 
7.524E+00   1.516E+01  2.872E-01 
7.612E+00   1.524E+01  2.863E-01 
7.700E+00   1.532E+01  2.853E-01 
7.789E+00   1.540E+01  2.844E-01 
7.880E+00   1.548E+01  2.834E-01 
7.971E+00   1.557E+01  2.825E-01 
8.064E+00   1.565E+01  2.815E-01 
8.157E+00   1.573E+01  2.806E-01 
8.252E+00   1.582E+01  2.796E-01 
8.347E+00   1.590E+01  2.787E-01 
8.444E+00   1.599E+01  2.777E-01 
8.542E+00   1.607E+01  2.767E-01 
8.641E+00   1.616E+01  2.758E-01 
8.741E+00   1.624E+01  2.748E-01 
8.843E+00   1.633E+01  2.738E-01 
8.945E+00   1.642E+01  2.728E-01 
9.049E+00   1.651E+01  2.718E-01 
9.154E+00   1.659E+01  2.708E-01 
9.260E+00   1.668E+01  2.699E-01 
9.368E+00   1.677E+01  2.689E-01 
9.476E+00   1.686E+01  2.679E-01 
9.586E+00   1.695E+01  2.669E-01 
9.698E+00   1.704E+01  2.658E-01 
9.810E+00   1.714E+01  2.648E-01 
9.924E+00   1.723E+01  2.638E-01 
1.004E+01   1.732E+01  2.628E-01 
1.016E+01   1.741E+01  2.618E-01 
1.027E+01   1.751E+01  2.608E-01 
1.039E+01   1.760E+01  2.598E-01 
1.051E+01   1.770E+01  2.587E-01 
1.063E+01   1.779E+01  2.577E-01 
1.076E+01   1.789E+01  2.567E-01 
1.088E+01   1.798E+01  2.556E-01 
1.101E+01   1.808E+01  2.546E-01 
1.114E+01   1.818E+01  2.536E-01 
1.127E+01   1.828E+01  2.525E-01 
1.140E+01   1.837E+01  2.515E-01 
1.153E+01   1.847E+01  2.504E-01 
1.166E+01   1.857E+01  2.494E-01 
1.180E+01   1.867E+01  2.484E-01 
1.193E+01   1.877E+01  2.473E-01 
1.207E+01   1.887E+01  2.463E-01 
1.221E+01   1.898E+01  2.452E-01 
1.235E+01   1.908E+01  2.442E-01 
1.250E+01   1.918E+01  2.431E-01 
1.264E+01   1.929E+01  2.420E-01 
1.279E+01   1.939E+01  2.410E-01 
1.294E+01   1.949E+01  2.399E-01 
1.309E+01   1.960E+01  2.389E-01 
1.324E+01   1.970E+01  2.378E-01 
1.339E+01   1.981E+01  2.367E-01 
1.355E+01   1.992E+01  2.357E-01 
1.371E+01   2.002E+01  2.346E-01 
1.387E+01   2.013E+01  2.336E-01 
1.403E+01   2.024E+01  2.325E-01 
1.419E+01   2.035E+01  2.314E-01 
1.435E+01   2.046E+01  2.304E-01 
1.452E+01   2.057E+01  2.293E-01 
1.469E+01   2.068E+01  2.282E-01 
1.486E+01   2.079E+01  2.272E-01 
1.503E+01   2.090E+01  2.261E-01 
1.521E+01   2.101E+01  2.250E-01 
1.538E+01   2.113E+01  2.240E-01 
1.556E+01   2.124E+01  2.229E-01 
1.574E+01   2.135E+01  2.218E-01 
1.592E+01   2.147E+01  2.207E-01 
1.611E+01   2.158E+01  2.197E-01 
1.629E+01   2.170E+01  2.186E-01 
1.648E+01   2.181E+01  2.175E-01 
1.667E+01   2.193E+01  2.165E-01 
1.687E+01   2.205E+01  2.154E-01 
1.706E+01   2.216E+01  2.143E-01 
1.726E+01   2.228E+01  2.133E-01 
1.746E+01   2.240E+01  2.122E-01 
1.766E+01   2.252E+01  2.111E-01 
1.787E+01   2.264E+01  2.101E-01 
1.808E+01   2.276E+01  2.090E-01 
1.829E+01   2.288E+01  2.079E-01 
1.850E+01   2.300E+01  2.069E-01 
1.871E+01   2.312E+01  2.058E-01 
1.893E+01   2.324E+01  2.047E-01 
1.915E+01   2.336E+01  2.037E-01 
1.937E+01   2.349E+01  2.026E-01 
1.960E+01   2.361E+01  2.016E-01 
1.982E+01   2.373E+01  2.005E-01 
2.005E+01   2.386E+01  1.994E-01 
2.029E+01   2.398E+01  1.984E-01 
2.052E+01   2.411E+01  1.973E-01 
2.076E+01   2.423E+01  1.963E-01 
2.100E+01   2.436E+01  1.952E-01 
2.124E+01   2.449E+01  1.942E-01 
2.149E+01   2.461E+01  1.931E-01 
2.174E+01   2.474E+01  1.921E-01 
2.199E+01   2.487E+01  1.910E-01 
2.225E+01   2.500E+01  1.900E-01 
2.250E+01   2.512E+01  1.889E-01 
2.277E+01   2.525E+01  1.879E-01 
2.303E+01   2.538E+01  1.868E-01 
2.330E+01   2.551E+01  1.858E-01 
2.357E+01   2.564E+01  1.848E-01 
2.384E+01   2.577E+01  1.837E-01 
2.412E+01   2.590E+01  1.827E-01 
2.440E+01   2.603E+01  1.817E-01 
2.468E+01   2.617E+01  1.806E-01 
2.497E+01   2.630E+01  1.796E-01 
2.526E+01   2.643E+01  1.786E-01 
2.555E+01   2.656E+01  1.776E-01 
2.584E+01   2.669E+01  1.765E-01 
2.614E+01   2.683E+01  1.755E-01 
2.645E+01   2.696E+01  1.745E-01 
2.675E+01   2.709E+01  1.735E-01 
2.707E+01   2.723E+01  1.725E-01 
2.738E+01   2.736E+01  1.715E-01 
2.770E+01   2.749E+01  1.705E-01 
2.802E+01   2.763E+01  1.695E-01 
2.834E+01   2.776E+01  1.685E-01 
2.867E+01   2.790E+01  1.675E-01 
2.900E+01   2.803E+01  1.665E-01 
2.934E+01   2.817E+01  1.655E-01 
2.968E+01   2.830E+01  1.645E-01 
3.003E+01   2.844E+01  1.635E-01 
3.037E+01   2.857E+01  1.625E-01 
3.073E+01   2.871E+01  1.615E-01 
3.108E+01   2.884E+01  1.606E-01 
3.144E+01   2.898E+01  1.596E-01 
3.181E+01   2.911E+01  1.586E-01 
3.218E+01   2.925E+01  1.576E-01 
3.255E+01   2.939E+01  1.567E-01 
3.293E+01   2.952E+01  1.557E-01 
3.331E+01   2.966E+01  1.547E-01 
3.370E+01   2.979E+01  1.538E-01 
3.409E+01   2.993E+01  1.528E-01 
3.448E+01   3.006E+01  1.519E-01 
3.488E+01   3.020E+01  1.509E-01 
3.529E+01   3.033E+01  1.500E-01 
3.570E+01   3.047E+01  1.490E-01 
3.611E+01   3.060E+01  1.481E-01 
3.653E+01   3.074E+01  1.471E-01 
3.695E+01   3.087E+01  1.462E-01 
3.738E+01   3.100E+01  1.453E-01 
3.781E+01   3.114E+01  1.444E-01 
3.825E+01   3.127E+01  1.434E-01 
3.870E+01   3.140E+01  1.425E-01 
3.915E+01   3.154E+01  1.416E-01 
3.960E+01   3.167E+01  1.407E-01 
4.006E+01   3.180E+01  1.398E-01 
4.052E+01   3.193E+01  1.389E-01 
4.099E+01   3.206E+01  1.380E-01 
4.147E+01   3.219E+01  1.371E-01 
4.195E+01   3.232E+01  1.362E-01 
4.244E+01   3.245E+01  1.353E-01 
4.293E+01   3.258E+01  1.344E-01 
4.343E+01   3.271E+01  1.335E-01 
4.393E+01   3.284E+01  1.326E-01 
4.444E+01   3.297E+01  1.317E-01 
4.496E+01   3.309E+01  1.309E-01 
4.548E+01   3.322E+01  1.300E-01 
4.600E+01   3.334E+01  1.291E-01 
4.654E+01   3.347E+01  1.282E-01 
4.708E+01   3.359E+01  1.274E-01 
4.762E+01   3.372E+01  1.265E-01 
4.818E+01   3.384E+01  1.257E-01 
4.873E+01   3.396E+01  1.248E-01 
4.930E+01   3.408E+01  1.240E-01 
4.987E+01   3.420E+01  1.231E-01 
5.045E+01   3.432E+01  1.223E-01 
5.104E+01   3.443E+01  1.215E-01 
5.163E+01   3.455E+01  1.206E-01 
5.223E+01   3.467E+01  1.198E-01 
5.283E+01   3.478E+01  1.190E-01 
5.344E+01   3.489E+01  1.182E-01 
5.406E+01   3.501E+01  1.173E-01 
5.469E+01   3.512E+01  1.165E-01 
5.533E+01   3.523E+01  1.157E-01 
5.597E+01   3.533E+01  1.149E-01 
5.662E+01   3.544E+01  1.141E-01 
5.727E+01   3.555E+01  1.133E-01 
5.794E+01   3.565E+01  1.125E-01 
5.861E+01   3.575E+01  1.117E-01 
5.929E+01   3.586E+01  1.110E-01 
5.998E+01   3.596E+01  1.102E-01 
6.067E+01   3.605E+01  1.094E-01 
6.138E+01   3.615E+01  1.086E-01 
6.209E+01   3.625E+01  1.078E-01 
6.281E+01   3.634E+01  1.071E-01 
6.354E+01   3.643E+01  1.063E-01 
6.427E+01   3.652E+01  1.056E-01 
6.502E+01   3.661E+01  1.048E-01 
6.577E+01   3.670E+01  1.041E-01 
6.654E+01   3.679E+01  1.033E-01 
6.731E+01   3.687E+01  1.026E-01 
6.809E+01   3.695E+01  1.018E-01 
6.888E+01   3.703E+01  1.011E-01 
6.968E+01   3.711E+01  1.004E-01 
7.049E+01   3.719E+01  9.963E-02 
7.130E+01   3.726E+01  9.891E-02 
7.213E+01   3.734E+01  9.819E-02 
7.297E+01   3.741E+01  9.747E-02 
7.381E+01   3.748E+01  9.676E-02 
7.467E+01   3.754E+01  9.605E-02 
7.554E+01   3.761E+01  9.535E-02 
7.641E+01   3.767E+01  9.464E-02 
7.730E+01   3.773E+01  9.395E-02 
7.820E+01   3.779E+01  9.325E-02 
7.910E+01   3.785E+01  9.257E-02 
8.002E+01   3.790E+01  9.188E-02 
8.095E+01   3.795E+01  9.120E-02 
8.189E+01   3.800E+01  9.052E-02 
8.284E+01   3.805E+01  8.985E-02 
8.380E+01   3.810E+01  8.918E-02 
8.477E+01   3.814E+01  8.851E-02 
8.575E+01   3.818E+01  8.785E-02 
8.675E+01   3.822E+01  8.719E-02 
8.775E+01   3.826E+01  8.654E-02 
8.877E+01   3.829E+01  8.588E-02 
8.980E+01   3.832E+01  8.524E-02 
9.084E+01   3.835E+01  8.459E-02 
9.190E+01   3.838E+01  8.395E-02 
9.296E+01   3.840E+01  8.332E-02 
9.404E+01   3.843E+01  8.269E-02 
9.513E+01   3.845E+01  8.206E-02 
9.624E+01   3.846E+01  8.143E-02 
9.735E+01   3.848E+01  8.081E-02 
9.848E+01   3.849E+01  8.020E-02 
9.962E+01   3.850E+01  7.958E-02 
1.008E+02   3.851E+01  7.897E-02 
1.019E+02   3.852E+01  7.837E-02 
1.031E+02   3.852E+01  7.776E-02 
1.043E+02   3.852E+01  7.717E-02 
1.055E+02   3.852E+01  7.657E-02 
1.068E+02   3.851E+01  7.598E-02 
1.080E+02   3.851E+01  7.539E-02 
1.093E+02   3.850E+01  7.481E-02 
1.105E+02   3.849E+01  7.423E-02 
1.118E+02   3.847E+01  7.365E-02 
1.131E+02   3.846E+01  7.308E-02 
1.144E+02   3.844E+01  7.251E-02 
1.157E+02   3.842E+01  7.194E-02 
1.171E+02   3.840E+01  7.138E-02 
1.184E+02   3.837E+01  7.082E-02 
1.198E+02   3.834E+01  7.027E-02 
1.212E+02   3.831E+01  6.972E-02 
1.226E+02   3.828E+01  6.917E-02 
1.240E+02   3.825E+01  6.862E-02 
1.255E+02   3.821E+01  6.808E-02 
1.269E+02   3.817E+01  6.754E-02 
1.284E+02   3.813E+01  6.701E-02 
1.299E+02   3.809E+01  6.648E-02 
1.314E+02   3.804E+01  6.595E-02 
1.329E+02   3.799E+01  6.543E-02 
1.345E+02   3.794E+01  6.491E-02 
1.360E+02   3.789E+01  6.439E-02 
1.376E+02   3.784E+01  6.388E-02 
1.392E+02   3.778E+01  6.337E-02 
1.408E+02   3.772E+01  6.286E-02 
1.424E+02   3.766E+01  6.236E-02 
1.441E+02   3.760E+01  6.186E-02 
1.458E+02   3.753E+01  6.136E-02 
1.475E+02   3.747E+01  6.087E-02 
1.492E+02   3.740E+01  6.038E-02 
1.509E+02   3.733E+01  5.990E-02 
1.526E+02   3.726E+01  5.941E-02 
1.544E+02   3.718E+01  5.893E-02 
1.562E+02   3.711E+01  5.846E-02 
1.580E+02   3.703E+01  5.910E-02 
1.598E+02   3.695E+01  5.862E-02 
1.617E+02   3.687E+01  5.814E-02 
1.636E+02   3.678E+01  5.767E-02 
1.655E+02   3.670E+01  5.720E-02 
1.674E+02   3.661E+01  5.673E-02 
1.693E+02   3.653E+01  5.627E-02 
1.713E+02   3.644E+01  5.581E-02 
1.733E+02   3.634E+01  5.535E-02 
1.753E+02   3.625E+01  5.489E-02 
1.773E+02   3.616E+01  5.444E-02 
1.794E+02   3.606E+01  5.400E-02 
1.815E+02   3.597E+01  5.355E-02 
1.836E+02   3.587E+01  5.311E-02 
1.857E+02   3.577E+01  5.267E-02 
1.879E+02   3.567E+01  5.223E-02 
1.900E+02   3.556E+01  5.180E-02 
1.922E+02   3.546E+01  5.137E-02 
1.945E+02   3.536E+01  5.095E-02 
1.967E+02   3.525E+01  5.052E-02 
1.990E+02   3.514E+01  5.010E-02 
2.013E+02   3.503E+01  4.968E-02 
2.036E+02   3.492E+01  4.927E-02 
2.060E+02   3.481E+01  4.886E-02 
2.084E+02   3.470E+01  4.845E-02 
2.108E+02   3.459E+01  4.804E-02 
2.133E+02   3.447E+01  4.764E-02 
2.157E+02   3.436E+01  4.724E-02 
2.182E+02   3.424E+01  4.685E-02 
2.208E+02   3.412E+01  4.645E-02 
2.233E+02   3.401E+01  4.606E-02 
2.259E+02   3.389E+01  4.567E-02 
2.285E+02   3.377E+01  4.529E-02 
2.312E+02   3.365E+01  4.490E-02 
2.339E+02   3.353E+01  4.452E-02 
2.366E+02   3.340E+01  4.415E-02 
2.393E+02   3.328E+01  4.377E-02 
2.421E+02   3.316E+01  4.340E-02 
2.449E+02   3.303E+01  4.303E-02 
2.478E+02   3.291E+01  4.267E-02 
2.506E+02   3.278E+01  4.230E-02 
2.535E+02   3.266E+01  4.194E-02 
2.565E+02   3.253E+01  4.159E-02 
2.595E+02   3.240E+01  4.123E-02 
2.625E+02   3.227E+01  4.088E-02 
2.655E+02   3.214E+01  4.053E-02 
2.686E+02   3.201E+01  4.018E-02 
2.717E+02   3.188E+01  3.984E-02 
2.749E+02   3.175E+01  3.950E-02 
2.780E+02   3.162E+01  3.916E-02 
2.813E+02   3.149E+01  3.882E-02 
2.845E+02   3.136E+01  3.849E-02 
2.878E+02   3.123E+01  3.816E-02 
2.912E+02   3.110E+01  3.783E-02 
2.945E+02   3.096E+01  3.750E-02 
2.980E+02   3.083E+01  3.718E-02 
3.014E+02   3.070E+01  3.685E-02 
3.049E+02   3.056E+01  3.654E-02 
3.085E+02   3.043E+01  3.622E-02 
3.120E+02   3.029E+01  3.591E-02 
3.156E+02   3.016E+01  3.559E-02 
3.193E+02   3.002E+01  3.528E-02 
3.230E+02   2.989E+01  3.498E-02 
3.268E+02   2.975E+01  3.467E-02 
3.306E+02   2.961E+01  3.437E-02 
3.344E+02   2.948E+01  3.407E-02 
3.383E+02   2.934E+01  3.378E-02 
3.422E+02   2.921E+01  3.348E-02 
3.462E+02   2.907E+01  3.319E-02 
3.502E+02   2.893E+01  3.290E-02 
3.542E+02   2.880E+01  3.261E-02 
3.583E+02   2.866E+01  3.232E-02 
3.625E+02   2.852E+01  3.204E-02 
3.667E+02   2.838E+01  3.176E-02 
3.710E+02   2.825E+01  3.148E-02 
3.753E+02   2.811E+01  3.120E-02 
3.796E+02   2.797E+01  3.093E-02 
3.840E+02   2.783E+01  3.066E-02 
3.885E+02   2.770E+01  3.039E-02 
3.930E+02   2.756E+01  3.012E-02 
3.975E+02   2.742E+01  2.985E-02 
4.021E+02   2.728E+01  2.959E-02 
4.068E+02   2.715E+01  2.933E-02 
4.115E+02   2.701E+01  2.907E-02 
4.163E+02   2.687E+01  2.881E-02 
4.211E+02   2.673E+01  2.856E-02 
4.260E+02   2.660E+01  2.830E-02 
4.310E+02   2.646E+01  2.805E-02 
4.360E+02   2.632E+01  2.780E-02 
4.410E+02   2.618E+01  2.755E-02 
4.461E+02   2.605E+01  2.731E-02 
4.513E+02   2.591E+01  2.707E-02 
4.565E+02   2.577E+01  2.683E-02 
4.618E+02   2.564E+01  2.659E-02 
4.672E+02   2.550E+01  2.635E-02 
4.726E+02   2.536E+01  2.611E-02 
4.781E+02   2.523E+01  2.588E-02 
4.836E+02   2.509E+01  2.565E-02 
4.892E+02   2.496E+01  2.542E-02 
4.949E+02   2.482E+01  2.519E-02 
5.007E+02   2.468E+01  2.497E-02 
5.065E+02   2.455E+01  2.474E-02 
5.123E+02   2.441E+01  2.452E-02 
5.183E+02   2.428E+01  2.430E-02 
5.243E+02   2.414E+01  2.408E-02 
5.304E+02   2.401E+01  2.387E-02 
5.365E+02   2.388E+01  2.365E-02 
5.428E+02   2.374E+01  2.344E-02 
5.490E+02   2.361E+01  2.323E-02 
5.554E+02   2.347E+01  2.302E-02 
5.619E+02   2.334E+01  2.281E-02 
5.684E+02   2.321E+01  2.260E-02 
5.750E+02   2.308E+01  2.240E-02 
5.816E+02   2.294E+01  2.220E-02 
5.884E+02   2.281E+01  2.200E-02 
5.952E+02   2.268E+01  2.180E-02 
6.021E+02   2.255E+01  2.160E-02 
6.091E+02   2.242E+01  2.140E-02 
6.162E+02   2.229E+01  2.121E-02 
6.233E+02   2.216E+01  2.102E-02 
6.305E+02   2.203E+01  2.083E-02 
6.378E+02   2.190E+01  2.064E-02 
6.452E+02   2.177E+01  2.045E-02 
6.527E+02   2.164E+01  2.026E-02 
6.603E+02   2.151E+01  2.008E-02 
6.680E+02   2.138E+01  1.990E-02 
6.757E+02   2.125E+01  1.972E-02 
6.835E+02   2.112E+01  1.954E-02 
6.915E+02   2.100E+01  1.936E-02 
6.995E+02   2.087E+01  1.918E-02 
7.076E+02   2.074E+01  1.900E-02 
7.158E+02   2.062E+01  1.883E-02 
7.241E+02   2.049E+01  1.866E-02 
7.325E+02   2.037E+01  1.849E-02 
7.410E+02   2.024E+01  1.832E-02 
7.496E+02   2.012E+01  1.815E-02 
7.583E+02   1.999E+01  1.798E-02 
7.671E+02   1.987E+01  1.782E-02 
7.760E+02   1.975E+01  1.766E-02 
7.850E+02   1.962E+01  1.749E-02 
7.941E+02   1.950E+01  1.733E-02 
8.033E+02   1.938E+01  1.717E-02 
8.126E+02   1.926E+01  1.702E-02 
8.221E+02   1.914E+01  1.686E-02 
8.316E+02   1.902E+01  1.670E-02 
8.412E+02   1.890E+01  1.655E-02 
8.510E+02   1.878E+01  1.640E-02 
8.609E+02   1.866E+01  1.625E-02 
8.709E+02   1.854E+01  1.610E-02 
8.810E+02   1.842E+01  1.595E-02 
8.912E+02   1.830E+01  1.580E-02 
9.015E+02   1.818E+01  1.565E-02 
9.120E+02   1.807E+01  1.551E-02 
9.225E+02   1.795E+01  1.537E-02 
9.332E+02   1.783E+01  1.522E-02 
9.441E+02   1.772E+01  1.508E-02 
9.550E+02   1.760E+01  1.494E-02 
9.661E+02   1.749E+01  1.480E-02 
9.773E+02   1.738E+01  1.467E-02 
9.886E+02   1.726E+01  1.453E-02 
1.000E+03   1.715E+01  1.439E-02 
1.012E+03   1.704E+01  1.426E-02 
1.023E+03   1.696E+01  1.413E-02 
1.035E+03   1.687E+01  1.400E-02 
1.047E+03   1.678E+01  1.387E-02 
1.059E+03   1.669E+01  1.374E-02 
1.072E+03   1.660E+01  1.361E-02 
1.084E+03   1.651E+01  1.348E-02 
1.097E+03   1.641E+01  1.336E-02 
1.109E+03   1.632E+01  1.323E-02 
1.122E+03   1.623E+01  1.311E-02 
1.135E+03   1.613E+01  1.299E-02 
1.149E+03   1.603E+01  1.286E-02 
1.162E+03   1.593E+01  1.274E-02 
1.175E+03   1.583E+01  1.263E-02 
1.189E+03   1.573E+01  1.251E-02 
1.203E+03   1.563E+01  1.239E-02 
1.217E+03   1.553E+01  1.227E-02 
1.231E+03   1.544E+01  1.216E-02 
1.245E+03   1.535E+01  1.204E-02 
1.260E+03   1.526E+01  1.193E-02 
1.274E+03   1.517E+01  1.182E-02 
1.289E+03   1.508E+01  1.171E-02 
1.304E+03   1.499E+01  1.160E-02 
1.319E+03   1.490E+01  1.149E-02 
1.334E+03   1.481E+01  1.138E-02 
1.350E+03   1.472E+01  1.127E-02 
1.365E+03   1.463E+01  1.117E-02 
1.381E+03   1.454E+01  1.106E-02 
1.397E+03   1.445E+01  1.096E-02 
1.414E+03   1.436E+01  1.086E-02 
1.430E+03   1.428E+01  1.075E-02 
1.446E+03   1.419E+01  1.065E-02 
1.463E+03   1.410E+01  1.055E-02 
1.480E+03   1.401E+01  1.045E-02 
1.497E+03   1.393E+01  1.035E-02 
1.515E+03   1.384E+01  1.026E-02 
1.532E+03   1.375E+01  1.016E-02 
1.550E+03   1.367E+01  1.006E-02 
1.568E+03   1.358E+01  9.967E-03 
1.586E+03   1.350E+01  9.873E-03 
1.605E+03   1.341E+01  9.779E-03 
1.623E+03   1.333E+01  9.687E-03 
1.642E+03   1.325E+01  9.595E-03 
1.661E+03   1.316E+01  9.504E-03 
1.680E+03   1.308E+01  9.414E-03 
1.700E+03   1.300E+01  9.324E-03 
1.720E+03   1.291E+01  9.236E-03 
1.740E+03   1.283E+01  9.148E-03 
1.760E+03   1.275E+01  9.061E-03 
1.780E+03   1.267E+01  8.975E-03 
1.801E+03   1.259E+01  8.890E-03 
1.822E+03   1.251E+01  8.805E-03 
1.843E+03   1.242E+01  8.721E-03 
1.864E+03   1.234E+01  8.638E-03 
1.886E+03   1.227E+01  8.556E-03 
1.908E+03   1.219E+01  8.474E-03 
1.930E+03   1.211E+01  8.394E-03 
1.952E+03   1.203E+01  8.314E-03 
1.975E+03   1.195E+01  8.234E-03 
1.998E+03   1.187E+01  8.156E-03 
2.021E+03   1.179E+01  8.078E-03 
2.044E+03   1.172E+01  8.001E-03 
2.068E+03   1.164E+01  7.924E-03 
2.092E+03   1.156E+01  7.848E-03 
2.116E+03   1.149E+01  7.773E-03 
2.141E+03   1.141E+01  7.699E-03 
2.166E+03   1.134E+01  7.625E-03 
2.191E+03   1.126E+01  7.552E-03 
2.216E+03   1.119E+01  7.480E-03 
2.242E+03   1.111E+01  7.408E-03 
2.268E+03   1.104E+01  7.337E-03 
2.294E+03   1.097E+01  7.267E-03 
2.321E+03   1.089E+01  7.197E-03 
2.348E+03   1.082E+01  7.128E-03 
2.375E+03   1.075E+01  7.060E-03 
2.403E+03   1.068E+01  6.992E-03 
2.431E+03   1.060E+01  6.925E-03 
2.459E+03   1.053E+01  6.858E-03 
2.487E+03   1.046E+01  6.792E-03 
2.516E+03   1.039E+01  6.727E-03 
2.545E+03   1.032E+01  6.662E-03 
2.575E+03   1.025E+01  6.598E-03 
2.605E+03   1.018E+01  6.535E-03 
2.635E+03   1.011E+01  6.472E-03 
2.665E+03   1.004E+01  6.409E-03 
2.696E+03   9.977E+00  6.348E-03 
2.728E+03   9.909E+00  6.286E-03 
2.759E+03   9.841E+00  6.226E-03 
2.791E+03   9.774E+00  6.166E-03 
2.824E+03   9.707E+00  6.106E-03 
2.856E+03   9.640E+00  6.047E-03 
2.889E+03   9.574E+00  5.989E-03 
2.923E+03   9.508E+00  5.931E-03 
2.957E+03   9.442E+00  5.874E-03 
2.991E+03   9.377E+00  5.817E-03 
3.026E+03   9.312E+00  5.761E-03 
3.061E+03   9.248E+00  5.705E-03 
3.097E+03   9.184E+00  5.650E-03 
3.132E+03   9.120E+00  5.595E-03 
3.169E+03   9.056E+00  5.541E-03 
3.206E+03   8.993E+00  5.487E-03 
3.243E+03   8.930E+00  5.434E-03 
3.280E+03   8.868E+00  5.381E-03 
3.318E+03   8.806E+00  5.329E-03 
3.357E+03   8.744E+00  5.278E-03 
3.396E+03   8.683E+00  5.226E-03 
3.435E+03   8.622E+00  5.176E-03 
3.475E+03   8.561E+00  5.125E-03 
3.515E+03   8.501E+00  5.076E-03 
3.556E+03   8.441E+00  5.026E-03 
3.597E+03   8.381E+00  4.977E-03 
3.639E+03   8.321E+00  4.929E-03 
3.681E+03   8.262E+00  4.881E-03 
3.724E+03   8.204E+00  4.834E-03 
3.767E+03   8.145E+00  4.787E-03 
3.811E+03   8.087E+00  4.740E-03 
3.855E+03   8.029E+00  4.694E-03 
3.900E+03   7.972E+00  4.648E-03 
3.945E+03   7.915E+00  4.603E-03 
3.991E+03   7.858E+00  4.558E-03 
4.037E+03   7.802E+00  4.514E-03 
4.084E+03   7.746E+00  4.470E-03 
4.131E+03   7.690E+00  4.426E-03 
4.179E+03   7.634E+00  4.383E-03 
4.228E+03   7.579E+00  4.340E-03 
4.277E+03   7.524E+00  4.298E-03 
4.326E+03   7.470E+00  4.256E-03 
4.376E+03   7.416E+00  4.214E-03 
4.427E+03   7.362E+00  4.173E-03 
4.479E+03   7.308E+00  4.132E-03 
4.531E+03   7.255E+00  4.092E-03 
4.583E+03   7.202E+00  4.052E-03 
4.636E+03   7.150E+00  4.012E-03 
4.690E+03   7.097E+00  3.973E-03 
4.744E+03   7.045E+00  3.934E-03 
4.799E+03   6.993E+00  3.895E-03 
4.855E+03   6.942E+00  3.857E-03 
4.911E+03   6.891E+00  3.819E-03 
4.968E+03   6.840E+00  3.782E-03 
5.026E+03   6.790E+00  3.745E-03 
5.084E+03   6.740E+00  3.708E-03 
5.143E+03   6.690E+00  3.672E-03 
5.203E+03   6.640E+00  3.636E-03 
5.263E+03   6.591E+00  3.600E-03 
5.324E+03   6.542E+00  3.565E-03 
5.386E+03   6.493E+00  3.530E-03 
5.449E+03   6.445E+00  3.495E-03 
5.512E+03   6.397E+00  3.461E-03 
5.576E+03   6.349E+00  3.427E-03 
5.640E+03   6.301E+00  3.393E-03 
5.706E+03   6.254E+00  3.360E-03 
5.772E+03   6.207E+00  3.327E-03 
5.839E+03   6.161E+00  3.294E-03 
5.907E+03   6.114E+00  3.262E-03 
5.975E+03   6.068E+00  3.229E-03 
6.045E+03   6.023E+00  3.198E-03 
6.115E+03   5.977E+00  3.166E-03 
6.186E+03   5.932E+00  3.135E-03 
6.257E+03   5.887E+00  3.104E-03 
6.330E+03   5.842E+00  3.073E-03 
6.403E+03   5.798E+00  3.043E-03 
6.478E+03   5.754E+00  3.013E-03 
6.553E+03   5.710E+00  2.983E-03 
6.629E+03   5.667E+00  2.954E-03 
6.706E+03   5.623E+00  2.925E-03 
6.783E+03   5.581E+00  2.896E-03 
6.862E+03   5.538E+00  2.867E-03 
6.942E+03   5.495E+00  2.839E-03 
7.022E+03   5.453E+00  2.811E-03 
7.104E+03   5.411E+00  2.783E-03 
7.186E+03   5.370E+00  2.756E-03 
7.269E+03   5.329E+00  2.728E-03 
7.354E+03   5.287E+00  2.701E-03 
7.439E+03   5.247E+00  2.675E-03 
7.525E+03   5.206E+00  2.648E-03 
7.613E+03   5.166E+00  2.622E-03 
7.701E+03   5.126E+00  2.596E-03 
7.790E+03   5.086E+00  2.570E-03 
7.881E+03   5.047E+00  2.545E-03 
7.972E+03   5.007E+00  2.520E-03 
8.064E+03   4.969E+00  2.495E-03 
8.158E+03   4.930E+00  2.470E-03 
8.253E+03   4.891E+00  2.446E-03 
8.348E+03   4.853E+00  2.421E-03 
8.445E+03   4.815E+00  2.397E-03 
8.543E+03   4.778E+00  2.373E-03 
8.642E+03   4.740E+00  2.350E-03 
8.742E+03   4.703E+00  2.327E-03 
8.844E+03   4.666E+00  2.303E-03 
8.946E+03   4.629E+00  2.281E-03 
9.050E+03   4.593E+00  2.258E-03 
9.155E+03   4.557E+00  2.235E-03 
9.261E+03   4.521E+00  2.213E-03 
9.369E+03   4.485E+00  2.191E-03 
9.477E+03   4.450E+00  2.169E-03 
9.587E+03   4.414E+00  2.148E-03 
9.699E+03   4.380E+00  2.127E-03 
9.811E+03   4.345E+00  2.105E-03 
9.925E+03   4.310E+00  2.084E-03 
1.004E+04   4.276E+00  2.064E-03 
1.016E+04   4.242E+00  2.043E-03 
1.027E+04   4.208E+00  2.023E-03 
1.039E+04   4.175E+00  2.003E-03 
1.051E+04   4.141E+00  1.983E-03 
1.064E+04   4.108E+00  1.963E-03 
1.076E+04   4.076E+00  1.943E-03 
1.088E+04   4.043E+00  1.924E-03 
1.101E+04   4.011E+00  1.905E-03 
1.114E+04   3.978E+00  1.886E-03 
1.127E+04   3.946E+00  1.867E-03 
1.140E+04   3.915E+00  1.848E-03 
1.153E+04   3.883E+00  1.830E-03 
1.166E+04   3.852E+00  1.812E-03 
1.180E+04   3.821E+00  1.793E-03 
1.194E+04   3.790E+00  1.776E-03 
1.207E+04   3.760E+00  1.758E-03 
1.221E+04   3.729E+00  1.740E-03 
1.236E+04   3.699E+00  1.723E-03 
1.250E+04   3.669E+00  1.706E-03 
1.264E+04   3.639E+00  1.689E-03 
1.279E+04   3.610E+00  1.672E-03 
1.294E+04   3.581E+00  1.655E-03 
1.309E+04   3.551E+00  1.638E-03 
1.324E+04   3.523E+00  1.622E-03 
1.340E+04   3.494E+00  1.606E-03 
1.355E+04   3.465E+00  1.590E-03 
1.371E+04   3.437E+00  1.574E-03 
1.387E+04   3.409E+00  1.558E-03 
1.403E+04   3.381E+00  1.542E-03 
1.419E+04   3.354E+00  1.527E-03 
1.435E+04   3.326E+00  1.512E-03 
1.452E+04   3.299E+00  1.496E-03 
1.469E+04   3.272E+00  1.481E-03 
1.486E+04   3.245E+00  1.467E-03 
1.503E+04   3.219E+00  1.452E-03 
1.521E+04   3.192E+00  1.437E-03 
1.538E+04   3.166E+00  1.423E-03 
1.556E+04   3.140E+00  1.409E-03 
1.574E+04   3.114E+00  1.394E-03 
1.592E+04   3.088E+00  1.380E-03 
1.611E+04   3.063E+00  1.367E-03 
1.630E+04   3.038E+00  1.353E-03 
1.649E+04   3.013E+00  1.339E-03 
1.668E+04   2.988E+00  1.326E-03 
1.687E+04   2.963E+00  1.313E-03 
1.707E+04   2.938E+00  1.299E-03 
1.726E+04   2.914E+00  1.286E-03 
1.746E+04   2.890E+00  1.273E-03 
1.767E+04   2.866E+00  1.260E-03 
1.787E+04   2.842E+00  1.248E-03 
1.808E+04   2.819E+00  1.235E-03 
1.829E+04   2.795E+00  1.223E-03 
1.850E+04   2.772E+00  1.211E-03 
1.871E+04   2.749E+00  1.198E-03 
1.893E+04   2.726E+00  1.186E-03 
1.915E+04   2.703E+00  1.174E-03 
1.937E+04   2.681E+00  1.162E-03 
1.960E+04   2.659E+00  1.151E-03 
1.983E+04   2.636E+00  1.139E-03 
2.006E+04   2.614E+00  1.128E-03 
2.029E+04   2.593E+00  1.116E-03 
2.052E+04   2.571E+00  1.105E-03 
2.076E+04   2.549E+00  1.094E-03 
2.100E+04   2.528E+00  1.083E-03 
2.125E+04   2.507E+00  1.072E-03 
2.149E+04   2.486E+00  1.061E-03 
2.174E+04   2.465E+00  1.050E-03 
2.199E+04   2.444E+00  1.040E-03 
2.225E+04   2.424E+00  1.029E-03 
2.251E+04   2.404E+00  1.019E-03 
2.277E+04   2.383E+00  1.009E-03 
2.303E+04   2.363E+00  9.984E-04 
2.330E+04   2.344E+00  9.883E-04 
2.357E+04   2.324E+00  9.783E-04 
2.384E+04   2.304E+00  9.684E-04 
2.412E+04   2.285E+00  9.586E-04 
2.440E+04   2.266E+00  9.489E-04 
2.468E+04   2.247E+00  9.393E-04 
2.497E+04   2.228E+00  9.298E-04 
2.526E+04   2.209E+00  9.204E-04 
2.555E+04   2.190E+00  9.111E-04 
2.585E+04   2.172E+00  9.019E-04 
2.615E+04   2.153E+00  8.927E-04 
2.645E+04   2.135E+00  8.837E-04 
2.676E+04   2.117E+00  8.747E-04 
2.707E+04   2.099E+00  8.659E-04 
2.738E+04   2.082E+00  8.571E-04 
2.770E+04   2.064E+00  8.484E-04 
2.802E+04   2.047E+00  8.398E-04 
2.835E+04   2.029E+00  8.313E-04 
2.867E+04   2.012E+00  8.229E-04 
2.901E+04   1.995E+00  8.145E-04 
2.934E+04   1.978E+00  8.063E-04 
2.968E+04   1.962E+00  7.981E-04 
3.003E+04   1.945E+00  7.900E-04 
3.038E+04   1.928E+00  7.820E-04 
3.073E+04   1.912E+00  7.740E-04 
3.109E+04   1.896E+00  7.662E-04 
3.145E+04   1.880E+00  7.584E-04 
3.181E+04   1.864E+00  7.507E-04 
3.218E+04   1.848E+00  7.431E-04 
3.255E+04   1.832E+00  7.355E-04 
3.293E+04   1.817E+00  7.281E-04 
3.331E+04   1.802E+00  7.207E-04 
3.370E+04   1.786E+00  7.133E-04 
3.409E+04   1.771E+00  7.061E-04 
3.449E+04   1.756E+00  6.989E-04 
3.489E+04   1.741E+00  6.918E-04 
3.529E+04   1.726E+00  6.848E-04 
3.570E+04   1.712E+00  6.778E-04 
3.611E+04   1.697E+00  6.709E-04 
3.653E+04   1.683E+00  6.641E-04 
3.696E+04   1.669E+00  6.573E-04 
3.738E+04   1.654E+00  6.506E-04 
3.782E+04   1.640E+00  6.440E-04 
3.826E+04   1.626E+00  6.374E-04 
3.870E+04   1.613E+00  6.309E-04 
3.915E+04   1.599E+00  6.245E-04 
3.960E+04   1.585E+00  6.182E-04 
4.006E+04   1.572E+00  6.119E-04 
4.053E+04   1.559E+00  6.056E-04 
4.100E+04   1.545E+00  5.994E-04 
4.147E+04   1.532E+00  5.933E-04 
4.195E+04   1.519E+00  5.873E-04 
4.244E+04   1.506E+00  5.813E-04 
4.293E+04   1.494E+00  5.754E-04 
4.343E+04   1.481E+00  5.695E-04 
4.394E+04   1.468E+00  5.637E-04 
4.444E+04   1.456E+00  5.579E-04 
4.496E+04   1.444E+00  5.522E-04 
4.548E+04   1.431E+00  5.466E-04 
4.601E+04   1.419E+00  5.410E-04 
4.654E+04   1.407E+00  5.355E-04 
4.708E+04   1.395E+00  5.300E-04 
4.763E+04   1.383E+00  5.246E-04 
4.818E+04   1.372E+00  5.193E-04 
4.874E+04   1.360E+00  5.140E-04 
4.931E+04   1.349E+00  5.087E-04 
4.988E+04   1.337E+00  5.035E-04 
5.046E+04   1.326E+00  4.984E-04 
5.104E+04   1.315E+00  4.933E-04 
5.163E+04   1.304E+00  4.882E-04 
5.223E+04   1.293E+00  4.832E-04 
5.284E+04   1.282E+00  4.783E-04 
5.345E+04   1.271E+00  4.734E-04 
5.407E+04   1.260E+00  4.685E-04 
5.470E+04   1.249E+00  4.638E-04 
5.533E+04   1.239E+00  4.590E-04 
5.597E+04   1.228E+00  4.543E-04 
5.662E+04   1.218E+00  4.497E-04 
5.728E+04   1.208E+00  4.451E-04 
5.794E+04   1.198E+00  4.405E-04 
5.862E+04   1.188E+00  4.360E-04 
5.930E+04   1.178E+00  4.315E-04 
5.998E+04   1.168E+00  4.271E-04 
6.068E+04   1.158E+00  4.227E-04 
6.138E+04   1.148E+00  4.184E-04 
6.210E+04   1.139E+00  4.141E-04 
6.282E+04   1.129E+00  4.099E-04 
6.354E+04   1.120E+00  4.057E-04 
6.428E+04   1.110E+00  4.015E-04 
6.503E+04   1.101E+00  3.974E-04 
6.578E+04   1.092E+00  3.933E-04 
6.654E+04   1.083E+00  3.893E-04 
6.732E+04   1.074E+00  3.853E-04 
6.810E+04   1.065E+00  3.813E-04 
6.889E+04   1.056E+00  3.774E-04 
6.969E+04   1.047E+00  3.735E-04 
7.049E+04   1.038E+00  3.697E-04 
7.131E+04   1.030E+00  3.659E-04 
7.214E+04   1.021E+00  3.621E-04 
7.298E+04   1.013E+00  3.584E-04 
7.382E+04   1.004E+00  3.547E-04 
7.468E+04   9.958E-01  3.511E-04 
7.555E+04   9.875E-01  3.475E-04 
7.642E+04   9.794E-01  3.439E-04 
7.731E+04   9.713E-01  3.404E-04 
7.820E+04   9.632E-01  3.369E-04 
7.911E+04   9.553E-01  3.334E-04 
8.003E+04   9.474E-01  3.300E-04 
8.096E+04   9.396E-01  3.266E-04 
8.190E+04   9.319E-01  3.232E-04 
8.285E+04   9.242E-01  3.199E-04 
8.381E+04   9.166E-01  3.166E-04 
8.478E+04   9.091E-01  3.134E-04 
8.576E+04   9.016E-01  3.101E-04 
8.676E+04   8.943E-01  3.070E-04 
8.776E+04   8.869E-01  3.038E-04 
8.878E+04   8.797E-01  3.007E-04 
8.981E+04   8.725E-01  2.976E-04 
9.085E+04   8.654E-01  2.945E-04 
9.191E+04   8.584E-01  2.915E-04 
9.297E+04   8.514E-01  2.885E-04 
9.405E+04   8.445E-01  2.855E-04 
9.514E+04   8.376E-01  2.826E-04 
9.625E+04   8.308E-01  2.797E-04 
9.736E+04   8.241E-01  2.768E-04 
9.849E+04   8.175E-01  2.739E-04 
9.963E+04   8.109E-01  2.711E-04 
1.008E+05   8.043E-01  2.683E-04 
