Ion = Helium      . Mass = 4.0026
Tgt = Cu (Solid). Density = 8.92 g/cm3
Stopping Units =  eV/(1E15 atoms/cm2)
Energy(keV)  S(Elec)    S(Nuc)
1.000E+00   2.796E+00  3.101E+00 
1.013E+00   2.814E+00  3.105E+00 
1.026E+00   2.833E+00  3.109E+00 
1.039E+00   2.851E+00  3.113E+00 
1.053E+00   2.870E+00  3.117E+00 
1.067E+00   2.888E+00  3.121E+00 
1.081E+00   2.907E+00  3.124E+00 
1.095E+00   2.926E+00  3.128E+00 
1.109E+00   2.945E+00  3.132E+00 
1.123E+00   2.964E+00  3.135E+00 
1.138E+00   2.983E+00  3.139E+00 
1.153E+00   3.002E+00  3.142E+00 
1.168E+00   3.022E+00  3.145E+00 
1.183E+00   3.041E+00  3.149E+00 
1.198E+00   3.061E+00  3.152E+00 
1.214E+00   3.081E+00  3.155E+00 
1.229E+00   3.101E+00  3.158E+00 
1.245E+00   3.121E+00  3.161E+00 
1.262E+00   3.141E+00  3.164E+00 
1.278E+00   3.161E+00  3.166E+00 
1.295E+00   3.182E+00  3.169E+00 
1.311E+00   3.202E+00  3.172E+00 
1.329E+00   3.223E+00  3.174E+00 
1.346E+00   3.244E+00  3.177E+00 
1.363E+00   3.265E+00  3.179E+00 
1.381E+00   3.286E+00  3.181E+00 
1.399E+00   3.307E+00  3.184E+00 
1.417E+00   3.329E+00  3.186E+00 
1.436E+00   3.350E+00  3.188E+00 
1.454E+00   3.372E+00  3.190E+00 
1.473E+00   3.394E+00  3.192E+00 
1.492E+00   3.416E+00  3.193E+00 
1.512E+00   3.438E+00  3.195E+00 
1.531E+00   3.460E+00  3.197E+00 
1.551E+00   3.483E+00  3.198E+00 
1.571E+00   3.505E+00  3.200E+00 
1.592E+00   3.528E+00  3.201E+00 
1.612E+00   3.551E+00  3.203E+00 
1.633E+00   3.574E+00  3.204E+00 
1.655E+00   3.597E+00  3.205E+00 
1.676E+00   3.620E+00  3.206E+00 
1.698E+00   3.644E+00  3.207E+00 
1.720E+00   3.667E+00  3.208E+00 
1.742E+00   3.691E+00  3.209E+00 
1.765E+00   3.715E+00  3.209E+00 
1.788E+00   3.739E+00  3.210E+00 
1.811E+00   3.763E+00  3.211E+00 
1.835E+00   3.788E+00  3.211E+00 
1.859E+00   3.812E+00  3.211E+00 
1.883E+00   3.837E+00  3.212E+00 
1.907E+00   3.862E+00  3.212E+00 
1.932E+00   3.887E+00  3.212E+00 
1.957E+00   3.912E+00  3.212E+00 
1.983E+00   3.937E+00  3.212E+00 
2.008E+00   3.963E+00  3.212E+00 
2.034E+00   3.989E+00  3.212E+00 
2.061E+00   4.014E+00  3.211E+00 
2.088E+00   4.040E+00  3.211E+00 
2.115E+00   4.067E+00  3.210E+00 
2.142E+00   4.093E+00  3.210E+00 
2.170E+00   4.119E+00  3.209E+00 
2.198E+00   4.146E+00  3.208E+00 
2.227E+00   4.173E+00  3.207E+00 
2.256E+00   4.200E+00  3.206E+00 
2.285E+00   4.227E+00  3.205E+00 
2.315E+00   4.255E+00  3.204E+00 
2.345E+00   4.282E+00  3.203E+00 
2.375E+00   4.310E+00  3.202E+00 
2.406E+00   4.338E+00  3.200E+00 
2.438E+00   4.366E+00  3.199E+00 
2.469E+00   4.394E+00  3.197E+00 
2.501E+00   4.423E+00  3.195E+00 
2.534E+00   4.451E+00  3.193E+00 
2.567E+00   4.480E+00  3.192E+00 
2.600E+00   4.509E+00  3.190E+00 
2.634E+00   4.538E+00  3.187E+00 
2.668E+00   4.568E+00  3.185E+00 
2.703E+00   4.597E+00  3.183E+00 
2.738E+00   4.627E+00  3.181E+00 
2.773E+00   4.657E+00  3.178E+00 
2.810E+00   4.687E+00  3.176E+00 
2.846E+00   4.718E+00  3.173E+00 
2.883E+00   4.748E+00  3.170E+00 
2.921E+00   4.779E+00  3.167E+00 
2.958E+00   4.810E+00  3.164E+00 
2.997E+00   4.841E+00  3.161E+00 
3.036E+00   4.872E+00  3.158E+00 
3.075E+00   4.904E+00  3.155E+00 
3.115E+00   4.936E+00  3.152E+00 
3.156E+00   4.968E+00  3.148E+00 
3.197E+00   5.000E+00  3.145E+00 
3.238E+00   5.032E+00  3.141E+00 
3.280E+00   5.065E+00  3.138E+00 
3.323E+00   5.098E+00  3.134E+00 
3.366E+00   5.131E+00  3.130E+00 
3.410E+00   5.164E+00  3.126E+00 
3.454E+00   5.197E+00  3.122E+00 
3.499E+00   5.231E+00  3.118E+00 
3.545E+00   5.265E+00  3.113E+00 
3.591E+00   5.299E+00  3.109E+00 
3.637E+00   5.333E+00  3.105E+00 
3.685E+00   5.368E+00  3.100E+00 
3.733E+00   5.403E+00  3.096E+00 
3.781E+00   5.438E+00  3.091E+00 
3.830E+00   5.473E+00  3.086E+00 
3.880E+00   5.508E+00  3.081E+00 
3.930E+00   5.544E+00  3.076E+00 
3.982E+00   5.580E+00  3.071E+00 
4.033E+00   5.616E+00  3.066E+00 
4.086E+00   5.652E+00  3.061E+00 
4.139E+00   5.689E+00  3.055E+00 
4.193E+00   5.726E+00  3.050E+00 
4.247E+00   5.763E+00  3.044E+00 
4.302E+00   5.800E+00  3.039E+00 
4.358E+00   5.838E+00  3.033E+00 
4.415E+00   5.876E+00  3.027E+00 
4.472E+00   5.914E+00  3.022E+00 
4.530E+00   5.952E+00  3.016E+00 
4.589E+00   5.991E+00  3.010E+00 
4.649E+00   6.029E+00  3.003E+00 
4.709E+00   6.068E+00  2.997E+00 
4.770E+00   6.108E+00  2.991E+00 
4.832E+00   6.147E+00  2.984E+00 
4.895E+00   6.187E+00  2.978E+00 
4.959E+00   6.227E+00  2.971E+00 
5.023E+00   6.267E+00  2.965E+00 
5.089E+00   6.308E+00  2.958E+00 
5.155E+00   6.349E+00  2.951E+00 
5.222E+00   6.390E+00  2.944E+00 
5.290E+00   6.431E+00  2.937E+00 
5.358E+00   6.473E+00  2.930E+00 
5.428E+00   6.515E+00  2.923E+00 
5.499E+00   6.557E+00  2.916E+00 
5.570E+00   6.600E+00  2.909E+00 
5.642E+00   6.642E+00  2.901E+00 
5.716E+00   6.685E+00  2.894E+00 
5.790E+00   6.729E+00  2.886E+00 
5.865E+00   6.772E+00  2.879E+00 
5.942E+00   6.816E+00  2.871E+00 
6.019E+00   6.860E+00  2.863E+00 
6.097E+00   6.905E+00  2.856E+00 
6.176E+00   6.950E+00  2.848E+00 
6.256E+00   6.995E+00  2.840E+00 
6.338E+00   7.040E+00  2.832E+00 
6.420E+00   7.085E+00  2.823E+00 
6.504E+00   7.131E+00  2.815E+00 
6.588E+00   7.178E+00  2.807E+00 
6.674E+00   7.224E+00  2.799E+00 
6.760E+00   7.271E+00  2.790E+00 
6.848E+00   7.318E+00  2.782E+00 
6.937E+00   7.365E+00  2.773E+00 
7.027E+00   7.413E+00  2.765E+00 
7.119E+00   7.461E+00  2.756E+00 
7.211E+00   7.509E+00  2.747E+00 
7.305E+00   7.558E+00  2.739E+00 
7.400E+00   7.607E+00  2.730E+00 
7.496E+00   7.656E+00  2.721E+00 
7.594E+00   7.706E+00  2.712E+00 
7.692E+00   7.756E+00  2.703E+00 
7.792E+00   7.806E+00  2.694E+00 
7.894E+00   7.857E+00  2.684E+00 
7.996E+00   7.907E+00  2.675E+00 
8.100E+00   7.954E+00  2.666E+00 
8.205E+00   7.999E+00  2.657E+00 
8.312E+00   8.043E+00  2.647E+00 
8.420E+00   8.086E+00  2.638E+00 
8.529E+00   8.129E+00  2.628E+00 
8.640E+00   8.170E+00  2.619E+00 
8.753E+00   8.211E+00  2.609E+00 
8.866E+00   8.251E+00  2.599E+00 
8.982E+00   8.290E+00  2.590E+00 
9.098E+00   8.328E+00  2.580E+00 
9.217E+00   8.365E+00  2.570E+00 
9.336E+00   8.401E+00  2.560E+00 
9.458E+00   8.437E+00  2.550E+00 
9.581E+00   8.472E+00  2.540E+00 
9.705E+00   8.507E+00  2.530E+00 
9.831E+00   8.541E+00  2.520E+00 
9.959E+00   8.576E+00  2.510E+00 
1.009E+01   8.612E+00  2.500E+00 
1.022E+01   8.648E+00  2.490E+00 
1.035E+01   8.685E+00  2.480E+00 
1.049E+01   8.724E+00  2.470E+00 
1.062E+01   8.764E+00  2.459E+00 
1.076E+01   8.807E+00  2.449E+00 
1.090E+01   8.852E+00  2.439E+00 
1.104E+01   8.900E+00  2.428E+00 
1.119E+01   8.952E+00  2.418E+00 
1.133E+01   9.006E+00  2.407E+00 
1.148E+01   9.064E+00  2.397E+00 
1.163E+01   9.126E+00  2.386E+00 
1.178E+01   9.192E+00  2.376E+00 
1.193E+01   9.261E+00  2.365E+00 
1.209E+01   9.333E+00  2.354E+00 
1.224E+01   9.410E+00  2.344E+00 
1.240E+01   9.489E+00  2.333E+00 
1.256E+01   9.572E+00  2.322E+00 
1.273E+01   9.657E+00  2.312E+00 
1.289E+01   9.745E+00  2.301E+00 
1.306E+01   9.836E+00  2.290E+00 
1.323E+01   9.929E+00  2.279E+00 
1.340E+01   1.002E+01  2.269E+00 
1.358E+01   1.012E+01  2.258E+00 
1.375E+01   1.022E+01  2.247E+00 
1.393E+01   1.032E+01  2.236E+00 
1.411E+01   1.042E+01  2.225E+00 
1.430E+01   1.052E+01  2.214E+00 
1.448E+01   1.062E+01  2.203E+00 
1.467E+01   1.073E+01  2.192E+00 
1.486E+01   1.083E+01  2.181E+00 
1.505E+01   1.094E+01  2.171E+00 
1.525E+01   1.104E+01  2.160E+00 
1.545E+01   1.115E+01  2.149E+00 
1.565E+01   1.126E+01  2.138E+00 
1.585E+01   1.137E+01  2.127E+00 
1.606E+01   1.147E+01  2.116E+00 
1.627E+01   1.158E+01  2.105E+00 
1.648E+01   1.169E+01  2.093E+00 
1.669E+01   1.180E+01  2.082E+00 
1.691E+01   1.191E+01  2.071E+00 
1.713E+01   1.202E+01  2.060E+00 
1.735E+01   1.213E+01  2.049E+00 
1.758E+01   1.224E+01  2.038E+00 
1.781E+01   1.235E+01  2.027E+00 
1.804E+01   1.246E+01  2.016E+00 
1.827E+01   1.257E+01  2.005E+00 
1.851E+01   1.268E+01  1.994E+00 
1.875E+01   1.280E+01  1.983E+00 
1.899E+01   1.291E+01  1.972E+00 
1.924E+01   1.302E+01  1.961E+00 
1.949E+01   1.314E+01  1.950E+00 
1.974E+01   1.325E+01  1.939E+00 
2.000E+01   1.336E+01  1.928E+00 
2.026E+01   1.348E+01  1.917E+00 
2.052E+01   1.359E+01  1.906E+00 
2.079E+01   1.371E+01  1.895E+00 
2.106E+01   1.383E+01  1.884E+00 
2.133E+01   1.394E+01  1.873E+00 
2.161E+01   1.406E+01  1.862E+00 
2.189E+01   1.418E+01  1.851E+00 
2.218E+01   1.430E+01  1.840E+00 
2.247E+01   1.442E+01  1.829E+00 
2.276E+01   1.454E+01  1.818E+00 
2.305E+01   1.466E+01  1.807E+00 
2.335E+01   1.478E+01  1.796E+00 
2.366E+01   1.490E+01  1.786E+00 
2.396E+01   1.503E+01  1.775E+00 
2.428E+01   1.515E+01  1.764E+00 
2.459E+01   1.527E+01  1.753E+00 
2.491E+01   1.540E+01  1.742E+00 
2.523E+01   1.552E+01  1.732E+00 
2.556E+01   1.565E+01  1.721E+00 
2.589E+01   1.578E+01  1.710E+00 
2.623E+01   1.591E+01  1.699E+00 
2.657E+01   1.603E+01  1.689E+00 
2.692E+01   1.616E+01  1.678E+00 
2.727E+01   1.629E+01  1.667E+00 
2.762E+01   1.642E+01  1.657E+00 
2.798E+01   1.656E+01  1.646E+00 
2.834E+01   1.669E+01  1.636E+00 
2.871E+01   1.682E+01  1.625E+00 
2.909E+01   1.696E+01  1.614E+00 
2.946E+01   1.709E+01  1.604E+00 
2.985E+01   1.723E+01  1.593E+00 
3.023E+01   1.736E+01  1.583E+00 
3.063E+01   1.750E+01  1.573E+00 
3.103E+01   1.764E+01  1.562E+00 
3.143E+01   1.778E+01  1.552E+00 
3.184E+01   1.792E+01  1.542E+00 
3.225E+01   1.806E+01  1.531E+00 
3.267E+01   1.820E+01  1.521E+00 
3.309E+01   1.835E+01  1.511E+00 
3.352E+01   1.849E+01  1.501E+00 
3.396E+01   1.863E+01  1.490E+00 
3.440E+01   1.878E+01  1.480E+00 
3.485E+01   1.893E+01  1.470E+00 
3.530E+01   1.907E+01  1.460E+00 
3.576E+01   1.922E+01  1.450E+00 
3.623E+01   1.937E+01  1.440E+00 
3.670E+01   1.952E+01  1.430E+00 
3.717E+01   1.968E+01  1.420E+00 
3.766E+01   1.983E+01  1.410E+00 
3.815E+01   1.998E+01  1.400E+00 
3.864E+01   2.014E+01  1.391E+00 
3.914E+01   2.029E+01  1.381E+00 
3.965E+01   2.045E+01  1.371E+00 
4.017E+01   2.061E+01  1.361E+00 
4.069E+01   2.076E+01  1.352E+00 
4.122E+01   2.092E+01  1.342E+00 
4.175E+01   2.109E+01  1.332E+00 
4.230E+01   2.125E+01  1.323E+00 
4.285E+01   2.141E+01  1.313E+00 
4.340E+01   2.157E+01  1.304E+00 
4.397E+01   2.174E+01  1.294E+00 
4.454E+01   2.191E+01  1.285E+00 
4.512E+01   2.207E+01  1.276E+00 
4.570E+01   2.224E+01  1.266E+00 
4.630E+01   2.241E+01  1.257E+00 
4.690E+01   2.258E+01  1.248E+00 
4.751E+01   2.275E+01  1.239E+00 
4.813E+01   2.292E+01  1.229E+00 
4.875E+01   2.310E+01  1.220E+00 
4.939E+01   2.327E+01  1.211E+00 
5.003E+01   2.345E+01  1.202E+00 
5.068E+01   2.363E+01  1.193E+00 
5.134E+01   2.381E+01  1.184E+00 
5.200E+01   2.398E+01  1.175E+00 
5.268E+01   2.417E+01  1.166E+00 
5.336E+01   2.435E+01  1.158E+00 
5.406E+01   2.453E+01  1.149E+00 
5.476E+01   2.471E+01  1.140E+00 
5.547E+01   2.490E+01  1.131E+00 
5.619E+01   2.509E+01  1.123E+00 
5.692E+01   2.527E+01  1.114E+00 
5.766E+01   2.546E+01  1.105E+00 
5.841E+01   2.565E+01  1.097E+00 
5.917E+01   2.584E+01  1.088E+00 
5.994E+01   2.604E+01  1.080E+00 
6.072E+01   2.623E+01  1.072E+00 
6.151E+01   2.642E+01  1.063E+00 
6.231E+01   2.662E+01  1.055E+00 
6.312E+01   2.682E+01  1.047E+00 
6.394E+01   2.702E+01  1.039E+00 
6.477E+01   2.722E+01  1.030E+00 
6.561E+01   2.742E+01  1.022E+00 
6.646E+01   2.762E+01  1.014E+00 
6.733E+01   2.782E+01  1.006E+00 
6.820E+01   2.803E+01  9.981E-01 
6.909E+01   2.823E+01  9.902E-01 
6.999E+01   2.844E+01  9.823E-01 
7.090E+01   2.865E+01  9.744E-01 
7.182E+01   2.886E+01  9.666E-01 
7.275E+01   2.907E+01  9.589E-01 
7.370E+01   2.928E+01  9.511E-01 
7.465E+01   2.949E+01  9.435E-01 
7.562E+01   2.971E+01  9.358E-01 
7.661E+01   2.992E+01  9.282E-01 
7.760E+01   3.014E+01  9.207E-01 
7.861E+01   3.036E+01  9.132E-01 
7.963E+01   3.058E+01  9.057E-01 
8.067E+01   3.080E+01  8.983E-01 
8.172E+01   3.102E+01  8.910E-01 
8.278E+01   3.124E+01  8.837E-01 
8.385E+01   3.146E+01  8.764E-01 
8.494E+01   3.169E+01  8.692E-01 
8.605E+01   3.192E+01  8.620E-01 
8.717E+01   3.215E+01  8.548E-01 
8.830E+01   3.237E+01  8.477E-01 
8.945E+01   3.260E+01  8.407E-01 
9.061E+01   3.284E+01  8.337E-01 
9.179E+01   3.307E+01  8.267E-01 
9.298E+01   3.330E+01  8.198E-01 
9.419E+01   3.354E+01  8.129E-01 
9.541E+01   3.378E+01  8.061E-01 
9.665E+01   3.401E+01  7.993E-01 
9.791E+01   3.425E+01  7.926E-01 
9.918E+01   3.449E+01  7.859E-01 
1.005E+02   3.473E+01  7.793E-01 
1.018E+02   3.498E+01  7.726E-01 
1.031E+02   3.522E+01  7.661E-01 
1.044E+02   3.547E+01  7.596E-01 
1.058E+02   3.571E+01  7.531E-01 
1.072E+02   3.596E+01  7.467E-01 
1.086E+02   3.621E+01  7.403E-01 
1.100E+02   3.646E+01  7.339E-01 
1.114E+02   3.671E+01  7.276E-01 
1.129E+02   3.696E+01  7.214E-01 
1.143E+02   3.721E+01  7.151E-01 
1.158E+02   3.747E+01  7.090E-01 
1.173E+02   3.772E+01  7.028E-01 
1.188E+02   3.798E+01  6.967E-01 
1.204E+02   3.824E+01  6.907E-01 
1.219E+02   3.850E+01  6.847E-01 
1.235E+02   3.876E+01  6.787E-01 
1.251E+02   3.902E+01  6.728E-01 
1.268E+02   3.928E+01  6.669E-01 
1.284E+02   3.955E+01  6.611E-01 
1.301E+02   3.981E+01  6.553E-01 
1.318E+02   4.008E+01  6.496E-01 
1.335E+02   4.034E+01  6.438E-01 
1.352E+02   4.061E+01  6.382E-01 
1.370E+02   4.088E+01  6.325E-01 
1.388E+02   4.115E+01  6.269E-01 
1.406E+02   4.142E+01  6.214E-01 
1.424E+02   4.169E+01  6.159E-01 
1.442E+02   4.196E+01  6.104E-01 
1.461E+02   4.224E+01  6.050E-01 
1.480E+02   4.251E+01  5.996E-01 
1.499E+02   4.279E+01  5.943E-01 
1.519E+02   4.306E+01  5.890E-01 
1.539E+02   4.334E+01  5.837E-01 
1.559E+02   4.362E+01  5.785E-01 
1.579E+02   4.390E+01  5.733E-01 
1.599E+02   4.418E+01  5.681E-01 
1.620E+02   4.446E+01  5.630E-01 
1.641E+02   4.474E+01  5.579E-01 
1.662E+02   4.502E+01  5.529E-01 
1.684E+02   4.530E+01  5.479E-01 
1.706E+02   4.559E+01  5.429E-01 
1.728E+02   4.587E+01  5.380E-01 
1.751E+02   4.616E+01  5.331E-01 
1.773E+02   4.644E+01  5.283E-01 
1.796E+02   4.673E+01  5.235E-01 
1.820E+02   4.701E+01  5.187E-01 
1.843E+02   4.730E+01  5.140E-01 
1.867E+02   4.759E+01  5.093E-01 
1.892E+02   4.788E+01  5.046E-01 
1.916E+02   4.817E+01  4.904E-01 
1.941E+02   4.846E+01  4.859E-01 
1.966E+02   4.875E+01  4.815E-01 
1.992E+02   4.904E+01  4.771E-01 
2.018E+02   4.933E+01  4.727E-01 
2.044E+02   4.962E+01  4.684E-01 
2.071E+02   4.991E+01  4.641E-01 
2.097E+02   5.020E+01  4.599E-01 
2.125E+02   5.050E+01  4.556E-01 
2.152E+02   5.079E+01  4.514E-01 
2.180E+02   5.108E+01  4.473E-01 
2.209E+02   5.137E+01  4.432E-01 
2.237E+02   5.167E+01  4.391E-01 
2.266E+02   5.196E+01  4.350E-01 
2.296E+02   5.225E+01  4.310E-01 
2.326E+02   5.255E+01  4.270E-01 
2.356E+02   5.284E+01  4.230E-01 
2.387E+02   5.313E+01  4.191E-01 
2.418E+02   5.343E+01  4.152E-01 
2.449E+02   5.372E+01  4.113E-01 
2.481E+02   5.401E+01  4.074E-01 
2.513E+02   5.431E+01  4.036E-01 
2.546E+02   5.460E+01  3.999E-01 
2.579E+02   5.489E+01  3.961E-01 
2.612E+02   5.518E+01  3.924E-01 
2.646E+02   5.547E+01  3.887E-01 
2.681E+02   5.577E+01  3.850E-01 
2.716E+02   5.606E+01  3.814E-01 
2.751E+02   5.635E+01  3.778E-01 
2.787E+02   5.664E+01  3.742E-01 
2.823E+02   5.693E+01  3.707E-01 
2.859E+02   5.721E+01  3.672E-01 
2.897E+02   5.750E+01  3.637E-01 
2.934E+02   5.779E+01  3.603E-01 
2.972E+02   5.808E+01  3.568E-01 
3.011E+02   5.836E+01  3.534E-01 
3.050E+02   5.865E+01  3.501E-01 
3.090E+02   5.893E+01  3.467E-01 
3.130E+02   5.921E+01  3.434E-01 
3.171E+02   5.950E+01  3.401E-01 
3.212E+02   5.978E+01  3.369E-01 
3.254E+02   6.006E+01  3.336E-01 
3.296E+02   6.034E+01  3.304E-01 
3.339E+02   6.061E+01  3.273E-01 
3.382E+02   6.089E+01  3.241E-01 
3.426E+02   6.116E+01  3.210E-01 
3.471E+02   6.144E+01  3.179E-01 
3.516E+02   6.171E+01  3.148E-01 
3.561E+02   6.198E+01  3.118E-01 
3.608E+02   6.225E+01  3.088E-01 
3.655E+02   6.252E+01  3.058E-01 
3.702E+02   6.278E+01  3.028E-01 
3.750E+02   6.305E+01  2.999E-01 
3.799E+02   6.331E+01  2.970E-01 
3.848E+02   6.357E+01  2.941E-01 
3.898E+02   6.383E+01  2.912E-01 
3.949E+02   6.408E+01  2.884E-01 
4.000E+02   6.434E+01  2.856E-01 
4.052E+02   6.459E+01  2.828E-01 
4.105E+02   6.484E+01  2.801E-01 
4.158E+02   6.509E+01  2.773E-01 
4.212E+02   6.534E+01  2.746E-01 
4.267E+02   6.558E+01  2.719E-01 
4.323E+02   6.582E+01  2.692E-01 
4.379E+02   6.606E+01  2.666E-01 
4.436E+02   6.630E+01  2.640E-01 
4.493E+02   6.653E+01  2.614E-01 
4.552E+02   6.676E+01  2.588E-01 
4.611E+02   6.699E+01  2.563E-01 
4.671E+02   6.722E+01  2.537E-01 
4.731E+02   6.744E+01  2.512E-01 
4.793E+02   6.766E+01  2.488E-01 
4.855E+02   6.788E+01  2.463E-01 
4.918E+02   6.810E+01  2.439E-01 
4.982E+02   6.831E+01  2.415E-01 
5.047E+02   6.852E+01  2.391E-01 
5.113E+02   6.872E+01  2.367E-01 
5.179E+02   6.892E+01  2.343E-01 
5.246E+02   6.912E+01  2.320E-01 
5.315E+02   6.932E+01  2.297E-01 
5.384E+02   6.951E+01  2.274E-01 
5.454E+02   6.970E+01  2.252E-01 
5.524E+02   6.989E+01  2.229E-01 
5.596E+02   7.007E+01  2.207E-01 
5.669E+02   7.025E+01  2.185E-01 
5.743E+02   7.042E+01  2.163E-01 
5.817E+02   7.059E+01  2.141E-01 
5.893E+02   7.076E+01  2.120E-01 
5.969E+02   7.092E+01  2.099E-01 
6.047E+02   7.108E+01  2.078E-01 
6.126E+02   7.124E+01  2.057E-01 
6.205E+02   7.139E+01  2.036E-01 
6.286E+02   7.154E+01  2.016E-01 
6.368E+02   7.168E+01  1.995E-01 
6.450E+02   7.182E+01  1.975E-01 
6.534E+02   7.196E+01  1.955E-01 
6.619E+02   7.209E+01  1.936E-01 
6.705E+02   7.222E+01  1.916E-01 
6.792E+02   7.234E+01  1.897E-01 
6.881E+02   7.246E+01  1.878E-01 
6.970E+02   7.258E+01  1.859E-01 
7.061E+02   7.269E+01  1.840E-01 
7.152E+02   7.279E+01  1.821E-01 
7.245E+02   7.289E+01  1.803E-01 
7.339E+02   7.299E+01  1.785E-01 
7.435E+02   7.308E+01  1.766E-01 
7.531E+02   7.317E+01  1.748E-01 
7.629E+02   7.325E+01  1.731E-01 
7.728E+02   7.333E+01  1.713E-01 
7.829E+02   7.341E+01  1.696E-01 
7.931E+02   7.348E+01  1.678E-01 
8.034E+02   7.354E+01  1.661E-01 
8.138E+02   7.360E+01  1.644E-01 
8.244E+02   7.366E+01  1.628E-01 
8.351E+02   7.371E+01  1.611E-01 
8.460E+02   7.375E+01  1.594E-01 
8.570E+02   7.379E+01  1.578E-01 
8.681E+02   7.383E+01  1.562E-01 
8.794E+02   7.386E+01  1.546E-01 
8.908E+02   7.388E+01  1.530E-01 
9.024E+02   7.390E+01  1.515E-01 
9.141E+02   7.392E+01  1.499E-01 
9.260E+02   7.393E+01  1.484E-01 
9.380E+02   7.394E+01  1.468E-01 
9.502E+02   7.394E+01  1.453E-01 
9.626E+02   7.394E+01  1.438E-01 
9.751E+02   7.393E+01  1.424E-01 
9.877E+02   7.391E+01  1.409E-01 
1.001E+03   7.389E+01  1.394E-01 
1.014E+03   7.387E+01  1.380E-01 
1.027E+03   7.384E+01  1.366E-01 
1.040E+03   7.381E+01  1.352E-01 
1.054E+03   7.377E+01  1.338E-01 
1.067E+03   7.373E+01  1.324E-01 
1.081E+03   7.368E+01  1.310E-01 
1.095E+03   7.363E+01  1.297E-01 
1.109E+03   7.357E+01  1.283E-01 
1.124E+03   7.350E+01  1.270E-01 
1.138E+03   7.344E+01  1.257E-01 
1.153E+03   7.336E+01  1.244E-01 
1.168E+03   7.329E+01  1.231E-01 
1.183E+03   7.320E+01  1.218E-01 
1.199E+03   7.312E+01  1.205E-01 
1.214E+03   7.302E+01  1.193E-01 
1.230E+03   7.293E+01  1.180E-01 
1.246E+03   7.283E+01  1.168E-01 
1.262E+03   7.272E+01  1.156E-01 
1.279E+03   7.261E+01  1.144E-01 
1.295E+03   7.249E+01  1.132E-01 
1.312E+03   7.237E+01  1.120E-01 
1.329E+03   7.225E+01  1.108E-01 
1.347E+03   7.212E+01  1.097E-01 
1.364E+03   7.198E+01  1.085E-01 
1.382E+03   7.184E+01  1.074E-01 
1.400E+03   7.170E+01  1.063E-01 
1.418E+03   7.155E+01  1.052E-01 
1.436E+03   7.140E+01  1.041E-01 
1.455E+03   7.125E+01  1.030E-01 
1.474E+03   7.109E+01  1.019E-01 
1.493E+03   7.092E+01  1.008E-01 
1.513E+03   7.075E+01  9.977E-02 
1.532E+03   7.058E+01  9.872E-02 
1.552E+03   7.040E+01  9.768E-02 
1.572E+03   7.022E+01  9.666E-02 
1.593E+03   7.004E+01  9.564E-02 
1.613E+03   6.985E+01  9.463E-02 
1.634E+03   6.965E+01  9.364E-02 
1.656E+03   6.946E+01  9.265E-02 
1.677E+03   6.926E+01  9.167E-02 
1.699E+03   6.905E+01  9.071E-02 
1.721E+03   6.884E+01  8.975E-02 
1.743E+03   6.863E+01  8.880E-02 
1.766E+03   6.842E+01  8.786E-02 
1.789E+03   6.820E+01  8.694E-02 
1.812E+03   6.798E+01  8.602E-02 
1.836E+03   6.775E+01  8.511E-02 
1.860E+03   6.752E+01  8.421E-02 
1.884E+03   6.729E+01  8.331E-02 
1.908E+03   6.705E+01  8.243E-02 
1.933E+03   6.681E+01  8.156E-02 
1.958E+03   6.657E+01  8.069E-02 
1.984E+03   6.633E+01  7.984E-02 
2.009E+03   6.608E+01  7.899E-02 
2.036E+03   6.583E+01  7.815E-02 
2.062E+03   6.558E+01  7.732E-02 
2.089E+03   6.532E+01  7.650E-02 
2.116E+03   6.506E+01  7.569E-02 
2.143E+03   6.480E+01  7.488E-02 
2.171E+03   6.453E+01  7.409E-02 
2.200E+03   6.427E+01  7.330E-02 
2.228E+03   6.400E+01  7.252E-02 
2.257E+03   6.373E+01  7.174E-02 
2.286E+03   6.345E+01  7.098E-02 
2.316E+03   6.317E+01  7.022E-02 
2.346E+03   6.290E+01  6.947E-02 
2.377E+03   6.262E+01  6.873E-02 
2.408E+03   6.233E+01  6.800E-02 
2.439E+03   6.205E+01  6.727E-02 
2.471E+03   6.176E+01  6.655E-02 
2.503E+03   6.147E+01  6.584E-02 
2.535E+03   6.118E+01  6.514E-02 
2.568E+03   6.089E+01  6.444E-02 
2.602E+03   6.059E+01  6.375E-02 
2.635E+03   6.030E+01  6.307E-02 
2.670E+03   6.000E+01  6.239E-02 
2.704E+03   5.970E+01  6.172E-02 
2.740E+03   5.940E+01  6.106E-02 
2.775E+03   5.910E+01  6.040E-02 
2.811E+03   5.880E+01  5.976E-02 
2.848E+03   5.849E+01  5.911E-02 
2.885E+03   5.819E+01  5.848E-02 
2.922E+03   5.788E+01  5.785E-02 
2.960E+03   5.757E+01  5.723E-02 
2.999E+03   5.726E+01  5.661E-02 
3.038E+03   5.695E+01  5.600E-02 
3.077E+03   5.664E+01  5.540E-02 
3.117E+03   5.633E+01  5.480E-02 
3.158E+03   5.602E+01  5.421E-02 
3.199E+03   5.570E+01  5.363E-02 
3.240E+03   5.539E+01  5.305E-02 
3.282E+03   5.507E+01  5.248E-02 
3.325E+03   5.476E+01  5.191E-02 
3.368E+03   5.444E+01  5.135E-02 
3.412E+03   5.413E+01  5.080E-02 
3.456E+03   5.381E+01  5.025E-02 
3.501E+03   5.349E+01  4.971E-02 
3.547E+03   5.317E+01  4.917E-02 
3.593E+03   5.285E+01  4.864E-02 
3.640E+03   5.254E+01  4.811E-02 
3.687E+03   5.222E+01  4.759E-02 
3.735E+03   5.190E+01  4.707E-02 
3.783E+03   5.158E+01  4.656E-02 
3.832E+03   5.126E+01  4.606E-02 
3.882E+03   5.094E+01  4.556E-02 
3.933E+03   5.062E+01  4.507E-02 
3.984E+03   5.030E+01  4.458E-02 
4.036E+03   4.999E+01  4.409E-02 
4.088E+03   4.967E+01  4.362E-02 
4.141E+03   4.935E+01  4.314E-02 
4.195E+03   4.903E+01  4.267E-02 
4.250E+03   4.871E+01  4.221E-02 
4.305E+03   4.840E+01  4.175E-02 
4.361E+03   4.808E+01  4.130E-02 
4.417E+03   4.776E+01  4.085E-02 
4.475E+03   4.744E+01  4.040E-02 
4.533E+03   4.713E+01  3.996E-02 
4.592E+03   4.681E+01  3.953E-02 
4.652E+03   4.650E+01  3.910E-02 
4.712E+03   4.618E+01  3.867E-02 
4.773E+03   4.587E+01  3.825E-02 
4.835E+03   4.556E+01  3.783E-02 
4.898E+03   4.525E+01  3.742E-02 
4.962E+03   4.493E+01  3.701E-02 
5.026E+03   4.462E+01  3.661E-02 
5.092E+03   4.431E+01  3.621E-02 
5.158E+03   4.400E+01  3.581E-02 
5.225E+03   4.369E+01  3.542E-02 
5.293E+03   4.339E+01  3.503E-02 
5.362E+03   4.308E+01  3.465E-02 
5.431E+03   4.277E+01  3.427E-02 
5.502E+03   4.247E+01  3.390E-02 
5.573E+03   4.216E+01  3.353E-02 
5.646E+03   4.186E+01  3.316E-02 
5.719E+03   4.156E+01  3.279E-02 
5.793E+03   4.126E+01  3.244E-02 
5.869E+03   4.096E+01  3.208E-02 
5.945E+03   4.066E+01  3.173E-02 
6.022E+03   4.036E+01  3.138E-02 
6.101E+03   4.006E+01  3.104E-02 
6.180E+03   3.977E+01  3.070E-02 
6.260E+03   3.947E+01  3.036E-02 
6.341E+03   3.918E+01  3.003E-02 
6.424E+03   3.889E+01  2.970E-02 
6.507E+03   3.860E+01  2.937E-02 
6.592E+03   3.831E+01  2.905E-02 
6.678E+03   3.802E+01  2.873E-02 
6.764E+03   3.773E+01  2.841E-02 
6.852E+03   3.745E+01  2.810E-02 
6.941E+03   3.716E+01  2.779E-02 
7.032E+03   3.688E+01  2.748E-02 
7.123E+03   3.660E+01  2.718E-02 
7.216E+03   3.631E+01  2.688E-02 
7.309E+03   3.604E+01  2.658E-02 
7.404E+03   3.576E+01  2.629E-02 
7.501E+03   3.548E+01  2.600E-02 
7.598E+03   3.521E+01  2.572E-02 
7.697E+03   3.493E+01  2.543E-02 
7.797E+03   3.466E+01  2.515E-02 
7.898E+03   3.439E+01  2.487E-02 
8.001E+03   3.412E+01  2.460E-02 
8.105E+03   3.387E+01  2.433E-02 
8.210E+03   3.363E+01  2.406E-02 
8.317E+03   3.338E+01  2.379E-02 
8.425E+03   3.313E+01  2.353E-02 
8.534E+03   3.287E+01  2.327E-02 
8.645E+03   3.261E+01  2.301E-02 
8.758E+03   3.235E+01  2.276E-02 
8.871E+03   3.208E+01  2.251E-02 
8.987E+03   3.181E+01  2.226E-02 
9.104E+03   3.154E+01  2.201E-02 
9.222E+03   3.126E+01  2.177E-02 
9.342E+03   3.098E+01  2.152E-02 
9.463E+03   3.070E+01  2.129E-02 
9.586E+03   3.041E+01  2.105E-02 
9.711E+03   3.016E+01  2.082E-02 
9.837E+03   2.992E+01  2.059E-02 
9.965E+03   2.968E+01  2.036E-02 
1.009E+04   2.944E+01  2.013E-02 
1.023E+04   2.920E+01  1.991E-02 
1.036E+04   2.896E+01  1.969E-02 
1.049E+04   2.872E+01  1.947E-02 
1.063E+04   2.849E+01  1.925E-02 
1.077E+04   2.826E+01  1.904E-02 
1.091E+04   2.803E+01  1.883E-02 
1.105E+04   2.780E+01  1.862E-02 
1.119E+04   2.757E+01  1.841E-02 
1.134E+04   2.734E+01  1.821E-02 
1.149E+04   2.712E+01  1.800E-02 
1.163E+04   2.689E+01  1.780E-02 
1.179E+04   2.667E+01  1.760E-02 
1.194E+04   2.645E+01  1.741E-02 
1.209E+04   2.623E+01  1.721E-02 
1.225E+04   2.601E+01  1.702E-02 
1.241E+04   2.579E+01  1.683E-02 
1.257E+04   2.558E+01  1.664E-02 
1.274E+04   2.536E+01  1.646E-02 
1.290E+04   2.515E+01  1.628E-02 
1.307E+04   2.494E+01  1.609E-02 
1.324E+04   2.473E+01  1.591E-02 
1.341E+04   2.452E+01  1.574E-02 
1.358E+04   2.431E+01  1.556E-02 
1.376E+04   2.411E+01  1.539E-02 
1.394E+04   2.390E+01  1.522E-02 
1.412E+04   2.370E+01  1.505E-02 
1.431E+04   2.350E+01  1.488E-02 
1.449E+04   2.330E+01  1.471E-02 
1.468E+04   2.310E+01  1.455E-02 
1.487E+04   2.290E+01  1.438E-02 
1.506E+04   2.271E+01  1.422E-02 
1.526E+04   2.251E+01  1.406E-02 
1.546E+04   2.232E+01  1.391E-02 
1.566E+04   2.213E+01  1.375E-02 
1.586E+04   2.194E+01  1.360E-02 
1.607E+04   2.175E+01  1.344E-02 
1.628E+04   2.156E+01  1.329E-02 
1.649E+04   2.137E+01  1.314E-02 
1.670E+04   2.119E+01  1.300E-02 
1.692E+04   2.100E+01  1.285E-02 
1.714E+04   2.082E+01  1.271E-02 
1.736E+04   2.064E+01  1.257E-02 
1.759E+04   2.046E+01  1.242E-02 
1.782E+04   2.028E+01  1.228E-02 
1.805E+04   2.010E+01  1.215E-02 
1.828E+04   1.993E+01  1.201E-02 
1.852E+04   1.975E+01  1.188E-02 
1.876E+04   1.958E+01  1.174E-02 
1.900E+04   1.941E+01  1.161E-02 
1.925E+04   1.923E+01  1.148E-02 
1.950E+04   1.907E+01  1.135E-02 
1.976E+04   1.890E+01  1.122E-02 
2.001E+04   1.873E+01  1.110E-02 
2.027E+04   1.856E+01  1.097E-02 
2.054E+04   1.840E+01  1.085E-02 
2.080E+04   1.823E+01  1.073E-02 
2.107E+04   1.807E+01  1.061E-02 
2.135E+04   1.791E+01  1.049E-02 
2.162E+04   1.775E+01  1.037E-02 
2.191E+04   1.759E+01  1.025E-02 
2.219E+04   1.744E+01  1.014E-02 
2.248E+04   1.728E+01  1.002E-02 
2.277E+04   1.712E+01  9.909E-03 
2.307E+04   1.697E+01  9.797E-03 
2.337E+04   1.682E+01  9.687E-03 
2.367E+04   1.667E+01  9.578E-03 
2.398E+04   1.652E+01  9.470E-03 
2.429E+04   1.637E+01  9.363E-03 
2.461E+04   1.622E+01  9.257E-03 
2.492E+04   1.607E+01  9.153E-03 
2.525E+04   1.593E+01  9.049E-03 
2.558E+04   1.578E+01  8.947E-03 
2.591E+04   1.564E+01  8.846E-03 
2.625E+04   1.550E+01  8.746E-03 
2.659E+04   1.536E+01  8.647E-03 
2.693E+04   1.522E+01  8.549E-03 
2.728E+04   1.508E+01  8.453E-03 
2.764E+04   1.494E+01  8.357E-03 
2.800E+04   1.480E+01  8.263E-03 
2.836E+04   1.467E+01  8.169E-03 
2.873E+04   1.453E+01  8.077E-03 
2.910E+04   1.440E+01  7.985E-03 
2.948E+04   1.427E+01  7.895E-03 
2.986E+04   1.414E+01  7.806E-03 
3.025E+04   1.401E+01  7.717E-03 
3.065E+04   1.388E+01  7.630E-03 
3.104E+04   1.375E+01  7.543E-03 
3.145E+04   1.362E+01  7.458E-03 
3.186E+04   1.350E+01  7.374E-03 
3.227E+04   1.337E+01  7.290E-03 
3.269E+04   1.325E+01  7.207E-03 
3.311E+04   1.312E+01  7.126E-03 
3.354E+04   1.300E+01  7.045E-03 
3.398E+04   1.288E+01  6.965E-03 
3.442E+04   1.276E+01  6.886E-03 
3.487E+04   1.264E+01  6.808E-03 
3.532E+04   1.252E+01  6.730E-03 
3.578E+04   1.241E+01  6.654E-03 
3.625E+04   1.229E+01  6.578E-03 
3.672E+04   1.218E+01  6.504E-03 
3.719E+04   1.206E+01  6.430E-03 
3.768E+04   1.195E+01  6.357E-03 
3.817E+04   1.184E+01  6.285E-03 
3.866E+04   1.173E+01  6.213E-03 
3.917E+04   1.162E+01  6.143E-03 
3.968E+04   1.151E+01  6.073E-03 
4.019E+04   1.140E+01  6.004E-03 
4.071E+04   1.129E+01  5.935E-03 
4.124E+04   1.119E+01  5.868E-03 
4.178E+04   1.108E+01  5.801E-03 
4.232E+04   1.098E+01  5.735E-03 
4.287E+04   1.087E+01  5.670E-03 
4.343E+04   1.077E+01  5.605E-03 
4.399E+04   1.067E+01  5.541E-03 
4.456E+04   1.057E+01  5.478E-03 
4.514E+04   1.047E+01  5.416E-03 
4.573E+04   1.037E+01  5.354E-03 
4.632E+04   1.027E+01  5.293E-03 
4.693E+04   1.017E+01  5.233E-03 
4.754E+04   1.007E+01  5.173E-03 
4.815E+04   9.979E+00  5.114E-03 
4.878E+04   9.884E+00  5.056E-03 
4.941E+04   9.789E+00  4.998E-03 
5.006E+04   9.696E+00  4.941E-03 
5.071E+04   9.604E+00  4.885E-03 
5.137E+04   9.512E+00  4.829E-03 
5.203E+04   9.421E+00  4.774E-03 
5.271E+04   9.331E+00  4.720E-03 
5.340E+04   9.242E+00  4.666E-03 
5.409E+04   9.153E+00  4.612E-03 
5.479E+04   9.066E+00  4.560E-03 
5.550E+04   8.979E+00  4.508E-03 
5.623E+04   8.893E+00  4.456E-03 
5.696E+04   8.807E+00  4.405E-03 
5.770E+04   8.723E+00  4.355E-03 
5.845E+04   8.639E+00  4.305E-03 
5.921E+04   8.556E+00  4.256E-03 
5.998E+04   8.474E+00  4.207E-03 
6.075E+04   8.392E+00  4.159E-03 
6.154E+04   8.311E+00  4.111E-03 
6.234E+04   8.231E+00  4.064E-03 
6.315E+04   8.152E+00  4.018E-03 
6.398E+04   8.073E+00  3.972E-03 
6.481E+04   7.995E+00  3.926E-03 
6.565E+04   7.918E+00  3.881E-03 
6.650E+04   7.842E+00  3.837E-03 
6.737E+04   7.766E+00  3.793E-03 
6.824E+04   7.691E+00  3.750E-03 
6.913E+04   7.616E+00  3.707E-03 
7.003E+04   7.543E+00  3.664E-03 
7.094E+04   7.469E+00  3.622E-03 
7.186E+04   7.397E+00  3.581E-03 
7.279E+04   7.325E+00  3.540E-03 
7.374E+04   7.254E+00  3.499E-03 
7.470E+04   7.184E+00  3.459E-03 
7.567E+04   7.114E+00  3.419E-03 
7.665E+04   7.045E+00  3.380E-03 
7.765E+04   6.977E+00  3.341E-03 
7.866E+04   6.909E+00  3.303E-03 
7.968E+04   6.842E+00  3.265E-03 
8.072E+04   6.775E+00  3.228E-03 
8.176E+04   6.709E+00  3.190E-03 
8.283E+04   6.644E+00  3.154E-03 
8.390E+04   6.579E+00  3.118E-03 
8.499E+04   6.515E+00  3.082E-03 
8.610E+04   6.452E+00  3.046E-03 
8.722E+04   6.389E+00  3.011E-03 
8.835E+04   6.327E+00  2.977E-03 
8.950E+04   6.265E+00  2.943E-03 
9.066E+04   6.204E+00  2.909E-03 
9.184E+04   6.143E+00  2.875E-03 
9.303E+04   6.083E+00  2.842E-03 
9.424E+04   6.024E+00  2.810E-03 
9.547E+04   5.965E+00  2.777E-03 
9.671E+04   5.907E+00  2.745E-03 
9.797E+04   5.849E+00  2.714E-03 
9.924E+04   5.792E+00  2.682E-03 
1.005E+05   5.735E+00  2.652E-03 
1.018E+05   5.679E+00  2.621E-03 
1.032E+05   5.624E+00  2.591E-03 
1.045E+05   5.569E+00  2.561E-03 
1.059E+05   5.514E+00  2.532E-03 
1.072E+05   5.460E+00  2.502E-03 
1.086E+05   5.407E+00  2.474E-03 
1.100E+05   5.354E+00  2.445E-03 
1.115E+05   5.302E+00  2.417E-03 
1.129E+05   5.250E+00  2.389E-03 
1.144E+05   5.198E+00  2.361E-03 
1.159E+05   5.148E+00  2.334E-03 
1.174E+05   5.097E+00  2.307E-03 
1.189E+05   5.047E+00  2.281E-03 
1.204E+05   4.998E+00  2.254E-03 
1.220E+05   4.949E+00  2.228E-03 
1.236E+05   4.900E+00  2.203E-03 
1.252E+05   4.852E+00  2.177E-03 
1.268E+05   4.805E+00  2.152E-03 
1.285E+05   4.758E+00  2.127E-03 
1.302E+05   4.711E+00  2.103E-03 
1.318E+05   4.665E+00  2.078E-03 
1.336E+05   4.620E+00  2.054E-03 
1.353E+05   4.574E+00  2.031E-03 
1.371E+05   4.530E+00  2.007E-03 
1.388E+05   4.485E+00  1.984E-03 
1.406E+05   4.441E+00  1.961E-03 
1.425E+05   4.398E+00  1.939E-03 
1.443E+05   4.355E+00  1.916E-03 
1.462E+05   4.312E+00  1.894E-03 
1.481E+05   4.270E+00  1.872E-03 
1.500E+05   4.228E+00  1.850E-03 
1.520E+05   4.187E+00  1.829E-03 
1.539E+05   4.146E+00  1.808E-03 
1.559E+05   4.105E+00  1.787E-03 
1.580E+05   4.065E+00  1.766E-03 
1.600E+05   4.026E+00  1.746E-03 
1.621E+05   3.986E+00  1.726E-03 
1.642E+05   3.947E+00  1.706E-03 
1.663E+05   3.909E+00  1.686E-03 
1.685E+05   3.871E+00  1.666E-03 
1.707E+05   3.833E+00  1.647E-03 
1.729E+05   3.796E+00  1.628E-03 
1.752E+05   3.759E+00  1.609E-03 
1.774E+05   3.722E+00  1.591E-03 
1.797E+05   3.686E+00  1.572E-03 
1.821E+05   3.650E+00  1.554E-03 
1.844E+05   3.614E+00  1.536E-03 
1.868E+05   3.579E+00  1.518E-03 
1.893E+05   3.544E+00  1.500E-03 
1.917E+05   3.510E+00  1.483E-03 
1.942E+05   3.476E+00  1.466E-03 
1.967E+05   3.442E+00  1.449E-03 
1.993E+05   3.408E+00  1.432E-03 
2.019E+05   3.375E+00  1.415E-03 
2.045E+05   3.343E+00  1.399E-03 
2.072E+05   3.310E+00  1.383E-03 
2.099E+05   3.278E+00  1.367E-03 
2.126E+05   3.246E+00  1.351E-03 
2.154E+05   3.215E+00  1.335E-03 
2.182E+05   3.184E+00  1.320E-03 
2.210E+05   3.153E+00  1.304E-03 
2.239E+05   3.123E+00  1.289E-03 
2.268E+05   3.092E+00  1.274E-03 
2.297E+05   3.063E+00  1.260E-03 
2.327E+05   3.033E+00  1.245E-03 
2.357E+05   3.004E+00  1.230E-03 
2.388E+05   2.975E+00  1.216E-03 
2.419E+05   2.946E+00  1.202E-03 
2.450E+05   2.918E+00  1.188E-03 
2.482E+05   2.890E+00  1.174E-03 
2.515E+05   2.862E+00  1.161E-03 
2.547E+05   2.835E+00  1.147E-03 
2.580E+05   2.807E+00  1.134E-03 
2.614E+05   2.781E+00  1.121E-03 
2.648E+05   2.754E+00  1.108E-03 
2.682E+05   2.728E+00  1.095E-03 
2.717E+05   2.702E+00  1.082E-03 
2.752E+05   2.676E+00  1.069E-03 
2.788E+05   2.650E+00  1.057E-03 
2.824E+05   2.625E+00  1.045E-03 
2.861E+05   2.600E+00  1.032E-03 
2.898E+05   2.575E+00  1.020E-03 
2.936E+05   2.551E+00  1.009E-03 
2.974E+05   2.527E+00  9.968E-04 
3.013E+05   2.503E+00  9.852E-04 
3.052E+05   2.479E+00  9.737E-04 
3.092E+05   2.456E+00  9.623E-04 
3.132E+05   2.432E+00  9.511E-04 
3.172E+05   2.410E+00  9.401E-04 
3.214E+05   2.387E+00  9.291E-04 
3.255E+05   2.364E+00  9.183E-04 
3.298E+05   2.342E+00  9.076E-04 
3.341E+05   2.320E+00  8.970E-04 
3.384E+05   2.298E+00  8.865E-04 
3.428E+05   2.277E+00  8.762E-04 
3.473E+05   2.256E+00  8.660E-04 
3.518E+05   2.235E+00  8.559E-04 
3.563E+05   2.214E+00  8.459E-04 
3.610E+05   2.193E+00  8.360E-04 
3.657E+05   2.173E+00  8.263E-04 
3.704E+05   2.153E+00  8.166E-04 
3.752E+05   2.133E+00  8.071E-04 
3.801E+05   2.113E+00  7.977E-04 
3.851E+05   2.093E+00  7.884E-04 
3.901E+05   2.074E+00  7.792E-04 
3.951E+05   2.055E+00  7.701E-04 
4.003E+05   2.036E+00  7.611E-04 
