Ion = Helium      . Mass = 4.0026
Tgt = Yb (Solid). Density = 6.96 g/cm3
Stopping Units =  eV/(1E15 atoms/cm2)
Energy(keV)  S(Elec)    S(Nuc)
1.000E+00   5.423E+00  1.833E+00 
1.013E+00   5.458E+00  1.838E+00 
1.026E+00   5.494E+00  1.843E+00 
1.039E+00   5.529E+00  1.848E+00 
1.053E+00   5.565E+00  1.853E+00 
1.067E+00   5.601E+00  1.858E+00 
1.081E+00   5.638E+00  1.863E+00 
1.095E+00   5.674E+00  1.868E+00 
1.109E+00   5.711E+00  1.873E+00 
1.123E+00   5.748E+00  1.878E+00 
1.138E+00   5.785E+00  1.883E+00 
1.153E+00   5.823E+00  1.888E+00 
1.168E+00   5.860E+00  1.893E+00 
1.183E+00   5.898E+00  1.897E+00 
1.198E+00   5.936E+00  1.902E+00 
1.214E+00   5.975E+00  1.907E+00 
1.229E+00   6.014E+00  1.912E+00 
1.245E+00   6.053E+00  1.917E+00 
1.262E+00   6.092E+00  1.921E+00 
1.278E+00   6.131E+00  1.926E+00 
1.295E+00   6.171E+00  1.931E+00 
1.311E+00   6.211E+00  1.936E+00 
1.329E+00   6.251E+00  1.940E+00 
1.346E+00   6.292E+00  1.945E+00 
1.363E+00   6.332E+00  1.950E+00 
1.381E+00   6.373E+00  1.954E+00 
1.399E+00   6.415E+00  1.959E+00 
1.417E+00   6.456E+00  1.963E+00 
1.436E+00   6.498E+00  1.968E+00 
1.454E+00   6.540E+00  1.972E+00 
1.473E+00   6.582E+00  1.977E+00 
1.492E+00   6.625E+00  1.981E+00 
1.512E+00   6.668E+00  1.986E+00 
1.531E+00   6.711E+00  1.990E+00 
1.551E+00   6.755E+00  1.994E+00 
1.571E+00   6.798E+00  1.999E+00 
1.592E+00   6.842E+00  2.003E+00 
1.612E+00   6.887E+00  2.007E+00 
1.633E+00   6.931E+00  2.011E+00 
1.655E+00   6.976E+00  2.016E+00 
1.676E+00   7.021E+00  2.020E+00 
1.698E+00   7.067E+00  2.024E+00 
1.720E+00   7.113E+00  2.028E+00 
1.742E+00   7.159E+00  2.032E+00 
1.765E+00   7.205E+00  2.036E+00 
1.788E+00   7.252E+00  2.040E+00 
1.811E+00   7.299E+00  2.044E+00 
1.835E+00   7.346E+00  2.048E+00 
1.859E+00   7.394E+00  2.052E+00 
1.883E+00   7.442E+00  2.056E+00 
1.907E+00   7.490E+00  2.060E+00 
1.932E+00   7.538E+00  2.064E+00 
1.957E+00   7.587E+00  2.068E+00 
1.983E+00   7.636E+00  2.072E+00 
2.008E+00   7.686E+00  2.075E+00 
2.034E+00   7.735E+00  2.079E+00 
2.061E+00   7.786E+00  2.083E+00 
2.088E+00   7.836E+00  2.086E+00 
2.115E+00   7.887E+00  2.090E+00 
2.142E+00   7.938E+00  2.093E+00 
2.170E+00   7.989E+00  2.097E+00 
2.198E+00   8.041E+00  2.101E+00 
2.227E+00   8.093E+00  2.104E+00 
2.256E+00   8.146E+00  2.107E+00 
2.285E+00   8.198E+00  2.111E+00 
2.315E+00   8.251E+00  2.114E+00 
2.345E+00   8.305E+00  2.118E+00 
2.375E+00   8.359E+00  2.121E+00 
2.406E+00   8.413E+00  2.124E+00 
2.438E+00   8.467E+00  2.127E+00 
2.469E+00   8.522E+00  2.130E+00 
2.501E+00   8.577E+00  2.134E+00 
2.534E+00   8.633E+00  2.137E+00 
2.567E+00   8.689E+00  2.140E+00 
2.600E+00   8.745E+00  2.143E+00 
2.634E+00   8.802E+00  2.146E+00 
2.668E+00   8.859E+00  2.149E+00 
2.703E+00   8.916E+00  2.151E+00 
2.738E+00   8.974E+00  2.154E+00 
2.773E+00   9.032E+00  2.157E+00 
2.810E+00   9.090E+00  2.160E+00 
2.846E+00   9.149E+00  2.163E+00 
2.883E+00   9.209E+00  2.165E+00 
2.921E+00   9.268E+00  2.168E+00 
2.958E+00   9.328E+00  2.170E+00 
2.997E+00   9.389E+00  2.173E+00 
3.036E+00   9.450E+00  2.175E+00 
3.075E+00   9.511E+00  2.178E+00 
3.115E+00   9.572E+00  2.180E+00 
3.156E+00   9.634E+00  2.183E+00 
3.197E+00   9.697E+00  2.185E+00 
3.238E+00   9.760E+00  2.187E+00 
3.280E+00   9.823E+00  2.190E+00 
3.323E+00   9.886E+00  2.192E+00 
3.366E+00   9.950E+00  2.194E+00 
3.410E+00   1.001E+01  2.196E+00 
3.454E+00   1.008E+01  2.198E+00 
3.499E+00   1.015E+01  2.200E+00 
3.545E+00   1.021E+01  2.202E+00 
3.591E+00   1.028E+01  2.204E+00 
3.637E+00   1.034E+01  2.206E+00 
3.685E+00   1.041E+01  2.207E+00 
3.733E+00   1.048E+01  2.209E+00 
3.781E+00   1.055E+01  2.211E+00 
3.830E+00   1.061E+01  2.213E+00 
3.880E+00   1.068E+01  2.214E+00 
3.930E+00   1.075E+01  2.216E+00 
3.982E+00   1.082E+01  2.217E+00 
4.033E+00   1.089E+01  2.219E+00 
4.086E+00   1.096E+01  2.220E+00 
4.139E+00   1.103E+01  2.221E+00 
4.193E+00   1.110E+01  2.223E+00 
4.247E+00   1.118E+01  2.224E+00 
4.302E+00   1.125E+01  2.225E+00 
4.358E+00   1.132E+01  2.226E+00 
4.415E+00   1.140E+01  2.227E+00 
4.472E+00   1.147E+01  2.228E+00 
4.530E+00   1.154E+01  2.229E+00 
4.589E+00   1.162E+01  2.230E+00 
4.649E+00   1.169E+01  2.231E+00 
4.709E+00   1.177E+01  2.232E+00 
4.770E+00   1.185E+01  2.233E+00 
4.832E+00   1.192E+01  2.233E+00 
4.895E+00   1.200E+01  2.234E+00 
4.959E+00   1.208E+01  2.235E+00 
5.023E+00   1.216E+01  2.235E+00 
5.089E+00   1.223E+01  2.236E+00 
5.155E+00   1.231E+01  2.236E+00 
5.222E+00   1.239E+01  2.236E+00 
5.290E+00   1.247E+01  2.237E+00 
5.358E+00   1.255E+01  2.237E+00 
5.428E+00   1.264E+01  2.237E+00 
5.499E+00   1.272E+01  2.237E+00 
5.570E+00   1.280E+01  2.237E+00 
5.642E+00   1.288E+01  2.237E+00 
5.716E+00   1.297E+01  2.237E+00 
5.790E+00   1.305E+01  2.237E+00 
5.865E+00   1.313E+01  2.237E+00 
5.942E+00   1.322E+01  2.237E+00 
6.019E+00   1.331E+01  2.237E+00 
6.097E+00   1.339E+01  2.236E+00 
6.176E+00   1.348E+01  2.236E+00 
6.256E+00   1.357E+01  2.236E+00 
6.338E+00   1.365E+01  2.235E+00 
6.420E+00   1.374E+01  2.234E+00 
6.504E+00   1.383E+01  2.234E+00 
6.588E+00   1.392E+01  2.233E+00 
6.674E+00   1.401E+01  2.232E+00 
6.760E+00   1.410E+01  2.232E+00 
6.848E+00   1.419E+01  2.231E+00 
6.937E+00   1.428E+01  2.230E+00 
7.027E+00   1.438E+01  2.229E+00 
7.119E+00   1.447E+01  2.228E+00 
7.211E+00   1.456E+01  2.227E+00 
7.305E+00   1.466E+01  2.226E+00 
7.400E+00   1.475E+01  2.224E+00 
7.496E+00   1.485E+01  2.223E+00 
7.594E+00   1.494E+01  2.222E+00 
7.692E+00   1.504E+01  2.220E+00 
7.792E+00   1.514E+01  2.219E+00 
7.894E+00   1.524E+01  2.217E+00 
7.996E+00   1.534E+01  2.216E+00 
8.100E+00   1.545E+01  2.214E+00 
8.205E+00   1.556E+01  2.212E+00 
8.312E+00   1.567E+01  2.210E+00 
8.420E+00   1.579E+01  2.209E+00 
8.529E+00   1.590E+01  2.207E+00 
8.640E+00   1.602E+01  2.205E+00 
8.753E+00   1.613E+01  2.203E+00 
8.866E+00   1.625E+01  2.201E+00 
8.982E+00   1.637E+01  2.198E+00 
9.098E+00   1.649E+01  2.196E+00 
9.217E+00   1.661E+01  2.194E+00 
9.336E+00   1.673E+01  2.192E+00 
9.458E+00   1.685E+01  2.189E+00 
9.581E+00   1.697E+01  2.187E+00 
9.705E+00   1.710E+01  2.184E+00 
9.831E+00   1.722E+01  2.182E+00 
9.959E+00   1.735E+01  2.179E+00 
1.009E+01   1.747E+01  2.176E+00 
1.022E+01   1.760E+01  2.173E+00 
1.035E+01   1.773E+01  2.171E+00 
1.049E+01   1.786E+01  2.168E+00 
1.062E+01   1.799E+01  2.165E+00 
1.076E+01   1.812E+01  2.162E+00 
1.090E+01   1.825E+01  2.159E+00 
1.104E+01   1.838E+01  2.155E+00 
1.119E+01   1.852E+01  2.152E+00 
1.133E+01   1.865E+01  2.149E+00 
1.148E+01   1.879E+01  2.146E+00 
1.163E+01   1.893E+01  2.142E+00 
1.178E+01   1.907E+01  2.139E+00 
1.193E+01   1.920E+01  2.135E+00 
1.209E+01   1.934E+01  2.132E+00 
1.224E+01   1.949E+01  2.128E+00 
1.240E+01   1.963E+01  2.124E+00 
1.256E+01   1.977E+01  2.121E+00 
1.273E+01   1.992E+01  2.117E+00 
1.289E+01   2.006E+01  2.113E+00 
1.306E+01   2.021E+01  2.109E+00 
1.323E+01   2.036E+01  2.105E+00 
1.340E+01   2.050E+01  2.101E+00 
1.358E+01   2.065E+01  2.097E+00 
1.375E+01   2.080E+01  2.093E+00 
1.393E+01   2.096E+01  2.088E+00 
1.411E+01   2.111E+01  2.084E+00 
1.430E+01   2.126E+01  2.080E+00 
1.448E+01   2.142E+01  2.075E+00 
1.467E+01   2.158E+01  2.071E+00 
1.486E+01   2.173E+01  2.066E+00 
1.505E+01   2.189E+01  2.062E+00 
1.525E+01   2.205E+01  2.057E+00 
1.545E+01   2.221E+01  2.052E+00 
1.565E+01   2.238E+01  2.048E+00 
1.585E+01   2.254E+01  2.043E+00 
1.606E+01   2.271E+01  2.038E+00 
1.627E+01   2.287E+01  2.033E+00 
1.648E+01   2.304E+01  2.028E+00 
1.669E+01   2.321E+01  2.023E+00 
1.691E+01   2.338E+01  2.018E+00 
1.713E+01   2.355E+01  2.013E+00 
1.735E+01   2.372E+01  2.008E+00 
1.758E+01   2.389E+01  2.003E+00 
1.781E+01   2.407E+01  1.997E+00 
1.804E+01   2.425E+01  1.992E+00 
1.827E+01   2.442E+01  1.987E+00 
1.851E+01   2.460E+01  1.981E+00 
1.875E+01   2.478E+01  1.976E+00 
1.899E+01   2.496E+01  1.970E+00 
1.924E+01   2.515E+01  1.965E+00 
1.949E+01   2.533E+01  1.959E+00 
1.974E+01   2.552E+01  1.953E+00 
2.000E+01   2.570E+01  1.948E+00 
2.026E+01   2.589E+01  1.942E+00 
2.052E+01   2.608E+01  1.936E+00 
2.079E+01   2.627E+01  1.930E+00 
2.106E+01   2.646E+01  1.924E+00 
2.133E+01   2.666E+01  1.918E+00 
2.161E+01   2.685E+01  1.912E+00 
2.189E+01   2.705E+01  1.906E+00 
2.218E+01   2.725E+01  1.900E+00 
2.247E+01   2.745E+01  1.894E+00 
2.276E+01   2.765E+01  1.888E+00 
2.305E+01   2.785E+01  1.882E+00 
2.335E+01   2.806E+01  1.875E+00 
2.366E+01   2.826E+01  1.869E+00 
2.396E+01   2.847E+01  1.863E+00 
2.428E+01   2.868E+01  1.856E+00 
2.459E+01   2.889E+01  1.850E+00 
2.491E+01   2.910E+01  1.843E+00 
2.523E+01   2.931E+01  1.837E+00 
2.556E+01   2.953E+01  1.830E+00 
2.589E+01   2.974E+01  1.824E+00 
2.623E+01   2.996E+01  1.817E+00 
2.657E+01   3.018E+01  1.811E+00 
2.692E+01   3.040E+01  1.804E+00 
2.727E+01   3.062E+01  1.797E+00 
2.762E+01   3.085E+01  1.791E+00 
2.798E+01   3.108E+01  1.784E+00 
2.834E+01   3.130E+01  1.777E+00 
2.871E+01   3.153E+01  1.770E+00 
2.909E+01   3.176E+01  1.763E+00 
2.946E+01   3.200E+01  1.756E+00 
2.985E+01   3.223E+01  1.749E+00 
3.023E+01   3.247E+01  1.742E+00 
3.063E+01   3.270E+01  1.735E+00 
3.103E+01   3.294E+01  1.728E+00 
3.143E+01   3.319E+01  1.721E+00 
3.184E+01   3.343E+01  1.714E+00 
3.225E+01   3.367E+01  1.707E+00 
3.267E+01   3.392E+01  1.700E+00 
3.309E+01   3.417E+01  1.693E+00 
3.352E+01   3.442E+01  1.686E+00 
3.396E+01   3.467E+01  1.679E+00 
3.440E+01   3.492E+01  1.671E+00 
3.485E+01   3.518E+01  1.664E+00 
3.530E+01   3.544E+01  1.657E+00 
3.576E+01   3.570E+01  1.650E+00 
3.623E+01   3.596E+01  1.642E+00 
3.670E+01   3.622E+01  1.635E+00 
3.717E+01   3.649E+01  1.628E+00 
3.766E+01   3.675E+01  1.620E+00 
3.815E+01   3.702E+01  1.613E+00 
3.864E+01   3.729E+01  1.605E+00 
3.914E+01   3.757E+01  1.598E+00 
3.965E+01   3.784E+01  1.591E+00 
4.017E+01   3.812E+01  1.583E+00 
4.069E+01   3.840E+01  1.576E+00 
4.122E+01   3.868E+01  1.568E+00 
4.175E+01   3.896E+01  1.561E+00 
4.230E+01   3.924E+01  1.553E+00 
4.285E+01   3.953E+01  1.546E+00 
4.340E+01   3.982E+01  1.538E+00 
4.397E+01   4.011E+01  1.531E+00 
4.454E+01   4.040E+01  1.523E+00 
4.512E+01   4.070E+01  1.516E+00 
4.570E+01   4.099E+01  1.508E+00 
4.630E+01   4.129E+01  1.500E+00 
4.690E+01   4.160E+01  1.493E+00 
4.751E+01   4.190E+01  1.485E+00 
4.813E+01   4.220E+01  1.478E+00 
4.875E+01   4.251E+01  1.470E+00 
4.939E+01   4.282E+01  1.462E+00 
5.003E+01   4.313E+01  1.455E+00 
5.068E+01   4.345E+01  1.447E+00 
5.134E+01   4.376E+01  1.440E+00 
5.200E+01   4.408E+01  1.432E+00 
5.268E+01   4.440E+01  1.424E+00 
5.336E+01   4.473E+01  1.417E+00 
5.406E+01   4.505E+01  1.409E+00 
5.476E+01   4.538E+01  1.401E+00 
5.547E+01   4.571E+01  1.394E+00 
5.619E+01   4.604E+01  1.386E+00 
5.692E+01   4.637E+01  1.379E+00 
5.766E+01   4.671E+01  1.371E+00 
5.841E+01   4.705E+01  1.363E+00 
5.917E+01   4.739E+01  1.356E+00 
5.994E+01   4.774E+01  1.348E+00 
6.072E+01   4.808E+01  1.340E+00 
6.151E+01   4.843E+01  1.333E+00 
6.231E+01   4.878E+01  1.325E+00 
6.312E+01   4.913E+01  1.318E+00 
6.394E+01   4.949E+01  1.310E+00 
6.477E+01   4.985E+01  1.302E+00 
6.561E+01   5.021E+01  1.295E+00 
6.646E+01   5.057E+01  1.287E+00 
6.733E+01   5.093E+01  1.280E+00 
6.820E+01   5.130E+01  1.272E+00 
6.909E+01   5.167E+01  1.265E+00 
6.999E+01   5.204E+01  1.257E+00 
7.090E+01   5.242E+01  1.250E+00 
7.182E+01   5.280E+01  1.242E+00 
7.275E+01   5.318E+01  1.235E+00 
7.370E+01   5.356E+01  1.227E+00 
7.465E+01   5.394E+01  1.220E+00 
7.562E+01   5.433E+01  1.212E+00 
7.661E+01   5.472E+01  1.205E+00 
7.760E+01   5.511E+01  1.197E+00 
7.861E+01   5.551E+01  1.190E+00 
7.963E+01   5.590E+01  1.182E+00 
8.067E+01   5.630E+01  1.175E+00 
8.172E+01   5.671E+01  1.168E+00 
8.278E+01   5.711E+01  1.160E+00 
8.385E+01   5.752E+01  1.153E+00 
8.494E+01   5.793E+01  1.146E+00 
8.605E+01   5.834E+01  1.138E+00 
8.717E+01   5.876E+01  1.131E+00 
8.830E+01   5.917E+01  1.124E+00 
8.945E+01   5.959E+01  1.116E+00 
9.061E+01   6.002E+01  1.109E+00 
9.179E+01   6.044E+01  1.102E+00 
9.298E+01   6.087E+01  1.095E+00 
9.419E+01   6.130E+01  1.087E+00 
9.541E+01   6.173E+01  1.080E+00 
9.665E+01   6.217E+01  1.073E+00 
9.791E+01   6.261E+01  1.066E+00 
9.918E+01   6.305E+01  1.059E+00 
1.005E+02   6.349E+01  1.052E+00 
1.018E+02   6.394E+01  1.045E+00 
1.031E+02   6.439E+01  1.038E+00 
1.044E+02   6.484E+01  1.031E+00 
1.058E+02   6.529E+01  1.024E+00 
1.072E+02   6.575E+01  1.017E+00 
1.086E+02   6.621E+01  1.010E+00 
1.100E+02   6.667E+01  1.003E+00 
1.114E+02   6.713E+01  9.959E-01 
1.129E+02   6.760E+01  9.890E-01 
1.143E+02   6.807E+01  9.822E-01 
1.158E+02   6.854E+01  9.753E-01 
1.173E+02   6.902E+01  9.685E-01 
1.188E+02   6.949E+01  9.617E-01 
1.204E+02   6.997E+01  9.550E-01 
1.219E+02   7.045E+01  9.482E-01 
1.235E+02   7.094E+01  9.415E-01 
1.251E+02   7.143E+01  9.348E-01 
1.268E+02   7.192E+01  9.282E-01 
1.284E+02   7.241E+01  9.216E-01 
1.301E+02   7.290E+01  9.149E-01 
1.318E+02   7.340E+01  9.084E-01 
1.335E+02   7.390E+01  9.018E-01 
1.352E+02   7.440E+01  8.953E-01 
1.370E+02   7.490E+01  8.888E-01 
1.388E+02   7.541E+01  8.823E-01 
1.406E+02   7.591E+01  8.759E-01 
1.424E+02   7.643E+01  8.695E-01 
1.442E+02   7.694E+01  8.631E-01 
1.461E+02   7.745E+01  8.567E-01 
1.480E+02   7.797E+01  8.504E-01 
1.499E+02   7.849E+01  8.441E-01 
1.519E+02   7.901E+01  8.378E-01 
1.539E+02   7.953E+01  8.316E-01 
1.559E+02   8.006E+01  8.254E-01 
1.579E+02   8.059E+01  8.192E-01 
1.599E+02   8.112E+01  8.130E-01 
1.620E+02   8.165E+01  8.069E-01 
1.641E+02   8.218E+01  8.008E-01 
1.662E+02   8.272E+01  7.947E-01 
1.684E+02   8.326E+01  7.887E-01 
1.706E+02   8.379E+01  7.827E-01 
1.728E+02   8.434E+01  7.767E-01 
1.751E+02   8.488E+01  7.708E-01 
1.773E+02   8.542E+01  7.648E-01 
1.796E+02   8.597E+01  7.590E-01 
1.820E+02   8.652E+01  7.531E-01 
1.843E+02   8.706E+01  7.473E-01 
1.867E+02   8.762E+01  7.415E-01 
1.892E+02   8.817E+01  7.357E-01 
1.916E+02   8.872E+01  7.300E-01 
1.941E+02   8.927E+01  7.243E-01 
1.966E+02   8.983E+01  7.186E-01 
1.992E+02   9.039E+01  7.129E-01 
2.018E+02   9.094E+01  7.073E-01 
2.044E+02   9.150E+01  7.017E-01 
2.071E+02   9.206E+01  6.962E-01 
2.097E+02   9.262E+01  6.907E-01 
2.125E+02   9.318E+01  6.852E-01 
2.152E+02   9.375E+01  6.797E-01 
2.180E+02   9.431E+01  6.743E-01 
2.209E+02   9.487E+01  6.689E-01 
2.237E+02   9.543E+01  6.635E-01 
2.266E+02   9.600E+01  6.582E-01 
2.296E+02   9.656E+01  6.529E-01 
2.326E+02   9.713E+01  6.476E-01 
2.356E+02   9.769E+01  6.424E-01 
2.387E+02   9.825E+01  6.372E-01 
2.418E+02   9.882E+01  6.320E-01 
2.449E+02   9.938E+01  6.268E-01 
2.481E+02   9.995E+01  6.217E-01 
2.513E+02   1.005E+02  6.166E-01 
2.546E+02   1.011E+02  6.116E-01 
2.579E+02   1.016E+02  6.065E-01 
2.612E+02   1.022E+02  6.015E-01 
2.646E+02   1.028E+02  5.966E-01 
2.681E+02   1.033E+02  5.916E-01 
2.716E+02   1.039E+02  5.867E-01 
2.751E+02   1.044E+02  5.819E-01 
2.787E+02   1.050E+02  5.770E-01 
2.823E+02   1.055E+02  5.722E-01 
2.859E+02   1.061E+02  5.674E-01 
2.897E+02   1.066E+02  5.627E-01 
2.934E+02   1.072E+02  5.580E-01 
2.972E+02   1.077E+02  5.533E-01 
3.011E+02   1.083E+02  5.486E-01 
3.050E+02   1.088E+02  5.440E-01 
3.090E+02   1.093E+02  5.394E-01 
3.130E+02   1.099E+02  5.348E-01 
3.171E+02   1.104E+02  5.303E-01 
3.212E+02   1.109E+02  5.258E-01 
3.254E+02   1.115E+02  5.213E-01 
3.296E+02   1.120E+02  5.168E-01 
3.339E+02   1.125E+02  5.124E-01 
3.382E+02   1.130E+02  5.080E-01 
3.426E+02   1.135E+02  5.037E-01 
3.471E+02   1.140E+02  4.994E-01 
3.516E+02   1.145E+02  4.951E-01 
3.561E+02   1.150E+02  4.908E-01 
3.608E+02   1.155E+02  4.866E-01 
3.655E+02   1.160E+02  4.823E-01 
3.702E+02   1.165E+02  4.782E-01 
3.750E+02   1.170E+02  4.740E-01 
3.799E+02   1.175E+02  4.699E-01 
3.848E+02   1.179E+02  4.658E-01 
3.898E+02   1.184E+02  4.617E-01 
3.949E+02   1.189E+02  4.577E-01 
4.000E+02   1.193E+02  4.537E-01 
4.052E+02   1.197E+02  4.497E-01 
4.105E+02   1.202E+02  4.458E-01 
4.158E+02   1.206E+02  4.418E-01 
4.212E+02   1.210E+02  4.379E-01 
4.267E+02   1.215E+02  4.341E-01 
4.323E+02   1.219E+02  4.302E-01 
4.379E+02   1.223E+02  4.264E-01 
4.436E+02   1.227E+02  4.226E-01 
4.493E+02   1.230E+02  4.189E-01 
4.552E+02   1.234E+02  4.152E-01 
4.611E+02   1.238E+02  4.115E-01 
4.671E+02   1.242E+02  4.078E-01 
4.731E+02   1.245E+02  4.042E-01 
4.793E+02   1.249E+02  4.005E-01 
4.855E+02   1.252E+02  3.969E-01 
4.918E+02   1.255E+02  3.934E-01 
4.982E+02   1.258E+02  3.898E-01 
5.047E+02   1.261E+02  3.863E-01 
5.113E+02   1.264E+02  3.935E-01 
5.179E+02   1.267E+02  3.899E-01 
5.246E+02   1.270E+02  3.864E-01 
5.315E+02   1.273E+02  3.828E-01 
5.384E+02   1.275E+02  3.793E-01 
5.454E+02   1.278E+02  3.759E-01 
5.524E+02   1.280E+02  3.724E-01 
5.596E+02   1.282E+02  3.690E-01 
5.669E+02   1.285E+02  3.656E-01 
5.743E+02   1.287E+02  3.623E-01 
5.817E+02   1.288E+02  3.589E-01 
5.893E+02   1.290E+02  3.556E-01 
5.969E+02   1.292E+02  3.523E-01 
6.047E+02   1.294E+02  3.491E-01 
6.126E+02   1.295E+02  3.458E-01 
6.205E+02   1.296E+02  3.426E-01 
6.286E+02   1.298E+02  3.394E-01 
6.368E+02   1.299E+02  3.363E-01 
6.450E+02   1.300E+02  3.331E-01 
6.534E+02   1.301E+02  3.300E-01 
6.619E+02   1.301E+02  3.269E-01 
6.705E+02   1.302E+02  3.239E-01 
6.792E+02   1.303E+02  3.209E-01 
6.881E+02   1.303E+02  3.178E-01 
6.970E+02   1.303E+02  3.149E-01 
7.061E+02   1.303E+02  3.119E-01 
7.152E+02   1.303E+02  3.090E-01 
7.245E+02   1.303E+02  3.060E-01 
7.339E+02   1.303E+02  3.032E-01 
7.435E+02   1.303E+02  3.003E-01 
7.531E+02   1.302E+02  2.975E-01 
7.629E+02   1.302E+02  2.946E-01 
7.728E+02   1.301E+02  2.918E-01 
7.829E+02   1.300E+02  2.891E-01 
7.931E+02   1.299E+02  2.863E-01 
8.034E+02   1.298E+02  2.836E-01 
8.138E+02   1.297E+02  2.809E-01 
8.244E+02   1.296E+02  2.782E-01 
8.351E+02   1.294E+02  2.756E-01 
8.460E+02   1.293E+02  2.729E-01 
8.570E+02   1.291E+02  2.703E-01 
8.681E+02   1.289E+02  2.677E-01 
8.794E+02   1.287E+02  2.651E-01 
8.908E+02   1.285E+02  2.626E-01 
9.024E+02   1.283E+02  2.601E-01 
9.141E+02   1.281E+02  2.576E-01 
9.260E+02   1.279E+02  2.551E-01 
9.380E+02   1.276E+02  2.526E-01 
9.502E+02   1.274E+02  2.502E-01 
9.626E+02   1.271E+02  2.478E-01 
9.751E+02   1.268E+02  2.454E-01 
9.877E+02   1.266E+02  2.430E-01 
1.001E+03   1.263E+02  2.406E-01 
1.014E+03   1.260E+02  2.383E-01 
1.027E+03   1.257E+02  2.360E-01 
1.040E+03   1.253E+02  2.337E-01 
1.054E+03   1.250E+02  2.314E-01 
1.067E+03   1.247E+02  2.292E-01 
1.081E+03   1.243E+02  2.269E-01 
1.095E+03   1.240E+02  2.247E-01 
1.109E+03   1.236E+02  2.225E-01 
1.124E+03   1.232E+02  2.203E-01 
1.138E+03   1.229E+02  2.182E-01 
1.153E+03   1.225E+02  2.160E-01 
1.168E+03   1.221E+02  2.139E-01 
1.183E+03   1.217E+02  2.118E-01 
1.199E+03   1.213E+02  2.097E-01 
1.214E+03   1.209E+02  2.077E-01 
1.230E+03   1.205E+02  2.056E-01 
1.246E+03   1.201E+02  2.036E-01 
1.262E+03   1.196E+02  2.016E-01 
1.279E+03   1.192E+02  1.996E-01 
1.295E+03   1.188E+02  1.976E-01 
1.312E+03   1.183E+02  1.957E-01 
1.329E+03   1.179E+02  1.937E-01 
1.347E+03   1.174E+02  1.918E-01 
1.364E+03   1.170E+02  1.899E-01 
1.382E+03   1.165E+02  1.880E-01 
1.400E+03   1.161E+02  1.862E-01 
1.418E+03   1.156E+02  1.843E-01 
1.436E+03   1.151E+02  1.825E-01 
1.455E+03   1.147E+02  1.806E-01 
1.474E+03   1.142E+02  1.788E-01 
1.493E+03   1.137E+02  1.771E-01 
1.513E+03   1.132E+02  1.753E-01 
1.532E+03   1.128E+02  1.735E-01 
1.552E+03   1.123E+02  1.718E-01 
1.572E+03   1.118E+02  1.701E-01 
1.593E+03   1.113E+02  1.684E-01 
1.613E+03   1.108E+02  1.667E-01 
1.634E+03   1.103E+02  1.650E-01 
1.656E+03   1.098E+02  1.634E-01 
1.677E+03   1.094E+02  1.617E-01 
1.699E+03   1.089E+02  1.601E-01 
1.721E+03   1.084E+02  1.585E-01 
1.743E+03   1.079E+02  1.569E-01 
1.766E+03   1.074E+02  1.553E-01 
1.789E+03   1.069E+02  1.537E-01 
1.812E+03   1.064E+02  1.522E-01 
1.836E+03   1.059E+02  1.506E-01 
1.860E+03   1.054E+02  1.491E-01 
1.884E+03   1.049E+02  1.476E-01 
1.908E+03   1.044E+02  1.461E-01 
1.933E+03   1.039E+02  1.446E-01 
1.958E+03   1.035E+02  1.432E-01 
1.984E+03   1.030E+02  1.417E-01 
2.009E+03   1.025E+02  1.403E-01 
2.036E+03   1.020E+02  1.389E-01 
2.062E+03   1.015E+02  1.374E-01 
2.089E+03   1.010E+02  1.360E-01 
2.116E+03   1.005E+02  1.347E-01 
2.143E+03   1.000E+02  1.333E-01 
2.171E+03   9.955E+01  1.319E-01 
2.200E+03   9.907E+01  1.306E-01 
2.228E+03   9.859E+01  1.292E-01 
2.257E+03   9.810E+01  1.279E-01 
2.286E+03   9.763E+01  1.266E-01 
2.316E+03   9.715E+01  1.253E-01 
2.346E+03   9.667E+01  1.240E-01 
2.377E+03   9.619E+01  1.228E-01 
2.408E+03   9.572E+01  1.215E-01 
2.439E+03   9.525E+01  1.203E-01 
2.471E+03   9.478E+01  1.190E-01 
2.503E+03   9.431E+01  1.178E-01 
2.535E+03   9.384E+01  1.166E-01 
2.568E+03   9.337E+01  1.154E-01 
2.602E+03   9.291E+01  1.142E-01 
2.635E+03   9.244E+01  1.130E-01 
2.670E+03   9.198E+01  1.119E-01 
2.704E+03   9.152E+01  1.107E-01 
2.740E+03   9.106E+01  1.096E-01 
2.775E+03   9.061E+01  1.084E-01 
2.811E+03   9.015E+01  1.073E-01 
2.848E+03   8.970E+01  1.062E-01 
2.885E+03   8.924E+01  1.051E-01 
2.922E+03   8.879E+01  1.040E-01 
2.960E+03   8.834E+01  1.029E-01 
2.999E+03   8.789E+01  1.019E-01 
3.038E+03   8.745E+01  1.008E-01 
3.077E+03   8.700E+01  9.977E-02 
3.117E+03   8.656E+01  9.874E-02 
3.158E+03   8.612E+01  9.771E-02 
3.199E+03   8.568E+01  9.670E-02 
3.240E+03   8.524E+01  9.569E-02 
3.282E+03   8.480E+01  9.470E-02 
3.325E+03   8.436E+01  9.371E-02 
3.368E+03   8.393E+01  9.273E-02 
3.412E+03   8.350E+01  9.177E-02 
3.456E+03   8.306E+01  9.081E-02 
3.501E+03   8.263E+01  8.986E-02 
3.547E+03   8.221E+01  8.892E-02 
3.593E+03   8.178E+01  8.800E-02 
3.640E+03   8.135E+01  8.708E-02 
3.687E+03   8.093E+01  8.617E-02 
3.735E+03   8.050E+01  8.526E-02 
3.783E+03   8.008E+01  8.437E-02 
3.832E+03   7.966E+01  8.349E-02 
3.882E+03   7.924E+01  8.261E-02 
3.933E+03   7.882E+01  8.175E-02 
3.984E+03   7.841E+01  8.089E-02 
4.036E+03   7.799E+01  8.004E-02 
4.088E+03   7.758E+01  7.920E-02 
4.141E+03   7.716E+01  7.837E-02 
4.195E+03   7.675E+01  7.754E-02 
4.250E+03   7.634E+01  7.673E-02 
4.305E+03   7.593E+01  7.592E-02 
4.361E+03   7.553E+01  7.512E-02 
4.417E+03   7.512E+01  7.433E-02 
4.475E+03   7.471E+01  7.355E-02 
4.533E+03   7.431E+01  7.277E-02 
4.592E+03   7.391E+01  7.200E-02 
4.652E+03   7.351E+01  7.124E-02 
4.712E+03   7.311E+01  7.049E-02 
4.773E+03   7.271E+01  6.974E-02 
4.835E+03   7.231E+01  6.901E-02 
4.898E+03   7.191E+01  6.828E-02 
4.962E+03   7.152E+01  6.755E-02 
5.026E+03   7.112E+01  6.684E-02 
5.092E+03   7.073E+01  6.613E-02 
5.158E+03   7.034E+01  6.543E-02 
5.225E+03   6.995E+01  6.474E-02 
5.293E+03   6.956E+01  6.405E-02 
5.362E+03   6.917E+01  6.337E-02 
5.431E+03   6.878E+01  6.270E-02 
5.502E+03   6.839E+01  6.203E-02 
5.573E+03   6.801E+01  6.137E-02 
5.646E+03   6.762E+01  6.072E-02 
5.719E+03   6.724E+01  6.007E-02 
5.793E+03   6.686E+01  5.943E-02 
5.869E+03   6.648E+01  5.880E-02 
5.945E+03   6.610E+01  5.818E-02 
6.022E+03   6.572E+01  5.756E-02 
6.101E+03   6.534E+01  5.694E-02 
6.180E+03   6.497E+01  5.633E-02 
6.260E+03   6.459E+01  5.573E-02 
6.341E+03   6.422E+01  5.514E-02 
6.424E+03   6.385E+01  5.455E-02 
6.507E+03   6.348E+01  5.397E-02 
6.592E+03   6.311E+01  5.339E-02 
6.678E+03   6.274E+01  5.282E-02 
6.764E+03   6.237E+01  5.225E-02 
6.852E+03   6.200E+01  5.169E-02 
6.941E+03   6.164E+01  5.114E-02 
7.032E+03   6.127E+01  5.059E-02 
7.123E+03   6.091E+01  5.005E-02 
7.216E+03   6.055E+01  4.951E-02 
7.309E+03   6.019E+01  4.898E-02 
7.404E+03   5.983E+01  4.846E-02 
7.501E+03   5.947E+01  4.794E-02 
7.598E+03   5.911E+01  4.742E-02 
7.697E+03   5.876E+01  4.691E-02 
7.797E+03   5.840E+01  4.641E-02 
7.898E+03   5.805E+01  4.591E-02 
8.001E+03   5.770E+01  4.542E-02 
8.105E+03   5.736E+01  4.493E-02 
8.210E+03   5.702E+01  4.444E-02 
8.317E+03   5.668E+01  4.397E-02 
8.425E+03   5.633E+01  4.349E-02 
8.534E+03   5.597E+01  4.302E-02 
8.645E+03   5.562E+01  4.256E-02 
8.758E+03   5.525E+01  4.210E-02 
8.871E+03   5.488E+01  4.165E-02 
8.987E+03   5.451E+01  4.120E-02 
9.104E+03   5.413E+01  4.075E-02 
9.222E+03   5.375E+01  4.031E-02 
9.342E+03   5.336E+01  3.987E-02 
9.463E+03   5.297E+01  3.944E-02 
9.586E+03   5.257E+01  3.902E-02 
9.711E+03   5.221E+01  3.860E-02 
9.837E+03   5.184E+01  3.818E-02 
9.965E+03   5.148E+01  3.776E-02 
1.009E+04   5.113E+01  3.735E-02 
1.023E+04   5.077E+01  3.695E-02 
1.036E+04   5.041E+01  3.655E-02 
1.049E+04   5.006E+01  3.615E-02 
1.063E+04   4.971E+01  3.576E-02 
1.077E+04   4.935E+01  3.537E-02 
1.091E+04   4.901E+01  3.499E-02 
1.105E+04   4.866E+01  3.461E-02 
1.119E+04   4.831E+01  3.423E-02 
1.134E+04   4.797E+01  3.386E-02 
1.149E+04   4.762E+01  3.349E-02 
1.163E+04   4.728E+01  3.313E-02 
1.179E+04   4.694E+01  3.277E-02 
1.194E+04   4.660E+01  3.241E-02 
1.209E+04   4.626E+01  3.206E-02 
1.225E+04   4.593E+01  3.171E-02 
1.241E+04   4.559E+01  3.136E-02 
1.257E+04   4.526E+01  3.102E-02 
1.274E+04   4.493E+01  3.068E-02 
1.290E+04   4.460E+01  3.035E-02 
1.307E+04   4.427E+01  3.002E-02 
1.324E+04   4.395E+01  2.969E-02 
1.341E+04   4.362E+01  2.937E-02 
1.358E+04   4.330E+01  2.905E-02 
1.376E+04   4.298E+01  2.873E-02 
1.394E+04   4.266E+01  2.841E-02 
1.412E+04   4.234E+01  2.810E-02 
1.431E+04   4.202E+01  2.780E-02 
1.449E+04   4.171E+01  2.749E-02 
1.468E+04   4.140E+01  2.719E-02 
1.487E+04   4.109E+01  2.689E-02 
1.506E+04   4.078E+01  2.660E-02 
1.526E+04   4.047E+01  2.631E-02 
1.546E+04   4.016E+01  2.602E-02 
1.566E+04   3.986E+01  2.573E-02 
1.586E+04   3.955E+01  2.545E-02 
1.607E+04   3.925E+01  2.517E-02 
1.628E+04   3.895E+01  2.490E-02 
1.649E+04   3.865E+01  2.462E-02 
1.670E+04   3.836E+01  2.435E-02 
1.692E+04   3.806E+01  2.409E-02 
1.714E+04   3.777E+01  2.382E-02 
1.736E+04   3.748E+01  2.356E-02 
1.759E+04   3.719E+01  2.330E-02 
1.782E+04   3.690E+01  2.304E-02 
1.805E+04   3.661E+01  2.279E-02 
1.828E+04   3.633E+01  2.254E-02 
1.852E+04   3.604E+01  2.229E-02 
1.876E+04   3.576E+01  2.205E-02 
1.900E+04   3.548E+01  2.180E-02 
1.925E+04   3.520E+01  2.156E-02 
1.950E+04   3.492E+01  2.133E-02 
1.976E+04   3.465E+01  2.109E-02 
2.001E+04   3.438E+01  2.086E-02 
2.027E+04   3.410E+01  2.063E-02 
2.054E+04   3.383E+01  2.040E-02 
2.080E+04   3.357E+01  2.018E-02 
2.107E+04   3.330E+01  1.995E-02 
2.135E+04   3.303E+01  1.973E-02 
2.162E+04   3.277E+01  1.951E-02 
2.191E+04   3.251E+01  1.930E-02 
2.219E+04   3.225E+01  1.909E-02 
2.248E+04   3.199E+01  1.887E-02 
2.277E+04   3.173E+01  1.867E-02 
2.307E+04   3.147E+01  1.846E-02 
2.337E+04   3.122E+01  1.826E-02 
2.367E+04   3.097E+01  1.805E-02 
2.398E+04   3.072E+01  1.785E-02 
2.429E+04   3.047E+01  1.766E-02 
2.461E+04   3.022E+01  1.746E-02 
2.492E+04   2.997E+01  1.727E-02 
2.525E+04   2.973E+01  1.708E-02 
2.558E+04   2.949E+01  1.689E-02 
2.591E+04   2.925E+01  1.670E-02 
2.625E+04   2.901E+01  1.651E-02 
2.659E+04   2.877E+01  1.633E-02 
2.693E+04   2.853E+01  1.615E-02 
2.728E+04   2.830E+01  1.597E-02 
2.764E+04   2.806E+01  1.579E-02 
2.800E+04   2.783E+01  1.562E-02 
2.836E+04   2.760E+01  1.544E-02 
2.873E+04   2.737E+01  1.527E-02 
2.910E+04   2.715E+01  1.510E-02 
2.948E+04   2.692E+01  1.493E-02 
2.986E+04   2.670E+01  1.477E-02 
3.025E+04   2.647E+01  1.460E-02 
3.065E+04   2.625E+01  1.444E-02 
3.104E+04   2.603E+01  1.428E-02 
3.145E+04   2.581E+01  1.412E-02 
3.186E+04   2.560E+01  1.396E-02 
3.227E+04   2.538E+01  1.381E-02 
3.269E+04   2.517E+01  1.365E-02 
3.311E+04   2.496E+01  1.350E-02 
3.354E+04   2.475E+01  1.335E-02 
3.398E+04   2.454E+01  1.320E-02 
3.442E+04   2.433E+01  1.306E-02 
3.487E+04   2.412E+01  1.291E-02 
3.532E+04   2.392E+01  1.277E-02 
3.578E+04   2.371E+01  1.262E-02 
3.625E+04   2.351E+01  1.248E-02 
3.672E+04   2.331E+01  1.234E-02 
3.719E+04   2.311E+01  1.221E-02 
3.768E+04   2.292E+01  1.207E-02 
3.817E+04   2.272E+01  1.193E-02 
3.866E+04   2.253E+01  1.180E-02 
3.917E+04   2.233E+01  1.167E-02 
3.968E+04   2.214E+01  1.154E-02 
4.019E+04   2.195E+01  1.141E-02 
4.071E+04   2.176E+01  1.128E-02 
4.124E+04   2.157E+01  1.116E-02 
4.178E+04   2.139E+01  1.103E-02 
4.232E+04   2.120E+01  1.091E-02 
4.287E+04   2.102E+01  1.078E-02 
4.343E+04   2.084E+01  1.066E-02 
4.399E+04   2.065E+01  1.054E-02 
4.456E+04   2.048E+01  1.043E-02 
4.514E+04   2.030E+01  1.031E-02 
4.573E+04   2.012E+01  1.019E-02 
4.632E+04   1.994E+01  1.008E-02 
4.693E+04   1.977E+01  9.966E-03 
4.754E+04   1.960E+01  9.854E-03 
4.815E+04   1.943E+01  9.744E-03 
4.878E+04   1.926E+01  9.634E-03 
4.941E+04   1.909E+01  9.526E-03 
5.006E+04   1.892E+01  9.419E-03 
5.071E+04   1.875E+01  9.313E-03 
5.137E+04   1.859E+01  9.209E-03 
5.203E+04   1.842E+01  9.105E-03 
5.271E+04   1.826E+01  9.003E-03 
5.340E+04   1.810E+01  8.901E-03 
5.409E+04   1.794E+01  8.801E-03 
5.479E+04   1.778E+01  8.702E-03 
5.550E+04   1.762E+01  8.604E-03 
5.623E+04   1.747E+01  8.508E-03 
5.696E+04   1.731E+01  8.412E-03 
5.770E+04   1.716E+01  8.317E-03 
5.845E+04   1.701E+01  8.223E-03 
5.921E+04   1.685E+01  8.131E-03 
5.998E+04   1.670E+01  8.039E-03 
6.075E+04   1.656E+01  7.948E-03 
6.154E+04   1.641E+01  7.859E-03 
6.234E+04   1.626E+01  7.770E-03 
6.315E+04   1.612E+01  7.683E-03 
6.398E+04   1.597E+01  7.596E-03 
6.481E+04   1.583E+01  7.510E-03 
6.565E+04   1.569E+01  7.426E-03 
6.650E+04   1.554E+01  7.342E-03 
6.737E+04   1.540E+01  7.259E-03 
6.824E+04   1.527E+01  7.177E-03 
6.913E+04   1.513E+01  7.096E-03 
7.003E+04   1.499E+01  7.016E-03 
7.094E+04   1.486E+01  6.936E-03 
7.186E+04   1.472E+01  6.858E-03 
7.279E+04   1.459E+01  6.780E-03 
7.374E+04   1.446E+01  6.704E-03 
7.470E+04   1.433E+01  6.628E-03 
7.567E+04   1.420E+01  6.553E-03 
7.665E+04   1.407E+01  6.479E-03 
7.765E+04   1.394E+01  6.406E-03 
7.866E+04   1.381E+01  6.333E-03 
7.968E+04   1.369E+01  6.261E-03 
8.072E+04   1.356E+01  6.190E-03 
8.176E+04   1.344E+01  6.120E-03 
8.283E+04   1.332E+01  6.051E-03 
8.390E+04   1.320E+01  5.982E-03 
8.499E+04   1.308E+01  5.915E-03 
8.610E+04   1.296E+01  5.848E-03 
8.722E+04   1.284E+01  5.781E-03 
8.835E+04   1.272E+01  5.716E-03 
8.950E+04   1.261E+01  5.651E-03 
9.066E+04   1.249E+01  5.587E-03 
9.184E+04   1.238E+01  5.523E-03 
9.303E+04   1.226E+01  5.461E-03 
9.424E+04   1.215E+01  5.399E-03 
9.547E+04   1.204E+01  5.337E-03 
9.671E+04   1.193E+01  5.277E-03 
9.797E+04   1.182E+01  5.217E-03 
9.924E+04   1.171E+01  5.158E-03 
1.005E+05   1.160E+01  5.099E-03 
1.018E+05   1.150E+01  5.041E-03 
1.032E+05   1.139E+01  4.984E-03 
1.045E+05   1.128E+01  4.927E-03 
1.059E+05   1.118E+01  4.871E-03 
1.072E+05   1.108E+01  4.816E-03 
1.086E+05   1.098E+01  4.761E-03 
1.100E+05   1.087E+01  4.707E-03 
1.115E+05   1.077E+01  4.653E-03 
1.129E+05   1.067E+01  4.600E-03 
1.144E+05   1.058E+01  4.548E-03 
1.159E+05   1.048E+01  4.496E-03 
1.174E+05   1.038E+01  4.445E-03 
1.189E+05   1.029E+01  4.394E-03 
1.204E+05   1.019E+01  4.344E-03 
1.220E+05   1.010E+01  4.295E-03 
1.236E+05   1.000E+01  4.246E-03 
1.252E+05   9.910E+00  4.197E-03 
1.268E+05   9.818E+00  4.150E-03 
1.285E+05   9.727E+00  4.102E-03 
1.302E+05   9.637E+00  4.056E-03 
1.318E+05   9.547E+00  4.009E-03 
1.336E+05   9.459E+00  3.964E-03 
1.353E+05   9.371E+00  3.918E-03 
1.371E+05   9.284E+00  3.874E-03 
1.388E+05   9.198E+00  3.829E-03 
1.406E+05   9.113E+00  3.786E-03 
1.425E+05   9.028E+00  3.742E-03 
1.443E+05   8.944E+00  3.700E-03 
1.462E+05   8.861E+00  3.657E-03 
1.481E+05   8.779E+00  3.616E-03 
1.500E+05   8.697E+00  3.574E-03 
1.520E+05   8.616E+00  3.534E-03 
1.539E+05   8.536E+00  3.493E-03 
1.559E+05   8.457E+00  3.453E-03 
1.580E+05   8.378E+00  3.414E-03 
1.600E+05   8.300E+00  3.375E-03 
1.621E+05   8.223E+00  3.336E-03 
1.642E+05   8.147E+00  3.298E-03 
1.663E+05   8.071E+00  3.260E-03 
1.685E+05   7.996E+00  3.223E-03 
1.707E+05   7.922E+00  3.186E-03 
1.729E+05   7.848E+00  3.149E-03 
1.752E+05   7.775E+00  3.113E-03 
1.774E+05   7.703E+00  3.078E-03 
1.797E+05   7.631E+00  3.043E-03 
1.821E+05   7.560E+00  3.008E-03 
1.844E+05   7.490E+00  2.973E-03 
1.868E+05   7.420E+00  2.939E-03 
1.893E+05   7.352E+00  2.905E-03 
1.917E+05   7.283E+00  2.872E-03 
1.942E+05   7.216E+00  2.839E-03 
1.967E+05   7.149E+00  2.807E-03 
1.993E+05   7.082E+00  2.774E-03 
2.019E+05   7.017E+00  2.743E-03 
2.045E+05   6.951E+00  2.711E-03 
2.072E+05   6.887E+00  2.680E-03 
2.099E+05   6.823E+00  2.649E-03 
2.126E+05   6.760E+00  2.619E-03 
2.154E+05   6.697E+00  2.589E-03 
2.182E+05   6.635E+00  2.559E-03 
2.210E+05   6.574E+00  2.530E-03 
2.239E+05   6.513E+00  2.501E-03 
2.268E+05   6.453E+00  2.472E-03 
2.297E+05   6.393E+00  2.444E-03 
2.327E+05   6.334E+00  2.415E-03 
2.357E+05   6.275E+00  2.388E-03 
2.388E+05   6.217E+00  2.360E-03 
2.419E+05   6.160E+00  2.333E-03 
2.450E+05   6.103E+00  2.306E-03 
2.482E+05   6.047E+00  2.280E-03 
2.515E+05   5.991E+00  2.254E-03 
2.547E+05   5.936E+00  2.228E-03 
2.580E+05   5.881E+00  2.202E-03 
2.614E+05   5.827E+00  2.177E-03 
2.648E+05   5.774E+00  2.152E-03 
2.682E+05   5.721E+00  2.127E-03 
2.717E+05   5.668E+00  2.102E-03 
2.752E+05   5.616E+00  2.078E-03 
2.788E+05   5.565E+00  2.054E-03 
2.824E+05   5.514E+00  2.031E-03 
2.861E+05   5.463E+00  2.007E-03 
2.898E+05   5.413E+00  1.984E-03 
2.936E+05   5.364E+00  1.961E-03 
2.974E+05   5.315E+00  1.939E-03 
3.013E+05   5.266E+00  1.916E-03 
3.052E+05   5.218E+00  1.894E-03 
3.092E+05   5.171E+00  1.872E-03 
3.132E+05   5.124E+00  1.851E-03 
3.172E+05   5.077E+00  1.829E-03 
3.214E+05   5.031E+00  1.808E-03 
3.255E+05   4.986E+00  1.787E-03 
3.298E+05   4.940E+00  1.767E-03 
3.341E+05   4.896E+00  1.746E-03 
3.384E+05   4.851E+00  1.726E-03 
3.428E+05   4.808E+00  1.706E-03 
3.473E+05   4.764E+00  1.687E-03 
3.518E+05   4.721E+00  1.667E-03 
3.563E+05   4.679E+00  1.648E-03 
3.610E+05   4.637E+00  1.629E-03 
3.657E+05   4.595E+00  1.610E-03 
3.704E+05   4.554E+00  1.591E-03 
3.752E+05   4.513E+00  1.573E-03 
3.801E+05   4.473E+00  1.555E-03 
3.851E+05   4.433E+00  1.537E-03 
3.901E+05   4.393E+00  1.519E-03 
3.951E+05   4.354E+00  1.502E-03 
4.003E+05   4.316E+00  1.484E-03 
