Ion = Helium      . Mass = 4.0026
Tgt = Ni (Solid). Density = 8.8955 g/cm3
Stopping Units =  eV/(1E15 atoms/cm2)
Energy(keV)  S(Elec)    S(Nuc)
1.000E+00   3.340E+00  3.256E+00 
1.013E+00   3.361E+00  3.260E+00 
1.026E+00   3.383E+00  3.264E+00 
1.039E+00   3.405E+00  3.268E+00 
1.053E+00   3.427E+00  3.271E+00 
1.067E+00   3.449E+00  3.275E+00 
1.081E+00   3.471E+00  3.279E+00 
1.095E+00   3.494E+00  3.282E+00 
1.109E+00   3.517E+00  3.285E+00 
1.123E+00   3.539E+00  3.289E+00 
1.138E+00   3.562E+00  3.292E+00 
1.153E+00   3.585E+00  3.295E+00 
1.168E+00   3.609E+00  3.298E+00 
1.183E+00   3.632E+00  3.301E+00 
1.198E+00   3.655E+00  3.304E+00 
1.214E+00   3.679E+00  3.307E+00 
1.229E+00   3.703E+00  3.310E+00 
1.245E+00   3.727E+00  3.313E+00 
1.262E+00   3.751E+00  3.315E+00 
1.278E+00   3.775E+00  3.318E+00 
1.295E+00   3.800E+00  3.320E+00 
1.311E+00   3.824E+00  3.323E+00 
1.329E+00   3.849E+00  3.325E+00 
1.346E+00   3.874E+00  3.327E+00 
1.363E+00   3.899E+00  3.329E+00 
1.381E+00   3.924E+00  3.331E+00 
1.399E+00   3.950E+00  3.333E+00 
1.417E+00   3.975E+00  3.335E+00 
1.436E+00   4.001E+00  3.337E+00 
1.454E+00   4.027E+00  3.339E+00 
1.473E+00   4.053E+00  3.340E+00 
1.492E+00   4.080E+00  3.342E+00 
1.512E+00   4.106E+00  3.343E+00 
1.531E+00   4.133E+00  3.345E+00 
1.551E+00   4.159E+00  3.346E+00 
1.571E+00   4.186E+00  3.347E+00 
1.592E+00   4.213E+00  3.348E+00 
1.612E+00   4.241E+00  3.349E+00 
1.633E+00   4.268E+00  3.350E+00 
1.655E+00   4.296E+00  3.351E+00 
1.676E+00   4.324E+00  3.352E+00 
1.698E+00   4.352E+00  3.353E+00 
1.720E+00   4.380E+00  3.353E+00 
1.742E+00   4.408E+00  3.354E+00 
1.765E+00   4.437E+00  3.354E+00 
1.788E+00   4.465E+00  3.354E+00 
1.811E+00   4.494E+00  3.355E+00 
1.835E+00   4.523E+00  3.355E+00 
1.859E+00   4.553E+00  3.355E+00 
1.883E+00   4.582E+00  3.355E+00 
1.907E+00   4.612E+00  3.355E+00 
1.932E+00   4.642E+00  3.354E+00 
1.957E+00   4.672E+00  3.354E+00 
1.983E+00   4.702E+00  3.354E+00 
2.008E+00   4.733E+00  3.353E+00 
2.034E+00   4.763E+00  3.352E+00 
2.061E+00   4.794E+00  3.352E+00 
2.088E+00   4.825E+00  3.351E+00 
2.115E+00   4.856E+00  3.350E+00 
2.142E+00   4.888E+00  3.349E+00 
2.170E+00   4.920E+00  3.348E+00 
2.198E+00   4.951E+00  3.347E+00 
2.227E+00   4.983E+00  3.345E+00 
2.256E+00   5.016E+00  3.344E+00 
2.285E+00   5.048E+00  3.343E+00 
2.315E+00   5.081E+00  3.341E+00 
2.345E+00   5.114E+00  3.339E+00 
2.375E+00   5.147E+00  3.338E+00 
2.406E+00   5.180E+00  3.336E+00 
2.438E+00   5.214E+00  3.334E+00 
2.469E+00   5.248E+00  3.332E+00 
2.501E+00   5.282E+00  3.330E+00 
2.534E+00   5.316E+00  3.327E+00 
2.567E+00   5.350E+00  3.325E+00 
2.600E+00   5.385E+00  3.323E+00 
2.634E+00   5.420E+00  3.320E+00 
2.668E+00   5.455E+00  3.317E+00 
2.703E+00   5.490E+00  3.315E+00 
2.738E+00   5.526E+00  3.312E+00 
2.773E+00   5.562E+00  3.309E+00 
2.810E+00   5.598E+00  3.306E+00 
2.846E+00   5.634E+00  3.303E+00 
2.883E+00   5.670E+00  3.300E+00 
2.921E+00   5.707E+00  3.296E+00 
2.958E+00   5.744E+00  3.293E+00 
2.997E+00   5.781E+00  3.289E+00 
3.036E+00   5.819E+00  3.286E+00 
3.075E+00   5.856E+00  3.282E+00 
3.115E+00   5.894E+00  3.278E+00 
3.156E+00   5.933E+00  3.274E+00 
3.197E+00   5.971E+00  3.270E+00 
3.238E+00   6.010E+00  3.266E+00 
3.280E+00   6.049E+00  3.262E+00 
3.323E+00   6.088E+00  3.258E+00 
3.366E+00   6.127E+00  3.254E+00 
3.410E+00   6.167E+00  3.249E+00 
3.454E+00   6.207E+00  3.245E+00 
3.499E+00   6.247E+00  3.240E+00 
3.545E+00   6.287E+00  3.235E+00 
3.591E+00   6.328E+00  3.230E+00 
3.637E+00   6.369E+00  3.225E+00 
3.685E+00   6.410E+00  3.220E+00 
3.733E+00   6.452E+00  3.215E+00 
3.781E+00   6.494E+00  3.210E+00 
3.830E+00   6.536E+00  3.205E+00 
3.880E+00   6.578E+00  3.199E+00 
3.930E+00   6.621E+00  3.194E+00 
3.982E+00   6.664E+00  3.188E+00 
4.033E+00   6.707E+00  3.182E+00 
4.086E+00   6.750E+00  3.177E+00 
4.139E+00   6.794E+00  3.171E+00 
4.193E+00   6.838E+00  3.165E+00 
4.247E+00   6.882E+00  3.159E+00 
4.302E+00   6.927E+00  3.153E+00 
4.358E+00   6.972E+00  3.146E+00 
4.415E+00   7.017E+00  3.140E+00 
4.472E+00   7.062E+00  3.134E+00 
4.530E+00   7.108E+00  3.127E+00 
4.589E+00   7.154E+00  3.121E+00 
4.649E+00   7.200E+00  3.114E+00 
4.709E+00   7.247E+00  3.107E+00 
4.770E+00   7.294E+00  3.100E+00 
4.832E+00   7.341E+00  3.093E+00 
4.895E+00   7.389E+00  3.086E+00 
4.959E+00   7.437E+00  3.079E+00 
5.023E+00   7.485E+00  3.072E+00 
5.089E+00   7.533E+00  3.065E+00 
5.155E+00   7.582E+00  3.057E+00 
5.222E+00   7.631E+00  3.050E+00 
5.290E+00   7.681E+00  3.042E+00 
5.358E+00   7.730E+00  3.035E+00 
5.428E+00   7.780E+00  3.027E+00 
5.499E+00   7.831E+00  3.019E+00 
5.570E+00   7.882E+00  3.011E+00 
5.642E+00   7.933E+00  3.003E+00 
5.716E+00   7.984E+00  2.995E+00 
5.790E+00   8.036E+00  2.987E+00 
5.865E+00   8.088E+00  2.979E+00 
5.942E+00   8.140E+00  2.971E+00 
6.019E+00   8.193E+00  2.963E+00 
6.097E+00   8.246E+00  2.954E+00 
6.176E+00   8.299E+00  2.946E+00 
6.256E+00   8.353E+00  2.937E+00 
6.338E+00   8.407E+00  2.929E+00 
6.420E+00   8.462E+00  2.920E+00 
6.504E+00   8.516E+00  2.911E+00 
6.588E+00   8.572E+00  2.902E+00 
6.674E+00   8.627E+00  2.893E+00 
6.760E+00   8.683E+00  2.884E+00 
6.848E+00   8.739E+00  2.875E+00 
6.937E+00   8.796E+00  2.866E+00 
7.027E+00   8.853E+00  2.857E+00 
7.119E+00   8.910E+00  2.848E+00 
7.211E+00   8.968E+00  2.839E+00 
7.305E+00   9.026E+00  2.829E+00 
7.400E+00   9.084E+00  2.820E+00 
7.496E+00   9.143E+00  2.810E+00 
7.594E+00   9.203E+00  2.801E+00 
7.692E+00   9.262E+00  2.791E+00 
7.792E+00   9.322E+00  2.782E+00 
7.894E+00   9.383E+00  2.772E+00 
7.996E+00   9.443E+00  2.762E+00 
8.100E+00   9.510E+00  2.752E+00 
8.205E+00   9.578E+00  2.742E+00 
8.312E+00   9.647E+00  2.732E+00 
8.420E+00   9.716E+00  2.722E+00 
8.529E+00   9.786E+00  2.712E+00 
8.640E+00   9.856E+00  2.702E+00 
8.753E+00   9.927E+00  2.692E+00 
8.866E+00   9.998E+00  2.682E+00 
8.982E+00   1.007E+01  2.671E+00 
9.098E+00   1.014E+01  2.661E+00 
9.217E+00   1.022E+01  2.651E+00 
9.336E+00   1.029E+01  2.640E+00 
9.458E+00   1.036E+01  2.630E+00 
9.581E+00   1.044E+01  2.619E+00 
9.705E+00   1.051E+01  2.609E+00 
9.831E+00   1.059E+01  2.598E+00 
9.959E+00   1.067E+01  2.588E+00 
1.009E+01   1.074E+01  2.577E+00 
1.022E+01   1.082E+01  2.566E+00 
1.035E+01   1.090E+01  2.555E+00 
1.049E+01   1.098E+01  2.545E+00 
1.062E+01   1.106E+01  2.534E+00 
1.076E+01   1.114E+01  2.523E+00 
1.090E+01   1.122E+01  2.512E+00 
1.104E+01   1.130E+01  2.501E+00 
1.119E+01   1.138E+01  2.490E+00 
1.133E+01   1.147E+01  2.479E+00 
1.148E+01   1.155E+01  2.468E+00 
1.163E+01   1.163E+01  2.457E+00 
1.178E+01   1.172E+01  2.446E+00 
1.193E+01   1.180E+01  2.435E+00 
1.209E+01   1.189E+01  2.424E+00 
1.224E+01   1.198E+01  2.413E+00 
1.240E+01   1.206E+01  2.401E+00 
1.256E+01   1.215E+01  2.390E+00 
1.273E+01   1.224E+01  2.379E+00 
1.289E+01   1.233E+01  2.368E+00 
1.306E+01   1.242E+01  2.356E+00 
1.323E+01   1.251E+01  2.345E+00 
1.340E+01   1.260E+01  2.334E+00 
1.358E+01   1.269E+01  2.322E+00 
1.375E+01   1.279E+01  2.311E+00 
1.393E+01   1.288E+01  2.300E+00 
1.411E+01   1.297E+01  2.288E+00 
1.430E+01   1.307E+01  2.277E+00 
1.448E+01   1.317E+01  2.265E+00 
1.467E+01   1.326E+01  2.254E+00 
1.486E+01   1.336E+01  2.243E+00 
1.505E+01   1.346E+01  2.231E+00 
1.525E+01   1.356E+01  2.220E+00 
1.545E+01   1.366E+01  2.208E+00 
1.565E+01   1.376E+01  2.197E+00 
1.585E+01   1.386E+01  2.185E+00 
1.606E+01   1.396E+01  2.174E+00 
1.627E+01   1.406E+01  2.162E+00 
1.648E+01   1.417E+01  2.151E+00 
1.669E+01   1.427E+01  2.139E+00 
1.691E+01   1.438E+01  2.128E+00 
1.713E+01   1.448E+01  2.116E+00 
1.735E+01   1.459E+01  2.105E+00 
1.758E+01   1.470E+01  2.093E+00 
1.781E+01   1.481E+01  2.082E+00 
1.804E+01   1.492E+01  2.070E+00 
1.827E+01   1.503E+01  2.059E+00 
1.851E+01   1.514E+01  2.047E+00 
1.875E+01   1.525E+01  2.036E+00 
1.899E+01   1.537E+01  2.024E+00 
1.924E+01   1.548E+01  2.013E+00 
1.949E+01   1.559E+01  2.001E+00 
1.974E+01   1.571E+01  1.990E+00 
2.000E+01   1.583E+01  1.978E+00 
2.026E+01   1.595E+01  1.967E+00 
2.052E+01   1.606E+01  1.955E+00 
2.079E+01   1.618E+01  1.944E+00 
2.106E+01   1.630E+01  1.933E+00 
2.133E+01   1.643E+01  1.921E+00 
2.161E+01   1.655E+01  1.910E+00 
2.189E+01   1.667E+01  1.898E+00 
2.218E+01   1.680E+01  1.887E+00 
2.247E+01   1.692E+01  1.876E+00 
2.276E+01   1.705E+01  1.864E+00 
2.305E+01   1.718E+01  1.853E+00 
2.335E+01   1.730E+01  1.842E+00 
2.366E+01   1.743E+01  1.830E+00 
2.396E+01   1.756E+01  1.819E+00 
2.428E+01   1.770E+01  1.808E+00 
2.459E+01   1.783E+01  1.797E+00 
2.491E+01   1.796E+01  1.786E+00 
2.523E+01   1.810E+01  1.774E+00 
2.556E+01   1.823E+01  1.763E+00 
2.589E+01   1.837E+01  1.752E+00 
2.623E+01   1.851E+01  1.741E+00 
2.657E+01   1.864E+01  1.730E+00 
2.692E+01   1.878E+01  1.719E+00 
2.727E+01   1.893E+01  1.708E+00 
2.762E+01   1.907E+01  1.697E+00 
2.798E+01   1.921E+01  1.686E+00 
2.834E+01   1.936E+01  1.675E+00 
2.871E+01   1.950E+01  1.664E+00 
2.909E+01   1.965E+01  1.653E+00 
2.946E+01   1.980E+01  1.642E+00 
2.985E+01   1.994E+01  1.631E+00 
3.023E+01   2.009E+01  1.621E+00 
3.063E+01   2.025E+01  1.610E+00 
3.103E+01   2.040E+01  1.599E+00 
3.143E+01   2.055E+01  1.588E+00 
3.184E+01   2.071E+01  1.578E+00 
3.225E+01   2.086E+01  1.567E+00 
3.267E+01   2.102E+01  1.557E+00 
3.309E+01   2.118E+01  1.546E+00 
3.352E+01   2.134E+01  1.535E+00 
3.396E+01   2.150E+01  1.525E+00 
3.440E+01   2.166E+01  1.514E+00 
3.485E+01   2.182E+01  1.504E+00 
3.530E+01   2.199E+01  1.494E+00 
3.576E+01   2.216E+01  1.483E+00 
3.623E+01   2.232E+01  1.473E+00 
3.670E+01   2.249E+01  1.463E+00 
3.717E+01   2.266E+01  1.452E+00 
3.766E+01   2.283E+01  1.442E+00 
3.815E+01   2.300E+01  1.432E+00 
3.864E+01   2.318E+01  1.422E+00 
3.914E+01   2.335E+01  1.412E+00 
3.965E+01   2.353E+01  1.402E+00 
4.017E+01   2.371E+01  1.392E+00 
4.069E+01   2.389E+01  1.382E+00 
4.122E+01   2.407E+01  1.372E+00 
4.175E+01   2.425E+01  1.362E+00 
4.230E+01   2.443E+01  1.352E+00 
4.285E+01   2.462E+01  1.342E+00 
4.340E+01   2.480E+01  1.332E+00 
4.397E+01   2.499E+01  1.323E+00 
4.454E+01   2.518E+01  1.313E+00 
4.512E+01   2.537E+01  1.303E+00 
4.570E+01   2.556E+01  1.294E+00 
4.630E+01   2.575E+01  1.284E+00 
4.690E+01   2.594E+01  1.275E+00 
4.751E+01   2.614E+01  1.265E+00 
4.813E+01   2.634E+01  1.256E+00 
4.875E+01   2.654E+01  1.246E+00 
4.939E+01   2.674E+01  1.237E+00 
5.003E+01   2.694E+01  1.228E+00 
5.068E+01   2.714E+01  1.219E+00 
5.134E+01   2.734E+01  1.209E+00 
5.200E+01   2.755E+01  1.200E+00 
5.268E+01   2.776E+01  1.191E+00 
5.336E+01   2.796E+01  1.182E+00 
5.406E+01   2.817E+01  1.173E+00 
5.476E+01   2.838E+01  1.164E+00 
5.547E+01   2.860E+01  1.155E+00 
5.619E+01   2.881E+01  1.146E+00 
5.692E+01   2.903E+01  1.137E+00 
5.766E+01   2.924E+01  1.128E+00 
5.841E+01   2.946E+01  1.120E+00 
5.917E+01   2.968E+01  1.111E+00 
5.994E+01   2.990E+01  1.102E+00 
6.072E+01   3.013E+01  1.094E+00 
6.151E+01   3.035E+01  1.085E+00 
6.231E+01   3.058E+01  1.077E+00 
6.312E+01   3.080E+01  1.068E+00 
6.394E+01   3.103E+01  1.060E+00 
6.477E+01   3.126E+01  1.051E+00 
6.561E+01   3.149E+01  1.043E+00 
6.646E+01   3.172E+01  1.035E+00 
6.733E+01   3.196E+01  1.026E+00 
6.820E+01   3.219E+01  1.018E+00 
6.909E+01   3.243E+01  1.010E+00 
6.999E+01   3.267E+01  1.002E+00 
7.090E+01   3.291E+01  9.939E-01 
7.182E+01   3.315E+01  9.859E-01 
7.275E+01   3.339E+01  9.779E-01 
7.370E+01   3.364E+01  9.700E-01 
7.465E+01   3.388E+01  9.621E-01 
7.562E+01   3.413E+01  9.543E-01 
7.661E+01   3.438E+01  9.465E-01 
7.760E+01   3.462E+01  9.388E-01 
7.861E+01   3.488E+01  9.311E-01 
7.963E+01   3.513E+01  9.235E-01 
8.067E+01   3.538E+01  9.159E-01 
8.172E+01   3.563E+01  9.083E-01 
8.278E+01   3.589E+01  9.008E-01 
8.385E+01   3.615E+01  8.934E-01 
8.494E+01   3.640E+01  8.860E-01 
8.605E+01   3.666E+01  8.786E-01 
8.717E+01   3.692E+01  8.713E-01 
8.830E+01   3.718E+01  8.640E-01 
8.945E+01   3.745E+01  8.568E-01 
9.061E+01   3.771E+01  8.496E-01 
9.179E+01   3.797E+01  8.425E-01 
9.298E+01   3.824E+01  8.354E-01 
9.419E+01   3.851E+01  8.284E-01 
9.541E+01   3.877E+01  8.214E-01 
9.665E+01   3.904E+01  8.145E-01 
9.791E+01   3.931E+01  8.076E-01 
9.918E+01   3.958E+01  8.007E-01 
1.005E+02   3.985E+01  7.939E-01 
1.018E+02   4.012E+01  7.871E-01 
1.031E+02   4.040E+01  7.804E-01 
1.044E+02   4.067E+01  7.737E-01 
1.058E+02   4.094E+01  7.671E-01 
1.072E+02   4.122E+01  7.605E-01 
1.086E+02   4.149E+01  7.540E-01 
1.100E+02   4.177E+01  7.475E-01 
1.114E+02   4.205E+01  7.411E-01 
1.129E+02   4.232E+01  7.346E-01 
1.143E+02   4.260E+01  7.283E-01 
1.158E+02   4.288E+01  7.220E-01 
1.173E+02   4.316E+01  7.157E-01 
1.188E+02   4.344E+01  7.095E-01 
1.204E+02   4.372E+01  7.033E-01 
1.219E+02   4.400E+01  6.972E-01 
1.235E+02   4.428E+01  6.911E-01 
1.251E+02   4.456E+01  6.850E-01 
1.268E+02   4.484E+01  6.790E-01 
1.284E+02   4.512E+01  6.730E-01 
1.301E+02   4.540E+01  6.671E-01 
1.318E+02   4.568E+01  6.612E-01 
1.335E+02   4.596E+01  6.554E-01 
1.352E+02   4.625E+01  6.496E-01 
1.370E+02   4.653E+01  6.438E-01 
1.388E+02   4.681E+01  6.381E-01 
1.406E+02   4.709E+01  6.325E-01 
1.424E+02   4.737E+01  6.268E-01 
1.442E+02   4.765E+01  6.212E-01 
1.461E+02   4.793E+01  6.157E-01 
1.480E+02   4.821E+01  6.102E-01 
1.499E+02   4.849E+01  6.047E-01 
1.519E+02   4.877E+01  5.993E-01 
1.539E+02   4.905E+01  5.939E-01 
1.559E+02   4.933E+01  5.886E-01 
1.579E+02   4.961E+01  5.833E-01 
1.599E+02   4.989E+01  5.780E-01 
1.620E+02   5.017E+01  5.728E-01 
1.641E+02   5.045E+01  5.676E-01 
1.662E+02   5.073E+01  5.625E-01 
1.684E+02   5.100E+01  5.574E-01 
1.706E+02   5.128E+01  5.523E-01 
1.728E+02   5.156E+01  5.473E-01 
1.751E+02   5.183E+01  5.423E-01 
1.773E+02   5.211E+01  5.374E-01 
1.796E+02   5.238E+01  5.325E-01 
1.820E+02   5.266E+01  5.276E-01 
1.843E+02   5.293E+01  5.140E-01 
1.867E+02   5.320E+01  5.093E-01 
1.892E+02   5.348E+01  5.047E-01 
1.916E+02   5.375E+01  5.001E-01 
1.941E+02   5.402E+01  4.955E-01 
1.966E+02   5.429E+01  4.910E-01 
1.992E+02   5.456E+01  4.865E-01 
2.018E+02   5.483E+01  4.820E-01 
2.044E+02   5.510E+01  4.776E-01 
2.071E+02   5.537E+01  4.732E-01 
2.097E+02   5.564E+01  4.689E-01 
2.125E+02   5.590E+01  4.645E-01 
2.152E+02   5.617E+01  4.602E-01 
2.180E+02   5.644E+01  4.560E-01 
2.209E+02   5.670E+01  4.518E-01 
2.237E+02   5.697E+01  4.476E-01 
2.266E+02   5.723E+01  4.434E-01 
2.296E+02   5.750E+01  4.393E-01 
2.326E+02   5.776E+01  4.352E-01 
2.356E+02   5.802E+01  4.311E-01 
2.387E+02   5.828E+01  4.271E-01 
2.418E+02   5.854E+01  4.231E-01 
2.449E+02   5.880E+01  4.192E-01 
2.481E+02   5.907E+01  4.152E-01 
2.513E+02   5.932E+01  4.113E-01 
2.546E+02   5.958E+01  4.075E-01 
2.579E+02   5.984E+01  4.036E-01 
2.612E+02   6.010E+01  3.998E-01 
2.646E+02   6.036E+01  3.961E-01 
2.681E+02   6.061E+01  3.923E-01 
2.716E+02   6.087E+01  3.886E-01 
2.751E+02   6.113E+01  3.849E-01 
2.787E+02   6.138E+01  3.813E-01 
2.823E+02   6.163E+01  3.777E-01 
2.859E+02   6.189E+01  3.741E-01 
2.897E+02   6.214E+01  3.705E-01 
2.934E+02   6.239E+01  3.670E-01 
2.972E+02   6.264E+01  3.635E-01 
3.011E+02   6.290E+01  3.600E-01 
3.050E+02   6.315E+01  3.566E-01 
3.090E+02   6.340E+01  3.532E-01 
3.130E+02   6.364E+01  3.498E-01 
3.171E+02   6.389E+01  3.464E-01 
3.212E+02   6.414E+01  3.431E-01 
3.254E+02   6.439E+01  3.398E-01 
3.296E+02   6.463E+01  3.365E-01 
3.339E+02   6.488E+01  3.333E-01 
3.382E+02   6.512E+01  3.301E-01 
3.426E+02   6.536E+01  3.269E-01 
3.471E+02   6.560E+01  3.237E-01 
3.516E+02   6.585E+01  3.206E-01 
3.561E+02   6.609E+01  3.175E-01 
3.608E+02   6.632E+01  3.144E-01 
3.655E+02   6.656E+01  3.114E-01 
3.702E+02   6.680E+01  3.083E-01 
3.750E+02   6.703E+01  3.053E-01 
3.799E+02   6.727E+01  3.024E-01 
3.848E+02   6.750E+01  2.994E-01 
3.898E+02   6.773E+01  2.965E-01 
3.949E+02   6.796E+01  2.936E-01 
4.000E+02   6.819E+01  2.907E-01 
4.052E+02   6.842E+01  2.879E-01 
4.105E+02   6.864E+01  2.851E-01 
4.158E+02   6.887E+01  2.823E-01 
4.212E+02   6.909E+01  2.795E-01 
4.267E+02   6.931E+01  2.768E-01 
4.323E+02   6.953E+01  2.740E-01 
4.379E+02   6.974E+01  2.714E-01 
4.436E+02   6.996E+01  2.687E-01 
4.493E+02   7.017E+01  2.660E-01 
4.552E+02   7.038E+01  2.634E-01 
4.611E+02   7.059E+01  2.608E-01 
4.671E+02   7.079E+01  2.582E-01 
4.731E+02   7.100E+01  2.557E-01 
4.793E+02   7.120E+01  2.531E-01 
4.855E+02   7.140E+01  2.506E-01 
4.918E+02   7.160E+01  2.482E-01 
4.982E+02   7.179E+01  2.457E-01 
5.047E+02   7.198E+01  2.432E-01 
5.113E+02   7.217E+01  2.408E-01 
5.179E+02   7.236E+01  2.384E-01 
5.246E+02   7.254E+01  2.361E-01 
5.315E+02   7.272E+01  2.337E-01 
5.384E+02   7.290E+01  2.314E-01 
5.454E+02   7.307E+01  2.291E-01 
5.524E+02   7.324E+01  2.268E-01 
5.596E+02   7.341E+01  2.245E-01 
5.669E+02   7.358E+01  2.223E-01 
5.743E+02   7.374E+01  2.200E-01 
5.817E+02   7.390E+01  2.178E-01 
5.893E+02   7.405E+01  2.156E-01 
5.969E+02   7.420E+01  2.135E-01 
6.047E+02   7.435E+01  2.113E-01 
6.126E+02   7.450E+01  2.092E-01 
6.205E+02   7.464E+01  2.071E-01 
6.286E+02   7.477E+01  2.050E-01 
6.368E+02   7.491E+01  2.030E-01 
6.450E+02   7.504E+01  2.009E-01 
6.534E+02   7.516E+01  1.989E-01 
6.619E+02   7.528E+01  1.969E-01 
6.705E+02   7.540E+01  1.949E-01 
6.792E+02   7.551E+01  1.929E-01 
6.881E+02   7.562E+01  1.910E-01 
6.970E+02   7.572E+01  1.890E-01 
7.061E+02   7.583E+01  1.871E-01 
7.152E+02   7.592E+01  1.852E-01 
7.245E+02   7.601E+01  1.833E-01 
7.339E+02   7.610E+01  1.815E-01 
7.435E+02   7.618E+01  1.796E-01 
7.531E+02   7.626E+01  1.778E-01 
7.629E+02   7.633E+01  1.760E-01 
7.728E+02   7.640E+01  1.742E-01 
7.829E+02   7.647E+01  1.724E-01 
7.931E+02   7.652E+01  1.707E-01 
8.034E+02   7.658E+01  1.689E-01 
8.138E+02   7.663E+01  1.672E-01 
8.244E+02   7.667E+01  1.655E-01 
8.351E+02   7.671E+01  1.638E-01 
8.460E+02   7.675E+01  1.621E-01 
8.570E+02   7.678E+01  1.604E-01 
8.681E+02   7.680E+01  1.588E-01 
8.794E+02   7.682E+01  1.572E-01 
8.908E+02   7.684E+01  1.556E-01 
9.024E+02   7.685E+01  1.540E-01 
9.141E+02   7.685E+01  1.524E-01 
9.260E+02   7.685E+01  1.508E-01 
9.380E+02   7.684E+01  1.493E-01 
9.502E+02   7.683E+01  1.477E-01 
9.626E+02   7.682E+01  1.462E-01 
9.751E+02   7.679E+01  1.447E-01 
9.877E+02   7.677E+01  1.432E-01 
1.001E+03   7.674E+01  1.417E-01 
1.014E+03   7.670E+01  1.403E-01 
1.027E+03   7.666E+01  1.388E-01 
1.040E+03   7.661E+01  1.374E-01 
1.054E+03   7.656E+01  1.360E-01 
1.067E+03   7.650E+01  1.345E-01 
1.081E+03   7.644E+01  1.332E-01 
1.095E+03   7.637E+01  1.318E-01 
1.109E+03   7.629E+01  1.304E-01 
1.124E+03   7.621E+01  1.290E-01 
1.138E+03   7.613E+01  1.277E-01 
1.153E+03   7.604E+01  1.264E-01 
1.168E+03   7.595E+01  1.251E-01 
1.183E+03   7.585E+01  1.238E-01 
1.199E+03   7.574E+01  1.225E-01 
1.214E+03   7.563E+01  1.212E-01 
1.230E+03   7.552E+01  1.199E-01 
1.246E+03   7.540E+01  1.187E-01 
1.262E+03   7.527E+01  1.175E-01 
1.279E+03   7.514E+01  1.162E-01 
1.295E+03   7.500E+01  1.150E-01 
1.312E+03   7.486E+01  1.138E-01 
1.329E+03   7.472E+01  1.126E-01 
1.347E+03   7.457E+01  1.114E-01 
1.364E+03   7.441E+01  1.103E-01 
1.382E+03   7.425E+01  1.091E-01 
1.400E+03   7.409E+01  1.080E-01 
1.418E+03   7.392E+01  1.068E-01 
1.436E+03   7.374E+01  1.057E-01 
1.455E+03   7.357E+01  1.046E-01 
1.474E+03   7.338E+01  1.035E-01 
1.493E+03   7.319E+01  1.024E-01 
1.513E+03   7.300E+01  1.014E-01 
1.532E+03   7.281E+01  1.003E-01 
1.552E+03   7.260E+01  9.923E-02 
1.572E+03   7.240E+01  9.819E-02 
1.593E+03   7.219E+01  9.715E-02 
1.613E+03   7.197E+01  9.613E-02 
1.634E+03   7.176E+01  9.511E-02 
1.656E+03   7.153E+01  9.411E-02 
1.677E+03   7.131E+01  9.312E-02 
1.699E+03   7.108E+01  9.213E-02 
1.721E+03   7.084E+01  9.116E-02 
1.743E+03   7.060E+01  9.020E-02 
1.766E+03   7.036E+01  8.924E-02 
1.789E+03   7.011E+01  8.830E-02 
1.812E+03   6.986E+01  8.737E-02 
1.836E+03   6.961E+01  8.644E-02 
1.860E+03   6.935E+01  8.552E-02 
1.884E+03   6.909E+01  8.462E-02 
1.908E+03   6.883E+01  8.372E-02 
1.933E+03   6.856E+01  8.283E-02 
1.958E+03   6.829E+01  8.195E-02 
1.984E+03   6.802E+01  8.108E-02 
2.009E+03   6.774E+01  8.022E-02 
2.036E+03   6.746E+01  7.937E-02 
2.062E+03   6.718E+01  7.852E-02 
2.089E+03   6.689E+01  7.769E-02 
2.116E+03   6.660E+01  7.686E-02 
2.143E+03   6.631E+01  7.604E-02 
2.171E+03   6.602E+01  7.523E-02 
2.200E+03   6.572E+01  7.443E-02 
2.228E+03   6.542E+01  7.364E-02 
2.257E+03   6.512E+01  7.285E-02 
2.286E+03   6.482E+01  7.207E-02 
2.316E+03   6.451E+01  7.130E-02 
2.346E+03   6.420E+01  7.054E-02 
2.377E+03   6.389E+01  6.979E-02 
2.408E+03   6.357E+01  6.904E-02 
2.439E+03   6.326E+01  6.830E-02 
2.471E+03   6.294E+01  6.757E-02 
2.503E+03   6.262E+01  6.685E-02 
2.535E+03   6.230E+01  6.613E-02 
2.568E+03   6.198E+01  6.543E-02 
2.602E+03   6.165E+01  6.472E-02 
2.635E+03   6.133E+01  6.403E-02 
2.670E+03   6.100E+01  6.334E-02 
2.704E+03   6.067E+01  6.266E-02 
2.740E+03   6.034E+01  6.199E-02 
2.775E+03   6.001E+01  6.132E-02 
2.811E+03   5.967E+01  6.067E-02 
2.848E+03   5.934E+01  6.001E-02 
2.885E+03   5.900E+01  5.937E-02 
2.922E+03   5.867E+01  5.873E-02 
2.960E+03   5.833E+01  5.810E-02 
2.999E+03   5.799E+01  5.747E-02 
3.038E+03   5.765E+01  5.685E-02 
3.077E+03   5.731E+01  5.624E-02 
3.117E+03   5.697E+01  5.563E-02 
3.158E+03   5.662E+01  5.503E-02 
3.199E+03   5.628E+01  5.444E-02 
3.240E+03   5.594E+01  5.385E-02 
3.282E+03   5.559E+01  5.327E-02 
3.325E+03   5.525E+01  5.269E-02 
3.368E+03   5.490E+01  5.213E-02 
3.412E+03   5.456E+01  5.156E-02 
3.456E+03   5.421E+01  5.100E-02 
3.501E+03   5.387E+01  5.045E-02 
3.547E+03   5.352E+01  4.991E-02 
3.593E+03   5.318E+01  4.937E-02 
3.640E+03   5.283E+01  4.883E-02 
3.687E+03   5.248E+01  4.830E-02 
3.735E+03   5.214E+01  4.778E-02 
3.783E+03   5.179E+01  4.726E-02 
3.832E+03   5.144E+01  4.675E-02 
3.882E+03   5.110E+01  4.624E-02 
3.933E+03   5.075E+01  4.574E-02 
3.984E+03   5.041E+01  4.524E-02 
4.036E+03   5.006E+01  4.475E-02 
4.088E+03   4.972E+01  4.426E-02 
4.141E+03   4.937E+01  4.378E-02 
4.195E+03   4.903E+01  4.331E-02 
4.250E+03   4.869E+01  4.284E-02 
4.305E+03   4.834E+01  4.237E-02 
4.361E+03   4.800E+01  4.191E-02 
4.417E+03   4.766E+01  4.145E-02 
4.475E+03   4.732E+01  4.100E-02 
4.533E+03   4.698E+01  4.055E-02 
4.592E+03   4.664E+01  4.011E-02 
4.652E+03   4.630E+01  3.967E-02 
4.712E+03   4.596E+01  3.924E-02 
4.773E+03   4.563E+01  3.881E-02 
4.835E+03   4.529E+01  3.839E-02 
4.898E+03   4.496E+01  3.797E-02 
4.962E+03   4.462E+01  3.756E-02 
5.026E+03   4.429E+01  3.715E-02 
5.092E+03   4.396E+01  3.674E-02 
5.158E+03   4.363E+01  3.634E-02 
5.225E+03   4.330E+01  3.594E-02 
5.293E+03   4.297E+01  3.555E-02 
5.362E+03   4.264E+01  3.516E-02 
5.431E+03   4.231E+01  3.477E-02 
5.502E+03   4.199E+01  3.439E-02 
5.573E+03   4.166E+01  3.402E-02 
5.646E+03   4.134E+01  3.364E-02 
5.719E+03   4.102E+01  3.327E-02 
5.793E+03   4.070E+01  3.291E-02 
5.869E+03   4.038E+01  3.255E-02 
5.945E+03   4.006E+01  3.219E-02 
6.022E+03   3.975E+01  3.184E-02 
6.101E+03   3.943E+01  3.149E-02 
6.180E+03   3.912E+01  3.114E-02 
6.260E+03   3.880E+01  3.080E-02 
6.341E+03   3.849E+01  3.046E-02 
6.424E+03   3.818E+01  3.013E-02 
6.507E+03   3.788E+01  2.980E-02 
6.592E+03   3.757E+01  2.947E-02 
6.678E+03   3.727E+01  2.914E-02 
6.764E+03   3.696E+01  2.882E-02 
6.852E+03   3.666E+01  2.850E-02 
6.941E+03   3.636E+01  2.819E-02 
7.032E+03   3.606E+01  2.788E-02 
7.123E+03   3.576E+01  2.757E-02 
7.216E+03   3.547E+01  2.727E-02 
7.309E+03   3.517E+01  2.697E-02 
7.404E+03   3.488E+01  2.667E-02 
7.501E+03   3.459E+01  2.638E-02 
7.598E+03   3.430E+01  2.609E-02 
7.697E+03   3.401E+01  2.580E-02 
7.797E+03   3.373E+01  2.551E-02 
7.898E+03   3.344E+01  2.523E-02 
8.001E+03   3.316E+01  2.495E-02 
8.105E+03   3.294E+01  2.468E-02 
8.210E+03   3.272E+01  2.440E-02 
8.317E+03   3.249E+01  2.413E-02 
8.425E+03   3.226E+01  2.387E-02 
8.534E+03   3.203E+01  2.360E-02 
8.645E+03   3.180E+01  2.334E-02 
8.758E+03   3.156E+01  2.308E-02 
8.871E+03   3.132E+01  2.283E-02 
8.987E+03   3.108E+01  2.257E-02 
9.104E+03   3.083E+01  2.232E-02 
9.222E+03   3.058E+01  2.208E-02 
9.342E+03   3.033E+01  2.183E-02 
9.463E+03   3.007E+01  2.159E-02 
9.586E+03   2.982E+01  2.135E-02 
9.711E+03   2.957E+01  2.111E-02 
9.837E+03   2.933E+01  2.088E-02 
9.965E+03   2.909E+01  2.065E-02 
1.009E+04   2.885E+01  2.042E-02 
1.023E+04   2.862E+01  2.019E-02 
1.036E+04   2.838E+01  1.997E-02 
1.049E+04   2.815E+01  1.974E-02 
1.063E+04   2.792E+01  1.952E-02 
1.077E+04   2.769E+01  1.931E-02 
1.091E+04   2.746E+01  1.909E-02 
1.105E+04   2.723E+01  1.888E-02 
1.119E+04   2.701E+01  1.867E-02 
1.134E+04   2.678E+01  1.846E-02 
1.149E+04   2.656E+01  1.826E-02 
1.163E+04   2.634E+01  1.805E-02 
1.179E+04   2.612E+01  1.785E-02 
1.194E+04   2.590E+01  1.765E-02 
1.209E+04   2.568E+01  1.746E-02 
1.225E+04   2.547E+01  1.726E-02 
1.241E+04   2.525E+01  1.707E-02 
1.257E+04   2.504E+01  1.688E-02 
1.274E+04   2.483E+01  1.669E-02 
1.290E+04   2.462E+01  1.650E-02 
1.307E+04   2.441E+01  1.632E-02 
1.324E+04   2.420E+01  1.614E-02 
1.341E+04   2.400E+01  1.596E-02 
1.358E+04   2.379E+01  1.578E-02 
1.376E+04   2.359E+01  1.560E-02 
1.394E+04   2.339E+01  1.543E-02 
1.412E+04   2.319E+01  1.526E-02 
1.431E+04   2.299E+01  1.509E-02 
1.449E+04   2.279E+01  1.492E-02 
1.468E+04   2.260E+01  1.475E-02 
1.487E+04   2.240E+01  1.458E-02 
1.506E+04   2.221E+01  1.442E-02 
1.526E+04   2.202E+01  1.426E-02 
1.546E+04   2.183E+01  1.410E-02 
1.566E+04   2.164E+01  1.394E-02 
1.586E+04   2.145E+01  1.379E-02 
1.607E+04   2.127E+01  1.363E-02 
1.628E+04   2.108E+01  1.348E-02 
1.649E+04   2.090E+01  1.333E-02 
1.670E+04   2.071E+01  1.318E-02 
1.692E+04   2.053E+01  1.303E-02 
1.714E+04   2.035E+01  1.288E-02 
1.736E+04   2.018E+01  1.274E-02 
1.759E+04   2.000E+01  1.260E-02 
1.782E+04   1.982E+01  1.245E-02 
1.805E+04   1.965E+01  1.232E-02 
1.828E+04   1.948E+01  1.218E-02 
1.852E+04   1.930E+01  1.204E-02 
1.876E+04   1.913E+01  1.190E-02 
1.900E+04   1.896E+01  1.177E-02 
1.925E+04   1.880E+01  1.164E-02 
1.950E+04   1.863E+01  1.151E-02 
1.976E+04   1.846E+01  1.138E-02 
2.001E+04   1.830E+01  1.125E-02 
2.027E+04   1.814E+01  1.112E-02 
2.054E+04   1.797E+01  1.100E-02 
2.080E+04   1.781E+01  1.087E-02 
2.107E+04   1.765E+01  1.075E-02 
2.135E+04   1.750E+01  1.063E-02 
2.162E+04   1.734E+01  1.051E-02 
2.191E+04   1.718E+01  1.039E-02 
2.219E+04   1.703E+01  1.028E-02 
2.248E+04   1.688E+01  1.016E-02 
2.277E+04   1.672E+01  1.004E-02 
2.307E+04   1.657E+01  9.932E-03 
2.337E+04   1.642E+01  9.820E-03 
2.367E+04   1.627E+01  9.709E-03 
2.398E+04   1.613E+01  9.599E-03 
2.429E+04   1.598E+01  9.491E-03 
2.461E+04   1.584E+01  9.384E-03 
2.492E+04   1.569E+01  9.278E-03 
2.525E+04   1.555E+01  9.173E-03 
2.558E+04   1.541E+01  9.069E-03 
2.591E+04   1.527E+01  8.967E-03 
2.625E+04   1.513E+01  8.865E-03 
2.659E+04   1.499E+01  8.765E-03 
2.693E+04   1.485E+01  8.666E-03 
2.728E+04   1.472E+01  8.568E-03 
2.764E+04   1.458E+01  8.471E-03 
2.800E+04   1.445E+01  8.375E-03 
2.836E+04   1.431E+01  8.280E-03 
2.873E+04   1.418E+01  8.187E-03 
2.910E+04   1.405E+01  8.094E-03 
2.948E+04   1.392E+01  8.002E-03 
2.986E+04   1.379E+01  7.912E-03 
3.025E+04   1.367E+01  7.822E-03 
3.065E+04   1.354E+01  7.733E-03 
3.104E+04   1.341E+01  7.646E-03 
3.145E+04   1.329E+01  7.559E-03 
3.186E+04   1.317E+01  7.473E-03 
3.227E+04   1.304E+01  7.389E-03 
3.269E+04   1.292E+01  7.305E-03 
3.311E+04   1.280E+01  7.222E-03 
3.354E+04   1.268E+01  7.140E-03 
3.398E+04   1.256E+01  7.059E-03 
3.442E+04   1.245E+01  6.979E-03 
3.487E+04   1.233E+01  6.900E-03 
3.532E+04   1.222E+01  6.821E-03 
3.578E+04   1.210E+01  6.744E-03 
3.625E+04   1.199E+01  6.667E-03 
3.672E+04   1.188E+01  6.591E-03 
3.719E+04   1.176E+01  6.517E-03 
3.768E+04   1.165E+01  6.442E-03 
3.817E+04   1.154E+01  6.369E-03 
3.866E+04   1.143E+01  6.297E-03 
3.917E+04   1.133E+01  6.225E-03 
3.968E+04   1.122E+01  6.154E-03 
4.019E+04   1.111E+01  6.084E-03 
4.071E+04   1.101E+01  6.015E-03 
4.124E+04   1.091E+01  5.947E-03 
4.178E+04   1.080E+01  5.879E-03 
4.232E+04   1.070E+01  5.812E-03 
4.287E+04   1.060E+01  5.746E-03 
4.343E+04   1.050E+01  5.680E-03 
4.399E+04   1.040E+01  5.616E-03 
4.456E+04   1.030E+01  5.552E-03 
4.514E+04   1.020E+01  5.488E-03 
4.573E+04   1.010E+01  5.426E-03 
4.632E+04   1.001E+01  5.364E-03 
4.693E+04   9.913E+00  5.303E-03 
4.754E+04   9.818E+00  5.242E-03 
4.815E+04   9.725E+00  5.183E-03 
4.878E+04   9.632E+00  5.123E-03 
4.941E+04   9.540E+00  5.065E-03 
5.006E+04   9.448E+00  5.007E-03 
5.071E+04   9.358E+00  4.950E-03 
5.137E+04   9.268E+00  4.893E-03 
5.203E+04   9.180E+00  4.838E-03 
5.271E+04   9.092E+00  4.782E-03 
5.340E+04   9.004E+00  4.728E-03 
5.409E+04   8.918E+00  4.674E-03 
5.479E+04   8.832E+00  4.620E-03 
5.550E+04   8.747E+00  4.567E-03 
5.623E+04   8.663E+00  4.515E-03 
5.696E+04   8.580E+00  4.464E-03 
5.770E+04   8.497E+00  4.413E-03 
5.845E+04   8.415E+00  4.362E-03 
5.921E+04   8.334E+00  4.312E-03 
5.998E+04   8.253E+00  4.263E-03 
6.075E+04   8.174E+00  4.214E-03 
6.154E+04   8.095E+00  4.166E-03 
6.234E+04   8.017E+00  4.118E-03 
6.315E+04   7.939E+00  4.071E-03 
6.398E+04   7.862E+00  4.024E-03 
6.481E+04   7.786E+00  3.978E-03 
6.565E+04   7.711E+00  3.933E-03 
6.650E+04   7.636E+00  3.888E-03 
6.737E+04   7.562E+00  3.843E-03 
6.824E+04   7.489E+00  3.799E-03 
6.913E+04   7.416E+00  3.756E-03 
7.003E+04   7.344E+00  3.713E-03 
7.094E+04   7.272E+00  3.670E-03 
7.186E+04   7.202E+00  3.628E-03 
7.279E+04   7.132E+00  3.586E-03 
7.374E+04   7.062E+00  3.545E-03 
7.470E+04   6.994E+00  3.504E-03 
7.567E+04   6.926E+00  3.464E-03 
7.665E+04   6.858E+00  3.424E-03 
7.765E+04   6.791E+00  3.385E-03 
7.866E+04   6.725E+00  3.346E-03 
7.968E+04   6.659E+00  3.308E-03 
8.072E+04   6.594E+00  3.270E-03 
8.176E+04   6.530E+00  3.232E-03 
8.283E+04   6.466E+00  3.195E-03 
8.390E+04   6.403E+00  3.159E-03 
8.499E+04   6.341E+00  3.122E-03 
8.610E+04   6.279E+00  3.086E-03 
8.722E+04   6.217E+00  3.051E-03 
8.835E+04   6.157E+00  3.016E-03 
8.950E+04   6.096E+00  2.981E-03 
9.066E+04   6.037E+00  2.947E-03 
9.184E+04   5.978E+00  2.913E-03 
9.303E+04   5.919E+00  2.879E-03 
9.424E+04   5.861E+00  2.846E-03 
9.547E+04   5.804E+00  2.814E-03 
9.671E+04   5.747E+00  2.781E-03 
9.797E+04   5.691E+00  2.749E-03 
9.924E+04   5.635E+00  2.717E-03 
1.005E+05   5.580E+00  2.686E-03 
1.018E+05   5.525E+00  2.655E-03 
1.032E+05   5.471E+00  2.625E-03 
1.045E+05   5.417E+00  2.594E-03 
1.059E+05   5.364E+00  2.565E-03 
1.072E+05   5.311E+00  2.535E-03 
1.086E+05   5.259E+00  2.506E-03 
1.100E+05   5.208E+00  2.477E-03 
1.115E+05   5.156E+00  2.448E-03 
1.129E+05   5.106E+00  2.420E-03 
1.144E+05   5.056E+00  2.392E-03 
1.159E+05   5.006E+00  2.365E-03 
1.174E+05   4.957E+00  2.337E-03 
1.189E+05   4.908E+00  2.310E-03 
1.204E+05   4.860E+00  2.284E-03 
1.220E+05   4.812E+00  2.257E-03 
1.236E+05   4.765E+00  2.231E-03 
1.252E+05   4.718E+00  2.206E-03 
1.268E+05   4.672E+00  2.180E-03 
1.285E+05   4.626E+00  2.155E-03 
1.302E+05   4.581E+00  2.130E-03 
1.318E+05   4.536E+00  2.105E-03 
1.336E+05   4.491E+00  2.081E-03 
1.353E+05   4.447E+00  2.057E-03 
1.371E+05   4.403E+00  2.033E-03 
1.388E+05   4.360E+00  2.010E-03 
1.406E+05   4.317E+00  1.987E-03 
1.425E+05   4.275E+00  1.964E-03 
1.443E+05   4.233E+00  1.941E-03 
1.462E+05   4.192E+00  1.918E-03 
1.481E+05   4.151E+00  1.896E-03 
1.500E+05   4.110E+00  1.874E-03 
1.520E+05   4.070E+00  1.853E-03 
1.539E+05   4.030E+00  1.831E-03 
1.559E+05   3.990E+00  1.810E-03 
1.580E+05   3.951E+00  1.789E-03 
1.600E+05   3.912E+00  1.768E-03 
1.621E+05   3.874E+00  1.748E-03 
1.642E+05   3.836E+00  1.728E-03 
1.663E+05   3.799E+00  1.708E-03 
1.685E+05   3.761E+00  1.688E-03 
1.707E+05   3.725E+00  1.668E-03 
1.729E+05   3.688E+00  1.649E-03 
1.752E+05   3.652E+00  1.630E-03 
1.774E+05   3.616E+00  1.611E-03 
1.797E+05   3.581E+00  1.592E-03 
1.821E+05   3.546E+00  1.574E-03 
1.844E+05   3.511E+00  1.556E-03 
1.868E+05   3.477E+00  1.538E-03 
1.893E+05   3.443E+00  1.520E-03 
1.917E+05   3.410E+00  1.502E-03 
1.942E+05   3.376E+00  1.485E-03 
1.967E+05   3.344E+00  1.467E-03 
1.993E+05   3.311E+00  1.450E-03 
2.019E+05   3.279E+00  1.434E-03 
2.045E+05   3.247E+00  1.417E-03 
2.072E+05   3.215E+00  1.401E-03 
2.099E+05   3.184E+00  1.384E-03 
2.126E+05   3.153E+00  1.368E-03 
2.154E+05   3.123E+00  1.352E-03 
2.182E+05   3.092E+00  1.337E-03 
2.210E+05   3.062E+00  1.321E-03 
2.239E+05   3.033E+00  1.306E-03 
2.268E+05   3.003E+00  1.291E-03 
2.297E+05   2.974E+00  1.276E-03 
2.327E+05   2.945E+00  1.261E-03 
2.357E+05   2.917E+00  1.246E-03 
2.388E+05   2.889E+00  1.232E-03 
2.419E+05   2.861E+00  1.217E-03 
2.450E+05   2.833E+00  1.203E-03 
2.482E+05   2.806E+00  1.189E-03 
2.515E+05   2.779E+00  1.175E-03 
2.547E+05   2.752E+00  1.162E-03 
2.580E+05   2.726E+00  1.148E-03 
2.614E+05   2.700E+00  1.135E-03 
2.648E+05   2.674E+00  1.122E-03 
2.682E+05   2.648E+00  1.109E-03 
2.717E+05   2.623E+00  1.096E-03 
2.752E+05   2.598E+00  1.083E-03 
2.788E+05   2.573E+00  1.070E-03 
2.824E+05   2.548E+00  1.058E-03 
2.861E+05   2.524E+00  1.046E-03 
2.898E+05   2.500E+00  1.033E-03 
2.936E+05   2.476E+00  1.021E-03 
2.974E+05   2.453E+00  1.009E-03 
3.013E+05   2.429E+00  9.977E-04 
3.052E+05   2.406E+00  9.860E-04 
3.092E+05   2.383E+00  9.745E-04 
3.132E+05   2.361E+00  9.632E-04 
3.172E+05   2.339E+00  9.520E-04 
3.214E+05   2.316E+00  9.409E-04 
3.255E+05   2.295E+00  9.299E-04 
3.298E+05   2.273E+00  9.191E-04 
3.341E+05   2.252E+00  9.083E-04 
3.384E+05   2.230E+00  8.977E-04 
3.428E+05   2.209E+00  8.873E-04 
3.473E+05   2.189E+00  8.769E-04 
3.518E+05   2.168E+00  8.667E-04 
3.563E+05   2.148E+00  8.566E-04 
3.610E+05   2.128E+00  8.466E-04 
3.657E+05   2.108E+00  8.367E-04 
3.704E+05   2.088E+00  8.269E-04 
3.752E+05   2.069E+00  8.173E-04 
3.801E+05   2.050E+00  8.078E-04 
3.851E+05   2.031E+00  7.983E-04 
3.901E+05   2.012E+00  7.890E-04 
3.951E+05   1.993E+00  7.798E-04 
4.003E+05   1.975E+00  7.707E-04 
