Ion = Helium      . Mass = 4.0026
Tgt = Sb (Solid). Density = 6.684 g/cm3
Stopping Units =  eV/(1E15 atoms/cm2)
Energy(keV)  S(Elec)    S(Nuc)
1.000E+00   5.738E+00  2.296E+00 
1.013E+00   5.775E+00  2.302E+00 
1.026E+00   5.812E+00  2.307E+00 
1.039E+00   5.850E+00  2.312E+00 
1.053E+00   5.888E+00  2.317E+00 
1.067E+00   5.926E+00  2.322E+00 
1.081E+00   5.965E+00  2.327E+00 
1.095E+00   6.003E+00  2.332E+00 
1.109E+00   6.042E+00  2.337E+00 
1.123E+00   6.081E+00  2.342E+00 
1.138E+00   6.121E+00  2.346E+00 
1.153E+00   6.160E+00  2.351E+00 
1.168E+00   6.200E+00  2.356E+00 
1.183E+00   6.240E+00  2.361E+00 
1.198E+00   6.281E+00  2.365E+00 
1.214E+00   6.321E+00  2.370E+00 
1.229E+00   6.362E+00  2.375E+00 
1.245E+00   6.404E+00  2.379E+00 
1.262E+00   6.445E+00  2.384E+00 
1.278E+00   6.487E+00  2.388E+00 
1.295E+00   6.529E+00  2.393E+00 
1.311E+00   6.571E+00  2.397E+00 
1.329E+00   6.614E+00  2.402E+00 
1.346E+00   6.656E+00  2.406E+00 
1.363E+00   6.700E+00  2.410E+00 
1.381E+00   6.743E+00  2.415E+00 
1.399E+00   6.787E+00  2.419E+00 
1.417E+00   6.831E+00  2.423E+00 
1.436E+00   6.875E+00  2.427E+00 
1.454E+00   6.919E+00  2.431E+00 
1.473E+00   6.964E+00  2.435E+00 
1.492E+00   7.009E+00  2.439E+00 
1.512E+00   7.055E+00  2.443E+00 
1.531E+00   7.100E+00  2.447E+00 
1.551E+00   7.146E+00  2.451E+00 
1.571E+00   7.193E+00  2.455E+00 
1.592E+00   7.239E+00  2.459E+00 
1.612E+00   7.286E+00  2.462E+00 
1.633E+00   7.333E+00  2.466E+00 
1.655E+00   7.381E+00  2.470E+00 
1.676E+00   7.429E+00  2.473E+00 
1.698E+00   7.477E+00  2.477E+00 
1.720E+00   7.525E+00  2.480E+00 
1.742E+00   7.574E+00  2.484E+00 
1.765E+00   7.623E+00  2.487E+00 
1.788E+00   7.672E+00  2.491E+00 
1.811E+00   7.722E+00  2.494E+00 
1.835E+00   7.772E+00  2.497E+00 
1.859E+00   7.822E+00  2.500E+00 
1.883E+00   7.873E+00  2.504E+00 
1.907E+00   7.924E+00  2.507E+00 
1.932E+00   7.975E+00  2.510E+00 
1.957E+00   8.027E+00  2.513E+00 
1.983E+00   8.079E+00  2.516E+00 
2.008E+00   8.131E+00  2.519E+00 
2.034E+00   8.184E+00  2.521E+00 
2.061E+00   8.237E+00  2.524E+00 
2.088E+00   8.290E+00  2.527E+00 
2.115E+00   8.344E+00  2.530E+00 
2.142E+00   8.398E+00  2.532E+00 
2.170E+00   8.453E+00  2.535E+00 
2.198E+00   8.507E+00  2.537E+00 
2.227E+00   8.562E+00  2.540E+00 
2.256E+00   8.618E+00  2.542E+00 
2.285E+00   8.674E+00  2.545E+00 
2.315E+00   8.730E+00  2.547E+00 
2.345E+00   8.786E+00  2.549E+00 
2.375E+00   8.843E+00  2.551E+00 
2.406E+00   8.901E+00  2.554E+00 
2.438E+00   8.958E+00  2.556E+00 
2.469E+00   9.016E+00  2.558E+00 
2.501E+00   9.075E+00  2.560E+00 
2.534E+00   9.134E+00  2.561E+00 
2.567E+00   9.193E+00  2.563E+00 
2.600E+00   9.252E+00  2.565E+00 
2.634E+00   9.312E+00  2.567E+00 
2.668E+00   9.372E+00  2.568E+00 
2.703E+00   9.433E+00  2.570E+00 
2.738E+00   9.494E+00  2.572E+00 
2.773E+00   9.556E+00  2.573E+00 
2.810E+00   9.618E+00  2.575E+00 
2.846E+00   9.680E+00  2.576E+00 
2.883E+00   9.743E+00  2.577E+00 
2.921E+00   9.806E+00  2.578E+00 
2.958E+00   9.869E+00  2.580E+00 
2.997E+00   9.933E+00  2.581E+00 
3.036E+00   9.998E+00  2.582E+00 
3.075E+00   1.006E+01  2.583E+00 
3.115E+00   1.013E+01  2.584E+00 
3.156E+00   1.019E+01  2.585E+00 
3.197E+00   1.026E+01  2.585E+00 
3.238E+00   1.033E+01  2.586E+00 
3.280E+00   1.039E+01  2.587E+00 
3.323E+00   1.046E+01  2.587E+00 
3.366E+00   1.053E+01  2.588E+00 
3.410E+00   1.060E+01  2.588E+00 
3.454E+00   1.066E+01  2.589E+00 
3.499E+00   1.073E+01  2.589E+00 
3.545E+00   1.080E+01  2.589E+00 
3.591E+00   1.087E+01  2.589E+00 
3.637E+00   1.094E+01  2.590E+00 
3.685E+00   1.101E+01  2.590E+00 
3.733E+00   1.109E+01  2.590E+00 
3.781E+00   1.116E+01  2.590E+00 
3.830E+00   1.123E+01  2.589E+00 
3.880E+00   1.130E+01  2.589E+00 
3.930E+00   1.138E+01  2.589E+00 
3.982E+00   1.145E+01  2.589E+00 
4.033E+00   1.152E+01  2.588E+00 
4.086E+00   1.160E+01  2.588E+00 
4.139E+00   1.167E+01  2.587E+00 
4.193E+00   1.175E+01  2.586E+00 
4.247E+00   1.182E+01  2.586E+00 
4.302E+00   1.190E+01  2.585E+00 
4.358E+00   1.198E+01  2.584E+00 
4.415E+00   1.206E+01  2.583E+00 
4.472E+00   1.213E+01  2.582E+00 
4.530E+00   1.221E+01  2.581E+00 
4.589E+00   1.229E+01  2.580E+00 
4.649E+00   1.237E+01  2.579E+00 
4.709E+00   1.245E+01  2.578E+00 
4.770E+00   1.253E+01  2.576E+00 
4.832E+00   1.261E+01  2.575E+00 
4.895E+00   1.270E+01  2.573E+00 
4.959E+00   1.278E+01  2.572E+00 
5.023E+00   1.286E+01  2.570E+00 
5.089E+00   1.294E+01  2.569E+00 
5.155E+00   1.303E+01  2.567E+00 
5.222E+00   1.311E+01  2.565E+00 
5.290E+00   1.320E+01  2.563E+00 
5.358E+00   1.328E+01  2.561E+00 
5.428E+00   1.337E+01  2.559E+00 
5.499E+00   1.345E+01  2.557E+00 
5.570E+00   1.354E+01  2.555E+00 
5.642E+00   1.363E+01  2.552E+00 
5.716E+00   1.372E+01  2.550E+00 
5.790E+00   1.381E+01  2.548E+00 
5.865E+00   1.390E+01  2.545E+00 
5.942E+00   1.399E+01  2.543E+00 
6.019E+00   1.408E+01  2.540E+00 
6.097E+00   1.417E+01  2.537E+00 
6.176E+00   1.426E+01  2.534E+00 
6.256E+00   1.435E+01  2.532E+00 
6.338E+00   1.445E+01  2.529E+00 
6.420E+00   1.454E+01  2.526E+00 
6.504E+00   1.463E+01  2.523E+00 
6.588E+00   1.473E+01  2.519E+00 
6.674E+00   1.482E+01  2.516E+00 
6.760E+00   1.492E+01  2.513E+00 
6.848E+00   1.502E+01  2.510E+00 
6.937E+00   1.511E+01  2.506E+00 
7.027E+00   1.521E+01  2.503E+00 
7.119E+00   1.531E+01  2.499E+00 
7.211E+00   1.541E+01  2.495E+00 
7.305E+00   1.551E+01  2.492E+00 
7.400E+00   1.561E+01  2.488E+00 
7.496E+00   1.571E+01  2.484E+00 
7.594E+00   1.581E+01  2.480E+00 
7.692E+00   1.591E+01  2.476E+00 
7.792E+00   1.602E+01  2.472E+00 
7.894E+00   1.612E+01  2.468E+00 
7.996E+00   1.623E+01  2.464E+00 
8.100E+00   1.633E+01  2.459E+00 
8.205E+00   1.644E+01  2.455E+00 
8.312E+00   1.655E+01  2.451E+00 
8.420E+00   1.667E+01  2.446E+00 
8.529E+00   1.678E+01  2.442E+00 
8.640E+00   1.689E+01  2.437E+00 
8.753E+00   1.701E+01  2.432E+00 
8.866E+00   1.712E+01  2.427E+00 
8.982E+00   1.724E+01  2.423E+00 
9.098E+00   1.736E+01  2.418E+00 
9.217E+00   1.748E+01  2.413E+00 
9.336E+00   1.760E+01  2.408E+00 
9.458E+00   1.772E+01  2.403E+00 
9.581E+00   1.784E+01  2.397E+00 
9.705E+00   1.797E+01  2.392E+00 
9.831E+00   1.809E+01  2.387E+00 
9.959E+00   1.822E+01  2.382E+00 
1.009E+01   1.834E+01  2.376E+00 
1.022E+01   1.847E+01  2.371E+00 
1.035E+01   1.860E+01  2.365E+00 
1.049E+01   1.873E+01  2.359E+00 
1.062E+01   1.886E+01  2.354E+00 
1.076E+01   1.900E+01  2.348E+00 
1.090E+01   1.913E+01  2.342E+00 
1.104E+01   1.927E+01  2.336E+00 
1.119E+01   1.940E+01  2.330E+00 
1.133E+01   1.954E+01  2.324E+00 
1.148E+01   1.968E+01  2.318E+00 
1.163E+01   1.982E+01  2.312E+00 
1.178E+01   1.996E+01  2.306E+00 
1.193E+01   2.010E+01  2.300E+00 
1.209E+01   2.025E+01  2.294E+00 
1.224E+01   2.039E+01  2.287E+00 
1.240E+01   2.054E+01  2.281E+00 
1.256E+01   2.069E+01  2.274E+00 
1.273E+01   2.084E+01  2.268E+00 
1.289E+01   2.099E+01  2.261E+00 
1.306E+01   2.114E+01  2.255E+00 
1.323E+01   2.130E+01  2.248E+00 
1.340E+01   2.145E+01  2.241E+00 
1.358E+01   2.161E+01  2.234E+00 
1.375E+01   2.177E+01  2.228E+00 
1.393E+01   2.193E+01  2.221E+00 
1.411E+01   2.209E+01  2.214E+00 
1.430E+01   2.225E+01  2.207E+00 
1.448E+01   2.241E+01  2.200E+00 
1.467E+01   2.258E+01  2.193E+00 
1.486E+01   2.275E+01  2.185E+00 
1.505E+01   2.291E+01  2.178E+00 
1.525E+01   2.308E+01  2.171E+00 
1.545E+01   2.326E+01  2.164E+00 
1.565E+01   2.343E+01  2.156E+00 
1.585E+01   2.360E+01  2.149E+00 
1.606E+01   2.378E+01  2.141E+00 
1.627E+01   2.396E+01  2.134E+00 
1.648E+01   2.414E+01  2.126E+00 
1.669E+01   2.432E+01  2.119E+00 
1.691E+01   2.450E+01  2.111E+00 
1.713E+01   2.469E+01  2.104E+00 
1.735E+01   2.487E+01  2.096E+00 
1.758E+01   2.506E+01  2.088E+00 
1.781E+01   2.525E+01  2.080E+00 
1.804E+01   2.544E+01  2.073E+00 
1.827E+01   2.564E+01  2.065E+00 
1.851E+01   2.583E+01  2.057E+00 
1.875E+01   2.603E+01  2.049E+00 
1.899E+01   2.623E+01  2.041E+00 
1.924E+01   2.643E+01  2.033E+00 
1.949E+01   2.663E+01  2.025E+00 
1.974E+01   2.683E+01  2.017E+00 
2.000E+01   2.704E+01  2.009E+00 
2.026E+01   2.725E+01  2.001E+00 
2.052E+01   2.745E+01  1.993E+00 
2.079E+01   2.767E+01  1.984E+00 
2.106E+01   2.788E+01  1.976E+00 
2.133E+01   2.809E+01  1.968E+00 
2.161E+01   2.831E+01  1.960E+00 
2.189E+01   2.853E+01  1.951E+00 
2.218E+01   2.875E+01  1.943E+00 
2.247E+01   2.898E+01  1.935E+00 
2.276E+01   2.920E+01  1.926E+00 
2.305E+01   2.943E+01  1.918E+00 
2.335E+01   2.966E+01  1.909E+00 
2.366E+01   2.989E+01  1.901E+00 
2.396E+01   3.012E+01  1.892E+00 
2.428E+01   3.036E+01  1.884E+00 
2.459E+01   3.060E+01  1.875E+00 
2.491E+01   3.084E+01  1.867E+00 
2.523E+01   3.108E+01  1.858E+00 
2.556E+01   3.132E+01  1.850E+00 
2.589E+01   3.157E+01  1.841E+00 
2.623E+01   3.182E+01  1.832E+00 
2.657E+01   3.207E+01  1.824E+00 
2.692E+01   3.232E+01  1.815E+00 
2.727E+01   3.258E+01  1.806E+00 
2.762E+01   3.283E+01  1.798E+00 
2.798E+01   3.309E+01  1.789E+00 
2.834E+01   3.336E+01  1.780E+00 
2.871E+01   3.362E+01  1.771E+00 
2.909E+01   3.389E+01  1.763E+00 
2.946E+01   3.416E+01  1.754E+00 
2.985E+01   3.443E+01  1.745E+00 
3.023E+01   3.470E+01  1.736E+00 
3.063E+01   3.498E+01  1.728E+00 
3.103E+01   3.526E+01  1.719E+00 
3.143E+01   3.554E+01  1.710E+00 
3.184E+01   3.582E+01  1.701E+00 
3.225E+01   3.611E+01  1.692E+00 
3.267E+01   3.640E+01  1.684E+00 
3.309E+01   3.669E+01  1.675E+00 
3.352E+01   3.698E+01  1.666E+00 
3.396E+01   3.728E+01  1.657E+00 
3.440E+01   3.758E+01  1.648E+00 
3.485E+01   3.788E+01  1.639E+00 
3.530E+01   3.818E+01  1.631E+00 
3.576E+01   3.849E+01  1.622E+00 
3.623E+01   3.880E+01  1.613E+00 
3.670E+01   3.911E+01  1.604E+00 
3.717E+01   3.942E+01  1.595E+00 
3.766E+01   3.974E+01  1.586E+00 
3.815E+01   4.006E+01  1.578E+00 
3.864E+01   4.038E+01  1.569E+00 
3.914E+01   4.071E+01  1.560E+00 
3.965E+01   4.104E+01  1.551E+00 
4.017E+01   4.137E+01  1.542E+00 
4.069E+01   4.170E+01  1.533E+00 
4.122E+01   4.204E+01  1.525E+00 
4.175E+01   4.238E+01  1.516E+00 
4.230E+01   4.272E+01  1.507E+00 
4.285E+01   4.307E+01  1.498E+00 
4.340E+01   4.341E+01  1.490E+00 
4.397E+01   4.377E+01  1.481E+00 
4.454E+01   4.412E+01  1.472E+00 
4.512E+01   4.448E+01  1.463E+00 
4.570E+01   4.483E+01  1.455E+00 
4.630E+01   4.520E+01  1.446E+00 
4.690E+01   4.556E+01  1.437E+00 
4.751E+01   4.593E+01  1.428E+00 
4.813E+01   4.630E+01  1.420E+00 
4.875E+01   4.668E+01  1.411E+00 
4.939E+01   4.705E+01  1.402E+00 
5.003E+01   4.743E+01  1.394E+00 
5.068E+01   4.782E+01  1.385E+00 
5.134E+01   4.820E+01  1.377E+00 
5.200E+01   4.859E+01  1.368E+00 
5.268E+01   4.898E+01  1.359E+00 
5.336E+01   4.938E+01  1.351E+00 
5.406E+01   4.978E+01  1.342E+00 
5.476E+01   5.018E+01  1.334E+00 
5.547E+01   5.058E+01  1.325E+00 
5.619E+01   5.099E+01  1.317E+00 
5.692E+01   5.140E+01  1.308E+00 
5.766E+01   5.181E+01  1.300E+00 
5.841E+01   5.223E+01  1.292E+00 
5.917E+01   5.265E+01  1.283E+00 
5.994E+01   5.307E+01  1.275E+00 
6.072E+01   5.350E+01  1.266E+00 
6.151E+01   5.393E+01  1.258E+00 
6.231E+01   5.436E+01  1.250E+00 
6.312E+01   5.479E+01  1.242E+00 
6.394E+01   5.523E+01  1.233E+00 
6.477E+01   5.567E+01  1.225E+00 
6.561E+01   5.611E+01  1.217E+00 
6.646E+01   5.656E+01  1.209E+00 
6.733E+01   5.701E+01  1.200E+00 
6.820E+01   5.746E+01  1.192E+00 
6.909E+01   5.792E+01  1.184E+00 
6.999E+01   5.838E+01  1.176E+00 
7.090E+01   5.884E+01  1.168E+00 
7.182E+01   5.930E+01  1.160E+00 
7.275E+01   5.977E+01  1.152E+00 
7.370E+01   6.024E+01  1.144E+00 
7.465E+01   6.071E+01  1.136E+00 
7.562E+01   6.119E+01  1.128E+00 
7.661E+01   6.167E+01  1.120E+00 
7.760E+01   6.215E+01  1.113E+00 
7.861E+01   6.263E+01  1.105E+00 
7.963E+01   6.312E+01  1.097E+00 
8.067E+01   6.361E+01  1.089E+00 
8.172E+01   6.410E+01  1.081E+00 
8.278E+01   6.460E+01  1.074E+00 
8.385E+01   6.510E+01  1.066E+00 
8.494E+01   6.560E+01  1.058E+00 
8.605E+01   6.610E+01  1.051E+00 
8.717E+01   6.660E+01  1.043E+00 
8.830E+01   6.711E+01  1.036E+00 
8.945E+01   6.762E+01  1.028E+00 
9.061E+01   6.813E+01  1.021E+00 
9.179E+01   6.865E+01  1.013E+00 
9.298E+01   6.917E+01  1.006E+00 
9.419E+01   6.969E+01  9.983E-01 
9.541E+01   7.021E+01  9.910E-01 
9.665E+01   7.073E+01  9.837E-01 
9.791E+01   7.126E+01  9.764E-01 
9.918E+01   7.178E+01  9.691E-01 
1.005E+02   7.231E+01  9.619E-01 
1.018E+02   7.284E+01  9.547E-01 
1.031E+02   7.338E+01  9.475E-01 
1.044E+02   7.391E+01  9.404E-01 
1.058E+02   7.445E+01  9.333E-01 
1.072E+02   7.499E+01  9.262E-01 
1.086E+02   7.552E+01  9.192E-01 
1.100E+02   7.607E+01  9.122E-01 
1.114E+02   7.661E+01  9.053E-01 
1.129E+02   7.715E+01  8.984E-01 
1.143E+02   7.769E+01  8.915E-01 
1.158E+02   7.824E+01  8.846E-01 
1.173E+02   7.879E+01  8.778E-01 
1.188E+02   7.933E+01  8.710E-01 
1.204E+02   7.988E+01  8.643E-01 
1.219E+02   8.043E+01  8.576E-01 
1.235E+02   8.098E+01  8.509E-01 
1.251E+02   8.153E+01  8.443E-01 
1.268E+02   8.208E+01  8.377E-01 
1.284E+02   8.263E+01  8.311E-01 
1.301E+02   8.318E+01  8.246E-01 
1.318E+02   8.373E+01  8.181E-01 
1.335E+02   8.428E+01  8.116E-01 
1.352E+02   8.483E+01  8.052E-01 
1.370E+02   8.538E+01  7.988E-01 
1.388E+02   8.593E+01  7.924E-01 
1.406E+02   8.648E+01  7.861E-01 
1.424E+02   8.703E+01  7.798E-01 
1.442E+02   8.758E+01  7.736E-01 
1.461E+02   8.813E+01  7.674E-01 
1.480E+02   8.867E+01  7.612E-01 
1.499E+02   8.922E+01  7.551E-01 
1.519E+02   8.976E+01  7.490E-01 
1.539E+02   9.031E+01  7.429E-01 
1.559E+02   9.085E+01  7.369E-01 
1.579E+02   9.139E+01  7.309E-01 
1.599E+02   9.193E+01  7.249E-01 
1.620E+02   9.247E+01  7.190E-01 
1.641E+02   9.300E+01  7.131E-01 
1.662E+02   9.353E+01  7.072E-01 
1.684E+02   9.407E+01  7.014E-01 
1.706E+02   9.459E+01  6.956E-01 
1.728E+02   9.512E+01  6.899E-01 
1.751E+02   9.565E+01  6.842E-01 
1.773E+02   9.617E+01  6.785E-01 
1.796E+02   9.669E+01  6.729E-01 
1.820E+02   9.720E+01  6.673E-01 
1.843E+02   9.772E+01  6.617E-01 
1.867E+02   9.823E+01  6.562E-01 
1.892E+02   9.874E+01  6.507E-01 
1.916E+02   9.924E+01  6.452E-01 
1.941E+02   9.974E+01  6.398E-01 
1.966E+02   1.002E+02  6.344E-01 
1.992E+02   1.007E+02  6.291E-01 
2.018E+02   1.012E+02  6.237E-01 
2.044E+02   1.017E+02  6.185E-01 
2.071E+02   1.022E+02  6.132E-01 
2.097E+02   1.027E+02  6.080E-01 
2.125E+02   1.032E+02  6.028E-01 
2.152E+02   1.036E+02  5.977E-01 
2.180E+02   1.041E+02  5.926E-01 
2.209E+02   1.046E+02  5.875E-01 
2.237E+02   1.050E+02  5.824E-01 
2.266E+02   1.055E+02  5.774E-01 
2.296E+02   1.059E+02  5.725E-01 
2.326E+02   1.064E+02  5.675E-01 
2.356E+02   1.068E+02  5.626E-01 
2.387E+02   1.073E+02  5.577E-01 
2.418E+02   1.077E+02  5.529E-01 
2.449E+02   1.081E+02  5.481E-01 
2.481E+02   1.085E+02  5.433E-01 
2.513E+02   1.090E+02  5.386E-01 
2.546E+02   1.094E+02  5.339E-01 
2.579E+02   1.098E+02  5.292E-01 
2.612E+02   1.102E+02  5.246E-01 
2.646E+02   1.106E+02  5.200E-01 
2.681E+02   1.110E+02  5.154E-01 
2.716E+02   1.114E+02  5.109E-01 
2.751E+02   1.118E+02  5.064E-01 
2.787E+02   1.121E+02  5.019E-01 
2.823E+02   1.125E+02  4.975E-01 
2.859E+02   1.129E+02  4.931E-01 
2.897E+02   1.133E+02  4.887E-01 
2.934E+02   1.136E+02  4.843E-01 
2.972E+02   1.140E+02  4.800E-01 
3.011E+02   1.143E+02  4.758E-01 
3.050E+02   1.147E+02  4.715E-01 
3.090E+02   1.150E+02  4.673E-01 
3.130E+02   1.153E+02  4.631E-01 
3.171E+02   1.157E+02  4.590E-01 
3.212E+02   1.160E+02  4.548E-01 
3.254E+02   1.163E+02  4.507E-01 
3.296E+02   1.166E+02  4.467E-01 
3.339E+02   1.169E+02  4.427E-01 
3.382E+02   1.172E+02  4.387E-01 
3.426E+02   1.175E+02  4.347E-01 
3.471E+02   1.178E+02  4.308E-01 
3.516E+02   1.181E+02  4.268E-01 
3.561E+02   1.184E+02  4.256E-01 
3.608E+02   1.187E+02  4.218E-01 
3.655E+02   1.189E+02  4.179E-01 
3.702E+02   1.192E+02  4.141E-01 
3.750E+02   1.194E+02  4.103E-01 
3.799E+02   1.197E+02  4.066E-01 
3.848E+02   1.199E+02  4.029E-01 
3.898E+02   1.202E+02  3.992E-01 
3.949E+02   1.204E+02  3.955E-01 
4.000E+02   1.206E+02  3.919E-01 
4.052E+02   1.209E+02  3.882E-01 
4.105E+02   1.211E+02  3.847E-01 
4.158E+02   1.213E+02  3.811E-01 
4.212E+02   1.215E+02  3.776E-01 
4.267E+02   1.217E+02  3.741E-01 
4.323E+02   1.219E+02  3.706E-01 
4.379E+02   1.221E+02  3.672E-01 
4.436E+02   1.223E+02  3.638E-01 
4.493E+02   1.224E+02  3.604E-01 
4.552E+02   1.226E+02  3.570E-01 
4.611E+02   1.228E+02  3.537E-01 
4.671E+02   1.229E+02  3.504E-01 
4.731E+02   1.231E+02  3.471E-01 
4.793E+02   1.232E+02  3.438E-01 
4.855E+02   1.234E+02  3.406E-01 
4.918E+02   1.235E+02  3.374E-01 
4.982E+02   1.236E+02  3.342E-01 
5.047E+02   1.237E+02  3.311E-01 
5.113E+02   1.239E+02  3.279E-01 
5.179E+02   1.240E+02  3.249E-01 
5.246E+02   1.241E+02  3.218E-01 
5.315E+02   1.242E+02  3.187E-01 
5.384E+02   1.242E+02  3.157E-01 
5.454E+02   1.243E+02  3.127E-01 
5.524E+02   1.244E+02  3.097E-01 
5.596E+02   1.245E+02  3.068E-01 
5.669E+02   1.245E+02  3.039E-01 
5.743E+02   1.246E+02  3.010E-01 
5.817E+02   1.246E+02  2.981E-01 
5.893E+02   1.247E+02  2.952E-01 
5.969E+02   1.247E+02  2.924E-01 
6.047E+02   1.247E+02  2.896E-01 
6.126E+02   1.248E+02  2.868E-01 
6.205E+02   1.248E+02  2.841E-01 
6.286E+02   1.248E+02  2.814E-01 
6.368E+02   1.248E+02  2.786E-01 
6.450E+02   1.248E+02  2.760E-01 
6.534E+02   1.248E+02  2.733E-01 
6.619E+02   1.247E+02  2.707E-01 
6.705E+02   1.247E+02  2.680E-01 
6.792E+02   1.247E+02  2.655E-01 
6.881E+02   1.246E+02  2.629E-01 
6.970E+02   1.246E+02  2.603E-01 
7.061E+02   1.245E+02  2.578E-01 
7.152E+02   1.245E+02  2.553E-01 
7.245E+02   1.244E+02  2.528E-01 
7.339E+02   1.243E+02  2.504E-01 
7.435E+02   1.243E+02  2.479E-01 
7.531E+02   1.242E+02  2.455E-01 
7.629E+02   1.241E+02  2.431E-01 
7.728E+02   1.240E+02  2.407E-01 
7.829E+02   1.239E+02  2.384E-01 
7.931E+02   1.238E+02  2.360E-01 
8.034E+02   1.236E+02  2.337E-01 
8.138E+02   1.235E+02  2.314E-01 
8.244E+02   1.234E+02  2.292E-01 
8.351E+02   1.232E+02  2.269E-01 
8.460E+02   1.231E+02  2.247E-01 
8.570E+02   1.229E+02  2.225E-01 
8.681E+02   1.228E+02  2.203E-01 
8.794E+02   1.226E+02  2.181E-01 
8.908E+02   1.224E+02  2.159E-01 
9.024E+02   1.222E+02  2.138E-01 
9.141E+02   1.220E+02  2.117E-01 
9.260E+02   1.218E+02  2.096E-01 
9.380E+02   1.216E+02  2.075E-01 
9.502E+02   1.214E+02  2.055E-01 
9.626E+02   1.212E+02  2.034E-01 
9.751E+02   1.210E+02  2.014E-01 
9.877E+02   1.208E+02  1.994E-01 
1.001E+03   1.205E+02  1.974E-01 
1.014E+03   1.203E+02  1.955E-01 
1.027E+03   1.200E+02  1.935E-01 
1.040E+03   1.198E+02  1.916E-01 
1.054E+03   1.195E+02  1.897E-01 
1.067E+03   1.193E+02  1.878E-01 
1.081E+03   1.190E+02  1.859E-01 
1.095E+03   1.187E+02  1.840E-01 
1.109E+03   1.184E+02  1.822E-01 
1.124E+03   1.181E+02  1.804E-01 
1.138E+03   1.178E+02  1.786E-01 
1.153E+03   1.175E+02  1.768E-01 
1.168E+03   1.172E+02  1.750E-01 
1.183E+03   1.169E+02  1.732E-01 
1.199E+03   1.166E+02  1.715E-01 
1.214E+03   1.163E+02  1.698E-01 
1.230E+03   1.159E+02  1.680E-01 
1.246E+03   1.156E+02  1.663E-01 
1.262E+03   1.153E+02  1.647E-01 
1.279E+03   1.149E+02  1.630E-01 
1.295E+03   1.146E+02  1.614E-01 
1.312E+03   1.142E+02  1.597E-01 
1.329E+03   1.139E+02  1.581E-01 
1.347E+03   1.135E+02  1.565E-01 
1.364E+03   1.131E+02  1.549E-01 
1.382E+03   1.128E+02  1.533E-01 
1.400E+03   1.124E+02  1.518E-01 
1.418E+03   1.120E+02  1.502E-01 
1.436E+03   1.116E+02  1.487E-01 
1.455E+03   1.112E+02  1.472E-01 
1.474E+03   1.108E+02  1.457E-01 
1.493E+03   1.104E+02  1.442E-01 
1.513E+03   1.100E+02  1.428E-01 
1.532E+03   1.096E+02  1.413E-01 
1.552E+03   1.092E+02  1.399E-01 
1.572E+03   1.088E+02  1.384E-01 
1.593E+03   1.083E+02  1.370E-01 
1.613E+03   1.079E+02  1.356E-01 
1.634E+03   1.075E+02  1.342E-01 
1.656E+03   1.071E+02  1.328E-01 
1.677E+03   1.066E+02  1.315E-01 
1.699E+03   1.062E+02  1.301E-01 
1.721E+03   1.058E+02  1.288E-01 
1.743E+03   1.053E+02  1.275E-01 
1.766E+03   1.049E+02  1.262E-01 
1.789E+03   1.044E+02  1.249E-01 
1.812E+03   1.040E+02  1.236E-01 
1.836E+03   1.035E+02  1.223E-01 
1.860E+03   1.030E+02  1.210E-01 
1.884E+03   1.026E+02  1.198E-01 
1.908E+03   1.021E+02  1.186E-01 
1.933E+03   1.017E+02  1.173E-01 
1.958E+03   1.012E+02  1.161E-01 
1.984E+03   1.007E+02  1.149E-01 
2.009E+03   1.002E+02  1.137E-01 
2.036E+03   9.976E+01  1.126E-01 
2.062E+03   9.929E+01  1.114E-01 
2.089E+03   9.881E+01  1.102E-01 
2.116E+03   9.833E+01  1.091E-01 
2.143E+03   9.784E+01  1.080E-01 
2.171E+03   9.736E+01  1.068E-01 
2.200E+03   9.687E+01  1.057E-01 
2.228E+03   9.638E+01  1.046E-01 
2.257E+03   9.590E+01  1.036E-01 
2.286E+03   9.541E+01  1.025E-01 
2.316E+03   9.491E+01  1.014E-01 
2.346E+03   9.442E+01  1.004E-01 
2.377E+03   9.393E+01  9.931E-02 
2.408E+03   9.343E+01  9.827E-02 
2.439E+03   9.293E+01  9.724E-02 
2.471E+03   9.244E+01  9.623E-02 
2.503E+03   9.194E+01  9.522E-02 
2.535E+03   9.144E+01  9.423E-02 
2.568E+03   9.094E+01  9.324E-02 
2.602E+03   9.044E+01  9.227E-02 
2.635E+03   8.994E+01  9.130E-02 
2.670E+03   8.944E+01  9.035E-02 
2.704E+03   8.894E+01  8.940E-02 
2.740E+03   8.844E+01  8.846E-02 
2.775E+03   8.794E+01  8.753E-02 
2.811E+03   8.743E+01  8.662E-02 
2.848E+03   8.693E+01  8.571E-02 
2.885E+03   8.643E+01  8.481E-02 
2.922E+03   8.593E+01  8.391E-02 
2.960E+03   8.542E+01  8.303E-02 
2.999E+03   8.492E+01  8.216E-02 
3.038E+03   8.442E+01  8.129E-02 
3.077E+03   8.392E+01  8.044E-02 
3.117E+03   8.342E+01  7.959E-02 
3.158E+03   8.291E+01  7.875E-02 
3.199E+03   8.241E+01  7.792E-02 
3.240E+03   8.191E+01  7.710E-02 
3.282E+03   8.141E+01  7.628E-02 
3.325E+03   8.091E+01  7.548E-02 
3.368E+03   8.041E+01  7.468E-02 
3.412E+03   7.992E+01  7.389E-02 
3.456E+03   7.942E+01  7.311E-02 
3.501E+03   7.892E+01  7.233E-02 
3.547E+03   7.843E+01  7.157E-02 
3.593E+03   7.793E+01  7.081E-02 
3.640E+03   7.744E+01  7.006E-02 
3.687E+03   7.694E+01  6.932E-02 
3.735E+03   7.645E+01  6.858E-02 
3.783E+03   7.596E+01  6.785E-02 
3.832E+03   7.547E+01  6.713E-02 
3.882E+03   7.498E+01  6.642E-02 
3.933E+03   7.449E+01  6.571E-02 
3.984E+03   7.401E+01  6.501E-02 
4.036E+03   7.352E+01  6.432E-02 
4.088E+03   7.304E+01  6.364E-02 
4.141E+03   7.256E+01  6.296E-02 
4.195E+03   7.207E+01  6.229E-02 
4.250E+03   7.159E+01  6.162E-02 
4.305E+03   7.112E+01  6.097E-02 
4.361E+03   7.064E+01  6.032E-02 
4.417E+03   7.016E+01  5.967E-02 
4.475E+03   6.969E+01  5.904E-02 
4.533E+03   6.922E+01  5.840E-02 
4.592E+03   6.875E+01  5.778E-02 
4.652E+03   6.828E+01  5.716E-02 
4.712E+03   6.781E+01  5.655E-02 
4.773E+03   6.734E+01  5.595E-02 
4.835E+03   6.688E+01  5.535E-02 
4.898E+03   6.642E+01  5.475E-02 
4.962E+03   6.595E+01  5.417E-02 
5.026E+03   6.549E+01  5.359E-02 
5.092E+03   6.504E+01  5.301E-02 
5.158E+03   6.458E+01  5.244E-02 
5.225E+03   6.413E+01  5.188E-02 
5.293E+03   6.368E+01  5.132E-02 
5.362E+03   6.323E+01  5.077E-02 
5.431E+03   6.278E+01  5.023E-02 
5.502E+03   6.233E+01  4.969E-02 
5.573E+03   6.189E+01  4.915E-02 
5.646E+03   6.144E+01  4.862E-02 
5.719E+03   6.100E+01  4.810E-02 
5.793E+03   6.057E+01  4.758E-02 
5.869E+03   6.013E+01  4.707E-02 
5.945E+03   5.969E+01  4.656E-02 
6.022E+03   5.926E+01  4.606E-02 
6.101E+03   5.883E+01  4.556E-02 
6.180E+03   5.840E+01  4.507E-02 
6.260E+03   5.798E+01  4.459E-02 
6.341E+03   5.755E+01  4.410E-02 
6.424E+03   5.713E+01  4.363E-02 
6.507E+03   5.671E+01  4.316E-02 
6.592E+03   5.629E+01  4.269E-02 
6.678E+03   5.588E+01  4.223E-02 
6.764E+03   5.546E+01  4.177E-02 
6.852E+03   5.505E+01  4.132E-02 
6.941E+03   5.464E+01  4.087E-02 
7.032E+03   5.423E+01  4.043E-02 
7.123E+03   5.383E+01  3.999E-02 
7.216E+03   5.343E+01  3.956E-02 
7.309E+03   5.303E+01  3.913E-02 
7.404E+03   5.263E+01  3.870E-02 
7.501E+03   5.223E+01  3.828E-02 
7.598E+03   5.184E+01  3.787E-02 
7.697E+03   5.144E+01  3.746E-02 
7.797E+03   5.105E+01  3.705E-02 
7.898E+03   5.067E+01  3.665E-02 
8.001E+03   5.028E+01  3.625E-02 
8.105E+03   4.996E+01  3.586E-02 
8.210E+03   4.963E+01  3.547E-02 
8.317E+03   4.930E+01  3.508E-02 
8.425E+03   4.896E+01  3.470E-02 
8.534E+03   4.862E+01  3.432E-02 
8.645E+03   4.828E+01  3.395E-02 
8.758E+03   4.793E+01  3.358E-02 
8.871E+03   4.758E+01  3.321E-02 
8.987E+03   4.722E+01  3.285E-02 
9.104E+03   4.686E+01  3.249E-02 
9.222E+03   4.649E+01  3.213E-02 
9.342E+03   4.612E+01  3.178E-02 
9.463E+03   4.574E+01  3.144E-02 
9.586E+03   4.536E+01  3.109E-02 
9.711E+03   4.501E+01  3.075E-02 
9.837E+03   4.466E+01  3.042E-02 
9.965E+03   4.432E+01  3.008E-02 
1.009E+04   4.398E+01  2.976E-02 
1.023E+04   4.364E+01  2.943E-02 
1.036E+04   4.330E+01  2.911E-02 
1.049E+04   4.297E+01  2.879E-02 
1.063E+04   4.264E+01  2.847E-02 
1.077E+04   4.231E+01  2.816E-02 
1.091E+04   4.198E+01  2.785E-02 
1.105E+04   4.165E+01  2.755E-02 
1.119E+04   4.133E+01  2.725E-02 
1.134E+04   4.100E+01  2.695E-02 
1.149E+04   4.068E+01  2.665E-02 
1.163E+04   4.036E+01  2.636E-02 
1.179E+04   4.005E+01  2.607E-02 
1.194E+04   3.973E+01  2.578E-02 
1.209E+04   3.942E+01  2.550E-02 
1.225E+04   3.911E+01  2.522E-02 
1.241E+04   3.880E+01  2.494E-02 
1.257E+04   3.849E+01  2.467E-02 
1.274E+04   3.819E+01  2.440E-02 
1.290E+04   3.789E+01  2.413E-02 
1.307E+04   3.758E+01  2.386E-02 
1.324E+04   3.728E+01  2.360E-02 
1.341E+04   3.699E+01  2.334E-02 
1.358E+04   3.669E+01  2.308E-02 
1.376E+04   3.640E+01  2.283E-02 
1.394E+04   3.611E+01  2.258E-02 
1.412E+04   3.582E+01  2.233E-02 
1.431E+04   3.553E+01  2.208E-02 
1.449E+04   3.524E+01  2.184E-02 
1.468E+04   3.496E+01  2.160E-02 
1.487E+04   3.468E+01  2.136E-02 
1.506E+04   3.440E+01  2.112E-02 
1.526E+04   3.412E+01  2.089E-02 
1.546E+04   3.384E+01  2.066E-02 
1.566E+04   3.357E+01  2.043E-02 
1.586E+04   3.329E+01  2.020E-02 
1.607E+04   3.302E+01  1.998E-02 
1.628E+04   3.275E+01  1.976E-02 
1.649E+04   3.249E+01  1.954E-02 
1.670E+04   3.222E+01  1.932E-02 
1.692E+04   3.196E+01  1.911E-02 
1.714E+04   3.169E+01  1.890E-02 
1.736E+04   3.143E+01  1.869E-02 
1.759E+04   3.117E+01  1.848E-02 
1.782E+04   3.092E+01  1.828E-02 
1.805E+04   3.066E+01  1.807E-02 
1.828E+04   3.041E+01  1.787E-02 
1.852E+04   3.016E+01  1.768E-02 
1.876E+04   2.991E+01  1.748E-02 
1.900E+04   2.966E+01  1.729E-02 
1.925E+04   2.941E+01  1.709E-02 
1.950E+04   2.917E+01  1.690E-02 
1.976E+04   2.892E+01  1.672E-02 
2.001E+04   2.868E+01  1.653E-02 
2.027E+04   2.844E+01  1.635E-02 
2.054E+04   2.820E+01  1.616E-02 
2.080E+04   2.797E+01  1.599E-02 
2.107E+04   2.773E+01  1.581E-02 
2.135E+04   2.750E+01  1.563E-02 
2.162E+04   2.727E+01  1.546E-02 
2.191E+04   2.704E+01  1.529E-02 
2.219E+04   2.681E+01  1.512E-02 
2.248E+04   2.658E+01  1.495E-02 
2.277E+04   2.635E+01  1.478E-02 
2.307E+04   2.613E+01  1.462E-02 
2.337E+04   2.591E+01  1.445E-02 
2.367E+04   2.569E+01  1.429E-02 
2.398E+04   2.547E+01  1.413E-02 
2.429E+04   2.525E+01  1.397E-02 
2.461E+04   2.504E+01  1.382E-02 
2.492E+04   2.482E+01  1.366E-02 
2.525E+04   2.461E+01  1.351E-02 
2.558E+04   2.440E+01  1.336E-02 
2.591E+04   2.419E+01  1.321E-02 
2.625E+04   2.398E+01  1.306E-02 
2.659E+04   2.377E+01  1.292E-02 
2.693E+04   2.357E+01  1.277E-02 
2.728E+04   2.336E+01  1.263E-02 
2.764E+04   2.316E+01  1.249E-02 
2.800E+04   2.296E+01  1.235E-02 
2.836E+04   2.276E+01  1.221E-02 
2.873E+04   2.256E+01  1.207E-02 
2.910E+04   2.237E+01  1.194E-02 
2.948E+04   2.217E+01  1.181E-02 
2.986E+04   2.198E+01  1.167E-02 
3.025E+04   2.179E+01  1.154E-02 
3.065E+04   2.160E+01  1.141E-02 
3.104E+04   2.141E+01  1.129E-02 
3.145E+04   2.122E+01  1.116E-02 
3.186E+04   2.103E+01  1.103E-02 
3.227E+04   2.085E+01  1.091E-02 
3.269E+04   2.067E+01  1.079E-02 
3.311E+04   2.048E+01  1.067E-02 
3.354E+04   2.030E+01  1.055E-02 
3.398E+04   2.012E+01  1.043E-02 
3.442E+04   1.995E+01  1.031E-02 
3.487E+04   1.977E+01  1.020E-02 
3.532E+04   1.959E+01  1.008E-02 
3.578E+04   1.942E+01  9.968E-03 
3.625E+04   1.925E+01  9.856E-03 
3.672E+04   1.908E+01  9.745E-03 
3.719E+04   1.891E+01  9.635E-03 
3.768E+04   1.874E+01  9.527E-03 
3.817E+04   1.857E+01  9.420E-03 
3.866E+04   1.841E+01  9.314E-03 
3.917E+04   1.824E+01  9.209E-03 
3.968E+04   1.808E+01  9.105E-03 
4.019E+04   1.792E+01  9.003E-03 
4.071E+04   1.775E+01  8.901E-03 
4.124E+04   1.759E+01  8.801E-03 
4.178E+04   1.744E+01  8.702E-03 
4.232E+04   1.728E+01  8.604E-03 
4.287E+04   1.712E+01  8.507E-03 
4.343E+04   1.697E+01  8.411E-03 
4.399E+04   1.682E+01  8.316E-03 
4.456E+04   1.666E+01  8.222E-03 
4.514E+04   1.651E+01  8.130E-03 
4.573E+04   1.636E+01  8.038E-03 
4.632E+04   1.622E+01  7.947E-03 
4.693E+04   1.607E+01  7.857E-03 
4.754E+04   1.592E+01  7.769E-03 
4.815E+04   1.578E+01  7.681E-03 
4.878E+04   1.563E+01  7.594E-03 
4.941E+04   1.549E+01  7.508E-03 
5.006E+04   1.535E+01  7.424E-03 
5.071E+04   1.521E+01  7.340E-03 
5.137E+04   1.507E+01  7.257E-03 
5.203E+04   1.493E+01  7.175E-03 
5.271E+04   1.480E+01  7.093E-03 
5.340E+04   1.466E+01  7.013E-03 
5.409E+04   1.453E+01  6.934E-03 
5.479E+04   1.439E+01  6.855E-03 
5.550E+04   1.426E+01  6.778E-03 
5.623E+04   1.413E+01  6.701E-03 
5.696E+04   1.400E+01  6.625E-03 
5.770E+04   1.387E+01  6.550E-03 
5.845E+04   1.374E+01  6.476E-03 
5.921E+04   1.361E+01  6.402E-03 
5.998E+04   1.349E+01  6.330E-03 
6.075E+04   1.336E+01  6.258E-03 
6.154E+04   1.324E+01  6.187E-03 
6.234E+04   1.312E+01  6.117E-03 
6.315E+04   1.300E+01  6.048E-03 
6.398E+04   1.288E+01  5.979E-03 
6.481E+04   1.276E+01  5.911E-03 
6.565E+04   1.264E+01  5.844E-03 
6.650E+04   1.252E+01  5.778E-03 
6.737E+04   1.240E+01  5.712E-03 
6.824E+04   1.229E+01  5.647E-03 
6.913E+04   1.217E+01  5.583E-03 
7.003E+04   1.206E+01  5.520E-03 
7.094E+04   1.195E+01  5.457E-03 
7.186E+04   1.184E+01  5.395E-03 
7.279E+04   1.173E+01  5.334E-03 
7.374E+04   1.162E+01  5.273E-03 
7.470E+04   1.151E+01  5.213E-03 
7.567E+04   1.140E+01  5.154E-03 
7.665E+04   1.129E+01  5.095E-03 
7.765E+04   1.119E+01  5.037E-03 
7.866E+04   1.108E+01  4.980E-03 
7.968E+04   1.098E+01  4.923E-03 
8.072E+04   1.088E+01  4.867E-03 
8.176E+04   1.077E+01  4.812E-03 
8.283E+04   1.067E+01  4.757E-03 
8.390E+04   1.057E+01  4.703E-03 
8.499E+04   1.047E+01  4.649E-03 
8.610E+04   1.037E+01  4.596E-03 
8.722E+04   1.028E+01  4.544E-03 
8.835E+04   1.018E+01  4.492E-03 
8.950E+04   1.008E+01  4.441E-03 
9.066E+04   9.987E+00  4.390E-03 
9.184E+04   9.893E+00  4.340E-03 
9.303E+04   9.800E+00  4.291E-03 
9.424E+04   9.707E+00  4.242E-03 
9.547E+04   9.615E+00  4.193E-03 
9.671E+04   9.524E+00  4.145E-03 
9.797E+04   9.434E+00  4.098E-03 
9.924E+04   9.345E+00  4.051E-03 
1.005E+05   9.256E+00  4.005E-03 
1.018E+05   9.169E+00  3.959E-03 
1.032E+05   9.082E+00  3.914E-03 
1.045E+05   8.996E+00  3.869E-03 
1.059E+05   8.910E+00  3.825E-03 
1.072E+05   8.826E+00  3.781E-03 
1.086E+05   8.742E+00  3.738E-03 
1.100E+05   8.659E+00  3.695E-03 
1.115E+05   8.577E+00  3.653E-03 
1.129E+05   8.495E+00  3.611E-03 
1.144E+05   8.415E+00  3.570E-03 
1.159E+05   8.335E+00  3.529E-03 
1.174E+05   8.255E+00  3.489E-03 
1.189E+05   8.177E+00  3.449E-03 
1.204E+05   8.099E+00  3.409E-03 
1.220E+05   8.022E+00  3.370E-03 
1.236E+05   7.946E+00  3.332E-03 
1.252E+05   7.870E+00  3.294E-03 
1.268E+05   7.795E+00  3.256E-03 
1.285E+05   7.721E+00  3.219E-03 
1.302E+05   7.647E+00  3.182E-03 
1.318E+05   7.575E+00  3.145E-03 
1.336E+05   7.502E+00  3.109E-03 
1.353E+05   7.431E+00  3.074E-03 
1.371E+05   7.360E+00  3.038E-03 
1.388E+05   7.290E+00  3.003E-03 
1.406E+05   7.221E+00  2.969E-03 
1.425E+05   7.152E+00  2.935E-03 
1.443E+05   7.084E+00  2.901E-03 
1.462E+05   7.016E+00  2.868E-03 
1.481E+05   6.949E+00  2.835E-03 
1.500E+05   6.883E+00  2.803E-03 
1.520E+05   6.817E+00  2.770E-03 
1.539E+05   6.752E+00  2.739E-03 
1.559E+05   6.688E+00  2.707E-03 
1.580E+05   6.624E+00  2.676E-03 
1.600E+05   6.561E+00  2.645E-03 
1.621E+05   6.499E+00  2.615E-03 
1.642E+05   6.437E+00  2.585E-03 
1.663E+05   6.376E+00  2.555E-03 
1.685E+05   6.315E+00  2.526E-03 
1.707E+05   6.255E+00  2.497E-03 
1.729E+05   6.195E+00  2.468E-03 
1.752E+05   6.136E+00  2.440E-03 
1.774E+05   6.078E+00  2.412E-03 
1.797E+05   6.020E+00  2.384E-03 
1.821E+05   5.963E+00  2.356E-03 
1.844E+05   5.906E+00  2.329E-03 
1.868E+05   5.850E+00  2.302E-03 
1.893E+05   5.794E+00  2.276E-03 
1.917E+05   5.739E+00  2.250E-03 
1.942E+05   5.685E+00  2.224E-03 
1.967E+05   5.631E+00  2.198E-03 
1.993E+05   5.577E+00  2.173E-03 
2.019E+05   5.524E+00  2.148E-03 
2.045E+05   5.472E+00  2.123E-03 
2.072E+05   5.420E+00  2.099E-03 
2.099E+05   5.369E+00  2.074E-03 
2.126E+05   5.318E+00  2.051E-03 
2.154E+05   5.268E+00  2.027E-03 
2.182E+05   5.218E+00  2.004E-03 
2.210E+05   5.168E+00  1.980E-03 
2.239E+05   5.119E+00  1.958E-03 
2.268E+05   5.071E+00  1.935E-03 
2.297E+05   5.023E+00  1.913E-03 
2.327E+05   4.976E+00  1.891E-03 
2.357E+05   4.929E+00  1.869E-03 
2.388E+05   4.882E+00  1.847E-03 
2.419E+05   4.836E+00  1.826E-03 
2.450E+05   4.791E+00  1.805E-03 
2.482E+05   4.746E+00  1.784E-03 
2.515E+05   4.701E+00  1.763E-03 
2.547E+05   4.657E+00  1.743E-03 
2.580E+05   4.613E+00  1.723E-03 
2.614E+05   4.570E+00  1.703E-03 
2.648E+05   4.527E+00  1.683E-03 
2.682E+05   4.485E+00  1.664E-03 
2.717E+05   4.443E+00  1.645E-03 
2.752E+05   4.401E+00  1.626E-03 
2.788E+05   4.360E+00  1.607E-03 
2.824E+05   4.319E+00  1.588E-03 
2.861E+05   4.279E+00  1.570E-03 
2.898E+05   4.239E+00  1.552E-03 
2.936E+05   4.200E+00  1.534E-03 
2.974E+05   4.161E+00  1.516E-03 
3.013E+05   4.122E+00  1.498E-03 
3.052E+05   4.084E+00  1.481E-03 
3.092E+05   4.046E+00  1.464E-03 
3.132E+05   4.008E+00  1.447E-03 
3.172E+05   3.971E+00  1.430E-03 
3.214E+05   3.935E+00  1.414E-03 
3.255E+05   3.898E+00  1.397E-03 
3.298E+05   3.862E+00  1.381E-03 
3.341E+05   3.827E+00  1.365E-03 
3.384E+05   3.792E+00  1.349E-03 
3.428E+05   3.757E+00  1.334E-03 
3.473E+05   3.722E+00  1.318E-03 
3.518E+05   3.688E+00  1.303E-03 
3.563E+05   3.654E+00  1.288E-03 
3.610E+05   3.621E+00  1.273E-03 
3.657E+05   3.588E+00  1.258E-03 
3.704E+05   3.555E+00  1.244E-03 
3.752E+05   3.523E+00  1.229E-03 
3.801E+05   3.491E+00  1.215E-03 
3.851E+05   3.459E+00  1.201E-03 
3.901E+05   3.428E+00  1.187E-03 
3.951E+05   3.397E+00  1.173E-03 
4.003E+05   3.366E+00  1.159E-03 
