Ion = Hydrogen    . Mass = 1.0079
Tgt = Ho (Solid). Density = 8.795 g/cm3
Stopping Units =  eV/(1E15 atoms/cm2)
Energy(keV)  S(Elec)    S(Nuc)
1.000E+00   5.668E+00  2.760E-01 
1.012E+00   5.701E+00  2.763E-01 
1.023E+00   5.734E+00  2.766E-01 
1.035E+00   5.767E+00  2.769E-01 
1.047E+00   5.801E+00  2.772E-01 
1.059E+00   5.834E+00  2.776E-01 
1.072E+00   5.868E+00  2.779E-01 
1.084E+00   5.902E+00  2.782E-01 
1.097E+00   5.936E+00  2.785E-01 
1.109E+00   5.970E+00  2.788E-01 
1.122E+00   6.005E+00  2.791E-01 
1.135E+00   6.040E+00  2.793E-01 
1.148E+00   6.074E+00  2.796E-01 
1.162E+00   6.110E+00  2.799E-01 
1.175E+00   6.145E+00  2.802E-01 
1.189E+00   6.180E+00  2.804E-01 
1.203E+00   6.216E+00  2.807E-01 
1.217E+00   6.252E+00  2.810E-01 
1.231E+00   6.288E+00  2.812E-01 
1.245E+00   6.325E+00  2.815E-01 
1.259E+00   6.361E+00  2.817E-01 
1.274E+00   6.398E+00  2.820E-01 
1.289E+00   6.435E+00  2.822E-01 
1.304E+00   6.472E+00  2.825E-01 
1.319E+00   6.510E+00  2.827E-01 
1.334E+00   6.547E+00  2.829E-01 
1.350E+00   6.585E+00  2.832E-01 
1.365E+00   6.623E+00  2.834E-01 
1.381E+00   6.662E+00  2.836E-01 
1.397E+00   6.700E+00  2.838E-01 
1.413E+00   6.739E+00  2.840E-01 
1.430E+00   6.778E+00  2.842E-01 
1.446E+00   6.817E+00  2.844E-01 
1.463E+00   6.856E+00  2.846E-01 
1.480E+00   6.896E+00  2.848E-01 
1.497E+00   6.936E+00  2.850E-01 
1.515E+00   6.976E+00  2.852E-01 
1.532E+00   7.016E+00  2.853E-01 
1.550E+00   7.057E+00  2.855E-01 
1.568E+00   7.098E+00  2.857E-01 
1.586E+00   7.139E+00  2.858E-01 
1.605E+00   7.180E+00  2.860E-01 
1.623E+00   7.222E+00  2.862E-01 
1.642E+00   7.263E+00  2.863E-01 
1.661E+00   7.305E+00  2.865E-01 
1.680E+00   7.348E+00  2.866E-01 
1.700E+00   7.390E+00  2.867E-01 
1.719E+00   7.433E+00  2.869E-01 
1.739E+00   7.476E+00  2.870E-01 
1.760E+00   7.519E+00  2.871E-01 
1.780E+00   7.563E+00  2.872E-01 
1.801E+00   7.606E+00  2.873E-01 
1.822E+00   7.650E+00  2.874E-01 
1.843E+00   7.695E+00  2.875E-01 
1.864E+00   7.739E+00  2.876E-01 
1.886E+00   7.784E+00  2.877E-01 
1.908E+00   7.829E+00  2.878E-01 
1.930E+00   7.874E+00  2.879E-01 
1.952E+00   7.920E+00  2.880E-01 
1.975E+00   7.965E+00  2.880E-01 
1.998E+00   8.011E+00  2.881E-01 
2.021E+00   8.058E+00  2.882E-01 
2.044E+00   8.103E+00  2.882E-01 
2.068E+00   8.149E+00  2.883E-01 
2.092E+00   8.195E+00  2.883E-01 
2.116E+00   8.241E+00  2.884E-01 
2.141E+00   8.287E+00  2.884E-01 
2.166E+00   8.334E+00  2.884E-01 
2.191E+00   8.381E+00  2.885E-01 
2.216E+00   8.429E+00  2.885E-01 
2.242E+00   8.476E+00  2.885E-01 
2.268E+00   8.524E+00  2.885E-01 
2.294E+00   8.572E+00  2.885E-01 
2.321E+00   8.621E+00  2.885E-01 
2.348E+00   8.669E+00  2.885E-01 
2.375E+00   8.718E+00  2.885E-01 
2.402E+00   8.768E+00  2.885E-01 
2.430E+00   8.817E+00  2.885E-01 
2.458E+00   8.867E+00  2.884E-01 
2.487E+00   8.917E+00  2.884E-01 
2.516E+00   8.968E+00  2.884E-01 
2.545E+00   9.018E+00  2.883E-01 
2.574E+00   9.069E+00  2.883E-01 
2.604E+00   9.121E+00  2.882E-01 
2.635E+00   9.172E+00  2.882E-01 
2.665E+00   9.224E+00  2.881E-01 
2.696E+00   9.276E+00  2.880E-01 
2.727E+00   9.329E+00  2.879E-01 
2.759E+00   9.382E+00  2.879E-01 
2.791E+00   9.435E+00  2.878E-01 
2.823E+00   9.488E+00  2.877E-01 
2.856E+00   9.542E+00  2.876E-01 
2.889E+00   9.596E+00  2.875E-01 
2.923E+00   9.650E+00  2.874E-01 
2.957E+00   9.705E+00  2.873E-01 
2.991E+00   9.760E+00  2.871E-01 
3.026E+00   9.815E+00  2.870E-01 
3.061E+00   9.871E+00  2.869E-01 
3.096E+00   9.927E+00  2.867E-01 
3.132E+00   9.983E+00  2.866E-01 
3.168E+00   1.004E+01  2.864E-01 
3.205E+00   1.010E+01  2.863E-01 
3.242E+00   1.015E+01  2.861E-01 
3.280E+00   1.021E+01  2.860E-01 
3.318E+00   1.027E+01  2.858E-01 
3.356E+00   1.033E+01  2.856E-01 
3.395E+00   1.039E+01  2.854E-01 
3.435E+00   1.044E+01  2.852E-01 
3.475E+00   1.050E+01  2.850E-01 
3.515E+00   1.056E+01  2.848E-01 
3.556E+00   1.062E+01  2.846E-01 
3.597E+00   1.068E+01  2.844E-01 
3.639E+00   1.074E+01  2.842E-01 
3.681E+00   1.081E+01  2.840E-01 
3.724E+00   1.087E+01  2.838E-01 
3.767E+00   1.093E+01  2.835E-01 
3.810E+00   1.099E+01  2.833E-01 
3.855E+00   1.105E+01  2.830E-01 
3.899E+00   1.112E+01  2.828E-01 
3.945E+00   1.118E+01  2.825E-01 
3.990E+00   1.124E+01  2.823E-01 
4.037E+00   1.131E+01  2.820E-01 
4.083E+00   1.137E+01  2.817E-01 
4.131E+00   1.143E+01  2.814E-01 
4.179E+00   1.150E+01  2.812E-01 
4.227E+00   1.156E+01  2.809E-01 
4.276E+00   1.163E+01  2.806E-01 
4.326E+00   1.170E+01  2.803E-01 
4.376E+00   1.176E+01  2.799E-01 
4.427E+00   1.183E+01  2.796E-01 
4.478E+00   1.190E+01  2.793E-01 
4.530E+00   1.196E+01  2.790E-01 
4.583E+00   1.203E+01  2.786E-01 
4.636E+00   1.210E+01  2.783E-01 
4.690E+00   1.217E+01  2.780E-01 
4.744E+00   1.224E+01  2.776E-01 
4.799E+00   1.231E+01  2.773E-01 
4.855E+00   1.238E+01  2.769E-01 
4.911E+00   1.245E+01  2.765E-01 
4.968E+00   1.252E+01  2.762E-01 
5.026E+00   1.259E+01  2.758E-01 
5.084E+00   1.266E+01  2.754E-01 
5.143E+00   1.273E+01  2.750E-01 
5.202E+00   1.280E+01  2.746E-01 
5.263E+00   1.288E+01  2.742E-01 
5.324E+00   1.295E+01  2.738E-01 
5.386E+00   1.302E+01  2.734E-01 
5.448E+00   1.310E+01  2.730E-01 
5.511E+00   1.317E+01  2.725E-01 
5.575E+00   1.325E+01  2.721E-01 
5.640E+00   1.332E+01  2.717E-01 
5.705E+00   1.340E+01  2.712E-01 
5.771E+00   1.347E+01  2.708E-01 
5.838E+00   1.355E+01  2.703E-01 
5.906E+00   1.362E+01  2.699E-01 
5.975E+00   1.370E+01  2.694E-01 
6.044E+00   1.378E+01  2.689E-01 
6.114E+00   1.386E+01  2.684E-01 
6.185E+00   1.394E+01  2.680E-01 
6.257E+00   1.401E+01  2.675E-01 
6.329E+00   1.409E+01  2.670E-01 
6.403E+00   1.417E+01  2.665E-01 
6.477E+00   1.425E+01  2.660E-01 
6.552E+00   1.433E+01  2.655E-01 
6.628E+00   1.441E+01  2.650E-01 
6.705E+00   1.450E+01  2.644E-01 
6.783E+00   1.458E+01  2.639E-01 
6.861E+00   1.466E+01  2.634E-01 
6.941E+00   1.474E+01  2.629E-01 
7.021E+00   1.483E+01  2.623E-01 
7.103E+00   1.491E+01  2.618E-01 
7.185E+00   1.499E+01  2.612E-01 
7.269E+00   1.508E+01  2.607E-01 
7.353E+00   1.516E+01  2.601E-01 
7.438E+00   1.525E+01  2.595E-01 
7.524E+00   1.533E+01  2.590E-01 
7.612E+00   1.542E+01  2.584E-01 
7.700E+00   1.551E+01  2.578E-01 
7.789E+00   1.559E+01  2.572E-01 
7.880E+00   1.568E+01  2.566E-01 
7.971E+00   1.577E+01  2.560E-01 
8.064E+00   1.586E+01  2.554E-01 
8.157E+00   1.595E+01  2.548E-01 
8.252E+00   1.604E+01  2.542E-01 
8.347E+00   1.613E+01  2.536E-01 
8.444E+00   1.622E+01  2.530E-01 
8.542E+00   1.631E+01  2.524E-01 
8.641E+00   1.640E+01  2.517E-01 
8.741E+00   1.649E+01  2.511E-01 
8.843E+00   1.658E+01  2.504E-01 
8.945E+00   1.668E+01  2.498E-01 
9.049E+00   1.677E+01  2.492E-01 
9.154E+00   1.686E+01  2.485E-01 
9.260E+00   1.696E+01  2.478E-01 
9.368E+00   1.705E+01  2.472E-01 
9.476E+00   1.715E+01  2.465E-01 
9.586E+00   1.724E+01  2.458E-01 
9.698E+00   1.734E+01  2.452E-01 
9.810E+00   1.744E+01  2.445E-01 
9.924E+00   1.753E+01  2.438E-01 
1.004E+01   1.763E+01  2.431E-01 
1.016E+01   1.773E+01  2.424E-01 
1.027E+01   1.783E+01  2.417E-01 
1.039E+01   1.793E+01  2.410E-01 
1.051E+01   1.803E+01  2.403E-01 
1.063E+01   1.813E+01  2.396E-01 
1.076E+01   1.823E+01  2.389E-01 
1.088E+01   1.833E+01  2.382E-01 
1.101E+01   1.843E+01  2.375E-01 
1.114E+01   1.853E+01  2.367E-01 
1.127E+01   1.863E+01  2.360E-01 
1.140E+01   1.874E+01  2.353E-01 
1.153E+01   1.884E+01  2.345E-01 
1.166E+01   1.894E+01  2.338E-01 
1.180E+01   1.905E+01  2.331E-01 
1.193E+01   1.915E+01  2.323E-01 
1.207E+01   1.926E+01  2.316E-01 
1.221E+01   1.936E+01  2.308E-01 
1.235E+01   1.947E+01  2.301E-01 
1.250E+01   1.958E+01  2.293E-01 
1.264E+01   1.968E+01  2.285E-01 
1.279E+01   1.979E+01  2.278E-01 
1.294E+01   1.990E+01  2.270E-01 
1.309E+01   2.001E+01  2.262E-01 
1.324E+01   2.012E+01  2.255E-01 
1.339E+01   2.023E+01  2.247E-01 
1.355E+01   2.034E+01  2.239E-01 
1.371E+01   2.045E+01  2.231E-01 
1.387E+01   2.056E+01  2.223E-01 
1.403E+01   2.067E+01  2.215E-01 
1.419E+01   2.078E+01  2.207E-01 
1.435E+01   2.089E+01  2.199E-01 
1.452E+01   2.101E+01  2.192E-01 
1.469E+01   2.112E+01  2.184E-01 
1.486E+01   2.123E+01  2.175E-01 
1.503E+01   2.135E+01  2.167E-01 
1.521E+01   2.146E+01  2.159E-01 
1.538E+01   2.158E+01  2.151E-01 
1.556E+01   2.169E+01  2.143E-01 
1.574E+01   2.181E+01  2.135E-01 
1.592E+01   2.193E+01  2.127E-01 
1.611E+01   2.204E+01  2.119E-01 
1.629E+01   2.216E+01  2.110E-01 
1.648E+01   2.228E+01  2.102E-01 
1.667E+01   2.240E+01  2.094E-01 
1.687E+01   2.251E+01  2.086E-01 
1.706E+01   2.263E+01  2.077E-01 
1.726E+01   2.275E+01  2.069E-01 
1.746E+01   2.287E+01  2.061E-01 
1.766E+01   2.299E+01  2.052E-01 
1.787E+01   2.311E+01  2.044E-01 
1.808E+01   2.323E+01  2.036E-01 
1.829E+01   2.336E+01  2.027E-01 
1.850E+01   2.348E+01  2.019E-01 
1.871E+01   2.360E+01  2.010E-01 
1.893E+01   2.372E+01  2.002E-01 
1.915E+01   2.385E+01  1.993E-01 
1.937E+01   2.397E+01  1.985E-01 
1.960E+01   2.409E+01  1.976E-01 
1.982E+01   2.422E+01  1.968E-01 
2.005E+01   2.434E+01  1.959E-01 
2.029E+01   2.447E+01  1.951E-01 
2.052E+01   2.459E+01  1.942E-01 
2.076E+01   2.472E+01  1.934E-01 
2.100E+01   2.484E+01  1.925E-01 
2.124E+01   2.497E+01  1.917E-01 
2.149E+01   2.510E+01  1.908E-01 
2.174E+01   2.522E+01  1.900E-01 
2.199E+01   2.535E+01  1.891E-01 
2.225E+01   2.548E+01  1.883E-01 
2.250E+01   2.561E+01  1.874E-01 
2.277E+01   2.573E+01  1.865E-01 
2.303E+01   2.586E+01  1.857E-01 
2.330E+01   2.599E+01  1.848E-01 
2.357E+01   2.612E+01  1.840E-01 
2.384E+01   2.625E+01  1.831E-01 
2.412E+01   2.638E+01  1.822E-01 
2.440E+01   2.651E+01  1.814E-01 
2.468E+01   2.664E+01  1.805E-01 
2.497E+01   2.677E+01  1.796E-01 
2.526E+01   2.690E+01  1.788E-01 
2.555E+01   2.703E+01  1.779E-01 
2.584E+01   2.716E+01  1.771E-01 
2.614E+01   2.729E+01  1.762E-01 
2.645E+01   2.742E+01  1.753E-01 
2.675E+01   2.755E+01  1.745E-01 
2.707E+01   2.768E+01  1.736E-01 
2.738E+01   2.781E+01  1.728E-01 
2.770E+01   2.794E+01  1.719E-01 
2.802E+01   2.807E+01  1.710E-01 
2.834E+01   2.820E+01  1.702E-01 
2.867E+01   2.834E+01  1.693E-01 
2.900E+01   2.847E+01  1.685E-01 
2.934E+01   2.860E+01  1.676E-01 
2.968E+01   2.873E+01  1.667E-01 
3.003E+01   2.886E+01  1.659E-01 
3.037E+01   2.899E+01  1.650E-01 
3.073E+01   2.912E+01  1.642E-01 
3.108E+01   2.925E+01  1.633E-01 
3.144E+01   2.938E+01  1.625E-01 
3.181E+01   2.952E+01  1.616E-01 
3.218E+01   2.965E+01  1.608E-01 
3.255E+01   2.978E+01  1.599E-01 
3.293E+01   2.991E+01  1.591E-01 
3.331E+01   3.004E+01  1.582E-01 
3.370E+01   3.017E+01  1.574E-01 
3.409E+01   3.030E+01  1.565E-01 
3.448E+01   3.043E+01  1.557E-01 
3.488E+01   3.056E+01  1.548E-01 
3.529E+01   3.068E+01  1.540E-01 
3.570E+01   3.081E+01  1.531E-01 
3.611E+01   3.094E+01  1.523E-01 
3.653E+01   3.107E+01  1.515E-01 
3.695E+01   3.120E+01  1.506E-01 
3.738E+01   3.132E+01  1.498E-01 
3.781E+01   3.145E+01  1.489E-01 
3.825E+01   3.158E+01  1.481E-01 
3.870E+01   3.170E+01  1.473E-01 
3.915E+01   3.183E+01  1.465E-01 
3.960E+01   3.195E+01  1.456E-01 
4.006E+01   3.208E+01  1.448E-01 
4.052E+01   3.220E+01  1.440E-01 
4.099E+01   3.232E+01  1.431E-01 
4.147E+01   3.245E+01  1.423E-01 
4.195E+01   3.257E+01  1.415E-01 
4.244E+01   3.269E+01  1.407E-01 
4.293E+01   3.281E+01  1.399E-01 
4.343E+01   3.293E+01  1.391E-01 
4.393E+01   3.305E+01  1.382E-01 
4.444E+01   3.317E+01  1.374E-01 
4.496E+01   3.328E+01  1.366E-01 
4.548E+01   3.340E+01  1.358E-01 
4.600E+01   3.352E+01  1.350E-01 
4.654E+01   3.363E+01  1.342E-01 
4.708E+01   3.375E+01  1.334E-01 
4.762E+01   3.386E+01  1.326E-01 
4.818E+01   3.397E+01  1.318E-01 
4.873E+01   3.408E+01  1.310E-01 
4.930E+01   3.419E+01  1.302E-01 
4.987E+01   3.430E+01  1.294E-01 
5.045E+01   3.441E+01  1.287E-01 
5.104E+01   3.452E+01  1.279E-01 
5.163E+01   3.462E+01  1.271E-01 
5.223E+01   3.472E+01  1.263E-01 
5.283E+01   3.483E+01  1.255E-01 
5.344E+01   3.493E+01  1.248E-01 
5.406E+01   3.503E+01  1.240E-01 
5.469E+01   3.513E+01  1.232E-01 
5.533E+01   3.523E+01  1.225E-01 
5.597E+01   3.532E+01  1.217E-01 
5.662E+01   3.542E+01  1.209E-01 
5.727E+01   3.551E+01  1.202E-01 
5.794E+01   3.560E+01  1.194E-01 
5.861E+01   3.570E+01  1.187E-01 
5.929E+01   3.578E+01  1.179E-01 
5.998E+01   3.587E+01  1.172E-01 
6.067E+01   3.596E+01  1.164E-01 
6.138E+01   3.604E+01  1.157E-01 
6.209E+01   3.612E+01  1.149E-01 
6.281E+01   3.621E+01  1.142E-01 
6.354E+01   3.629E+01  1.134E-01 
6.427E+01   3.636E+01  1.127E-01 
6.502E+01   3.644E+01  1.120E-01 
6.577E+01   3.651E+01  1.113E-01 
6.654E+01   3.659E+01  1.105E-01 
6.731E+01   3.666E+01  1.098E-01 
6.809E+01   3.672E+01  1.091E-01 
6.888E+01   3.679E+01  1.084E-01 
6.968E+01   3.686E+01  1.077E-01 
7.049E+01   3.692E+01  1.069E-01 
7.130E+01   3.698E+01  1.062E-01 
7.213E+01   3.704E+01  1.055E-01 
7.297E+01   3.710E+01  1.048E-01 
7.381E+01   3.715E+01  1.041E-01 
7.467E+01   3.720E+01  1.034E-01 
7.554E+01   3.725E+01  1.027E-01 
7.641E+01   3.730E+01  1.020E-01 
7.730E+01   3.735E+01  1.014E-01 
7.820E+01   3.739E+01  1.007E-01 
7.910E+01   3.744E+01  9.999E-02 
8.002E+01   3.748E+01  9.932E-02 
8.095E+01   3.752E+01  9.864E-02 
8.189E+01   3.755E+01  9.797E-02 
8.284E+01   3.758E+01  9.730E-02 
8.380E+01   3.762E+01  9.663E-02 
8.477E+01   3.765E+01  9.597E-02 
8.575E+01   3.767E+01  9.531E-02 
8.675E+01   3.770E+01  9.465E-02 
8.775E+01   3.772E+01  9.400E-02 
8.877E+01   3.774E+01  9.334E-02 
8.980E+01   3.776E+01  9.270E-02 
9.084E+01   3.778E+01  9.205E-02 
9.190E+01   3.779E+01  9.141E-02 
9.296E+01   3.780E+01  9.077E-02 
9.404E+01   3.781E+01  9.013E-02 
9.513E+01   3.782E+01  8.950E-02 
9.624E+01   3.782E+01  8.887E-02 
9.735E+01   3.782E+01  8.824E-02 
9.848E+01   3.782E+01  8.762E-02 
9.962E+01   3.782E+01  8.700E-02 
1.008E+02   3.782E+01  8.638E-02 
1.019E+02   3.781E+01  8.577E-02 
1.031E+02   3.780E+01  8.516E-02 
1.043E+02   3.779E+01  8.455E-02 
1.055E+02   3.778E+01  8.394E-02 
1.068E+02   3.777E+01  8.334E-02 
1.080E+02   3.775E+01  8.274E-02 
1.093E+02   3.773E+01  8.215E-02 
1.105E+02   3.771E+01  8.155E-02 
1.118E+02   3.768E+01  8.096E-02 
1.131E+02   3.766E+01  8.038E-02 
1.144E+02   3.763E+01  7.979E-02 
1.157E+02   3.760E+01  7.921E-02 
1.171E+02   3.757E+01  7.864E-02 
1.184E+02   3.754E+01  7.806E-02 
1.198E+02   3.750E+01  7.749E-02 
1.212E+02   3.746E+01  7.692E-02 
1.226E+02   3.742E+01  7.636E-02 
1.240E+02   3.738E+01  7.580E-02 
1.255E+02   3.734E+01  7.524E-02 
1.269E+02   3.729E+01  7.468E-02 
1.284E+02   3.725E+01  7.413E-02 
1.299E+02   3.720E+01  7.358E-02 
1.314E+02   3.715E+01  7.304E-02 
1.329E+02   3.709E+01  7.249E-02 
1.345E+02   3.704E+01  7.195E-02 
1.360E+02   3.698E+01  7.142E-02 
1.376E+02   3.693E+01  7.088E-02 
1.392E+02   3.687E+01  7.035E-02 
1.408E+02   3.681E+01  6.982E-02 
1.424E+02   3.675E+01  6.930E-02 
1.441E+02   3.668E+01  6.878E-02 
1.458E+02   3.662E+01  6.826E-02 
1.475E+02   3.655E+01  6.774E-02 
1.492E+02   3.648E+01  6.723E-02 
1.509E+02   3.642E+01  6.672E-02 
1.526E+02   3.634E+01  6.621E-02 
1.544E+02   3.627E+01  6.571E-02 
1.562E+02   3.620E+01  6.521E-02 
1.580E+02   3.613E+01  6.471E-02 
1.598E+02   3.605E+01  6.422E-02 
1.617E+02   3.597E+01  6.373E-02 
1.636E+02   3.590E+01  6.324E-02 
1.655E+02   3.582E+01  6.275E-02 
1.674E+02   3.574E+01  6.227E-02 
1.693E+02   3.566E+01  6.179E-02 
1.713E+02   3.557E+01  6.131E-02 
1.733E+02   3.549E+01  6.084E-02 
1.753E+02   3.541E+01  6.037E-02 
1.773E+02   3.532E+01  5.990E-02 
1.794E+02   3.524E+01  5.944E-02 
1.815E+02   3.515E+01  5.898E-02 
1.836E+02   3.506E+01  5.852E-02 
1.857E+02   3.498E+01  5.806E-02 
1.879E+02   3.489E+01  5.761E-02 
1.900E+02   3.480E+01  5.716E-02 
1.922E+02   3.471E+01  5.671E-02 
1.945E+02   3.462E+01  5.626E-02 
1.967E+02   3.453E+01  5.582E-02 
1.990E+02   3.443E+01  5.538E-02 
2.013E+02   3.434E+01  5.495E-02 
2.036E+02   3.425E+01  5.451E-02 
2.060E+02   3.415E+01  5.408E-02 
2.084E+02   3.406E+01  5.366E-02 
2.108E+02   3.396E+01  5.323E-02 
2.133E+02   3.387E+01  5.281E-02 
2.157E+02   3.377E+01  5.239E-02 
2.182E+02   3.368E+01  5.197E-02 
2.208E+02   3.358E+01  5.156E-02 
2.233E+02   3.348E+01  5.115E-02 
2.259E+02   3.338E+01  5.373E-02 
2.285E+02   3.329E+01  5.330E-02 
2.312E+02   3.319E+01  5.286E-02 
2.339E+02   3.309E+01  5.243E-02 
2.366E+02   3.299E+01  5.201E-02 
2.393E+02   3.289E+01  5.158E-02 
2.421E+02   3.279E+01  5.116E-02 
2.449E+02   3.269E+01  5.074E-02 
2.478E+02   3.259E+01  5.033E-02 
2.506E+02   3.249E+01  4.991E-02 
2.535E+02   3.239E+01  4.950E-02 
2.565E+02   3.229E+01  4.910E-02 
2.595E+02   3.219E+01  4.869E-02 
2.625E+02   3.209E+01  4.829E-02 
2.655E+02   3.198E+01  4.789E-02 
2.686E+02   3.188E+01  4.749E-02 
2.717E+02   3.178E+01  4.710E-02 
2.749E+02   3.168E+01  4.671E-02 
2.780E+02   3.158E+01  4.632E-02 
2.813E+02   3.147E+01  4.594E-02 
2.845E+02   3.137E+01  4.556E-02 
2.878E+02   3.127E+01  4.518E-02 
2.912E+02   3.116E+01  4.480E-02 
2.945E+02   3.106E+01  4.443E-02 
2.980E+02   3.096E+01  4.406E-02 
3.014E+02   3.085E+01  4.369E-02 
3.049E+02   3.075E+01  4.332E-02 
3.085E+02   3.065E+01  4.296E-02 
3.120E+02   3.054E+01  4.260E-02 
3.156E+02   3.044E+01  4.224E-02 
3.193E+02   3.033E+01  4.188E-02 
3.230E+02   3.023E+01  4.153E-02 
3.268E+02   3.013E+01  4.118E-02 
3.306E+02   3.002E+01  4.083E-02 
3.344E+02   2.992E+01  4.049E-02 
3.383E+02   2.981E+01  4.014E-02 
3.422E+02   2.971E+01  3.980E-02 
3.462E+02   2.960E+01  3.947E-02 
3.502E+02   2.950E+01  3.913E-02 
3.542E+02   2.939E+01  3.880E-02 
3.583E+02   2.929E+01  3.847E-02 
3.625E+02   2.918E+01  3.814E-02 
3.667E+02   2.908E+01  3.782E-02 
3.710E+02   2.897E+01  3.749E-02 
3.753E+02   2.887E+01  3.717E-02 
3.796E+02   2.876E+01  3.686E-02 
3.840E+02   2.865E+01  3.654E-02 
3.885E+02   2.855E+01  3.623E-02 
3.930E+02   2.844E+01  3.592E-02 
3.975E+02   2.834E+01  3.561E-02 
4.021E+02   2.823E+01  3.530E-02 
4.068E+02   2.812E+01  3.500E-02 
4.115E+02   2.802E+01  3.470E-02 
4.163E+02   2.791E+01  3.440E-02 
4.211E+02   2.780E+01  3.410E-02 
4.260E+02   2.770E+01  3.381E-02 
4.310E+02   2.759E+01  3.352E-02 
4.360E+02   2.749E+01  3.323E-02 
4.410E+02   2.738E+01  3.294E-02 
4.461E+02   2.727E+01  3.265E-02 
4.513E+02   2.716E+01  3.237E-02 
4.565E+02   2.706E+01  3.209E-02 
4.618E+02   2.695E+01  3.181E-02 
4.672E+02   2.684E+01  3.153E-02 
4.726E+02   2.674E+01  3.126E-02 
4.781E+02   2.663E+01  3.099E-02 
4.836E+02   2.652E+01  3.072E-02 
4.892E+02   2.641E+01  3.045E-02 
4.949E+02   2.631E+01  3.018E-02 
5.007E+02   2.620E+01  2.992E-02 
5.065E+02   2.609E+01  2.966E-02 
5.123E+02   2.598E+01  2.940E-02 
5.183E+02   2.588E+01  2.914E-02 
5.243E+02   2.577E+01  2.888E-02 
5.304E+02   2.566E+01  2.863E-02 
5.365E+02   2.555E+01  2.838E-02 
5.428E+02   2.545E+01  2.813E-02 
5.490E+02   2.534E+01  2.788E-02 
5.554E+02   2.523E+01  2.763E-02 
5.619E+02   2.512E+01  2.739E-02 
5.684E+02   2.501E+01  2.715E-02 
5.750E+02   2.491E+01  2.691E-02 
5.816E+02   2.480E+01  2.667E-02 
5.884E+02   2.469E+01  2.644E-02 
5.952E+02   2.458E+01  2.620E-02 
6.021E+02   2.447E+01  2.597E-02 
6.091E+02   2.437E+01  2.574E-02 
6.162E+02   2.426E+01  2.551E-02 
6.233E+02   2.415E+01  2.529E-02 
6.305E+02   2.404E+01  2.506E-02 
6.378E+02   2.393E+01  2.484E-02 
6.452E+02   2.382E+01  2.462E-02 
6.527E+02   2.372E+01  2.440E-02 
6.603E+02   2.361E+01  2.418E-02 
6.680E+02   2.350E+01  2.396E-02 
6.757E+02   2.339E+01  2.375E-02 
6.835E+02   2.328E+01  2.354E-02 
6.915E+02   2.318E+01  2.333E-02 
6.995E+02   2.307E+01  2.312E-02 
7.076E+02   2.296E+01  2.291E-02 
7.158E+02   2.285E+01  2.271E-02 
7.241E+02   2.274E+01  2.250E-02 
7.325E+02   2.264E+01  2.230E-02 
7.410E+02   2.253E+01  2.210E-02 
7.496E+02   2.242E+01  2.190E-02 
7.583E+02   2.231E+01  2.171E-02 
7.671E+02   2.220E+01  2.151E-02 
7.760E+02   2.210E+01  2.132E-02 
7.850E+02   2.199E+01  2.113E-02 
7.941E+02   2.188E+01  2.093E-02 
8.033E+02   2.178E+01  2.075E-02 
8.126E+02   2.167E+01  2.056E-02 
8.221E+02   2.156E+01  2.037E-02 
8.316E+02   2.145E+01  2.019E-02 
8.412E+02   2.135E+01  2.001E-02 
8.510E+02   2.124E+01  1.983E-02 
8.609E+02   2.113E+01  1.965E-02 
8.709E+02   2.103E+01  1.947E-02 
8.810E+02   2.092E+01  1.929E-02 
8.912E+02   2.081E+01  1.912E-02 
9.015E+02   2.071E+01  1.894E-02 
9.120E+02   2.060E+01  1.877E-02 
9.225E+02   2.050E+01  1.860E-02 
9.332E+02   2.039E+01  1.843E-02 
9.441E+02   2.028E+01  1.826E-02 
9.550E+02   2.018E+01  1.810E-02 
9.661E+02   2.007E+01  1.793E-02 
9.773E+02   1.997E+01  1.777E-02 
9.886E+02   1.986E+01  1.761E-02 
1.000E+03   1.976E+01  1.745E-02 
1.012E+03   1.966E+01  1.729E-02 
1.023E+03   1.956E+01  1.713E-02 
1.035E+03   1.947E+01  1.697E-02 
1.047E+03   1.937E+01  1.682E-02 
1.059E+03   1.928E+01  1.666E-02 
1.072E+03   1.918E+01  1.651E-02 
1.084E+03   1.908E+01  1.636E-02 
1.097E+03   1.898E+01  1.621E-02 
1.109E+03   1.888E+01  1.606E-02 
1.122E+03   1.878E+01  1.591E-02 
1.135E+03   1.868E+01  1.577E-02 
1.149E+03   1.857E+01  1.562E-02 
1.162E+03   1.847E+01  1.548E-02 
1.175E+03   1.836E+01  1.533E-02 
1.189E+03   1.825E+01  1.519E-02 
1.203E+03   1.814E+01  1.505E-02 
1.217E+03   1.804E+01  1.491E-02 
1.231E+03   1.794E+01  1.478E-02 
1.245E+03   1.785E+01  1.464E-02 
1.260E+03   1.775E+01  1.451E-02 
1.274E+03   1.765E+01  1.437E-02 
1.289E+03   1.756E+01  1.424E-02 
1.304E+03   1.746E+01  1.411E-02 
1.319E+03   1.737E+01  1.398E-02 
1.334E+03   1.727E+01  1.385E-02 
1.350E+03   1.718E+01  1.372E-02 
1.365E+03   1.708E+01  1.359E-02 
1.381E+03   1.699E+01  1.347E-02 
1.397E+03   1.689E+01  1.334E-02 
1.414E+03   1.680E+01  1.322E-02 
1.430E+03   1.671E+01  1.309E-02 
1.446E+03   1.661E+01  1.297E-02 
1.463E+03   1.652E+01  1.285E-02 
1.480E+03   1.643E+01  1.273E-02 
1.497E+03   1.634E+01  1.261E-02 
1.515E+03   1.625E+01  1.250E-02 
1.532E+03   1.615E+01  1.238E-02 
1.550E+03   1.606E+01  1.226E-02 
1.568E+03   1.597E+01  1.215E-02 
1.586E+03   1.588E+01  1.204E-02 
1.605E+03   1.579E+01  1.192E-02 
1.623E+03   1.570E+01  1.181E-02 
1.642E+03   1.561E+01  1.170E-02 
1.661E+03   1.552E+01  1.159E-02 
1.680E+03   1.543E+01  1.148E-02 
1.700E+03   1.534E+01  1.138E-02 
1.720E+03   1.525E+01  1.127E-02 
1.740E+03   1.517E+01  1.116E-02 
1.760E+03   1.508E+01  1.106E-02 
1.780E+03   1.499E+01  1.096E-02 
1.801E+03   1.490E+01  1.085E-02 
1.822E+03   1.481E+01  1.075E-02 
1.843E+03   1.473E+01  1.065E-02 
1.864E+03   1.464E+01  1.055E-02 
1.886E+03   1.455E+01  1.045E-02 
1.908E+03   1.447E+01  1.035E-02 
1.930E+03   1.438E+01  1.026E-02 
1.952E+03   1.430E+01  1.016E-02 
1.975E+03   1.421E+01  1.006E-02 
1.998E+03   1.413E+01  9.969E-03 
2.021E+03   1.404E+01  9.875E-03 
2.044E+03   1.396E+01  9.782E-03 
2.068E+03   1.387E+01  9.690E-03 
2.092E+03   1.379E+01  9.598E-03 
2.116E+03   1.371E+01  9.508E-03 
2.141E+03   1.362E+01  9.418E-03 
2.166E+03   1.354E+01  9.329E-03 
2.191E+03   1.346E+01  9.241E-03 
2.216E+03   1.337E+01  9.153E-03 
2.242E+03   1.329E+01  9.067E-03 
2.268E+03   1.321E+01  8.981E-03 
2.294E+03   1.313E+01  8.896E-03 
2.321E+03   1.305E+01  8.812E-03 
2.348E+03   1.297E+01  8.728E-03 
2.375E+03   1.289E+01  8.645E-03 
2.403E+03   1.281E+01  8.563E-03 
2.431E+03   1.273E+01  8.482E-03 
2.459E+03   1.265E+01  8.402E-03 
2.487E+03   1.257E+01  8.322E-03 
2.516E+03   1.249E+01  8.243E-03 
2.545E+03   1.241E+01  8.164E-03 
2.575E+03   1.233E+01  8.087E-03 
2.605E+03   1.225E+01  8.010E-03 
2.635E+03   1.218E+01  7.934E-03 
2.665E+03   1.210E+01  7.858E-03 
2.696E+03   1.202E+01  7.783E-03 
2.728E+03   1.194E+01  7.709E-03 
2.759E+03   1.187E+01  7.636E-03 
2.791E+03   1.179E+01  7.563E-03 
2.824E+03   1.172E+01  7.491E-03 
2.856E+03   1.164E+01  7.419E-03 
2.889E+03   1.156E+01  7.348E-03 
2.923E+03   1.149E+01  7.278E-03 
2.957E+03   1.142E+01  7.209E-03 
2.991E+03   1.134E+01  7.140E-03 
3.026E+03   1.127E+01  7.071E-03 
3.061E+03   1.119E+01  7.004E-03 
3.097E+03   1.112E+01  6.937E-03 
3.132E+03   1.105E+01  6.870E-03 
3.169E+03   1.097E+01  6.805E-03 
3.206E+03   1.090E+01  6.739E-03 
3.243E+03   1.083E+01  6.675E-03 
3.280E+03   1.076E+01  6.611E-03 
3.318E+03   1.069E+01  6.547E-03 
3.357E+03   1.062E+01  6.485E-03 
3.396E+03   1.055E+01  6.422E-03 
3.435E+03   1.048E+01  6.361E-03 
3.475E+03   1.041E+01  6.300E-03 
3.515E+03   1.034E+01  6.239E-03 
3.556E+03   1.027E+01  6.179E-03 
3.597E+03   1.020E+01  6.120E-03 
3.639E+03   1.013E+01  6.061E-03 
3.681E+03   1.006E+01  6.003E-03 
3.724E+03   9.993E+00  5.945E-03 
3.767E+03   9.925E+00  5.888E-03 
3.811E+03   9.858E+00  5.831E-03 
3.855E+03   9.791E+00  5.775E-03 
3.900E+03   9.724E+00  5.719E-03 
3.945E+03   9.658E+00  5.664E-03 
3.991E+03   9.592E+00  5.609E-03 
4.037E+03   9.526E+00  5.555E-03 
4.084E+03   9.461E+00  5.501E-03 
4.131E+03   9.396E+00  5.448E-03 
4.179E+03   9.331E+00  5.396E-03 
4.228E+03   9.267E+00  5.344E-03 
4.277E+03   9.203E+00  5.292E-03 
4.326E+03   9.139E+00  5.241E-03 
4.376E+03   9.076E+00  5.190E-03 
4.427E+03   9.013E+00  5.140E-03 
4.479E+03   8.950E+00  5.090E-03 
4.531E+03   8.888E+00  5.041E-03 
4.583E+03   8.826E+00  4.992E-03 
4.636E+03   8.764E+00  4.944E-03 
4.690E+03   8.702E+00  4.896E-03 
4.744E+03   8.641E+00  4.848E-03 
4.799E+03   8.581E+00  4.801E-03 
4.855E+03   8.520E+00  4.755E-03 
4.911E+03   8.460E+00  4.709E-03 
4.968E+03   8.400E+00  4.663E-03 
5.026E+03   8.341E+00  4.618E-03 
5.084E+03   8.282E+00  4.573E-03 
5.143E+03   8.223E+00  4.528E-03 
5.203E+03   8.164E+00  4.484E-03 
5.263E+03   8.106E+00  4.441E-03 
5.324E+03   8.048E+00  4.397E-03 
5.386E+03   7.991E+00  4.355E-03 
5.449E+03   7.934E+00  4.312E-03 
5.512E+03   7.877E+00  4.270E-03 
5.576E+03   7.820E+00  4.229E-03 
5.640E+03   7.764E+00  4.188E-03 
5.706E+03   7.708E+00  4.147E-03 
5.772E+03   7.652E+00  4.106E-03 
5.839E+03   7.597E+00  4.066E-03 
5.907E+03   7.542E+00  4.027E-03 
5.975E+03   7.487E+00  3.987E-03 
6.045E+03   7.433E+00  3.948E-03 
6.115E+03   7.379E+00  3.910E-03 
6.186E+03   7.325E+00  3.872E-03 
6.257E+03   7.272E+00  3.834E-03 
6.330E+03   7.219E+00  3.796E-03 
6.403E+03   7.166E+00  3.759E-03 
6.478E+03   7.114E+00  3.723E-03 
6.553E+03   7.061E+00  3.686E-03 
6.629E+03   7.010E+00  3.650E-03 
6.706E+03   6.958E+00  3.614E-03 
6.783E+03   6.907E+00  3.579E-03 
6.862E+03   6.856E+00  3.544E-03 
6.942E+03   6.805E+00  3.509E-03 
7.022E+03   6.755E+00  3.475E-03 
7.104E+03   6.705E+00  3.441E-03 
7.186E+03   6.655E+00  3.407E-03 
7.269E+03   6.606E+00  3.374E-03 
7.354E+03   6.556E+00  3.341E-03 
7.439E+03   6.508E+00  3.308E-03 
7.525E+03   6.459E+00  3.275E-03 
7.613E+03   6.411E+00  3.243E-03 
7.701E+03   6.363E+00  3.211E-03 
7.790E+03   6.315E+00  3.180E-03 
7.881E+03   6.268E+00  3.149E-03 
7.972E+03   6.221E+00  3.118E-03 
8.064E+03   6.174E+00  3.087E-03 
8.158E+03   6.128E+00  3.057E-03 
8.253E+03   6.082E+00  3.027E-03 
8.348E+03   6.036E+00  2.997E-03 
8.445E+03   5.990E+00  2.967E-03 
8.543E+03   5.945E+00  2.938E-03 
8.642E+03   5.900E+00  2.909E-03 
8.742E+03   5.855E+00  2.881E-03 
8.844E+03   5.810E+00  2.852E-03 
8.946E+03   5.766E+00  2.824E-03 
9.050E+03   5.722E+00  2.796E-03 
9.155E+03   5.679E+00  2.769E-03 
9.261E+03   5.635E+00  2.741E-03 
9.369E+03   5.592E+00  2.714E-03 
9.477E+03   5.550E+00  2.688E-03 
9.587E+03   5.507E+00  2.661E-03 
9.699E+03   5.465E+00  2.635E-03 
9.811E+03   5.423E+00  2.609E-03 
9.925E+03   5.381E+00  2.583E-03 
1.004E+04   5.340E+00  2.557E-03 
1.016E+04   5.299E+00  2.532E-03 
1.027E+04   5.258E+00  2.507E-03 
1.039E+04   5.217E+00  2.482E-03 
1.051E+04   5.177E+00  2.458E-03 
1.064E+04   5.137E+00  2.434E-03 
1.076E+04   5.097E+00  2.409E-03 
1.088E+04   5.058E+00  2.386E-03 
1.101E+04   5.018E+00  2.362E-03 
1.114E+04   4.979E+00  2.339E-03 
1.127E+04   4.941E+00  2.315E-03 
1.140E+04   4.902E+00  2.292E-03 
1.153E+04   4.864E+00  2.270E-03 
1.166E+04   4.826E+00  2.247E-03 
1.180E+04   4.788E+00  2.225E-03 
1.194E+04   4.751E+00  2.203E-03 
1.207E+04   4.714E+00  2.181E-03 
1.221E+04   4.677E+00  2.159E-03 
1.236E+04   4.640E+00  2.138E-03 
1.250E+04   4.604E+00  2.117E-03 
1.264E+04   4.567E+00  2.096E-03 
1.279E+04   4.531E+00  2.075E-03 
1.294E+04   4.496E+00  2.054E-03 
1.309E+04   4.460E+00  2.034E-03 
1.324E+04   4.425E+00  2.014E-03 
1.340E+04   4.390E+00  1.994E-03 
1.355E+04   4.355E+00  1.974E-03 
1.371E+04   4.321E+00  1.954E-03 
1.387E+04   4.287E+00  1.935E-03 
1.403E+04   4.253E+00  1.916E-03 
1.419E+04   4.219E+00  1.896E-03 
1.435E+04   4.185E+00  1.878E-03 
1.452E+04   4.152E+00  1.859E-03 
1.469E+04   4.119E+00  1.840E-03 
1.486E+04   4.086E+00  1.822E-03 
1.503E+04   4.054E+00  1.804E-03 
1.521E+04   4.021E+00  1.786E-03 
1.538E+04   3.989E+00  1.768E-03 
1.556E+04   3.957E+00  1.750E-03 
1.574E+04   3.926E+00  1.733E-03 
1.592E+04   3.894E+00  1.716E-03 
1.611E+04   3.863E+00  1.699E-03 
1.630E+04   3.832E+00  1.682E-03 
1.649E+04   3.801E+00  1.665E-03 
1.668E+04   3.771E+00  1.648E-03 
1.687E+04   3.741E+00  1.632E-03 
1.707E+04   3.710E+00  1.616E-03 
1.726E+04   3.681E+00  1.599E-03 
1.746E+04   3.651E+00  1.583E-03 
1.767E+04   3.621E+00  1.568E-03 
1.787E+04   3.592E+00  1.552E-03 
1.808E+04   3.563E+00  1.536E-03 
1.829E+04   3.534E+00  1.521E-03 
1.850E+04   3.506E+00  1.506E-03 
1.871E+04   3.477E+00  1.491E-03 
1.893E+04   3.449E+00  1.476E-03 
1.915E+04   3.421E+00  1.461E-03 
1.937E+04   3.394E+00  1.446E-03 
1.960E+04   3.366E+00  1.432E-03 
1.983E+04   3.339E+00  1.418E-03 
2.006E+04   3.311E+00  1.403E-03 
2.029E+04   3.285E+00  1.389E-03 
2.052E+04   3.258E+00  1.375E-03 
2.076E+04   3.231E+00  1.362E-03 
2.100E+04   3.205E+00  1.348E-03 
2.125E+04   3.179E+00  1.334E-03 
2.149E+04   3.153E+00  1.321E-03 
2.174E+04   3.127E+00  1.308E-03 
2.199E+04   3.102E+00  1.295E-03 
2.225E+04   3.076E+00  1.282E-03 
2.251E+04   3.051E+00  1.269E-03 
2.277E+04   3.026E+00  1.256E-03 
2.303E+04   3.001E+00  1.243E-03 
2.330E+04   2.977E+00  1.231E-03 
2.357E+04   2.952E+00  1.219E-03 
2.384E+04   2.928E+00  1.206E-03 
2.412E+04   2.904E+00  1.194E-03 
2.440E+04   2.880E+00  1.182E-03 
2.468E+04   2.856E+00  1.170E-03 
2.497E+04   2.833E+00  1.159E-03 
2.526E+04   2.810E+00  1.147E-03 
2.555E+04   2.787E+00  1.135E-03 
2.585E+04   2.764E+00  1.124E-03 
2.615E+04   2.741E+00  1.113E-03 
2.645E+04   2.718E+00  1.101E-03 
2.676E+04   2.696E+00  1.090E-03 
2.707E+04   2.674E+00  1.079E-03 
2.738E+04   2.652E+00  1.068E-03 
2.770E+04   2.630E+00  1.058E-03 
2.802E+04   2.608E+00  1.047E-03 
2.835E+04   2.586E+00  1.036E-03 
2.867E+04   2.565E+00  1.026E-03 
2.901E+04   2.544E+00  1.016E-03 
2.934E+04   2.523E+00  1.005E-03 
2.968E+04   2.502E+00  9.953E-04 
3.003E+04   2.481E+00  9.853E-04 
3.038E+04   2.461E+00  9.753E-04 
3.073E+04   2.440E+00  9.655E-04 
3.109E+04   2.420E+00  9.557E-04 
3.145E+04   2.400E+00  9.461E-04 
3.181E+04   2.380E+00  9.365E-04 
3.218E+04   2.360E+00  9.271E-04 
3.255E+04   2.341E+00  9.177E-04 
3.293E+04   2.321E+00  9.084E-04 
3.331E+04   2.302E+00  8.992E-04 
3.370E+04   2.283E+00  8.902E-04 
3.409E+04   2.264E+00  8.812E-04 
3.449E+04   2.245E+00  8.722E-04 
3.489E+04   2.227E+00  8.634E-04 
3.529E+04   2.208E+00  8.547E-04 
3.570E+04   2.190E+00  8.460E-04 
3.611E+04   2.172E+00  8.375E-04 
3.653E+04   2.153E+00  8.290E-04 
3.696E+04   2.136E+00  8.206E-04 
3.738E+04   2.118E+00  8.123E-04 
3.782E+04   2.100E+00  8.041E-04 
3.826E+04   2.083E+00  7.959E-04 
3.870E+04   2.065E+00  7.879E-04 
3.915E+04   2.048E+00  7.799E-04 
3.960E+04   2.031E+00  7.720E-04 
4.006E+04   2.014E+00  7.642E-04 
4.053E+04   1.998E+00  7.564E-04 
4.100E+04   1.981E+00  7.487E-04 
4.147E+04   1.964E+00  7.412E-04 
4.195E+04   1.948E+00  7.336E-04 
4.244E+04   1.932E+00  7.262E-04 
4.293E+04   1.916E+00  7.188E-04 
4.343E+04   1.900E+00  7.115E-04 
4.394E+04   1.884E+00  7.043E-04 
4.444E+04   1.868E+00  6.972E-04 
4.496E+04   1.853E+00  6.901E-04 
4.548E+04   1.837E+00  6.831E-04 
4.601E+04   1.822E+00  6.761E-04 
4.654E+04   1.807E+00  6.693E-04 
4.708E+04   1.792E+00  6.625E-04 
4.763E+04   1.777E+00  6.557E-04 
4.818E+04   1.762E+00  6.491E-04 
4.874E+04   1.748E+00  6.425E-04 
4.931E+04   1.733E+00  6.359E-04 
4.988E+04   1.719E+00  6.295E-04 
5.046E+04   1.704E+00  6.231E-04 
5.104E+04   1.690E+00  6.167E-04 
5.163E+04   1.676E+00  6.105E-04 
5.223E+04   1.662E+00  6.042E-04 
5.284E+04   1.649E+00  5.981E-04 
5.345E+04   1.635E+00  5.920E-04 
5.407E+04   1.621E+00  5.860E-04 
5.470E+04   1.608E+00  5.800E-04 
5.533E+04   1.595E+00  5.741E-04 
5.597E+04   1.581E+00  5.683E-04 
5.662E+04   1.568E+00  5.625E-04 
5.728E+04   1.555E+00  5.567E-04 
5.794E+04   1.542E+00  5.511E-04 
5.862E+04   1.530E+00  5.454E-04 
5.930E+04   1.517E+00  5.399E-04 
5.998E+04   1.504E+00  5.344E-04 
6.068E+04   1.492E+00  5.289E-04 
6.138E+04   1.480E+00  5.235E-04 
6.210E+04   1.467E+00  5.182E-04 
6.282E+04   1.455E+00  5.129E-04 
6.354E+04   1.443E+00  5.077E-04 
6.428E+04   1.431E+00  5.025E-04 
6.503E+04   1.420E+00  4.974E-04 
6.578E+04   1.408E+00  4.923E-04 
6.654E+04   1.396E+00  4.873E-04 
6.732E+04   1.385E+00  4.823E-04 
6.810E+04   1.373E+00  4.774E-04 
6.889E+04   1.362E+00  4.725E-04 
6.969E+04   1.351E+00  4.677E-04 
7.049E+04   1.340E+00  4.629E-04 
7.131E+04   1.329E+00  4.582E-04 
7.214E+04   1.318E+00  4.535E-04 
7.298E+04   1.307E+00  4.488E-04 
7.382E+04   1.297E+00  4.442E-04 
7.468E+04   1.286E+00  4.397E-04 
7.555E+04   1.275E+00  4.352E-04 
7.642E+04   1.265E+00  4.308E-04 
7.731E+04   1.255E+00  4.263E-04 
7.820E+04   1.244E+00  4.220E-04 
7.911E+04   1.234E+00  4.177E-04 
8.003E+04   1.224E+00  4.134E-04 
8.096E+04   1.214E+00  4.092E-04 
8.190E+04   1.205E+00  4.050E-04 
8.285E+04   1.195E+00  4.008E-04 
8.381E+04   1.185E+00  3.967E-04 
8.478E+04   1.175E+00  3.927E-04 
8.576E+04   1.166E+00  3.886E-04 
8.676E+04   1.157E+00  3.847E-04 
8.776E+04   1.147E+00  3.807E-04 
8.878E+04   1.138E+00  3.768E-04 
8.981E+04   1.129E+00  3.729E-04 
9.085E+04   1.120E+00  3.691E-04 
9.191E+04   1.111E+00  3.653E-04 
9.297E+04   1.102E+00  3.616E-04 
9.405E+04   1.093E+00  3.579E-04 
9.514E+04   1.084E+00  3.542E-04 
9.625E+04   1.076E+00  3.506E-04 
9.736E+04   1.067E+00  3.470E-04 
9.849E+04   1.058E+00  3.434E-04 
9.963E+04   1.050E+00  3.399E-04 
1.008E+05   1.042E+00  3.364E-04 
