Ion = Hydrogen    . Mass = 1.0079
Tgt =  B (Solid). Density = 2.3502 g/cm3
Stopping Units =  eV/(1E15 atoms/cm2)
Energy(keV)  S(Elec)    S(Nuc)
1.000E+00   2.586E+00  3.967E-01 
1.012E+00   2.601E+00  3.948E-01 
1.023E+00   2.616E+00  3.929E-01 
1.035E+00   2.631E+00  3.911E-01 
1.047E+00   2.646E+00  3.892E-01 
1.059E+00   2.662E+00  3.873E-01 
1.072E+00   2.677E+00  3.854E-01 
1.084E+00   2.692E+00  3.836E-01 
1.097E+00   2.708E+00  3.817E-01 
1.109E+00   2.724E+00  3.798E-01 
1.122E+00   2.739E+00  3.780E-01 
1.135E+00   2.755E+00  3.761E-01 
1.148E+00   2.771E+00  3.742E-01 
1.162E+00   2.787E+00  3.723E-01 
1.175E+00   2.803E+00  3.705E-01 
1.189E+00   2.820E+00  3.686E-01 
1.203E+00   2.836E+00  3.667E-01 
1.217E+00   2.852E+00  3.649E-01 
1.231E+00   2.869E+00  3.630E-01 
1.245E+00   2.885E+00  3.611E-01 
1.259E+00   2.902E+00  3.593E-01 
1.274E+00   2.919E+00  3.574E-01 
1.289E+00   2.936E+00  3.556E-01 
1.304E+00   2.953E+00  3.537E-01 
1.319E+00   2.970E+00  3.518E-01 
1.334E+00   2.987E+00  3.500E-01 
1.350E+00   3.004E+00  3.481E-01 
1.365E+00   3.022E+00  3.463E-01 
1.381E+00   3.039E+00  3.444E-01 
1.397E+00   3.057E+00  3.426E-01 
1.413E+00   3.074E+00  3.407E-01 
1.430E+00   3.092E+00  3.389E-01 
1.446E+00   3.110E+00  3.370E-01 
1.463E+00   3.128E+00  3.352E-01 
1.480E+00   3.146E+00  3.334E-01 
1.497E+00   3.164E+00  3.315E-01 
1.515E+00   3.182E+00  3.297E-01 
1.532E+00   3.201E+00  3.279E-01 
1.550E+00   3.219E+00  3.261E-01 
1.568E+00   3.238E+00  3.242E-01 
1.586E+00   3.257E+00  3.224E-01 
1.605E+00   3.276E+00  3.206E-01 
1.623E+00   3.294E+00  3.188E-01 
1.642E+00   3.314E+00  3.170E-01 
1.661E+00   3.333E+00  3.152E-01 
1.680E+00   3.352E+00  3.134E-01 
1.700E+00   3.371E+00  3.116E-01 
1.719E+00   3.391E+00  3.098E-01 
1.739E+00   3.410E+00  3.080E-01 
1.760E+00   3.430E+00  3.062E-01 
1.780E+00   3.450E+00  3.044E-01 
1.801E+00   3.470E+00  3.027E-01 
1.822E+00   3.490E+00  3.009E-01 
1.843E+00   3.510E+00  2.991E-01 
1.864E+00   3.531E+00  2.973E-01 
1.886E+00   3.551E+00  2.956E-01 
1.908E+00   3.571E+00  2.938E-01 
1.930E+00   3.592E+00  2.921E-01 
1.952E+00   3.613E+00  2.903E-01 
1.975E+00   3.634E+00  2.886E-01 
1.998E+00   3.655E+00  2.869E-01 
2.021E+00   3.675E+00  2.851E-01 
2.044E+00   3.694E+00  2.834E-01 
2.068E+00   3.712E+00  2.817E-01 
2.092E+00   3.731E+00  2.800E-01 
2.116E+00   3.750E+00  2.782E-01 
2.141E+00   3.769E+00  2.765E-01 
2.166E+00   3.788E+00  2.748E-01 
2.191E+00   3.808E+00  2.731E-01 
2.216E+00   3.827E+00  2.714E-01 
2.242E+00   3.847E+00  2.698E-01 
2.268E+00   3.867E+00  2.681E-01 
2.294E+00   3.887E+00  2.664E-01 
2.321E+00   3.907E+00  2.647E-01 
2.348E+00   3.927E+00  2.631E-01 
2.375E+00   3.947E+00  2.614E-01 
2.402E+00   3.968E+00  2.598E-01 
2.430E+00   3.989E+00  2.581E-01 
2.458E+00   4.009E+00  2.565E-01 
2.487E+00   4.031E+00  2.548E-01 
2.516E+00   4.052E+00  2.532E-01 
2.545E+00   4.073E+00  2.516E-01 
2.574E+00   4.095E+00  2.500E-01 
2.604E+00   4.116E+00  2.483E-01 
2.635E+00   4.138E+00  2.467E-01 
2.665E+00   4.160E+00  2.451E-01 
2.696E+00   4.182E+00  2.435E-01 
2.727E+00   4.205E+00  2.419E-01 
2.759E+00   4.227E+00  2.404E-01 
2.791E+00   4.250E+00  2.388E-01 
2.823E+00   4.272E+00  2.372E-01 
2.856E+00   4.295E+00  2.357E-01 
2.889E+00   4.319E+00  2.341E-01 
2.923E+00   4.342E+00  2.325E-01 
2.957E+00   4.365E+00  2.310E-01 
2.991E+00   4.389E+00  2.295E-01 
3.026E+00   4.413E+00  2.279E-01 
3.061E+00   4.437E+00  2.264E-01 
3.096E+00   4.461E+00  2.249E-01 
3.132E+00   4.485E+00  2.234E-01 
3.168E+00   4.509E+00  2.219E-01 
3.205E+00   4.534E+00  2.204E-01 
3.242E+00   4.559E+00  2.189E-01 
3.280E+00   4.584E+00  2.174E-01 
3.318E+00   4.609E+00  2.159E-01 
3.356E+00   4.634E+00  2.144E-01 
3.395E+00   4.659E+00  2.130E-01 
3.435E+00   4.685E+00  2.115E-01 
3.475E+00   4.711E+00  2.100E-01 
3.515E+00   4.737E+00  2.086E-01 
3.556E+00   4.763E+00  2.071E-01 
3.597E+00   4.789E+00  2.057E-01 
3.639E+00   4.815E+00  2.043E-01 
3.681E+00   4.842E+00  2.029E-01 
3.724E+00   4.868E+00  2.015E-01 
3.767E+00   4.895E+00  2.000E-01 
3.810E+00   4.922E+00  1.986E-01 
3.855E+00   4.949E+00  1.972E-01 
3.899E+00   4.977E+00  1.959E-01 
3.945E+00   5.004E+00  1.945E-01 
3.990E+00   5.032E+00  1.931E-01 
4.037E+00   5.059E+00  1.917E-01 
4.083E+00   5.087E+00  1.904E-01 
4.131E+00   5.115E+00  1.890E-01 
4.179E+00   5.144E+00  1.877E-01 
4.227E+00   5.172E+00  1.863E-01 
4.276E+00   5.200E+00  1.850E-01 
4.326E+00   5.229E+00  1.837E-01 
4.376E+00   5.258E+00  1.824E-01 
4.427E+00   5.287E+00  1.810E-01 
4.478E+00   5.316E+00  1.797E-01 
4.530E+00   5.345E+00  1.784E-01 
4.583E+00   5.374E+00  1.772E-01 
4.636E+00   5.403E+00  1.759E-01 
4.690E+00   5.433E+00  1.746E-01 
4.744E+00   5.463E+00  1.733E-01 
4.799E+00   5.492E+00  1.721E-01 
4.855E+00   5.522E+00  1.708E-01 
4.911E+00   5.552E+00  1.695E-01 
4.968E+00   5.583E+00  1.683E-01 
5.026E+00   5.613E+00  1.671E-01 
5.084E+00   5.643E+00  1.658E-01 
5.143E+00   5.674E+00  1.646E-01 
5.202E+00   5.704E+00  1.634E-01 
5.263E+00   5.735E+00  1.622E-01 
5.324E+00   5.766E+00  1.610E-01 
5.386E+00   5.797E+00  1.598E-01 
5.448E+00   5.828E+00  1.586E-01 
5.511E+00   5.859E+00  1.574E-01 
5.575E+00   5.890E+00  1.562E-01 
5.640E+00   5.922E+00  1.551E-01 
5.705E+00   5.953E+00  1.539E-01 
5.771E+00   5.985E+00  1.527E-01 
5.838E+00   6.016E+00  1.516E-01 
5.906E+00   6.048E+00  1.504E-01 
5.975E+00   6.080E+00  1.493E-01 
6.044E+00   6.112E+00  1.482E-01 
6.114E+00   6.144E+00  1.471E-01 
6.185E+00   6.176E+00  1.459E-01 
6.257E+00   6.209E+00  1.448E-01 
6.329E+00   6.241E+00  1.437E-01 
6.403E+00   6.273E+00  1.426E-01 
6.477E+00   6.306E+00  1.415E-01 
6.552E+00   6.338E+00  1.405E-01 
6.628E+00   6.371E+00  1.394E-01 
6.705E+00   6.404E+00  1.383E-01 
6.783E+00   6.437E+00  1.372E-01 
6.861E+00   6.470E+00  1.362E-01 
6.941E+00   6.503E+00  1.351E-01 
7.021E+00   6.536E+00  1.341E-01 
7.103E+00   6.570E+00  1.331E-01 
7.185E+00   6.603E+00  1.320E-01 
7.269E+00   6.637E+00  1.310E-01 
7.353E+00   6.670E+00  1.300E-01 
7.438E+00   6.704E+00  1.290E-01 
7.524E+00   6.738E+00  1.280E-01 
7.612E+00   6.772E+00  1.270E-01 
7.700E+00   6.806E+00  1.260E-01 
7.789E+00   6.841E+00  1.250E-01 
7.880E+00   6.875E+00  1.240E-01 
7.971E+00   6.910E+00  1.230E-01 
8.064E+00   6.944E+00  1.221E-01 
8.157E+00   6.979E+00  1.211E-01 
8.252E+00   7.014E+00  1.201E-01 
8.347E+00   7.049E+00  1.192E-01 
8.444E+00   7.085E+00  1.183E-01 
8.542E+00   7.120E+00  1.173E-01 
8.641E+00   7.156E+00  1.164E-01 
8.741E+00   7.192E+00  1.155E-01 
8.843E+00   7.228E+00  1.145E-01 
8.945E+00   7.264E+00  1.136E-01 
9.049E+00   7.300E+00  1.127E-01 
9.154E+00   7.337E+00  1.118E-01 
9.260E+00   7.373E+00  1.109E-01 
9.368E+00   7.410E+00  1.100E-01 
9.476E+00   7.447E+00  1.092E-01 
9.586E+00   7.485E+00  1.083E-01 
9.698E+00   7.522E+00  1.074E-01 
9.810E+00   7.560E+00  1.065E-01 
9.924E+00   7.598E+00  1.057E-01 
1.004E+01   7.636E+00  1.048E-01 
1.016E+01   7.674E+00  1.040E-01 
1.027E+01   7.713E+00  1.031E-01 
1.039E+01   7.752E+00  1.023E-01 
1.051E+01   7.791E+00  1.015E-01 
1.063E+01   7.830E+00  1.007E-01 
1.076E+01   7.870E+00  9.983E-02 
1.088E+01   7.910E+00  9.902E-02 
1.101E+01   7.950E+00  9.821E-02 
1.114E+01   7.990E+00  9.741E-02 
1.127E+01   8.031E+00  9.661E-02 
1.140E+01   8.072E+00  9.582E-02 
1.153E+01   8.113E+00  9.504E-02 
1.166E+01   8.154E+00  9.426E-02 
1.180E+01   8.196E+00  9.348E-02 
1.193E+01   8.238E+00  9.271E-02 
1.207E+01   8.280E+00  9.195E-02 
1.221E+01   8.322E+00  9.119E-02 
1.235E+01   8.365E+00  8.348E-02 
1.250E+01   8.408E+00  8.281E-02 
1.264E+01   8.451E+00  8.213E-02 
1.279E+01   8.495E+00  8.146E-02 
1.294E+01   8.539E+00  8.080E-02 
1.309E+01   8.583E+00  8.014E-02 
1.324E+01   8.627E+00  7.949E-02 
1.339E+01   8.672E+00  7.884E-02 
1.355E+01   8.717E+00  7.819E-02 
1.371E+01   8.762E+00  7.755E-02 
1.387E+01   8.807E+00  7.691E-02 
1.403E+01   8.853E+00  7.628E-02 
1.419E+01   8.899E+00  7.565E-02 
1.435E+01   8.945E+00  7.503E-02 
1.452E+01   8.991E+00  7.441E-02 
1.469E+01   9.038E+00  7.379E-02 
1.486E+01   9.085E+00  7.318E-02 
1.503E+01   9.132E+00  7.257E-02 
1.521E+01   9.179E+00  7.197E-02 
1.538E+01   9.227E+00  7.137E-02 
1.556E+01   9.275E+00  7.078E-02 
1.574E+01   9.323E+00  7.019E-02 
1.592E+01   9.371E+00  6.961E-02 
1.611E+01   9.420E+00  6.902E-02 
1.629E+01   9.468E+00  6.845E-02 
1.648E+01   9.517E+00  6.787E-02 
1.667E+01   9.566E+00  6.731E-02 
1.687E+01   9.616E+00  6.674E-02 
1.706E+01   9.665E+00  6.618E-02 
1.726E+01   9.715E+00  6.563E-02 
1.746E+01   9.764E+00  6.507E-02 
1.766E+01   9.814E+00  6.452E-02 
1.787E+01   9.864E+00  6.398E-02 
1.808E+01   9.915E+00  6.344E-02 
1.829E+01   9.965E+00  6.290E-02 
1.850E+01   1.002E+01  6.237E-02 
1.871E+01   1.007E+01  6.184E-02 
1.893E+01   1.012E+01  6.132E-02 
1.915E+01   1.017E+01  6.080E-02 
1.937E+01   1.022E+01  6.028E-02 
1.960E+01   1.027E+01  5.977E-02 
1.982E+01   1.032E+01  5.926E-02 
2.005E+01   1.037E+01  5.875E-02 
2.029E+01   1.042E+01  5.825E-02 
2.052E+01   1.047E+01  5.776E-02 
2.076E+01   1.052E+01  5.726E-02 
2.100E+01   1.058E+01  5.677E-02 
2.124E+01   1.063E+01  5.629E-02 
2.149E+01   1.068E+01  5.580E-02 
2.174E+01   1.073E+01  5.532E-02 
2.199E+01   1.078E+01  5.485E-02 
2.225E+01   1.083E+01  5.438E-02 
2.250E+01   1.088E+01  5.391E-02 
2.277E+01   1.093E+01  5.344E-02 
2.303E+01   1.098E+01  5.298E-02 
2.330E+01   1.104E+01  5.253E-02 
2.357E+01   1.109E+01  5.207E-02 
2.384E+01   1.114E+01  5.162E-02 
2.412E+01   1.119E+01  5.117E-02 
2.440E+01   1.124E+01  5.073E-02 
2.468E+01   1.129E+01  5.029E-02 
2.497E+01   1.134E+01  4.985E-02 
2.526E+01   1.139E+01  4.942E-02 
2.555E+01   1.144E+01  4.899E-02 
2.584E+01   1.149E+01  4.856E-02 
2.614E+01   1.154E+01  4.814E-02 
2.645E+01   1.158E+01  4.772E-02 
2.675E+01   1.163E+01  4.731E-02 
2.707E+01   1.168E+01  4.689E-02 
2.738E+01   1.173E+01  4.648E-02 
2.770E+01   1.178E+01  4.608E-02 
2.802E+01   1.183E+01  4.567E-02 
2.834E+01   1.187E+01  4.527E-02 
2.867E+01   1.192E+01  4.487E-02 
2.900E+01   1.197E+01  4.448E-02 
2.934E+01   1.201E+01  4.409E-02 
2.968E+01   1.206E+01  4.370E-02 
3.003E+01   1.210E+01  4.332E-02 
3.037E+01   1.215E+01  4.294E-02 
3.073E+01   1.219E+01  4.256E-02 
3.108E+01   1.224E+01  4.218E-02 
3.144E+01   1.228E+01  4.181E-02 
3.181E+01   1.233E+01  4.144E-02 
3.218E+01   1.237E+01  4.107E-02 
3.255E+01   1.241E+01  4.071E-02 
3.293E+01   1.245E+01  4.035E-02 
3.331E+01   1.249E+01  3.999E-02 
3.370E+01   1.253E+01  3.964E-02 
3.409E+01   1.258E+01  3.928E-02 
3.448E+01   1.261E+01  3.894E-02 
3.488E+01   1.265E+01  3.859E-02 
3.529E+01   1.269E+01  3.825E-02 
3.570E+01   1.273E+01  3.791E-02 
3.611E+01   1.277E+01  3.757E-02 
3.653E+01   1.281E+01  3.723E-02 
3.695E+01   1.284E+01  3.690E-02 
3.738E+01   1.288E+01  3.657E-02 
3.781E+01   1.291E+01  3.624E-02 
3.825E+01   1.295E+01  3.592E-02 
3.870E+01   1.298E+01  3.560E-02 
3.915E+01   1.301E+01  3.528E-02 
3.960E+01   1.305E+01  3.496E-02 
4.006E+01   1.308E+01  3.465E-02 
4.052E+01   1.311E+01  3.434E-02 
4.099E+01   1.314E+01  3.403E-02 
4.147E+01   1.317E+01  3.372E-02 
4.195E+01   1.320E+01  3.342E-02 
4.244E+01   1.322E+01  3.312E-02 
4.293E+01   1.325E+01  3.282E-02 
4.343E+01   1.328E+01  3.253E-02 
4.393E+01   1.330E+01  3.223E-02 
4.444E+01   1.333E+01  3.194E-02 
4.496E+01   1.335E+01  3.165E-02 
4.548E+01   1.338E+01  3.137E-02 
4.600E+01   1.340E+01  3.108E-02 
4.654E+01   1.342E+01  3.080E-02 
4.708E+01   1.344E+01  3.052E-02 
4.762E+01   1.346E+01  3.025E-02 
4.818E+01   1.348E+01  2.997E-02 
4.873E+01   1.350E+01  2.970E-02 
4.930E+01   1.351E+01  2.943E-02 
4.987E+01   1.353E+01  2.916E-02 
5.045E+01   1.355E+01  2.890E-02 
5.104E+01   1.356E+01  2.864E-02 
5.163E+01   1.357E+01  2.837E-02 
5.223E+01   1.359E+01  2.812E-02 
5.283E+01   1.360E+01  2.786E-02 
5.344E+01   1.361E+01  2.761E-02 
5.406E+01   1.362E+01  2.735E-02 
5.469E+01   1.363E+01  2.710E-02 
5.533E+01   1.364E+01  2.686E-02 
5.597E+01   1.364E+01  2.661E-02 
5.662E+01   1.365E+01  2.637E-02 
5.727E+01   1.366E+01  2.613E-02 
5.794E+01   1.366E+01  2.589E-02 
5.861E+01   1.366E+01  2.565E-02 
5.929E+01   1.367E+01  2.542E-02 
5.998E+01   1.367E+01  2.518E-02 
6.067E+01   1.367E+01  2.495E-02 
6.138E+01   1.367E+01  2.472E-02 
6.209E+01   1.367E+01  2.449E-02 
6.281E+01   1.367E+01  2.427E-02 
6.354E+01   1.366E+01  2.405E-02 
6.427E+01   1.366E+01  2.382E-02 
6.502E+01   1.366E+01  2.361E-02 
6.577E+01   1.365E+01  2.339E-02 
6.654E+01   1.364E+01  2.317E-02 
6.731E+01   1.364E+01  2.296E-02 
6.809E+01   1.363E+01  2.275E-02 
6.888E+01   1.362E+01  2.254E-02 
6.968E+01   1.361E+01  2.233E-02 
7.049E+01   1.360E+01  2.212E-02 
7.130E+01   1.359E+01  2.192E-02 
7.213E+01   1.357E+01  2.171E-02 
7.297E+01   1.356E+01  2.151E-02 
7.381E+01   1.355E+01  2.131E-02 
7.467E+01   1.353E+01  2.112E-02 
7.554E+01   1.351E+01  2.092E-02 
7.641E+01   1.350E+01  2.073E-02 
7.730E+01   1.348E+01  2.053E-02 
7.820E+01   1.346E+01  2.034E-02 
7.910E+01   1.344E+01  2.015E-02 
8.002E+01   1.342E+01  1.997E-02 
8.095E+01   1.340E+01  1.978E-02 
8.189E+01   1.338E+01  1.960E-02 
8.284E+01   1.335E+01  1.941E-02 
8.380E+01   1.333E+01  1.923E-02 
8.477E+01   1.331E+01  1.905E-02 
8.575E+01   1.328E+01  1.888E-02 
8.675E+01   1.325E+01  1.870E-02 
8.775E+01   1.323E+01  1.853E-02 
8.877E+01   1.320E+01  1.835E-02 
8.980E+01   1.317E+01  1.818E-02 
9.084E+01   1.314E+01  1.801E-02 
9.190E+01   1.311E+01  1.784E-02 
9.296E+01   1.308E+01  1.768E-02 
9.404E+01   1.305E+01  1.751E-02 
9.513E+01   1.302E+01  1.735E-02 
9.624E+01   1.299E+01  1.718E-02 
9.735E+01   1.295E+01  1.702E-02 
9.848E+01   1.292E+01  1.686E-02 
9.962E+01   1.288E+01  1.670E-02 
1.008E+02   1.285E+01  1.655E-02 
1.019E+02   1.281E+01  1.639E-02 
1.031E+02   1.278E+01  1.624E-02 
1.043E+02   1.274E+01  1.609E-02 
1.055E+02   1.270E+01  1.593E-02 
1.068E+02   1.266E+01  1.578E-02 
1.080E+02   1.262E+01  1.564E-02 
1.093E+02   1.258E+01  1.549E-02 
1.105E+02   1.254E+01  1.534E-02 
1.118E+02   1.250E+01  1.520E-02 
1.131E+02   1.246E+01  1.505E-02 
1.144E+02   1.242E+01  1.491E-02 
1.157E+02   1.238E+01  1.477E-02 
1.171E+02   1.233E+01  1.463E-02 
1.184E+02   1.229E+01  1.449E-02 
1.198E+02   1.225E+01  1.436E-02 
1.212E+02   1.220E+01  1.422E-02 
1.226E+02   1.216E+01  1.409E-02 
1.240E+02   1.211E+01  1.395E-02 
1.255E+02   1.207E+01  1.382E-02 
1.269E+02   1.202E+01  1.369E-02 
1.284E+02   1.198E+01  1.356E-02 
1.299E+02   1.193E+01  1.343E-02 
1.314E+02   1.188E+01  1.330E-02 
1.329E+02   1.183E+01  1.318E-02 
1.345E+02   1.179E+01  1.305E-02 
1.360E+02   1.174E+01  1.293E-02 
1.376E+02   1.169E+01  1.281E-02 
1.392E+02   1.164E+01  1.268E-02 
1.408E+02   1.159E+01  1.256E-02 
1.424E+02   1.154E+01  1.244E-02 
1.441E+02   1.149E+01  1.233E-02 
1.458E+02   1.144E+01  1.221E-02 
1.475E+02   1.139E+01  1.209E-02 
1.492E+02   1.134E+01  1.198E-02 
1.509E+02   1.129E+01  1.186E-02 
1.526E+02   1.124E+01  1.175E-02 
1.544E+02   1.119E+01  1.164E-02 
1.562E+02   1.114E+01  1.153E-02 
1.580E+02   1.108E+01  1.142E-02 
1.598E+02   1.103E+01  1.131E-02 
1.617E+02   1.098E+01  1.120E-02 
1.636E+02   1.093E+01  1.109E-02 
1.655E+02   1.087E+01  1.099E-02 
1.674E+02   1.082E+01  1.088E-02 
1.693E+02   1.077E+01  1.078E-02 
1.713E+02   1.071E+01  1.067E-02 
1.733E+02   1.066E+01  1.057E-02 
1.753E+02   1.061E+01  1.047E-02 
1.773E+02   1.055E+01  1.037E-02 
1.794E+02   1.050E+01  1.027E-02 
1.815E+02   1.045E+01  1.017E-02 
1.836E+02   1.039E+01  1.007E-02 
1.857E+02   1.034E+01  9.978E-03 
1.879E+02   1.029E+01  9.882E-03 
1.900E+02   1.023E+01  9.787E-03 
1.922E+02   1.018E+01  9.693E-03 
1.945E+02   1.012E+01  9.600E-03 
1.967E+02   1.007E+01  9.508E-03 
1.990E+02   1.001E+01  9.416E-03 
2.013E+02   9.960E+00  9.326E-03 
2.036E+02   9.905E+00  9.236E-03 
2.060E+02   9.851E+00  9.147E-03 
2.084E+02   9.796E+00  9.059E-03 
2.108E+02   9.742E+00  8.972E-03 
2.133E+02   9.687E+00  8.885E-03 
2.157E+02   9.633E+00  8.800E-03 
2.182E+02   9.579E+00  8.715E-03 
2.208E+02   9.524E+00  8.631E-03 
2.233E+02   9.470E+00  8.547E-03 
2.259E+02   9.416E+00  8.465E-03 
2.285E+02   9.361E+00  8.383E-03 
2.312E+02   9.307E+00  8.302E-03 
2.339E+02   9.253E+00  8.222E-03 
2.366E+02   9.199E+00  8.142E-03 
2.393E+02   9.145E+00  8.064E-03 
2.421E+02   9.091E+00  7.986E-03 
2.449E+02   9.037E+00  7.908E-03 
2.478E+02   8.983E+00  7.832E-03 
2.506E+02   8.929E+00  7.756E-03 
2.535E+02   8.875E+00  7.681E-03 
2.565E+02   8.822E+00  7.606E-03 
2.595E+02   8.768E+00  7.533E-03 
2.625E+02   8.715E+00  7.459E-03 
2.655E+02   8.662E+00  7.387E-03 
2.686E+02   8.609E+00  7.315E-03 
2.717E+02   8.556E+00  7.244E-03 
2.749E+02   8.503E+00  7.174E-03 
2.780E+02   8.450E+00  7.104E-03 
2.813E+02   8.397E+00  7.035E-03 
2.845E+02   8.345E+00  6.967E-03 
2.878E+02   8.292E+00  6.899E-03 
2.912E+02   8.240E+00  6.832E-03 
2.945E+02   8.188E+00  6.766E-03 
2.980E+02   8.136E+00  6.700E-03 
3.014E+02   8.084E+00  6.635E-03 
3.049E+02   8.033E+00  6.570E-03 
3.085E+02   7.981E+00  6.506E-03 
3.120E+02   7.930E+00  6.443E-03 
3.156E+02   7.879E+00  6.380E-03 
3.193E+02   7.828E+00  6.318E-03 
3.230E+02   7.777E+00  6.256E-03 
3.268E+02   7.726E+00  6.195E-03 
3.306E+02   7.676E+00  6.134E-03 
3.344E+02   7.626E+00  6.075E-03 
3.383E+02   7.575E+00  6.015E-03 
3.422E+02   7.526E+00  5.957E-03 
3.462E+02   7.476E+00  5.898E-03 
3.502E+02   7.426E+00  5.841E-03 
3.542E+02   7.377E+00  5.784E-03 
3.583E+02   7.328E+00  5.727E-03 
3.625E+02   7.279E+00  5.671E-03 
3.667E+02   7.230E+00  5.616E-03 
3.710E+02   7.182E+00  5.561E-03 
3.753E+02   7.133E+00  5.506E-03 
3.796E+02   7.085E+00  5.452E-03 
3.840E+02   7.037E+00  5.399E-03 
3.885E+02   6.989E+00  5.346E-03 
3.930E+02   6.942E+00  5.293E-03 
3.975E+02   6.895E+00  5.242E-03 
4.021E+02   6.847E+00  5.190E-03 
4.068E+02   6.801E+00  5.139E-03 
4.115E+02   6.754E+00  5.089E-03 
4.163E+02   6.707E+00  5.039E-03 
4.211E+02   6.661E+00  4.989E-03 
4.260E+02   6.615E+00  4.940E-03 
4.310E+02   6.569E+00  4.892E-03 
4.360E+02   6.524E+00  4.844E-03 
4.410E+02   6.478E+00  4.796E-03 
4.461E+02   6.433E+00  4.749E-03 
4.513E+02   6.388E+00  4.702E-03 
4.565E+02   6.343E+00  4.656E-03 
4.618E+02   6.299E+00  4.610E-03 
4.672E+02   6.255E+00  4.565E-03 
4.726E+02   6.211E+00  4.520E-03 
4.781E+02   6.167E+00  4.475E-03 
4.836E+02   6.123E+00  4.431E-03 
4.892E+02   6.080E+00  4.388E-03 
4.949E+02   6.037E+00  4.344E-03 
5.007E+02   5.994E+00  4.302E-03 
5.065E+02   5.951E+00  4.259E-03 
5.123E+02   5.909E+00  4.217E-03 
5.183E+02   5.867E+00  4.176E-03 
5.243E+02   5.825E+00  4.134E-03 
5.304E+02   5.783E+00  4.094E-03 
5.365E+02   5.741E+00  4.053E-03 
5.428E+02   5.700E+00  4.013E-03 
5.490E+02   5.659E+00  3.973E-03 
5.554E+02   5.618E+00  3.934E-03 
5.619E+02   5.577E+00  3.895E-03 
5.684E+02   5.537E+00  3.857E-03 
5.750E+02   5.497E+00  3.819E-03 
5.816E+02   5.457E+00  3.781E-03 
5.884E+02   5.417E+00  3.743E-03 
5.952E+02   5.378E+00  3.706E-03 
6.021E+02   5.338E+00  3.670E-03 
6.091E+02   5.299E+00  3.633E-03 
6.162E+02   5.261E+00  3.597E-03 
6.233E+02   5.222E+00  3.562E-03 
6.305E+02   5.184E+00  3.526E-03 
6.378E+02   5.146E+00  3.491E-03 
6.452E+02   5.108E+00  3.457E-03 
6.527E+02   5.070E+00  3.423E-03 
6.603E+02   5.033E+00  3.389E-03 
6.680E+02   4.995E+00  3.355E-03 
6.757E+02   4.958E+00  3.322E-03 
6.835E+02   4.922E+00  3.289E-03 
6.915E+02   4.885E+00  3.256E-03 
6.995E+02   4.849E+00  3.224E-03 
7.076E+02   4.813E+00  3.192E-03 
7.158E+02   4.777E+00  3.160E-03 
7.241E+02   4.741E+00  3.129E-03 
7.325E+02   4.706E+00  3.098E-03 
7.410E+02   4.671E+00  3.067E-03 
7.496E+02   4.636E+00  3.036E-03 
7.583E+02   4.601E+00  3.006E-03 
7.671E+02   4.566E+00  2.976E-03 
7.760E+02   4.532E+00  2.946E-03 
7.850E+02   4.498E+00  2.917E-03 
7.941E+02   4.464E+00  2.888E-03 
8.033E+02   4.430E+00  2.859E-03 
8.126E+02   4.397E+00  2.831E-03 
8.221E+02   4.364E+00  2.803E-03 
8.316E+02   4.331E+00  2.775E-03 
8.412E+02   4.298E+00  2.747E-03 
8.510E+02   4.265E+00  2.720E-03 
8.609E+02   4.233E+00  2.693E-03 
8.709E+02   4.201E+00  2.666E-03 
8.810E+02   4.169E+00  2.639E-03 
8.912E+02   4.137E+00  2.613E-03 
9.015E+02   4.105E+00  2.587E-03 
9.120E+02   4.074E+00  2.561E-03 
9.225E+02   4.043E+00  2.535E-03 
9.332E+02   4.012E+00  2.510E-03 
9.441E+02   3.981E+00  2.485E-03 
9.550E+02   3.951E+00  2.460E-03 
9.661E+02   3.920E+00  2.435E-03 
9.773E+02   3.890E+00  2.411E-03 
9.886E+02   3.860E+00  2.387E-03 
1.000E+03   3.831E+00  2.363E-03 
1.012E+03   3.802E+00  2.339E-03 
1.023E+03   3.776E+00  2.316E-03 
1.035E+03   3.750E+00  2.293E-03 
1.047E+03   3.724E+00  2.270E-03 
1.059E+03   3.697E+00  2.247E-03 
1.072E+03   3.669E+00  2.225E-03 
1.084E+03   3.642E+00  2.202E-03 
1.097E+03   3.614E+00  2.180E-03 
1.109E+03   3.586E+00  2.159E-03 
1.122E+03   3.557E+00  2.137E-03 
1.135E+03   3.528E+00  2.115E-03 
1.149E+03   3.499E+00  2.094E-03 
1.162E+03   3.470E+00  2.073E-03 
1.175E+03   3.440E+00  2.052E-03 
1.189E+03   3.410E+00  2.032E-03 
1.203E+03   3.379E+00  2.011E-03 
1.217E+03   3.351E+00  1.991E-03 
1.231E+03   3.325E+00  1.971E-03 
1.245E+03   3.299E+00  1.951E-03 
1.260E+03   3.274E+00  1.932E-03 
1.274E+03   3.248E+00  1.912E-03 
1.289E+03   3.223E+00  1.893E-03 
1.304E+03   3.198E+00  1.874E-03 
1.319E+03   3.173E+00  1.855E-03 
1.334E+03   3.149E+00  1.837E-03 
1.350E+03   3.124E+00  1.818E-03 
1.365E+03   3.100E+00  1.800E-03 
1.381E+03   3.076E+00  1.782E-03 
1.397E+03   3.052E+00  1.764E-03 
1.414E+03   3.028E+00  1.746E-03 
1.430E+03   3.004E+00  1.729E-03 
1.446E+03   2.980E+00  1.711E-03 
1.463E+03   2.957E+00  1.694E-03 
1.480E+03   2.934E+00  1.677E-03 
1.497E+03   2.911E+00  1.660E-03 
1.515E+03   2.888E+00  1.643E-03 
1.532E+03   2.865E+00  1.627E-03 
1.550E+03   2.842E+00  1.610E-03 
1.568E+03   2.820E+00  1.594E-03 
1.586E+03   2.798E+00  1.578E-03 
1.605E+03   2.775E+00  1.562E-03 
1.623E+03   2.753E+00  1.546E-03 
1.642E+03   2.731E+00  1.531E-03 
1.661E+03   2.710E+00  1.515E-03 
1.680E+03   2.688E+00  1.500E-03 
1.700E+03   2.667E+00  1.485E-03 
1.720E+03   2.645E+00  1.470E-03 
1.740E+03   2.624E+00  1.455E-03 
1.760E+03   2.603E+00  1.440E-03 
1.780E+03   2.582E+00  1.426E-03 
1.801E+03   2.561E+00  1.411E-03 
1.822E+03   2.541E+00  1.397E-03 
1.843E+03   2.520E+00  1.383E-03 
1.864E+03   2.500E+00  1.369E-03 
1.886E+03   2.479E+00  1.355E-03 
1.908E+03   2.459E+00  1.341E-03 
1.930E+03   2.439E+00  1.328E-03 
1.952E+03   2.419E+00  1.314E-03 
1.975E+03   2.400E+00  1.301E-03 
1.998E+03   2.380E+00  1.288E-03 
2.021E+03   2.361E+00  1.275E-03 
2.044E+03   2.341E+00  1.262E-03 
2.068E+03   2.322E+00  1.249E-03 
2.092E+03   2.303E+00  1.237E-03 
2.116E+03   2.284E+00  1.224E-03 
2.141E+03   2.265E+00  1.212E-03 
2.166E+03   2.246E+00  1.199E-03 
2.191E+03   2.228E+00  1.187E-03 
2.216E+03   2.209E+00  1.175E-03 
2.242E+03   2.191E+00  1.163E-03 
2.268E+03   2.173E+00  1.151E-03 
2.294E+03   2.155E+00  1.140E-03 
2.321E+03   2.137E+00  1.128E-03 
2.348E+03   2.119E+00  1.117E-03 
2.375E+03   2.101E+00  1.105E-03 
2.403E+03   2.084E+00  1.094E-03 
2.431E+03   2.066E+00  1.083E-03 
2.459E+03   2.049E+00  1.072E-03 
2.487E+03   2.032E+00  1.061E-03 
2.516E+03   2.015E+00  1.050E-03 
2.545E+03   1.998E+00  1.040E-03 
2.575E+03   1.981E+00  1.029E-03 
2.605E+03   1.964E+00  1.019E-03 
2.635E+03   1.947E+00  1.008E-03 
2.665E+03   1.931E+00  9.982E-04 
2.696E+03   1.915E+00  9.880E-04 
2.728E+03   1.898E+00  9.780E-04 
2.759E+03   1.882E+00  9.680E-04 
2.791E+03   1.866E+00  9.582E-04 
2.824E+03   1.850E+00  9.484E-04 
2.856E+03   1.834E+00  9.388E-04 
2.889E+03   1.819E+00  9.292E-04 
2.923E+03   1.803E+00  9.198E-04 
2.957E+03   1.788E+00  9.104E-04 
2.991E+03   1.772E+00  9.011E-04 
3.026E+03   1.757E+00  8.920E-04 
3.061E+03   1.742E+00  8.829E-04 
3.097E+03   1.727E+00  8.739E-04 
3.132E+03   1.712E+00  8.650E-04 
3.169E+03   1.697E+00  8.562E-04 
3.206E+03   1.683E+00  8.474E-04 
3.243E+03   1.668E+00  8.388E-04 
3.280E+03   1.653E+00  8.302E-04 
3.318E+03   1.639E+00  8.218E-04 
3.357E+03   1.625E+00  8.134E-04 
3.396E+03   1.611E+00  8.051E-04 
3.435E+03   1.597E+00  7.969E-04 
3.475E+03   1.583E+00  7.888E-04 
3.515E+03   1.569E+00  7.807E-04 
3.556E+03   1.555E+00  7.727E-04 
3.597E+03   1.542E+00  7.648E-04 
3.639E+03   1.528E+00  7.570E-04 
3.681E+03   1.515E+00  7.493E-04 
3.724E+03   1.501E+00  7.417E-04 
3.767E+03   1.488E+00  7.341E-04 
3.811E+03   1.475E+00  7.266E-04 
3.855E+03   1.462E+00  7.192E-04 
3.900E+03   1.449E+00  7.118E-04 
3.945E+03   1.436E+00  7.045E-04 
3.991E+03   1.424E+00  6.973E-04 
4.037E+03   1.411E+00  6.902E-04 
4.084E+03   1.399E+00  6.831E-04 
4.131E+03   1.386E+00  6.762E-04 
4.179E+03   1.374E+00  6.692E-04 
4.228E+03   1.362E+00  6.624E-04 
4.277E+03   1.350E+00  6.556E-04 
4.326E+03   1.338E+00  6.489E-04 
4.376E+03   1.326E+00  6.423E-04 
4.427E+03   1.314E+00  6.357E-04 
4.479E+03   1.302E+00  6.292E-04 
4.531E+03   1.291E+00  6.227E-04 
4.583E+03   1.279E+00  6.164E-04 
4.636E+03   1.268E+00  6.100E-04 
4.690E+03   1.256E+00  6.038E-04 
4.744E+03   1.245E+00  5.976E-04 
4.799E+03   1.234E+00  5.915E-04 
4.855E+03   1.223E+00  5.854E-04 
4.911E+03   1.212E+00  5.794E-04 
4.968E+03   1.201E+00  5.735E-04 
5.026E+03   1.190E+00  5.676E-04 
5.084E+03   1.179E+00  5.618E-04 
5.143E+03   1.169E+00  5.560E-04 
5.203E+03   1.158E+00  5.503E-04 
5.263E+03   1.148E+00  5.447E-04 
5.324E+03   1.137E+00  5.391E-04 
5.386E+03   1.127E+00  5.336E-04 
5.449E+03   1.117E+00  5.281E-04 
5.512E+03   1.107E+00  5.227E-04 
5.576E+03   1.097E+00  5.173E-04 
5.640E+03   1.087E+00  5.120E-04 
5.706E+03   1.077E+00  5.067E-04 
5.772E+03   1.067E+00  5.015E-04 
5.839E+03   1.058E+00  4.964E-04 
5.907E+03   1.048E+00  4.913E-04 
5.975E+03   1.038E+00  4.862E-04 
6.045E+03   1.029E+00  4.812E-04 
6.115E+03   1.020E+00  4.763E-04 
6.186E+03   1.010E+00  4.714E-04 
6.257E+03   1.001E+00  4.665E-04 
6.330E+03   9.921E-01  4.617E-04 
6.403E+03   9.830E-01  4.570E-04 
6.478E+03   9.740E-01  4.523E-04 
6.553E+03   9.651E-01  4.476E-04 
6.629E+03   9.563E-01  4.430E-04 
6.706E+03   9.476E-01  4.385E-04 
6.783E+03   9.389E-01  4.340E-04 
6.862E+03   9.303E-01  4.295E-04 
6.942E+03   9.218E-01  4.251E-04 
7.022E+03   9.133E-01  4.207E-04 
7.104E+03   9.050E-01  4.164E-04 
7.186E+03   8.967E-01  4.121E-04 
7.269E+03   8.884E-01  4.078E-04 
7.354E+03   8.803E-01  4.036E-04 
7.439E+03   8.722E-01  3.995E-04 
7.525E+03   8.642E-01  3.954E-04 
7.613E+03   8.562E-01  3.913E-04 
7.701E+03   8.484E-01  3.873E-04 
7.790E+03   8.405E-01  3.833E-04 
7.881E+03   8.328E-01  3.793E-04 
7.972E+03   8.251E-01  3.754E-04 
8.064E+03   8.175E-01  3.715E-04 
8.158E+03   8.100E-01  3.677E-04 
8.253E+03   8.025E-01  3.639E-04 
8.348E+03   7.951E-01  3.601E-04 
8.445E+03   7.878E-01  3.564E-04 
8.543E+03   7.805E-01  3.528E-04 
8.642E+03   7.733E-01  3.491E-04 
8.742E+03   7.661E-01  3.455E-04 
8.844E+03   7.591E-01  3.419E-04 
8.946E+03   7.520E-01  3.384E-04 
9.050E+03   7.451E-01  3.349E-04 
9.155E+03   7.382E-01  3.315E-04 
9.261E+03   7.313E-01  3.280E-04 
9.369E+03   7.246E-01  3.247E-04 
9.477E+03   7.179E-01  3.213E-04 
9.587E+03   7.112E-01  3.180E-04 
9.699E+03   7.046E-01  3.147E-04 
9.811E+03   6.981E-01  3.114E-04 
9.925E+03   6.916E-01  3.082E-04 
1.004E+04   6.852E-01  3.050E-04 
1.016E+04   6.788E-01  3.019E-04 
1.027E+04   6.725E-01  2.988E-04 
1.039E+04   6.663E-01  2.957E-04 
1.051E+04   6.601E-01  2.926E-04 
1.064E+04   6.539E-01  2.896E-04 
1.076E+04   6.479E-01  2.866E-04 
1.088E+04   6.418E-01  2.836E-04 
1.101E+04   6.359E-01  2.807E-04 
1.114E+04   6.299E-01  2.778E-04 
1.127E+04   6.241E-01  2.749E-04 
1.140E+04   6.183E-01  2.721E-04 
1.153E+04   6.125E-01  2.693E-04 
1.166E+04   6.068E-01  2.665E-04 
1.180E+04   6.012E-01  2.637E-04 
1.194E+04   5.956E-01  2.610E-04 
1.207E+04   5.900E-01  2.583E-04 
1.221E+04   5.845E-01  2.556E-04 
1.236E+04   5.791E-01  2.530E-04 
1.250E+04   5.737E-01  2.503E-04 
1.264E+04   5.683E-01  2.477E-04 
1.279E+04   5.630E-01  2.452E-04 
1.294E+04   5.577E-01  2.426E-04 
1.309E+04   5.525E-01  2.401E-04 
1.324E+04   5.474E-01  2.376E-04 
1.340E+04   5.423E-01  2.352E-04 
1.355E+04   5.372E-01  2.327E-04 
1.371E+04   5.322E-01  2.303E-04 
1.387E+04   5.272E-01  2.279E-04 
1.403E+04   5.223E-01  2.256E-04 
1.419E+04   5.174E-01  2.232E-04 
1.435E+04   5.126E-01  2.209E-04 
1.452E+04   5.078E-01  2.186E-04 
1.469E+04   5.030E-01  2.163E-04 
1.486E+04   4.983E-01  2.141E-04 
1.503E+04   4.937E-01  2.119E-04 
1.521E+04   4.891E-01  2.097E-04 
1.538E+04   4.845E-01  2.075E-04 
1.556E+04   4.800E-01  2.053E-04 
1.574E+04   4.755E-01  2.032E-04 
1.592E+04   4.710E-01  2.011E-04 
1.611E+04   4.666E-01  1.990E-04 
1.630E+04   4.622E-01  1.969E-04 
1.649E+04   4.579E-01  1.949E-04 
1.668E+04   4.536E-01  1.929E-04 
1.687E+04   4.494E-01  1.909E-04 
1.707E+04   4.452E-01  1.889E-04 
1.726E+04   4.410E-01  1.869E-04 
1.746E+04   4.369E-01  1.850E-04 
1.767E+04   4.328E-01  1.831E-04 
1.787E+04   4.288E-01  1.812E-04 
1.808E+04   4.247E-01  1.793E-04 
1.829E+04   4.208E-01  1.774E-04 
1.850E+04   4.168E-01  1.756E-04 
1.871E+04   4.129E-01  1.737E-04 
1.893E+04   4.091E-01  1.719E-04 
1.915E+04   4.052E-01  1.701E-04 
1.937E+04   4.014E-01  1.684E-04 
1.960E+04   3.977E-01  1.666E-04 
1.983E+04   3.940E-01  1.649E-04 
2.006E+04   3.903E-01  1.632E-04 
2.029E+04   3.866E-01  1.615E-04 
2.052E+04   3.830E-01  1.598E-04 
2.076E+04   3.794E-01  1.581E-04 
2.100E+04   3.759E-01  1.565E-04 
2.125E+04   3.723E-01  1.548E-04 
2.149E+04   3.689E-01  1.532E-04 
2.174E+04   3.654E-01  1.516E-04 
2.199E+04   3.620E-01  1.501E-04 
2.225E+04   3.586E-01  1.485E-04 
2.251E+04   3.552E-01  1.469E-04 
2.277E+04   3.519E-01  1.454E-04 
2.303E+04   3.486E-01  1.439E-04 
2.330E+04   3.454E-01  1.424E-04 
2.357E+04   3.421E-01  1.409E-04 
2.384E+04   3.389E-01  1.394E-04 
2.412E+04   3.358E-01  1.380E-04 
2.440E+04   3.326E-01  1.366E-04 
2.468E+04   3.295E-01  1.351E-04 
2.497E+04   3.265E-01  1.337E-04 
2.526E+04   3.234E-01  1.323E-04 
2.555E+04   3.204E-01  1.309E-04 
2.585E+04   3.174E-01  1.296E-04 
2.615E+04   3.144E-01  1.282E-04 
2.645E+04   3.115E-01  1.269E-04 
2.676E+04   3.086E-01  1.256E-04 
2.707E+04   3.057E-01  1.243E-04 
2.738E+04   3.028E-01  1.230E-04 
2.770E+04   3.000E-01  1.217E-04 
2.802E+04   2.972E-01  1.204E-04 
2.835E+04   2.944E-01  1.191E-04 
2.867E+04   2.917E-01  1.179E-04 
2.901E+04   2.890E-01  1.167E-04 
2.934E+04   2.863E-01  1.154E-04 
2.968E+04   2.836E-01  1.142E-04 
3.003E+04   2.810E-01  1.130E-04 
3.038E+04   2.784E-01  1.119E-04 
3.073E+04   2.758E-01  1.107E-04 
3.109E+04   2.732E-01  1.095E-04 
3.145E+04   2.707E-01  1.084E-04 
3.181E+04   2.681E-01  1.073E-04 
3.218E+04   2.657E-01  1.061E-04 
3.255E+04   2.632E-01  1.050E-04 
3.293E+04   2.607E-01  1.039E-04 
3.331E+04   2.583E-01  1.028E-04 
3.370E+04   2.559E-01  1.018E-04 
3.409E+04   2.535E-01  1.007E-04 
3.449E+04   2.512E-01  9.966E-05 
3.489E+04   2.489E-01  9.861E-05 
3.529E+04   2.465E-01  9.758E-05 
3.570E+04   2.443E-01  9.656E-05 
3.611E+04   2.420E-01  9.555E-05 
3.653E+04   2.398E-01  9.455E-05 
3.696E+04   2.375E-01  9.356E-05 
3.738E+04   2.353E-01  9.258E-05 
3.782E+04   2.332E-01  9.161E-05 
3.826E+04   2.310E-01  9.065E-05 
3.870E+04   2.289E-01  8.970E-05 
3.915E+04   2.267E-01  8.876E-05 
3.960E+04   2.247E-01  8.784E-05 
4.006E+04   2.226E-01  8.692E-05 
4.053E+04   2.205E-01  8.600E-05 
4.100E+04   2.185E-01  8.510E-05 
4.147E+04   2.165E-01  8.421E-05 
4.195E+04   2.145E-01  8.333E-05 
4.244E+04   2.125E-01  8.246E-05 
4.293E+04   2.106E-01  8.159E-05 
4.343E+04   2.086E-01  8.074E-05 
4.394E+04   2.067E-01  7.989E-05 
4.444E+04   2.048E-01  7.905E-05 
4.496E+04   2.029E-01  7.823E-05 
4.548E+04   2.010E-01  7.741E-05 
4.601E+04   1.992E-01  7.659E-05 
4.654E+04   1.974E-01  7.579E-05 
4.708E+04   1.956E-01  7.500E-05 
4.763E+04   1.938E-01  7.421E-05 
4.818E+04   1.920E-01  7.343E-05 
4.874E+04   1.902E-01  7.266E-05 
4.931E+04   1.885E-01  7.190E-05 
4.988E+04   1.868E-01  7.114E-05 
5.046E+04   1.851E-01  7.040E-05 
5.104E+04   1.834E-01  6.966E-05 
5.163E+04   1.817E-01  6.893E-05 
5.223E+04   1.801E-01  6.821E-05 
5.284E+04   1.784E-01  6.749E-05 
5.345E+04   1.768E-01  6.678E-05 
5.407E+04   1.752E-01  6.608E-05 
5.470E+04   1.736E-01  6.539E-05 
5.533E+04   1.720E-01  6.470E-05 
5.597E+04   1.705E-01  6.402E-05 
5.662E+04   1.689E-01  6.335E-05 
5.728E+04   1.674E-01  6.268E-05 
5.794E+04   1.659E-01  6.202E-05 
5.862E+04   1.644E-01  6.137E-05 
5.930E+04   1.629E-01  6.073E-05 
5.998E+04   1.614E-01  6.009E-05 
6.068E+04   1.600E-01  5.946E-05 
6.138E+04   1.585E-01  5.883E-05 
6.210E+04   1.571E-01  5.822E-05 
6.282E+04   1.557E-01  5.760E-05 
6.354E+04   1.543E-01  5.700E-05 
6.428E+04   1.529E-01  5.640E-05 
6.503E+04   1.515E-01  5.581E-05 
6.578E+04   1.502E-01  5.522E-05 
6.654E+04   1.488E-01  5.464E-05 
6.732E+04   1.475E-01  5.406E-05 
6.810E+04   1.462E-01  5.350E-05 
6.889E+04   1.449E-01  5.293E-05 
6.969E+04   1.436E-01  5.238E-05 
7.049E+04   1.423E-01  5.183E-05 
7.131E+04   1.410E-01  5.128E-05 
7.214E+04   1.398E-01  5.074E-05 
7.298E+04   1.385E-01  5.021E-05 
7.382E+04   1.373E-01  4.968E-05 
7.468E+04   1.361E-01  4.916E-05 
7.555E+04   1.349E-01  4.864E-05 
7.642E+04   1.337E-01  4.813E-05 
7.731E+04   1.325E-01  4.762E-05 
7.820E+04   1.313E-01  4.712E-05 
7.911E+04   1.302E-01  4.662E-05 
8.003E+04   1.290E-01  4.613E-05 
8.096E+04   1.279E-01  4.565E-05 
8.190E+04   1.268E-01  4.516E-05 
8.285E+04   1.257E-01  4.469E-05 
8.381E+04   1.246E-01  4.422E-05 
8.478E+04   1.235E-01  4.375E-05 
8.576E+04   1.224E-01  4.329E-05 
8.676E+04   1.213E-01  4.284E-05 
8.776E+04   1.203E-01  4.238E-05 
8.878E+04   1.192E-01  4.194E-05 
8.981E+04   1.182E-01  4.150E-05 
9.085E+04   1.172E-01  4.106E-05 
9.191E+04   1.161E-01  4.063E-05 
9.297E+04   1.151E-01  4.020E-05 
9.405E+04   1.141E-01  3.977E-05 
9.514E+04   1.132E-01  3.935E-05 
9.625E+04   1.122E-01  3.894E-05 
9.736E+04   1.112E-01  3.853E-05 
9.849E+04   1.103E-01  3.812E-05 
9.963E+04   1.093E-01  3.772E-05 
1.008E+05   1.084E-01  3.732E-05 
