Ion = Helium      . Mass = 4.0026
Tgt = In (Solid). Density = 7.3 g/cm3
Stopping Units =  eV/(1E15 atoms/cm2)
Energy(keV)  S(Elec)    S(Nuc)
1.000E+00   4.257E+00  2.389E+00 
1.013E+00   4.284E+00  2.395E+00 
1.026E+00   4.312E+00  2.400E+00 
1.039E+00   4.340E+00  2.406E+00 
1.053E+00   4.368E+00  2.411E+00 
1.067E+00   4.396E+00  2.417E+00 
1.081E+00   4.425E+00  2.422E+00 
1.095E+00   4.453E+00  2.427E+00 
1.109E+00   4.482E+00  2.432E+00 
1.123E+00   4.511E+00  2.438E+00 
1.138E+00   4.540E+00  2.443E+00 
1.153E+00   4.570E+00  2.448E+00 
1.168E+00   4.599E+00  2.453E+00 
1.183E+00   4.629E+00  2.458E+00 
1.198E+00   4.659E+00  2.463E+00 
1.214E+00   4.689E+00  2.468E+00 
1.229E+00   4.720E+00  2.473E+00 
1.245E+00   4.750E+00  2.478E+00 
1.262E+00   4.781E+00  2.483E+00 
1.278E+00   4.812E+00  2.488E+00 
1.295E+00   4.843E+00  2.493E+00 
1.311E+00   4.875E+00  2.498E+00 
1.329E+00   4.906E+00  2.502E+00 
1.346E+00   4.938E+00  2.507E+00 
1.363E+00   4.970E+00  2.512E+00 
1.381E+00   5.002E+00  2.516E+00 
1.399E+00   5.035E+00  2.521E+00 
1.417E+00   5.067E+00  2.525E+00 
1.436E+00   5.100E+00  2.530E+00 
1.454E+00   5.133E+00  2.534E+00 
1.473E+00   5.166E+00  2.538E+00 
1.492E+00   5.200E+00  2.543E+00 
1.512E+00   5.233E+00  2.547E+00 
1.531E+00   5.267E+00  2.551E+00 
1.551E+00   5.301E+00  2.555E+00 
1.571E+00   5.336E+00  2.560E+00 
1.592E+00   5.370E+00  2.564E+00 
1.612E+00   5.405E+00  2.568E+00 
1.633E+00   5.440E+00  2.572E+00 
1.655E+00   5.475E+00  2.576E+00 
1.676E+00   5.511E+00  2.579E+00 
1.698E+00   5.547E+00  2.583E+00 
1.720E+00   5.582E+00  2.587E+00 
1.742E+00   5.619E+00  2.591E+00 
1.765E+00   5.655E+00  2.594E+00 
1.788E+00   5.692E+00  2.598E+00 
1.811E+00   5.729E+00  2.602E+00 
1.835E+00   5.766E+00  2.605E+00 
1.859E+00   5.803E+00  2.609E+00 
1.883E+00   5.841E+00  2.612E+00 
1.907E+00   5.878E+00  2.615E+00 
1.932E+00   5.916E+00  2.619E+00 
1.957E+00   5.955E+00  2.622E+00 
1.983E+00   5.993E+00  2.625E+00 
2.008E+00   6.032E+00  2.628E+00 
2.034E+00   6.071E+00  2.631E+00 
2.061E+00   6.111E+00  2.634E+00 
2.088E+00   6.150E+00  2.637E+00 
2.115E+00   6.190E+00  2.640E+00 
2.142E+00   6.230E+00  2.643E+00 
2.170E+00   6.270E+00  2.646E+00 
2.198E+00   6.311E+00  2.648E+00 
2.227E+00   6.352E+00  2.651E+00 
2.256E+00   6.393E+00  2.654E+00 
2.285E+00   6.435E+00  2.656E+00 
2.315E+00   6.476E+00  2.658E+00 
2.345E+00   6.518E+00  2.661E+00 
2.375E+00   6.560E+00  2.663E+00 
2.406E+00   6.603E+00  2.666E+00 
2.438E+00   6.646E+00  2.668E+00 
2.469E+00   6.689E+00  2.670E+00 
2.501E+00   6.732E+00  2.672E+00 
2.534E+00   6.776E+00  2.674E+00 
2.567E+00   6.819E+00  2.676E+00 
2.600E+00   6.864E+00  2.678E+00 
2.634E+00   6.908E+00  2.680E+00 
2.668E+00   6.953E+00  2.681E+00 
2.703E+00   6.998E+00  2.683E+00 
2.738E+00   7.043E+00  2.685E+00 
2.773E+00   7.089E+00  2.686E+00 
2.810E+00   7.135E+00  2.688E+00 
2.846E+00   7.181E+00  2.689E+00 
2.883E+00   7.227E+00  2.691E+00 
2.921E+00   7.274E+00  2.692E+00 
2.958E+00   7.321E+00  2.693E+00 
2.997E+00   7.369E+00  2.694E+00 
3.036E+00   7.417E+00  2.695E+00 
3.075E+00   7.465E+00  2.696E+00 
3.115E+00   7.513E+00  2.697E+00 
3.156E+00   7.562E+00  2.698E+00 
3.197E+00   7.611E+00  2.699E+00 
3.238E+00   7.660E+00  2.700E+00 
3.280E+00   7.710E+00  2.700E+00 
3.323E+00   7.759E+00  2.701E+00 
3.366E+00   7.810E+00  2.701E+00 
3.410E+00   7.860E+00  2.702E+00 
3.454E+00   7.911E+00  2.702E+00 
3.499E+00   7.962E+00  2.703E+00 
3.545E+00   8.014E+00  2.703E+00 
3.591E+00   8.066E+00  2.703E+00 
3.637E+00   8.118E+00  2.703E+00 
3.685E+00   8.171E+00  2.703E+00 
3.733E+00   8.224E+00  2.703E+00 
3.781E+00   8.277E+00  2.703E+00 
3.830E+00   8.331E+00  2.703E+00 
3.880E+00   8.385E+00  2.702E+00 
3.930E+00   8.439E+00  2.702E+00 
3.982E+00   8.493E+00  2.701E+00 
4.033E+00   8.549E+00  2.701E+00 
4.086E+00   8.604E+00  2.700E+00 
4.139E+00   8.660E+00  2.700E+00 
4.193E+00   8.716E+00  2.699E+00 
4.247E+00   8.772E+00  2.698E+00 
4.302E+00   8.829E+00  2.697E+00 
4.358E+00   8.886E+00  2.696E+00 
4.415E+00   8.944E+00  2.695E+00 
4.472E+00   9.002E+00  2.694E+00 
4.530E+00   9.060E+00  2.693E+00 
4.589E+00   9.119E+00  2.691E+00 
4.649E+00   9.178E+00  2.690E+00 
4.709E+00   9.237E+00  2.689E+00 
4.770E+00   9.297E+00  2.687E+00 
4.832E+00   9.357E+00  2.685E+00 
4.895E+00   9.418E+00  2.684E+00 
4.959E+00   9.479E+00  2.682E+00 
5.023E+00   9.540E+00  2.680E+00 
5.089E+00   9.602E+00  2.678E+00 
5.155E+00   9.664E+00  2.676E+00 
5.222E+00   9.727E+00  2.674E+00 
5.290E+00   9.790E+00  2.672E+00 
5.358E+00   9.853E+00  2.670E+00 
5.428E+00   9.917E+00  2.668E+00 
5.499E+00   9.981E+00  2.665E+00 
5.570E+00   1.005E+01  2.663E+00 
5.642E+00   1.011E+01  2.660E+00 
5.716E+00   1.018E+01  2.657E+00 
5.790E+00   1.024E+01  2.655E+00 
5.865E+00   1.031E+01  2.652E+00 
5.942E+00   1.038E+01  2.649E+00 
6.019E+00   1.044E+01  2.646E+00 
6.097E+00   1.051E+01  2.643E+00 
6.176E+00   1.058E+01  2.640E+00 
6.256E+00   1.065E+01  2.637E+00 
6.338E+00   1.072E+01  2.634E+00 
6.420E+00   1.079E+01  2.630E+00 
6.504E+00   1.086E+01  2.627E+00 
6.588E+00   1.093E+01  2.623E+00 
6.674E+00   1.100E+01  2.620E+00 
6.760E+00   1.107E+01  2.616E+00 
6.848E+00   1.114E+01  2.612E+00 
6.937E+00   1.121E+01  2.609E+00 
7.027E+00   1.128E+01  2.605E+00 
7.119E+00   1.136E+01  2.601E+00 
7.211E+00   1.143E+01  2.597E+00 
7.305E+00   1.150E+01  2.593E+00 
7.400E+00   1.158E+01  2.589E+00 
7.496E+00   1.165E+01  2.584E+00 
7.594E+00   1.173E+01  2.580E+00 
7.692E+00   1.181E+01  2.576E+00 
7.792E+00   1.188E+01  2.571E+00 
7.894E+00   1.196E+01  2.566E+00 
7.996E+00   1.204E+01  2.562E+00 
8.100E+00   1.212E+01  2.557E+00 
8.205E+00   1.221E+01  2.552E+00 
8.312E+00   1.230E+01  2.547E+00 
8.420E+00   1.239E+01  2.543E+00 
8.529E+00   1.247E+01  2.538E+00 
8.640E+00   1.256E+01  2.532E+00 
8.753E+00   1.265E+01  2.527E+00 
8.866E+00   1.275E+01  2.522E+00 
8.982E+00   1.284E+01  2.517E+00 
9.098E+00   1.293E+01  2.511E+00 
9.217E+00   1.302E+01  2.506E+00 
9.336E+00   1.312E+01  2.500E+00 
9.458E+00   1.321E+01  2.495E+00 
9.581E+00   1.331E+01  2.489E+00 
9.705E+00   1.341E+01  2.483E+00 
9.831E+00   1.350E+01  2.478E+00 
9.959E+00   1.360E+01  2.472E+00 
1.009E+01   1.370E+01  2.466E+00 
1.022E+01   1.380E+01  2.460E+00 
1.035E+01   1.390E+01  2.454E+00 
1.049E+01   1.400E+01  2.448E+00 
1.062E+01   1.411E+01  2.442E+00 
1.076E+01   1.421E+01  2.435E+00 
1.090E+01   1.432E+01  2.429E+00 
1.104E+01   1.442E+01  2.423E+00 
1.119E+01   1.453E+01  2.416E+00 
1.133E+01   1.463E+01  2.410E+00 
1.148E+01   1.474E+01  2.403E+00 
1.163E+01   1.485E+01  2.396E+00 
1.178E+01   1.496E+01  2.390E+00 
1.193E+01   1.507E+01  2.383E+00 
1.209E+01   1.518E+01  2.376E+00 
1.224E+01   1.529E+01  2.369E+00 
1.240E+01   1.541E+01  2.362E+00 
1.256E+01   1.552E+01  2.355E+00 
1.273E+01   1.564E+01  2.348E+00 
1.289E+01   1.575E+01  2.341E+00 
1.306E+01   1.587E+01  2.334E+00 
1.323E+01   1.599E+01  2.327E+00 
1.340E+01   1.611E+01  2.319E+00 
1.358E+01   1.623E+01  2.312E+00 
1.375E+01   1.635E+01  2.305E+00 
1.393E+01   1.648E+01  2.297E+00 
1.411E+01   1.660E+01  2.290E+00 
1.430E+01   1.672E+01  2.282E+00 
1.448E+01   1.685E+01  2.274E+00 
1.467E+01   1.698E+01  2.267E+00 
1.486E+01   1.711E+01  2.259E+00 
1.505E+01   1.724E+01  2.251E+00 
1.525E+01   1.737E+01  2.243E+00 
1.545E+01   1.750E+01  2.236E+00 
1.565E+01   1.763E+01  2.228E+00 
1.585E+01   1.776E+01  2.220E+00 
1.606E+01   1.790E+01  2.212E+00 
1.627E+01   1.804E+01  2.204E+00 
1.648E+01   1.817E+01  2.196E+00 
1.669E+01   1.831E+01  2.187E+00 
1.691E+01   1.845E+01  2.179E+00 
1.713E+01   1.859E+01  2.171E+00 
1.735E+01   1.874E+01  2.163E+00 
1.758E+01   1.888E+01  2.155E+00 
1.781E+01   1.903E+01  2.146E+00 
1.804E+01   1.917E+01  2.138E+00 
1.827E+01   1.932E+01  2.129E+00 
1.851E+01   1.947E+01  2.121E+00 
1.875E+01   1.962E+01  2.112E+00 
1.899E+01   1.977E+01  2.104E+00 
1.924E+01   1.992E+01  2.095E+00 
1.949E+01   2.008E+01  2.087E+00 
1.974E+01   2.024E+01  2.078E+00 
2.000E+01   2.039E+01  2.070E+00 
2.026E+01   2.055E+01  2.061E+00 
2.052E+01   2.071E+01  2.052E+00 
2.079E+01   2.087E+01  2.043E+00 
2.106E+01   2.104E+01  2.035E+00 
2.133E+01   2.120E+01  2.026E+00 
2.161E+01   2.137E+01  2.017E+00 
2.189E+01   2.154E+01  2.008E+00 
2.218E+01   2.171E+01  1.999E+00 
2.247E+01   2.188E+01  1.990E+00 
2.276E+01   2.205E+01  1.981E+00 
2.305E+01   2.222E+01  1.972E+00 
2.335E+01   2.240E+01  1.963E+00 
2.366E+01   2.258E+01  1.954E+00 
2.396E+01   2.276E+01  1.945E+00 
2.428E+01   2.294E+01  1.936E+00 
2.459E+01   2.312E+01  1.927E+00 
2.491E+01   2.330E+01  1.918E+00 
2.523E+01   2.349E+01  1.909E+00 
2.556E+01   2.368E+01  1.900E+00 
2.589E+01   2.387E+01  1.891E+00 
2.623E+01   2.406E+01  1.882E+00 
2.657E+01   2.425E+01  1.873E+00 
2.692E+01   2.445E+01  1.863E+00 
2.727E+01   2.464E+01  1.854E+00 
2.762E+01   2.484E+01  1.845E+00 
2.798E+01   2.504E+01  1.836E+00 
2.834E+01   2.524E+01  1.826E+00 
2.871E+01   2.545E+01  1.817E+00 
2.909E+01   2.565E+01  1.808E+00 
2.946E+01   2.586E+01  1.799E+00 
2.985E+01   2.607E+01  1.789E+00 
3.023E+01   2.628E+01  1.780E+00 
3.063E+01   2.650E+01  1.771E+00 
3.103E+01   2.671E+01  1.762E+00 
3.143E+01   2.693E+01  1.752E+00 
3.184E+01   2.715E+01  1.743E+00 
3.225E+01   2.737E+01  1.734E+00 
3.267E+01   2.760E+01  1.725E+00 
3.309E+01   2.783E+01  1.715E+00 
3.352E+01   2.805E+01  1.706E+00 
3.396E+01   2.828E+01  1.697E+00 
3.440E+01   2.852E+01  1.687E+00 
3.485E+01   2.875E+01  1.678E+00 
3.530E+01   2.899E+01  1.669E+00 
3.576E+01   2.923E+01  1.659E+00 
3.623E+01   2.947E+01  1.650E+00 
3.670E+01   2.972E+01  1.641E+00 
3.717E+01   2.996E+01  1.632E+00 
3.766E+01   3.021E+01  1.622E+00 
3.815E+01   3.046E+01  1.613E+00 
3.864E+01   3.072E+01  1.604E+00 
3.914E+01   3.097E+01  1.595E+00 
3.965E+01   3.123E+01  1.585E+00 
4.017E+01   3.149E+01  1.576E+00 
4.069E+01   3.175E+01  1.567E+00 
4.122E+01   3.202E+01  1.558E+00 
4.175E+01   3.229E+01  1.548E+00 
4.230E+01   3.256E+01  1.539E+00 
4.285E+01   3.283E+01  1.530E+00 
4.340E+01   3.311E+01  1.521E+00 
4.397E+01   3.339E+01  1.512E+00 
4.454E+01   3.367E+01  1.503E+00 
4.512E+01   3.395E+01  1.493E+00 
4.570E+01   3.424E+01  1.484E+00 
4.630E+01   3.453E+01  1.475E+00 
4.690E+01   3.482E+01  1.466E+00 
4.751E+01   3.511E+01  1.457E+00 
4.813E+01   3.541E+01  1.448E+00 
4.875E+01   3.571E+01  1.439E+00 
4.939E+01   3.601E+01  1.430E+00 
5.003E+01   3.632E+01  1.421E+00 
5.068E+01   3.663E+01  1.412E+00 
5.134E+01   3.694E+01  1.403E+00 
5.200E+01   3.725E+01  1.394E+00 
5.268E+01   3.757E+01  1.385E+00 
5.336E+01   3.788E+01  1.376E+00 
5.406E+01   3.821E+01  1.367E+00 
5.476E+01   3.853E+01  1.358E+00 
5.547E+01   3.886E+01  1.350E+00 
5.619E+01   3.919E+01  1.341E+00 
5.692E+01   3.952E+01  1.332E+00 
5.766E+01   3.986E+01  1.323E+00 
5.841E+01   4.020E+01  1.315E+00 
5.917E+01   4.054E+01  1.306E+00 
5.994E+01   4.088E+01  1.297E+00 
6.072E+01   4.123E+01  1.288E+00 
6.151E+01   4.158E+01  1.280E+00 
6.231E+01   4.194E+01  1.271E+00 
6.312E+01   4.229E+01  1.263E+00 
6.394E+01   4.265E+01  1.254E+00 
6.477E+01   4.301E+01  1.246E+00 
6.561E+01   4.338E+01  1.237E+00 
6.646E+01   4.375E+01  1.229E+00 
6.733E+01   4.412E+01  1.220E+00 
6.820E+01   4.449E+01  1.212E+00 
6.909E+01   4.487E+01  1.203E+00 
6.999E+01   4.525E+01  1.195E+00 
7.090E+01   4.563E+01  1.187E+00 
7.182E+01   4.601E+01  1.178E+00 
7.275E+01   4.640E+01  1.170E+00 
7.370E+01   4.679E+01  1.162E+00 
7.465E+01   4.719E+01  1.154E+00 
7.562E+01   4.758E+01  1.145E+00 
7.661E+01   4.798E+01  1.137E+00 
7.760E+01   4.838E+01  1.129E+00 
7.861E+01   4.879E+01  1.121E+00 
7.963E+01   4.919E+01  1.113E+00 
8.067E+01   4.960E+01  1.105E+00 
8.172E+01   5.001E+01  1.097E+00 
8.278E+01   5.043E+01  1.089E+00 
8.385E+01   5.085E+01  1.081E+00 
8.494E+01   5.126E+01  1.073E+00 
8.605E+01   5.169E+01  1.065E+00 
8.717E+01   5.211E+01  1.058E+00 
8.830E+01   5.254E+01  1.050E+00 
8.945E+01   5.297E+01  1.042E+00 
9.061E+01   5.340E+01  1.034E+00 
9.179E+01   5.383E+01  1.027E+00 
9.298E+01   5.427E+01  1.019E+00 
9.419E+01   5.470E+01  1.011E+00 
9.541E+01   5.514E+01  1.004E+00 
9.665E+01   5.558E+01  9.964E-01 
9.791E+01   5.603E+01  9.889E-01 
9.918E+01   5.647E+01  9.814E-01 
1.005E+02   5.692E+01  9.740E-01 
1.018E+02   5.737E+01  9.666E-01 
1.031E+02   5.782E+01  9.592E-01 
1.044E+02   5.827E+01  9.519E-01 
1.058E+02   5.872E+01  9.446E-01 
1.072E+02   5.917E+01  9.374E-01 
1.086E+02   5.963E+01  9.302E-01 
1.100E+02   6.009E+01  9.230E-01 
1.114E+02   6.054E+01  9.159E-01 
1.129E+02   6.100E+01  9.088E-01 
1.143E+02   6.146E+01  9.017E-01 
1.158E+02   6.193E+01  8.947E-01 
1.173E+02   6.239E+01  8.877E-01 
1.188E+02   6.285E+01  8.808E-01 
1.204E+02   6.331E+01  8.738E-01 
1.219E+02   6.378E+01  8.670E-01 
1.235E+02   6.424E+01  8.601E-01 
1.251E+02   6.471E+01  8.533E-01 
1.268E+02   6.517E+01  8.466E-01 
1.284E+02   6.564E+01  8.398E-01 
1.301E+02   6.611E+01  8.332E-01 
1.318E+02   6.657E+01  8.265E-01 
1.335E+02   6.704E+01  8.199E-01 
1.352E+02   6.751E+01  8.133E-01 
1.370E+02   6.797E+01  8.068E-01 
1.388E+02   6.844E+01  8.003E-01 
1.406E+02   6.891E+01  7.938E-01 
1.424E+02   6.937E+01  7.874E-01 
1.442E+02   6.984E+01  7.810E-01 
1.461E+02   7.031E+01  7.747E-01 
1.480E+02   7.077E+01  7.684E-01 
1.499E+02   7.124E+01  7.621E-01 
1.519E+02   7.170E+01  7.559E-01 
1.539E+02   7.217E+01  7.497E-01 
1.559E+02   7.263E+01  7.435E-01 
1.579E+02   7.310E+01  7.374E-01 
1.599E+02   7.356E+01  7.313E-01 
1.620E+02   7.402E+01  7.253E-01 
1.641E+02   7.449E+01  7.193E-01 
1.662E+02   7.495E+01  7.133E-01 
1.684E+02   7.541E+01  7.074E-01 
1.706E+02   7.587E+01  7.015E-01 
1.728E+02   7.633E+01  6.956E-01 
1.751E+02   7.679E+01  6.898E-01 
1.773E+02   7.725E+01  6.840E-01 
1.796E+02   7.771E+01  6.783E-01 
1.820E+02   7.817E+01  6.726E-01 
1.843E+02   7.863E+01  6.669E-01 
1.867E+02   7.908E+01  6.613E-01 
1.892E+02   7.954E+01  6.557E-01 
1.916E+02   8.000E+01  6.501E-01 
1.941E+02   8.045E+01  6.446E-01 
1.966E+02   8.091E+01  6.391E-01 
1.992E+02   8.136E+01  6.337E-01 
2.018E+02   8.182E+01  6.282E-01 
2.044E+02   8.227E+01  6.229E-01 
2.071E+02   8.272E+01  6.175E-01 
2.097E+02   8.318E+01  6.122E-01 
2.125E+02   8.363E+01  6.070E-01 
2.152E+02   8.408E+01  6.017E-01 
2.180E+02   8.453E+01  5.965E-01 
2.209E+02   8.499E+01  5.914E-01 
2.237E+02   8.544E+01  5.863E-01 
2.266E+02   8.589E+01  5.812E-01 
2.296E+02   8.634E+01  5.761E-01 
2.326E+02   8.679E+01  5.711E-01 
2.356E+02   8.725E+01  5.661E-01 
2.387E+02   8.770E+01  5.612E-01 
2.418E+02   8.815E+01  5.563E-01 
2.449E+02   8.860E+01  5.514E-01 
2.481E+02   8.905E+01  5.465E-01 
2.513E+02   8.950E+01  5.417E-01 
2.546E+02   8.995E+01  5.370E-01 
2.579E+02   9.040E+01  5.322E-01 
2.612E+02   9.085E+01  5.275E-01 
2.646E+02   9.130E+01  5.229E-01 
2.681E+02   9.175E+01  5.182E-01 
2.716E+02   9.220E+01  5.136E-01 
2.751E+02   9.265E+01  5.091E-01 
2.787E+02   9.310E+01  5.045E-01 
2.823E+02   9.354E+01  5.000E-01 
2.859E+02   9.399E+01  4.956E-01 
2.897E+02   9.444E+01  4.911E-01 
2.934E+02   9.489E+01  4.867E-01 
2.972E+02   9.533E+01  4.824E-01 
3.011E+02   9.578E+01  4.780E-01 
3.050E+02   9.622E+01  4.737E-01 
3.090E+02   9.667E+01  4.694E-01 
3.130E+02   9.711E+01  4.652E-01 
3.171E+02   9.755E+01  4.610E-01 
3.212E+02   9.799E+01  4.568E-01 
3.254E+02   9.843E+01  4.527E-01 
3.296E+02   9.887E+01  4.486E-01 
3.339E+02   9.931E+01  4.445E-01 
3.382E+02   9.974E+01  4.405E-01 
3.426E+02   1.002E+02  4.338E-01 
3.471E+02   1.006E+02  4.298E-01 
3.516E+02   1.010E+02  4.259E-01 
3.561E+02   1.015E+02  4.220E-01 
3.608E+02   1.019E+02  4.182E-01 
3.655E+02   1.023E+02  4.143E-01 
3.702E+02   1.027E+02  4.106E-01 
3.750E+02   1.032E+02  4.068E-01 
3.799E+02   1.036E+02  4.030E-01 
3.848E+02   1.040E+02  3.993E-01 
3.898E+02   1.044E+02  3.957E-01 
3.949E+02   1.048E+02  3.920E-01 
4.000E+02   1.052E+02  3.884E-01 
4.052E+02   1.056E+02  3.848E-01 
4.105E+02   1.060E+02  3.812E-01 
4.158E+02   1.064E+02  3.777E-01 
4.212E+02   1.068E+02  3.742E-01 
4.267E+02   1.072E+02  3.707E-01 
4.323E+02   1.076E+02  3.672E-01 
4.379E+02   1.079E+02  3.638E-01 
4.436E+02   1.083E+02  3.604E-01 
4.493E+02   1.087E+02  3.570E-01 
4.552E+02   1.090E+02  3.537E-01 
4.611E+02   1.094E+02  3.504E-01 
4.671E+02   1.098E+02  3.471E-01 
4.731E+02   1.101E+02  3.438E-01 
4.793E+02   1.104E+02  3.406E-01 
4.855E+02   1.108E+02  3.374E-01 
4.918E+02   1.111E+02  3.342E-01 
4.982E+02   1.114E+02  3.310E-01 
5.047E+02   1.118E+02  3.279E-01 
5.113E+02   1.121E+02  3.248E-01 
5.179E+02   1.124E+02  3.217E-01 
5.246E+02   1.127E+02  3.186E-01 
5.315E+02   1.130E+02  3.156E-01 
5.384E+02   1.133E+02  3.126E-01 
5.454E+02   1.135E+02  3.096E-01 
5.524E+02   1.138E+02  3.067E-01 
5.596E+02   1.141E+02  3.037E-01 
5.669E+02   1.143E+02  3.008E-01 
5.743E+02   1.146E+02  2.980E-01 
5.817E+02   1.148E+02  2.951E-01 
5.893E+02   1.151E+02  2.923E-01 
5.969E+02   1.153E+02  2.895E-01 
6.047E+02   1.155E+02  2.867E-01 
6.126E+02   1.157E+02  2.839E-01 
6.205E+02   1.159E+02  2.812E-01 
6.286E+02   1.161E+02  2.785E-01 
6.368E+02   1.163E+02  2.758E-01 
6.450E+02   1.165E+02  2.731E-01 
6.534E+02   1.166E+02  2.705E-01 
6.619E+02   1.168E+02  2.678E-01 
6.705E+02   1.169E+02  2.652E-01 
6.792E+02   1.171E+02  2.627E-01 
6.881E+02   1.172E+02  2.601E-01 
6.970E+02   1.173E+02  2.576E-01 
7.061E+02   1.175E+02  2.551E-01 
7.152E+02   1.176E+02  2.526E-01 
7.245E+02   1.177E+02  2.501E-01 
7.339E+02   1.177E+02  2.477E-01 
7.435E+02   1.178E+02  2.453E-01 
7.531E+02   1.179E+02  2.429E-01 
7.629E+02   1.179E+02  2.405E-01 
7.728E+02   1.180E+02  2.381E-01 
7.829E+02   1.180E+02  2.358E-01 
7.931E+02   1.181E+02  2.335E-01 
8.034E+02   1.181E+02  2.312E-01 
8.138E+02   1.181E+02  2.289E-01 
8.244E+02   1.181E+02  2.267E-01 
8.351E+02   1.181E+02  2.244E-01 
8.460E+02   1.181E+02  2.222E-01 
8.570E+02   1.180E+02  2.200E-01 
8.681E+02   1.180E+02  2.178E-01 
8.794E+02   1.180E+02  2.157E-01 
8.908E+02   1.179E+02  2.135E-01 
9.024E+02   1.178E+02  2.114E-01 
9.141E+02   1.178E+02  2.093E-01 
9.260E+02   1.177E+02  2.072E-01 
9.380E+02   1.176E+02  2.052E-01 
9.502E+02   1.175E+02  2.031E-01 
9.626E+02   1.174E+02  2.011E-01 
9.751E+02   1.172E+02  1.991E-01 
9.877E+02   1.171E+02  1.971E-01 
1.001E+03   1.170E+02  1.952E-01 
1.014E+03   1.168E+02  1.932E-01 
1.027E+03   1.166E+02  1.913E-01 
1.040E+03   1.165E+02  1.894E-01 
1.054E+03   1.163E+02  1.875E-01 
1.067E+03   1.161E+02  1.856E-01 
1.081E+03   1.159E+02  1.837E-01 
1.095E+03   1.157E+02  1.819E-01 
1.109E+03   1.155E+02  1.801E-01 
1.124E+03   1.153E+02  1.783E-01 
1.138E+03   1.151E+02  1.765E-01 
1.153E+03   1.148E+02  1.747E-01 
1.168E+03   1.146E+02  1.729E-01 
1.183E+03   1.143E+02  1.712E-01 
1.199E+03   1.141E+02  1.695E-01 
1.214E+03   1.138E+02  1.677E-01 
1.230E+03   1.135E+02  1.661E-01 
1.246E+03   1.132E+02  1.644E-01 
1.262E+03   1.129E+02  1.627E-01 
1.279E+03   1.126E+02  1.611E-01 
1.295E+03   1.123E+02  1.594E-01 
1.312E+03   1.120E+02  1.578E-01 
1.329E+03   1.117E+02  1.562E-01 
1.347E+03   1.114E+02  1.546E-01 
1.364E+03   1.110E+02  1.531E-01 
1.382E+03   1.107E+02  1.515E-01 
1.400E+03   1.103E+02  1.500E-01 
1.418E+03   1.100E+02  1.484E-01 
1.436E+03   1.096E+02  1.469E-01 
1.455E+03   1.092E+02  1.454E-01 
1.474E+03   1.089E+02  1.439E-01 
1.493E+03   1.085E+02  1.425E-01 
1.513E+03   1.081E+02  1.410E-01 
1.532E+03   1.077E+02  1.396E-01 
1.552E+03   1.073E+02  1.381E-01 
1.572E+03   1.069E+02  1.367E-01 
1.593E+03   1.065E+02  1.353E-01 
1.613E+03   1.061E+02  1.339E-01 
1.634E+03   1.057E+02  1.326E-01 
1.656E+03   1.053E+02  1.312E-01 
1.677E+03   1.048E+02  1.298E-01 
1.699E+03   1.044E+02  1.285E-01 
1.721E+03   1.040E+02  1.272E-01 
1.743E+03   1.035E+02  1.259E-01 
1.766E+03   1.031E+02  1.246E-01 
1.789E+03   1.026E+02  1.233E-01 
1.812E+03   1.022E+02  1.220E-01 
1.836E+03   1.017E+02  1.208E-01 
1.860E+03   1.013E+02  1.195E-01 
1.884E+03   1.008E+02  1.183E-01 
1.908E+03   1.003E+02  1.171E-01 
1.933E+03   9.988E+01  1.159E-01 
1.958E+03   9.940E+01  1.147E-01 
1.984E+03   9.893E+01  1.135E-01 
2.009E+03   9.845E+01  1.123E-01 
2.036E+03   9.797E+01  1.111E-01 
2.062E+03   9.748E+01  1.100E-01 
2.089E+03   9.700E+01  1.088E-01 
2.116E+03   9.651E+01  1.077E-01 
2.143E+03   9.602E+01  1.066E-01 
2.171E+03   9.553E+01  1.055E-01 
2.200E+03   9.503E+01  1.044E-01 
2.228E+03   9.453E+01  1.033E-01 
2.257E+03   9.403E+01  1.022E-01 
2.286E+03   9.353E+01  1.011E-01 
2.316E+03   9.303E+01  1.001E-01 
2.346E+03   9.253E+01  9.905E-02 
2.377E+03   9.202E+01  9.801E-02 
2.408E+03   9.151E+01  9.699E-02 
2.439E+03   9.101E+01  9.598E-02 
2.471E+03   9.050E+01  9.497E-02 
2.503E+03   8.999E+01  9.398E-02 
2.535E+03   8.948E+01  9.299E-02 
2.568E+03   8.896E+01  9.202E-02 
2.602E+03   8.845E+01  9.106E-02 
2.635E+03   8.794E+01  9.010E-02 
2.670E+03   8.742E+01  8.916E-02 
2.704E+03   8.691E+01  8.822E-02 
2.740E+03   8.639E+01  8.729E-02 
2.775E+03   8.588E+01  8.638E-02 
2.811E+03   8.536E+01  8.547E-02 
2.848E+03   8.485E+01  8.457E-02 
2.885E+03   8.433E+01  8.368E-02 
2.922E+03   8.382E+01  8.280E-02 
2.960E+03   8.330E+01  8.193E-02 
2.999E+03   8.279E+01  8.106E-02 
3.038E+03   8.227E+01  8.021E-02 
3.077E+03   8.176E+01  7.936E-02 
3.117E+03   8.124E+01  7.852E-02 
3.158E+03   8.073E+01  7.769E-02 
3.199E+03   8.022E+01  7.687E-02 
3.240E+03   7.970E+01  7.606E-02 
3.282E+03   7.919E+01  7.526E-02 
3.325E+03   7.868E+01  7.446E-02 
3.368E+03   7.817E+01  7.367E-02 
3.412E+03   7.766E+01  7.289E-02 
3.456E+03   7.715E+01  7.212E-02 
3.501E+03   7.665E+01  7.135E-02 
3.547E+03   7.614E+01  7.060E-02 
3.593E+03   7.563E+01  6.985E-02 
3.640E+03   7.513E+01  6.911E-02 
3.687E+03   7.463E+01  6.837E-02 
3.735E+03   7.412E+01  6.764E-02 
3.783E+03   7.362E+01  6.693E-02 
3.832E+03   7.312E+01  6.621E-02 
3.882E+03   7.262E+01  6.551E-02 
3.933E+03   7.213E+01  6.481E-02 
3.984E+03   7.163E+01  6.412E-02 
4.036E+03   7.114E+01  6.344E-02 
4.088E+03   7.065E+01  6.276E-02 
4.141E+03   7.016E+01  6.209E-02 
4.195E+03   6.967E+01  6.143E-02 
4.250E+03   6.918E+01  6.077E-02 
4.305E+03   6.869E+01  6.012E-02 
4.361E+03   6.821E+01  5.948E-02 
4.417E+03   6.773E+01  5.885E-02 
4.475E+03   6.725E+01  5.822E-02 
4.533E+03   6.677E+01  5.759E-02 
4.592E+03   6.629E+01  5.698E-02 
4.652E+03   6.582E+01  5.637E-02 
4.712E+03   6.534E+01  5.576E-02 
4.773E+03   6.487E+01  5.517E-02 
4.835E+03   6.440E+01  5.457E-02 
4.898E+03   6.394E+01  5.399E-02 
4.962E+03   6.347E+01  5.341E-02 
5.026E+03   6.301E+01  5.284E-02 
5.092E+03   6.255E+01  5.227E-02 
5.158E+03   6.209E+01  5.171E-02 
5.225E+03   6.163E+01  5.115E-02 
5.293E+03   6.117E+01  5.060E-02 
5.362E+03   6.072E+01  5.006E-02 
5.431E+03   6.027E+01  4.952E-02 
5.502E+03   5.982E+01  4.899E-02 
5.573E+03   5.938E+01  4.846E-02 
5.646E+03   5.893E+01  4.794E-02 
5.719E+03   5.849E+01  4.742E-02 
5.793E+03   5.805E+01  4.691E-02 
5.869E+03   5.761E+01  4.640E-02 
5.945E+03   5.718E+01  4.590E-02 
6.022E+03   5.674E+01  4.541E-02 
6.101E+03   5.631E+01  4.491E-02 
6.180E+03   5.588E+01  4.443E-02 
6.260E+03   5.546E+01  4.395E-02 
6.341E+03   5.503E+01  4.347E-02 
6.424E+03   5.461E+01  4.300E-02 
6.507E+03   5.419E+01  4.254E-02 
6.592E+03   5.378E+01  4.208E-02 
6.678E+03   5.336E+01  4.162E-02 
6.764E+03   5.295E+01  4.117E-02 
6.852E+03   5.254E+01  4.073E-02 
6.941E+03   5.213E+01  4.028E-02 
7.032E+03   5.173E+01  3.985E-02 
7.123E+03   5.132E+01  3.941E-02 
7.216E+03   5.092E+01  3.899E-02 
7.309E+03   5.052E+01  3.856E-02 
7.404E+03   5.013E+01  3.814E-02 
7.501E+03   4.974E+01  3.773E-02 
7.598E+03   4.934E+01  3.732E-02 
7.697E+03   4.895E+01  3.691E-02 
7.797E+03   4.857E+01  3.651E-02 
7.898E+03   4.818E+01  3.612E-02 
8.001E+03   4.780E+01  3.572E-02 
8.105E+03   4.750E+01  3.533E-02 
8.210E+03   4.720E+01  3.495E-02 
8.317E+03   4.689E+01  3.457E-02 
8.425E+03   4.658E+01  3.419E-02 
8.534E+03   4.626E+01  3.382E-02 
8.645E+03   4.594E+01  3.345E-02 
8.758E+03   4.562E+01  3.308E-02 
8.871E+03   4.529E+01  3.272E-02 
8.987E+03   4.496E+01  3.237E-02 
9.104E+03   4.462E+01  3.201E-02 
9.222E+03   4.428E+01  3.166E-02 
9.342E+03   4.393E+01  3.132E-02 
9.463E+03   4.358E+01  3.097E-02 
9.586E+03   4.323E+01  3.064E-02 
9.711E+03   4.290E+01  3.030E-02 
9.837E+03   4.257E+01  2.997E-02 
9.965E+03   4.225E+01  2.964E-02 
1.009E+04   4.193E+01  2.932E-02 
1.023E+04   4.161E+01  2.900E-02 
1.036E+04   4.129E+01  2.868E-02 
1.049E+04   4.097E+01  2.836E-02 
1.063E+04   4.066E+01  2.805E-02 
1.077E+04   4.035E+01  2.774E-02 
1.091E+04   4.004E+01  2.744E-02 
1.105E+04   3.973E+01  2.714E-02 
1.119E+04   3.942E+01  2.684E-02 
1.134E+04   3.912E+01  2.655E-02 
1.149E+04   3.881E+01  2.625E-02 
1.163E+04   3.851E+01  2.597E-02 
1.179E+04   3.821E+01  2.568E-02 
1.194E+04   3.792E+01  2.540E-02 
1.209E+04   3.762E+01  2.512E-02 
1.225E+04   3.733E+01  2.484E-02 
1.241E+04   3.703E+01  2.457E-02 
1.257E+04   3.674E+01  2.430E-02 
1.274E+04   3.645E+01  2.403E-02 
1.290E+04   3.617E+01  2.377E-02 
1.307E+04   3.588E+01  2.350E-02 
1.324E+04   3.560E+01  2.325E-02 
1.341E+04   3.532E+01  2.299E-02 
1.358E+04   3.504E+01  2.274E-02 
1.376E+04   3.476E+01  2.248E-02 
1.394E+04   3.448E+01  2.224E-02 
1.412E+04   3.421E+01  2.199E-02 
1.431E+04   3.393E+01  2.175E-02 
1.449E+04   3.366E+01  2.151E-02 
1.468E+04   3.339E+01  2.127E-02 
1.487E+04   3.312E+01  2.104E-02 
1.506E+04   3.286E+01  2.080E-02 
1.526E+04   3.259E+01  2.057E-02 
1.546E+04   3.233E+01  2.035E-02 
1.566E+04   3.207E+01  2.012E-02 
1.586E+04   3.181E+01  1.990E-02 
1.607E+04   3.155E+01  1.968E-02 
1.628E+04   3.130E+01  1.946E-02 
1.649E+04   3.104E+01  1.924E-02 
1.670E+04   3.079E+01  1.903E-02 
1.692E+04   3.054E+01  1.882E-02 
1.714E+04   3.029E+01  1.861E-02 
1.736E+04   3.004E+01  1.840E-02 
1.759E+04   2.979E+01  1.820E-02 
1.782E+04   2.955E+01  1.800E-02 
1.805E+04   2.931E+01  1.780E-02 
1.828E+04   2.906E+01  1.760E-02 
1.852E+04   2.882E+01  1.741E-02 
1.876E+04   2.859E+01  1.721E-02 
1.900E+04   2.835E+01  1.702E-02 
1.925E+04   2.811E+01  1.683E-02 
1.950E+04   2.788E+01  1.664E-02 
1.976E+04   2.765E+01  1.646E-02 
2.001E+04   2.742E+01  1.628E-02 
2.027E+04   2.719E+01  1.610E-02 
2.054E+04   2.696E+01  1.592E-02 
2.080E+04   2.674E+01  1.574E-02 
2.107E+04   2.651E+01  1.556E-02 
2.135E+04   2.629E+01  1.539E-02 
2.162E+04   2.607E+01  1.522E-02 
2.191E+04   2.585E+01  1.505E-02 
2.219E+04   2.563E+01  1.488E-02 
2.248E+04   2.542E+01  1.472E-02 
2.277E+04   2.520E+01  1.455E-02 
2.307E+04   2.499E+01  1.439E-02 
2.337E+04   2.478E+01  1.423E-02 
2.367E+04   2.457E+01  1.407E-02 
2.398E+04   2.436E+01  1.391E-02 
2.429E+04   2.415E+01  1.376E-02 
2.461E+04   2.394E+01  1.360E-02 
2.492E+04   2.374E+01  1.345E-02 
2.525E+04   2.354E+01  1.330E-02 
2.558E+04   2.334E+01  1.315E-02 
2.591E+04   2.314E+01  1.301E-02 
2.625E+04   2.294E+01  1.286E-02 
2.659E+04   2.274E+01  1.272E-02 
2.693E+04   2.254E+01  1.257E-02 
2.728E+04   2.235E+01  1.243E-02 
2.764E+04   2.216E+01  1.229E-02 
2.800E+04   2.197E+01  1.216E-02 
2.836E+04   2.178E+01  1.202E-02 
2.873E+04   2.159E+01  1.189E-02 
2.910E+04   2.140E+01  1.175E-02 
2.948E+04   2.121E+01  1.162E-02 
2.986E+04   2.103E+01  1.149E-02 
3.025E+04   2.085E+01  1.136E-02 
3.065E+04   2.066E+01  1.123E-02 
3.104E+04   2.048E+01  1.111E-02 
3.145E+04   2.030E+01  1.098E-02 
3.186E+04   2.013E+01  1.086E-02 
3.227E+04   1.995E+01  1.074E-02 
3.269E+04   1.977E+01  1.062E-02 
3.311E+04   1.960E+01  1.050E-02 
3.354E+04   1.943E+01  1.038E-02 
3.398E+04   1.926E+01  1.026E-02 
3.442E+04   1.909E+01  1.015E-02 
3.487E+04   1.892E+01  1.004E-02 
3.532E+04   1.875E+01  9.922E-03 
3.578E+04   1.858E+01  9.811E-03 
3.625E+04   1.842E+01  9.700E-03 
3.672E+04   1.826E+01  9.591E-03 
3.719E+04   1.809E+01  9.483E-03 
3.768E+04   1.793E+01  9.376E-03 
3.817E+04   1.777E+01  9.271E-03 
3.866E+04   1.761E+01  9.166E-03 
3.917E+04   1.746E+01  9.063E-03 
3.968E+04   1.730E+01  8.961E-03 
4.019E+04   1.715E+01  8.860E-03 
4.071E+04   1.699E+01  8.760E-03 
4.124E+04   1.684E+01  8.662E-03 
4.178E+04   1.669E+01  8.564E-03 
4.232E+04   1.654E+01  8.467E-03 
4.287E+04   1.639E+01  8.372E-03 
4.343E+04   1.624E+01  8.277E-03 
4.399E+04   1.610E+01  8.184E-03 
4.456E+04   1.595E+01  8.092E-03 
4.514E+04   1.581E+01  8.000E-03 
4.573E+04   1.566E+01  7.910E-03 
4.632E+04   1.552E+01  7.820E-03 
4.693E+04   1.538E+01  7.732E-03 
4.754E+04   1.524E+01  7.645E-03 
4.815E+04   1.510E+01  7.558E-03 
4.878E+04   1.496E+01  7.473E-03 
4.941E+04   1.483E+01  7.388E-03 
5.006E+04   1.469E+01  7.305E-03 
5.071E+04   1.456E+01  7.222E-03 
5.137E+04   1.443E+01  7.140E-03 
5.203E+04   1.429E+01  7.060E-03 
5.271E+04   1.416E+01  6.980E-03 
5.340E+04   1.403E+01  6.901E-03 
5.409E+04   1.391E+01  6.823E-03 
5.479E+04   1.378E+01  6.745E-03 
5.550E+04   1.365E+01  6.669E-03 
5.623E+04   1.353E+01  6.593E-03 
5.696E+04   1.340E+01  6.519E-03 
5.770E+04   1.328E+01  6.445E-03 
5.845E+04   1.316E+01  6.372E-03 
5.921E+04   1.303E+01  6.299E-03 
5.998E+04   1.291E+01  6.228E-03 
6.075E+04   1.280E+01  6.157E-03 
6.154E+04   1.268E+01  6.087E-03 
6.234E+04   1.256E+01  6.018E-03 
6.315E+04   1.244E+01  5.950E-03 
6.398E+04   1.233E+01  5.883E-03 
6.481E+04   1.221E+01  5.816E-03 
6.565E+04   1.210E+01  5.750E-03 
6.650E+04   1.199E+01  5.684E-03 
6.737E+04   1.188E+01  5.620E-03 
6.824E+04   1.177E+01  5.556E-03 
6.913E+04   1.166E+01  5.493E-03 
7.003E+04   1.155E+01  5.430E-03 
7.094E+04   1.144E+01  5.369E-03 
7.186E+04   1.133E+01  5.308E-03 
7.279E+04   1.123E+01  5.247E-03 
7.374E+04   1.112E+01  5.188E-03 
7.470E+04   1.102E+01  5.128E-03 
7.567E+04   1.092E+01  5.070E-03 
7.665E+04   1.081E+01  5.012E-03 
7.765E+04   1.071E+01  4.955E-03 
7.866E+04   1.061E+01  4.899E-03 
7.968E+04   1.051E+01  4.843E-03 
8.072E+04   1.041E+01  4.788E-03 
8.176E+04   1.032E+01  4.733E-03 
8.283E+04   1.022E+01  4.679E-03 
8.390E+04   1.012E+01  4.626E-03 
8.499E+04   1.003E+01  4.573E-03 
8.610E+04   9.933E+00  4.521E-03 
8.722E+04   9.840E+00  4.470E-03 
8.835E+04   9.747E+00  4.419E-03 
8.950E+04   9.655E+00  4.368E-03 
9.066E+04   9.564E+00  4.318E-03 
9.184E+04   9.474E+00  4.269E-03 
9.303E+04   9.384E+00  4.220E-03 
9.424E+04   9.296E+00  4.172E-03 
9.547E+04   9.208E+00  4.125E-03 
9.671E+04   9.121E+00  4.078E-03 
9.797E+04   9.035E+00  4.031E-03 
9.924E+04   8.949E+00  3.985E-03 
1.005E+05   8.865E+00  3.939E-03 
1.018E+05   8.781E+00  3.894E-03 
1.032E+05   8.697E+00  3.850E-03 
1.045E+05   8.615E+00  3.806E-03 
1.059E+05   8.533E+00  3.762E-03 
1.072E+05   8.452E+00  3.719E-03 
1.086E+05   8.372E+00  3.677E-03 
1.100E+05   8.293E+00  3.635E-03 
1.115E+05   8.214E+00  3.593E-03 
1.129E+05   8.136E+00  3.552E-03 
1.144E+05   8.059E+00  3.511E-03 
1.159E+05   7.982E+00  3.471E-03 
1.174E+05   7.906E+00  3.431E-03 
1.189E+05   7.831E+00  3.392E-03 
1.204E+05   7.757E+00  3.353E-03 
1.220E+05   7.683E+00  3.315E-03 
1.236E+05   7.610E+00  3.277E-03 
1.252E+05   7.538E+00  3.239E-03 
1.268E+05   7.466E+00  3.202E-03 
1.285E+05   7.395E+00  3.165E-03 
1.302E+05   7.324E+00  3.129E-03 
1.318E+05   7.255E+00  3.093E-03 
1.336E+05   7.186E+00  3.058E-03 
1.353E+05   7.117E+00  3.023E-03 
1.371E+05   7.049E+00  2.988E-03 
1.388E+05   6.982E+00  2.954E-03 
1.406E+05   6.916E+00  2.920E-03 
1.425E+05   6.850E+00  2.886E-03 
1.443E+05   6.785E+00  2.853E-03 
1.462E+05   6.720E+00  2.820E-03 
1.481E+05   6.656E+00  2.788E-03 
1.500E+05   6.593E+00  2.756E-03 
1.520E+05   6.530E+00  2.724E-03 
1.539E+05   6.468E+00  2.693E-03 
1.559E+05   6.406E+00  2.662E-03 
1.580E+05   6.345E+00  2.632E-03 
1.600E+05   6.285E+00  2.601E-03 
1.621E+05   6.225E+00  2.571E-03 
1.642E+05   6.166E+00  2.542E-03 
1.663E+05   6.107E+00  2.513E-03 
1.685E+05   6.049E+00  2.484E-03 
1.707E+05   5.991E+00  2.455E-03 
1.729E+05   5.934E+00  2.427E-03 
1.752E+05   5.878E+00  2.399E-03 
1.774E+05   5.822E+00  2.371E-03 
1.797E+05   5.766E+00  2.344E-03 
1.821E+05   5.712E+00  2.317E-03 
1.844E+05   5.657E+00  2.290E-03 
1.868E+05   5.604E+00  2.264E-03 
1.893E+05   5.550E+00  2.238E-03 
1.917E+05   5.498E+00  2.212E-03 
1.942E+05   5.445E+00  2.187E-03 
1.967E+05   5.394E+00  2.161E-03 
1.993E+05   5.343E+00  2.137E-03 
2.019E+05   5.292E+00  2.112E-03 
2.045E+05   5.242E+00  2.088E-03 
2.072E+05   5.192E+00  2.064E-03 
2.099E+05   5.143E+00  2.040E-03 
2.126E+05   5.094E+00  2.016E-03 
2.154E+05   5.046E+00  1.993E-03 
2.182E+05   4.998E+00  1.970E-03 
2.210E+05   4.951E+00  1.947E-03 
2.239E+05   4.904E+00  1.925E-03 
2.268E+05   4.858E+00  1.903E-03 
2.297E+05   4.812E+00  1.881E-03 
2.327E+05   4.767E+00  1.859E-03 
2.357E+05   4.722E+00  1.837E-03 
2.388E+05   4.677E+00  1.816E-03 
2.419E+05   4.633E+00  1.795E-03 
2.450E+05   4.589E+00  1.774E-03 
2.482E+05   4.546E+00  1.754E-03 
2.515E+05   4.504E+00  1.734E-03 
2.547E+05   4.461E+00  1.714E-03 
2.580E+05   4.419E+00  1.694E-03 
2.614E+05   4.378E+00  1.674E-03 
2.648E+05   4.337E+00  1.655E-03 
2.682E+05   4.296E+00  1.636E-03 
2.717E+05   4.256E+00  1.617E-03 
2.752E+05   4.216E+00  1.598E-03 
2.788E+05   4.177E+00  1.580E-03 
2.824E+05   4.138E+00  1.561E-03 
2.861E+05   4.099E+00  1.543E-03 
2.898E+05   4.061E+00  1.525E-03 
2.936E+05   4.023E+00  1.508E-03 
2.974E+05   3.986E+00  1.490E-03 
3.013E+05   3.949E+00  1.473E-03 
3.052E+05   3.912E+00  1.456E-03 
3.092E+05   3.876E+00  1.439E-03 
3.132E+05   3.840E+00  1.423E-03 
3.172E+05   3.805E+00  1.406E-03 
3.214E+05   3.769E+00  1.390E-03 
3.255E+05   3.735E+00  1.374E-03 
3.298E+05   3.700E+00  1.358E-03 
3.341E+05   3.666E+00  1.342E-03 
3.384E+05   3.632E+00  1.326E-03 
3.428E+05   3.599E+00  1.311E-03 
3.473E+05   3.566E+00  1.296E-03 
3.518E+05   3.533E+00  1.281E-03 
3.563E+05   3.501E+00  1.266E-03 
3.610E+05   3.469E+00  1.251E-03 
3.657E+05   3.437E+00  1.237E-03 
3.704E+05   3.406E+00  1.222E-03 
3.752E+05   3.375E+00  1.208E-03 
3.801E+05   3.344E+00  1.194E-03 
3.851E+05   3.314E+00  1.180E-03 
3.901E+05   3.284E+00  1.167E-03 
3.951E+05   3.254E+00  1.153E-03 
4.003E+05   3.225E+00  1.140E-03 
