Ion = Hydrogen    . Mass = 1.0079
Tgt = Ne (Solid). Density = 1.204 g/cm3
Stopping Units =  eV/(1E15 atoms/cm2)
Energy(keV)  S(Elec)    S(Nuc)
1.000E+00   1.296E+00  4.959E-01 
1.012E+00   1.304E+00  4.945E-01 
1.023E+00   1.311E+00  4.930E-01 
1.035E+00   1.319E+00  4.916E-01 
1.047E+00   1.326E+00  4.901E-01 
1.059E+00   1.334E+00  4.886E-01 
1.072E+00   1.342E+00  4.871E-01 
1.084E+00   1.350E+00  4.856E-01 
1.097E+00   1.357E+00  4.841E-01 
1.109E+00   1.365E+00  4.826E-01 
1.122E+00   1.373E+00  4.811E-01 
1.135E+00   1.381E+00  4.795E-01 
1.148E+00   1.389E+00  4.780E-01 
1.162E+00   1.397E+00  4.764E-01 
1.175E+00   1.405E+00  4.749E-01 
1.189E+00   1.413E+00  4.733E-01 
1.203E+00   1.421E+00  4.717E-01 
1.217E+00   1.430E+00  4.701E-01 
1.231E+00   1.438E+00  4.685E-01 
1.245E+00   1.446E+00  4.669E-01 
1.259E+00   1.455E+00  4.653E-01 
1.274E+00   1.463E+00  4.637E-01 
1.289E+00   1.471E+00  4.621E-01 
1.304E+00   1.480E+00  4.605E-01 
1.319E+00   1.489E+00  4.588E-01 
1.334E+00   1.497E+00  4.572E-01 
1.350E+00   1.506E+00  4.555E-01 
1.365E+00   1.515E+00  4.539E-01 
1.381E+00   1.523E+00  4.522E-01 
1.397E+00   1.532E+00  4.505E-01 
1.413E+00   1.541E+00  4.489E-01 
1.430E+00   1.550E+00  4.472E-01 
1.446E+00   1.559E+00  4.455E-01 
1.463E+00   1.568E+00  4.438E-01 
1.480E+00   1.577E+00  4.421E-01 
1.497E+00   1.586E+00  4.404E-01 
1.515E+00   1.595E+00  4.387E-01 
1.532E+00   1.604E+00  4.370E-01 
1.550E+00   1.614E+00  4.353E-01 
1.568E+00   1.623E+00  4.336E-01 
1.586E+00   1.632E+00  4.318E-01 
1.605E+00   1.642E+00  4.301E-01 
1.623E+00   1.651E+00  4.284E-01 
1.642E+00   1.661E+00  4.266E-01 
1.661E+00   1.671E+00  4.249E-01 
1.680E+00   1.680E+00  4.231E-01 
1.700E+00   1.690E+00  4.214E-01 
1.719E+00   1.700E+00  4.196E-01 
1.739E+00   1.709E+00  4.179E-01 
1.760E+00   1.719E+00  4.161E-01 
1.780E+00   1.729E+00  4.143E-01 
1.801E+00   1.739E+00  4.126E-01 
1.822E+00   1.749E+00  4.108E-01 
1.843E+00   1.759E+00  4.090E-01 
1.864E+00   1.770E+00  4.073E-01 
1.886E+00   1.780E+00  4.055E-01 
1.908E+00   1.790E+00  4.037E-01 
1.930E+00   1.801E+00  4.019E-01 
1.952E+00   1.811E+00  4.001E-01 
1.975E+00   1.821E+00  3.983E-01 
1.998E+00   1.832E+00  3.965E-01 
2.021E+00   1.843E+00  3.947E-01 
2.044E+00   1.855E+00  3.929E-01 
2.068E+00   1.868E+00  3.912E-01 
2.092E+00   1.880E+00  3.894E-01 
2.116E+00   1.893E+00  3.876E-01 
2.141E+00   1.906E+00  3.858E-01 
2.166E+00   1.919E+00  3.839E-01 
2.191E+00   1.932E+00  3.821E-01 
2.216E+00   1.945E+00  3.803E-01 
2.242E+00   1.958E+00  3.785E-01 
2.268E+00   1.971E+00  3.767E-01 
2.294E+00   1.985E+00  3.749E-01 
2.321E+00   1.998E+00  3.731E-01 
2.348E+00   2.012E+00  3.713E-01 
2.375E+00   2.026E+00  3.695E-01 
2.402E+00   2.040E+00  3.677E-01 
2.430E+00   2.054E+00  3.659E-01 
2.458E+00   2.068E+00  3.641E-01 
2.487E+00   2.082E+00  3.623E-01 
2.516E+00   2.096E+00  3.605E-01 
2.545E+00   2.111E+00  3.587E-01 
2.574E+00   2.125E+00  3.569E-01 
2.604E+00   2.140E+00  3.551E-01 
2.635E+00   2.155E+00  3.533E-01 
2.665E+00   2.170E+00  3.514E-01 
2.696E+00   2.185E+00  3.496E-01 
2.727E+00   2.200E+00  3.478E-01 
2.759E+00   2.216E+00  3.460E-01 
2.791E+00   2.231E+00  3.442E-01 
2.823E+00   2.247E+00  3.425E-01 
2.856E+00   2.263E+00  3.407E-01 
2.889E+00   2.278E+00  3.389E-01 
2.923E+00   2.295E+00  3.371E-01 
2.957E+00   2.311E+00  3.353E-01 
2.991E+00   2.327E+00  3.335E-01 
3.026E+00   2.344E+00  3.317E-01 
3.061E+00   2.360E+00  3.299E-01 
3.096E+00   2.377E+00  3.281E-01 
3.132E+00   2.394E+00  3.264E-01 
3.168E+00   2.411E+00  3.246E-01 
3.205E+00   2.428E+00  3.228E-01 
3.242E+00   2.445E+00  3.210E-01 
3.280E+00   2.463E+00  3.193E-01 
3.318E+00   2.481E+00  3.175E-01 
3.356E+00   2.498E+00  3.157E-01 
3.395E+00   2.516E+00  3.140E-01 
3.435E+00   2.535E+00  3.122E-01 
3.475E+00   2.553E+00  3.105E-01 
3.515E+00   2.571E+00  3.087E-01 
3.556E+00   2.590E+00  3.070E-01 
3.597E+00   2.609E+00  3.052E-01 
3.639E+00   2.628E+00  3.035E-01 
3.681E+00   2.647E+00  3.018E-01 
3.724E+00   2.666E+00  3.000E-01 
3.767E+00   2.686E+00  2.983E-01 
3.810E+00   2.705E+00  2.966E-01 
3.855E+00   2.725E+00  2.948E-01 
3.899E+00   2.745E+00  2.931E-01 
3.945E+00   2.766E+00  2.914E-01 
3.990E+00   2.786E+00  2.897E-01 
4.037E+00   2.806E+00  2.880E-01 
4.083E+00   2.827E+00  2.863E-01 
4.131E+00   2.848E+00  2.846E-01 
4.179E+00   2.869E+00  2.829E-01 
4.227E+00   2.891E+00  2.812E-01 
4.276E+00   2.912E+00  2.795E-01 
4.326E+00   2.934E+00  2.778E-01 
4.376E+00   2.956E+00  2.762E-01 
4.427E+00   2.978E+00  2.745E-01 
4.478E+00   3.000E+00  2.728E-01 
4.530E+00   3.023E+00  2.712E-01 
4.583E+00   3.046E+00  2.695E-01 
4.636E+00   3.069E+00  2.679E-01 
4.690E+00   3.092E+00  2.662E-01 
4.744E+00   3.115E+00  2.646E-01 
4.799E+00   3.139E+00  2.629E-01 
4.855E+00   3.163E+00  2.613E-01 
4.911E+00   3.187E+00  2.597E-01 
4.968E+00   3.211E+00  2.581E-01 
5.026E+00   3.236E+00  2.564E-01 
5.084E+00   3.260E+00  2.548E-01 
5.143E+00   3.285E+00  2.532E-01 
5.202E+00   3.310E+00  2.516E-01 
5.263E+00   3.336E+00  2.500E-01 
5.324E+00   3.361E+00  2.485E-01 
5.386E+00   3.387E+00  2.469E-01 
5.448E+00   3.413E+00  2.453E-01 
5.511E+00   3.440E+00  2.437E-01 
5.575E+00   3.466E+00  2.422E-01 
5.640E+00   3.493E+00  2.406E-01 
5.705E+00   3.520E+00  2.390E-01 
5.771E+00   3.548E+00  2.375E-01 
5.838E+00   3.575E+00  2.359E-01 
5.906E+00   3.603E+00  2.344E-01 
5.975E+00   3.631E+00  2.329E-01 
6.044E+00   3.660E+00  2.313E-01 
6.114E+00   3.688E+00  2.298E-01 
6.185E+00   3.717E+00  2.283E-01 
6.257E+00   3.746E+00  2.268E-01 
6.329E+00   3.776E+00  2.253E-01 
6.403E+00   3.806E+00  2.238E-01 
6.477E+00   3.836E+00  2.223E-01 
6.552E+00   3.866E+00  2.208E-01 
6.628E+00   3.896E+00  2.194E-01 
6.705E+00   3.927E+00  2.179E-01 
6.783E+00   3.958E+00  2.164E-01 
6.861E+00   3.990E+00  2.150E-01 
6.941E+00   4.021E+00  2.135E-01 
7.021E+00   4.053E+00  2.121E-01 
7.103E+00   4.085E+00  2.106E-01 
7.185E+00   4.118E+00  2.092E-01 
7.269E+00   4.151E+00  2.078E-01 
7.353E+00   4.184E+00  2.063E-01 
7.438E+00   4.217E+00  2.049E-01 
7.524E+00   4.251E+00  2.035E-01 
7.612E+00   4.284E+00  2.021E-01 
7.700E+00   4.319E+00  2.007E-01 
7.789E+00   4.353E+00  1.993E-01 
7.880E+00   4.388E+00  1.980E-01 
7.971E+00   4.423E+00  1.966E-01 
8.064E+00   4.458E+00  1.952E-01 
8.157E+00   4.494E+00  1.939E-01 
8.252E+00   4.530E+00  1.925E-01 
8.347E+00   4.566E+00  1.911E-01 
8.444E+00   4.603E+00  1.898E-01 
8.542E+00   4.640E+00  1.885E-01 
8.641E+00   4.677E+00  1.871E-01 
8.741E+00   4.714E+00  1.858E-01 
8.843E+00   4.752E+00  1.845E-01 
8.945E+00   4.790E+00  1.832E-01 
9.049E+00   4.828E+00  1.819E-01 
9.154E+00   4.867E+00  1.806E-01 
9.260E+00   4.906E+00  1.793E-01 
9.368E+00   4.945E+00  1.780E-01 
9.476E+00   4.984E+00  1.767E-01 
9.586E+00   5.024E+00  1.755E-01 
9.698E+00   5.064E+00  1.742E-01 
9.810E+00   5.104E+00  1.729E-01 
9.924E+00   5.145E+00  1.717E-01 
1.004E+01   5.185E+00  1.704E-01 
1.016E+01   5.226E+00  1.692E-01 
1.027E+01   5.268E+00  1.680E-01 
1.039E+01   5.309E+00  1.667E-01 
1.051E+01   5.351E+00  1.655E-01 
1.063E+01   5.393E+00  1.643E-01 
1.076E+01   5.435E+00  1.631E-01 
1.088E+01   5.478E+00  1.619E-01 
1.101E+01   5.521E+00  1.607E-01 
1.114E+01   5.564E+00  1.595E-01 
1.127E+01   5.607E+00  1.584E-01 
1.140E+01   5.650E+00  1.572E-01 
1.153E+01   5.694E+00  1.560E-01 
1.166E+01   5.738E+00  1.549E-01 
1.180E+01   5.782E+00  1.537E-01 
1.193E+01   5.826E+00  1.526E-01 
1.207E+01   5.870E+00  1.514E-01 
1.221E+01   5.915E+00  1.503E-01 
1.235E+01   5.960E+00  1.492E-01 
1.250E+01   6.005E+00  1.480E-01 
1.264E+01   6.050E+00  1.469E-01 
1.279E+01   6.095E+00  1.458E-01 
1.294E+01   6.140E+00  1.447E-01 
1.309E+01   6.185E+00  1.436E-01 
1.324E+01   6.231E+00  1.425E-01 
1.339E+01   6.276E+00  1.415E-01 
1.355E+01   6.322E+00  1.404E-01 
1.371E+01   6.368E+00  1.393E-01 
1.387E+01   6.413E+00  1.383E-01 
1.403E+01   6.459E+00  1.372E-01 
1.419E+01   6.505E+00  1.361E-01 
1.435E+01   6.551E+00  1.351E-01 
1.452E+01   6.597E+00  1.341E-01 
1.469E+01   6.643E+00  1.330E-01 
1.486E+01   6.689E+00  1.320E-01 
1.503E+01   6.734E+00  1.310E-01 
1.521E+01   6.780E+00  1.300E-01 
1.538E+01   6.826E+00  1.290E-01 
1.556E+01   6.872E+00  1.280E-01 
1.574E+01   6.918E+00  1.270E-01 
1.592E+01   6.963E+00  1.260E-01 
1.611E+01   7.009E+00  1.250E-01 
1.629E+01   7.054E+00  1.240E-01 
1.648E+01   7.100E+00  1.231E-01 
1.667E+01   7.145E+00  1.221E-01 
1.687E+01   7.190E+00  1.212E-01 
1.706E+01   7.235E+00  1.202E-01 
1.726E+01   7.280E+00  1.193E-01 
1.746E+01   7.325E+00  1.183E-01 
1.766E+01   7.370E+00  1.174E-01 
1.787E+01   7.415E+00  1.165E-01 
1.808E+01   7.459E+00  1.155E-01 
1.829E+01   7.503E+00  1.146E-01 
1.850E+01   7.548E+00  1.137E-01 
1.871E+01   7.592E+00  1.128E-01 
1.893E+01   7.636E+00  1.119E-01 
1.915E+01   7.680E+00  1.110E-01 
1.937E+01   7.723E+00  1.102E-01 
1.960E+01   7.767E+00  1.093E-01 
1.982E+01   7.810E+00  1.084E-01 
2.005E+01   7.854E+00  1.075E-01 
2.029E+01   7.897E+00  1.067E-01 
2.052E+01   7.940E+00  1.058E-01 
2.076E+01   7.983E+00  1.050E-01 
2.100E+01   8.026E+00  1.041E-01 
2.124E+01   8.069E+00  1.033E-01 
2.149E+01   8.112E+00  1.025E-01 
2.174E+01   8.154E+00  1.016E-01 
2.199E+01   8.197E+00  1.008E-01 
2.225E+01   8.240E+00  1.000E-01 
2.250E+01   8.282E+00  9.919E-02 
2.277E+01   8.325E+00  9.838E-02 
2.303E+01   8.368E+00  9.758E-02 
2.330E+01   8.411E+00  9.679E-02 
2.357E+01   8.453E+00  9.600E-02 
2.384E+01   8.496E+00  9.522E-02 
2.412E+01   8.539E+00  9.444E-02 
2.440E+01   8.582E+00  9.367E-02 
2.468E+01   8.626E+00  9.290E-02 
2.497E+01   8.669E+00  9.214E-02 
2.526E+01   8.712E+00  9.139E-02 
2.555E+01   8.756E+00  9.064E-02 
2.584E+01   8.800E+00  8.989E-02 
2.614E+01   8.844E+00  8.453E-02 
2.645E+01   8.888E+00  8.384E-02 
2.675E+01   8.933E+00  8.316E-02 
2.707E+01   8.977E+00  8.248E-02 
2.738E+01   9.022E+00  8.181E-02 
2.770E+01   9.068E+00  8.114E-02 
2.802E+01   9.113E+00  8.048E-02 
2.834E+01   9.159E+00  7.982E-02 
2.867E+01   9.206E+00  7.917E-02 
2.900E+01   9.252E+00  7.852E-02 
2.934E+01   9.299E+00  7.787E-02 
2.968E+01   9.347E+00  7.723E-02 
3.003E+01   9.394E+00  7.660E-02 
3.037E+01   9.443E+00  7.597E-02 
3.073E+01   9.491E+00  7.534E-02 
3.108E+01   9.540E+00  7.472E-02 
3.144E+01   9.589E+00  7.410E-02 
3.181E+01   9.639E+00  7.348E-02 
3.218E+01   9.689E+00  7.287E-02 
3.255E+01   9.740E+00  7.227E-02 
3.293E+01   9.791E+00  7.167E-02 
3.331E+01   9.843E+00  7.107E-02 
3.370E+01   9.895E+00  7.048E-02 
3.409E+01   9.947E+00  6.989E-02 
3.448E+01   1.000E+01  6.931E-02 
3.488E+01   1.005E+01  6.873E-02 
3.529E+01   1.011E+01  6.815E-02 
3.570E+01   1.016E+01  6.758E-02 
3.611E+01   1.022E+01  6.701E-02 
3.653E+01   1.027E+01  6.645E-02 
3.695E+01   1.033E+01  6.589E-02 
3.738E+01   1.038E+01  6.533E-02 
3.781E+01   1.044E+01  6.478E-02 
3.825E+01   1.049E+01  6.424E-02 
3.870E+01   1.055E+01  6.369E-02 
3.915E+01   1.061E+01  6.315E-02 
3.960E+01   1.067E+01  6.262E-02 
4.006E+01   1.072E+01  6.209E-02 
4.052E+01   1.078E+01  6.156E-02 
4.099E+01   1.084E+01  6.104E-02 
4.147E+01   1.090E+01  6.052E-02 
4.195E+01   1.096E+01  6.000E-02 
4.244E+01   1.102E+01  5.949E-02 
4.293E+01   1.108E+01  5.898E-02 
4.343E+01   1.114E+01  5.848E-02 
4.393E+01   1.120E+01  5.798E-02 
4.444E+01   1.126E+01  5.748E-02 
4.496E+01   1.132E+01  5.699E-02 
4.548E+01   1.138E+01  5.650E-02 
4.600E+01   1.144E+01  5.602E-02 
4.654E+01   1.150E+01  5.554E-02 
4.708E+01   1.156E+01  5.506E-02 
4.762E+01   1.162E+01  5.458E-02 
4.818E+01   1.169E+01  5.411E-02 
4.873E+01   1.175E+01  5.365E-02 
4.930E+01   1.181E+01  5.318E-02 
4.987E+01   1.187E+01  5.272E-02 
5.045E+01   1.193E+01  5.227E-02 
5.104E+01   1.199E+01  5.182E-02 
5.163E+01   1.205E+01  5.137E-02 
5.223E+01   1.212E+01  5.092E-02 
5.283E+01   1.218E+01  5.048E-02 
5.344E+01   1.224E+01  5.004E-02 
5.406E+01   1.230E+01  4.961E-02 
5.469E+01   1.236E+01  4.917E-02 
5.533E+01   1.242E+01  4.875E-02 
5.597E+01   1.248E+01  4.832E-02 
5.662E+01   1.254E+01  4.790E-02 
5.727E+01   1.260E+01  4.748E-02 
5.794E+01   1.266E+01  4.707E-02 
5.861E+01   1.272E+01  4.665E-02 
5.929E+01   1.278E+01  4.624E-02 
5.998E+01   1.284E+01  4.584E-02 
6.067E+01   1.289E+01  4.544E-02 
6.138E+01   1.295E+01  4.504E-02 
6.209E+01   1.301E+01  4.464E-02 
6.281E+01   1.307E+01  4.425E-02 
6.354E+01   1.312E+01  4.386E-02 
6.427E+01   1.318E+01  4.347E-02 
6.502E+01   1.323E+01  4.309E-02 
6.577E+01   1.329E+01  4.271E-02 
6.654E+01   1.334E+01  4.233E-02 
6.731E+01   1.340E+01  4.196E-02 
6.809E+01   1.345E+01  4.159E-02 
6.888E+01   1.350E+01  4.122E-02 
6.968E+01   1.355E+01  4.086E-02 
7.049E+01   1.361E+01  4.049E-02 
7.130E+01   1.366E+01  4.013E-02 
7.213E+01   1.371E+01  3.978E-02 
7.297E+01   1.375E+01  3.942E-02 
7.381E+01   1.380E+01  3.907E-02 
7.467E+01   1.385E+01  3.873E-02 
7.554E+01   1.390E+01  3.838E-02 
7.641E+01   1.394E+01  3.804E-02 
7.730E+01   1.399E+01  3.770E-02 
7.820E+01   1.403E+01  3.736E-02 
7.910E+01   1.407E+01  3.703E-02 
8.002E+01   1.412E+01  3.670E-02 
8.095E+01   1.416E+01  3.637E-02 
8.189E+01   1.420E+01  3.604E-02 
8.284E+01   1.424E+01  3.572E-02 
8.380E+01   1.428E+01  3.540E-02 
8.477E+01   1.432E+01  3.508E-02 
8.575E+01   1.435E+01  3.477E-02 
8.675E+01   1.439E+01  3.446E-02 
8.775E+01   1.442E+01  3.415E-02 
8.877E+01   1.446E+01  3.384E-02 
8.980E+01   1.449E+01  3.354E-02 
9.084E+01   1.452E+01  3.323E-02 
9.190E+01   1.455E+01  3.293E-02 
9.296E+01   1.458E+01  3.264E-02 
9.404E+01   1.461E+01  3.234E-02 
9.513E+01   1.464E+01  3.205E-02 
9.624E+01   1.466E+01  3.176E-02 
9.735E+01   1.469E+01  3.147E-02 
9.848E+01   1.471E+01  3.119E-02 
9.962E+01   1.473E+01  3.091E-02 
1.008E+02   1.475E+01  3.063E-02 
1.019E+02   1.478E+01  3.035E-02 
1.031E+02   1.479E+01  3.007E-02 
1.043E+02   1.481E+01  2.980E-02 
1.055E+02   1.483E+01  2.953E-02 
1.068E+02   1.485E+01  2.926E-02 
1.080E+02   1.486E+01  2.899E-02 
1.093E+02   1.487E+01  2.873E-02 
1.105E+02   1.489E+01  2.847E-02 
1.118E+02   1.490E+01  2.821E-02 
1.131E+02   1.491E+01  2.795E-02 
1.144E+02   1.491E+01  2.770E-02 
1.157E+02   1.492E+01  2.744E-02 
1.171E+02   1.493E+01  2.719E-02 
1.184E+02   1.493E+01  2.695E-02 
1.198E+02   1.494E+01  2.670E-02 
1.212E+02   1.494E+01  2.645E-02 
1.226E+02   1.494E+01  2.621E-02 
1.240E+02   1.494E+01  2.597E-02 
1.255E+02   1.494E+01  2.573E-02 
1.269E+02   1.494E+01  2.550E-02 
1.284E+02   1.494E+01  2.526E-02 
1.299E+02   1.493E+01  2.503E-02 
1.314E+02   1.493E+01  2.480E-02 
1.329E+02   1.492E+01  2.457E-02 
1.345E+02   1.491E+01  2.435E-02 
1.360E+02   1.490E+01  2.412E-02 
1.376E+02   1.489E+01  2.390E-02 
1.392E+02   1.488E+01  2.368E-02 
1.408E+02   1.487E+01  2.346E-02 
1.424E+02   1.485E+01  2.325E-02 
1.441E+02   1.484E+01  2.303E-02 
1.458E+02   1.482E+01  2.282E-02 
1.475E+02   1.481E+01  2.261E-02 
1.492E+02   1.479E+01  2.240E-02 
1.509E+02   1.477E+01  2.219E-02 
1.526E+02   1.475E+01  2.199E-02 
1.544E+02   1.473E+01  2.178E-02 
1.562E+02   1.471E+01  2.158E-02 
1.580E+02   1.468E+01  2.138E-02 
1.598E+02   1.466E+01  2.118E-02 
1.617E+02   1.463E+01  2.099E-02 
1.636E+02   1.461E+01  2.079E-02 
1.655E+02   1.458E+01  2.060E-02 
1.674E+02   1.455E+01  2.041E-02 
1.693E+02   1.452E+01  2.022E-02 
1.713E+02   1.449E+01  2.003E-02 
1.733E+02   1.446E+01  1.984E-02 
1.753E+02   1.443E+01  1.966E-02 
1.773E+02   1.440E+01  1.948E-02 
1.794E+02   1.436E+01  1.929E-02 
1.815E+02   1.433E+01  1.911E-02 
1.836E+02   1.429E+01  1.894E-02 
1.857E+02   1.426E+01  1.876E-02 
1.879E+02   1.422E+01  1.858E-02 
1.900E+02   1.418E+01  1.841E-02 
1.922E+02   1.414E+01  1.824E-02 
1.945E+02   1.410E+01  1.807E-02 
1.967E+02   1.406E+01  1.790E-02 
1.990E+02   1.402E+01  1.773E-02 
2.013E+02   1.398E+01  1.756E-02 
2.036E+02   1.394E+01  1.740E-02 
2.060E+02   1.390E+01  1.724E-02 
2.084E+02   1.385E+01  1.707E-02 
2.108E+02   1.381E+01  1.691E-02 
2.133E+02   1.376E+01  1.676E-02 
2.157E+02   1.372E+01  1.660E-02 
2.182E+02   1.367E+01  1.644E-02 
2.208E+02   1.362E+01  1.629E-02 
2.233E+02   1.357E+01  1.613E-02 
2.259E+02   1.353E+01  1.598E-02 
2.285E+02   1.348E+01  1.583E-02 
2.312E+02   1.343E+01  1.568E-02 
2.339E+02   1.338E+01  1.554E-02 
2.366E+02   1.333E+01  1.539E-02 
2.393E+02   1.328E+01  1.524E-02 
2.421E+02   1.322E+01  1.510E-02 
2.449E+02   1.317E+01  1.496E-02 
2.478E+02   1.312E+01  1.482E-02 
2.506E+02   1.307E+01  1.468E-02 
2.535E+02   1.301E+01  1.454E-02 
2.565E+02   1.296E+01  1.440E-02 
2.595E+02   1.290E+01  1.426E-02 
2.625E+02   1.285E+01  1.413E-02 
2.655E+02   1.279E+01  1.399E-02 
2.686E+02   1.274E+01  1.386E-02 
2.717E+02   1.268E+01  1.373E-02 
2.749E+02   1.263E+01  1.360E-02 
2.780E+02   1.257E+01  1.347E-02 
2.813E+02   1.251E+01  1.334E-02 
2.845E+02   1.246E+01  1.322E-02 
2.878E+02   1.240E+01  1.309E-02 
2.912E+02   1.234E+01  1.297E-02 
2.945E+02   1.228E+01  1.284E-02 
2.980E+02   1.222E+01  1.272E-02 
3.014E+02   1.217E+01  1.260E-02 
3.049E+02   1.211E+01  1.248E-02 
3.085E+02   1.205E+01  1.236E-02 
3.120E+02   1.199E+01  1.224E-02 
3.156E+02   1.193E+01  1.213E-02 
3.193E+02   1.187E+01  1.201E-02 
3.230E+02   1.181E+01  1.190E-02 
3.268E+02   1.175E+01  1.178E-02 
3.306E+02   1.169E+01  1.167E-02 
3.344E+02   1.163E+01  1.156E-02 
3.383E+02   1.157E+01  1.145E-02 
3.422E+02   1.151E+01  1.134E-02 
3.462E+02   1.145E+01  1.123E-02 
3.502E+02   1.139E+01  1.112E-02 
3.542E+02   1.133E+01  1.102E-02 
3.583E+02   1.127E+01  1.091E-02 
3.625E+02   1.121E+01  1.081E-02 
3.667E+02   1.114E+01  1.070E-02 
3.710E+02   1.108E+01  1.060E-02 
3.753E+02   1.102E+01  1.050E-02 
3.796E+02   1.096E+01  1.040E-02 
3.840E+02   1.090E+01  1.030E-02 
3.885E+02   1.084E+01  1.020E-02 
3.930E+02   1.078E+01  1.010E-02 
3.975E+02   1.072E+01  1.001E-02 
4.021E+02   1.066E+01  9.911E-03 
4.068E+02   1.059E+01  9.815E-03 
4.115E+02   1.053E+01  9.721E-03 
4.163E+02   1.047E+01  9.628E-03 
4.211E+02   1.041E+01  9.535E-03 
4.260E+02   1.035E+01  9.443E-03 
4.310E+02   1.029E+01  9.352E-03 
4.360E+02   1.023E+01  9.262E-03 
4.410E+02   1.017E+01  9.173E-03 
4.461E+02   1.011E+01  9.085E-03 
4.513E+02   1.005E+01  8.997E-03 
4.565E+02   9.985E+00  8.910E-03 
4.618E+02   9.925E+00  8.824E-03 
4.672E+02   9.864E+00  8.739E-03 
4.726E+02   9.804E+00  8.655E-03 
4.781E+02   9.744E+00  8.571E-03 
4.836E+02   9.684E+00  8.489E-03 
4.892E+02   9.624E+00  8.407E-03 
4.949E+02   9.564E+00  8.325E-03 
5.007E+02   9.504E+00  8.245E-03 
5.065E+02   9.445E+00  8.165E-03 
5.123E+02   9.385E+00  8.086E-03 
5.183E+02   9.326E+00  8.008E-03 
5.243E+02   9.267E+00  7.930E-03 
5.304E+02   9.208E+00  7.853E-03 
5.365E+02   9.149E+00  7.777E-03 
5.428E+02   9.090E+00  7.702E-03 
5.490E+02   9.032E+00  7.627E-03 
5.554E+02   8.974E+00  7.553E-03 
5.619E+02   8.915E+00  7.480E-03 
5.684E+02   8.857E+00  7.407E-03 
5.750E+02   8.800E+00  7.336E-03 
5.816E+02   8.742E+00  7.264E-03 
5.884E+02   8.685E+00  7.194E-03 
5.952E+02   8.627E+00  7.124E-03 
6.021E+02   8.570E+00  7.055E-03 
6.091E+02   8.513E+00  6.986E-03 
6.162E+02   8.457E+00  6.918E-03 
6.233E+02   8.400E+00  6.851E-03 
6.305E+02   8.344E+00  6.784E-03 
6.378E+02   8.288E+00  6.718E-03 
6.452E+02   8.232E+00  6.653E-03 
6.527E+02   8.177E+00  6.588E-03 
6.603E+02   8.121E+00  6.524E-03 
6.680E+02   8.066E+00  6.460E-03 
6.757E+02   8.011E+00  6.397E-03 
6.835E+02   7.957E+00  6.335E-03 
6.915E+02   7.902E+00  6.273E-03 
6.995E+02   7.848E+00  6.212E-03 
7.076E+02   7.794E+00  6.151E-03 
7.158E+02   7.740E+00  6.091E-03 
7.241E+02   7.687E+00  6.032E-03 
7.325E+02   7.633E+00  5.973E-03 
7.410E+02   7.580E+00  5.914E-03 
7.496E+02   7.528E+00  5.856E-03 
7.583E+02   7.475E+00  5.799E-03 
7.671E+02   7.423E+00  5.742E-03 
7.760E+02   7.371E+00  5.686E-03 
7.850E+02   7.319E+00  5.631E-03 
7.941E+02   7.267E+00  5.575E-03 
8.033E+02   7.216E+00  5.521E-03 
8.126E+02   7.165E+00  5.467E-03 
8.221E+02   7.114E+00  5.413E-03 
8.316E+02   7.063E+00  5.360E-03 
8.412E+02   7.013E+00  5.308E-03 
8.510E+02   6.963E+00  5.256E-03 
8.609E+02   6.913E+00  5.204E-03 
8.709E+02   6.863E+00  5.153E-03 
8.810E+02   6.814E+00  5.102E-03 
8.912E+02   6.765E+00  5.052E-03 
9.015E+02   6.716E+00  5.003E-03 
9.120E+02   6.668E+00  4.953E-03 
9.225E+02   6.619E+00  4.905E-03 
9.332E+02   6.571E+00  4.857E-03 
9.441E+02   6.523E+00  4.809E-03 
9.550E+02   6.476E+00  4.762E-03 
9.661E+02   6.429E+00  4.715E-03 
9.773E+02   6.382E+00  4.668E-03 
9.886E+02   6.335E+00  4.622E-03 
1.000E+03   6.288E+00  4.577E-03 
1.012E+03   6.247E+00  4.532E-03 
1.023E+03   6.218E+00  4.487E-03 
1.035E+03   6.187E+00  4.443E-03 
1.047E+03   6.157E+00  4.399E-03 
1.059E+03   6.126E+00  4.356E-03 
1.072E+03   6.095E+00  4.313E-03 
1.084E+03   6.063E+00  4.270E-03 
1.097E+03   6.031E+00  4.228E-03 
1.109E+03   5.999E+00  4.186E-03 
1.122E+03   5.966E+00  4.145E-03 
1.135E+03   5.933E+00  4.104E-03 
1.149E+03   5.899E+00  4.064E-03 
1.162E+03   5.866E+00  4.023E-03 
1.175E+03   5.831E+00  3.984E-03 
1.189E+03   5.797E+00  3.944E-03 
1.203E+03   5.762E+00  3.905E-03 
1.217E+03   5.721E+00  3.867E-03 
1.231E+03   5.677E+00  3.828E-03 
1.245E+03   5.633E+00  3.791E-03 
1.260E+03   5.589E+00  3.753E-03 
1.274E+03   5.545E+00  3.716E-03 
1.289E+03   5.502E+00  3.679E-03 
1.304E+03   5.459E+00  3.643E-03 
1.319E+03   5.417E+00  3.607E-03 
1.334E+03   5.374E+00  3.571E-03 
1.350E+03   5.332E+00  3.535E-03 
1.365E+03   5.291E+00  3.500E-03 
1.381E+03   5.249E+00  3.466E-03 
1.397E+03   5.208E+00  3.431E-03 
1.414E+03   5.167E+00  3.397E-03 
1.430E+03   5.127E+00  3.364E-03 
1.446E+03   5.086E+00  3.330E-03 
1.463E+03   5.046E+00  3.297E-03 
1.480E+03   5.007E+00  3.264E-03 
1.497E+03   4.967E+00  3.232E-03 
1.515E+03   4.928E+00  3.200E-03 
1.532E+03   4.889E+00  3.168E-03 
1.550E+03   4.850E+00  3.137E-03 
1.568E+03   4.812E+00  3.105E-03 
1.586E+03   4.774E+00  3.074E-03 
1.605E+03   4.736E+00  3.044E-03 
1.623E+03   4.698E+00  3.014E-03 
1.642E+03   4.661E+00  2.984E-03 
1.661E+03   4.624E+00  2.954E-03 
1.680E+03   4.587E+00  2.924E-03 
1.700E+03   4.551E+00  2.895E-03 
1.720E+03   4.515E+00  2.867E-03 
1.740E+03   4.479E+00  2.838E-03 
1.760E+03   4.443E+00  2.810E-03 
1.780E+03   4.407E+00  2.782E-03 
1.801E+03   4.372E+00  2.754E-03 
1.822E+03   4.337E+00  2.726E-03 
1.843E+03   4.302E+00  2.699E-03 
1.864E+03   4.268E+00  2.672E-03 
1.886E+03   4.234E+00  2.646E-03 
1.908E+03   4.200E+00  2.619E-03 
1.930E+03   4.166E+00  2.593E-03 
1.952E+03   4.132E+00  2.567E-03 
1.975E+03   4.099E+00  2.542E-03 
1.998E+03   4.066E+00  2.516E-03 
2.021E+03   4.033E+00  2.491E-03 
2.044E+03   4.001E+00  2.466E-03 
2.068E+03   3.968E+00  2.441E-03 
2.092E+03   3.936E+00  2.417E-03 
2.116E+03   3.904E+00  2.393E-03 
2.141E+03   3.873E+00  2.369E-03 
2.166E+03   3.841E+00  2.345E-03 
2.191E+03   3.810E+00  2.322E-03 
2.216E+03   3.779E+00  2.299E-03 
2.242E+03   3.748E+00  2.276E-03 
2.268E+03   3.718E+00  2.253E-03 
2.294E+03   3.687E+00  2.230E-03 
2.321E+03   3.657E+00  2.208E-03 
2.348E+03   3.627E+00  2.186E-03 
2.375E+03   3.598E+00  2.164E-03 
2.403E+03   3.568E+00  2.142E-03 
2.431E+03   3.539E+00  2.121E-03 
2.459E+03   3.510E+00  2.099E-03 
2.487E+03   3.481E+00  2.078E-03 
2.516E+03   3.453E+00  2.057E-03 
2.545E+03   3.424E+00  2.037E-03 
2.575E+03   3.396E+00  2.016E-03 
2.605E+03   3.368E+00  1.996E-03 
2.635E+03   3.340E+00  1.976E-03 
2.665E+03   3.313E+00  1.956E-03 
2.696E+03   3.285E+00  1.937E-03 
2.728E+03   3.258E+00  1.917E-03 
2.759E+03   3.231E+00  1.898E-03 
2.791E+03   3.204E+00  1.879E-03 
2.824E+03   3.178E+00  1.860E-03 
2.856E+03   3.151E+00  1.841E-03 
2.889E+03   3.125E+00  1.823E-03 
2.923E+03   3.099E+00  1.804E-03 
2.957E+03   3.073E+00  1.786E-03 
2.991E+03   3.048E+00  1.768E-03 
3.026E+03   3.022E+00  1.750E-03 
3.061E+03   2.997E+00  1.733E-03 
3.097E+03   2.972E+00  1.715E-03 
3.132E+03   2.947E+00  1.698E-03 
3.169E+03   2.923E+00  1.681E-03 
3.206E+03   2.898E+00  1.664E-03 
3.243E+03   2.874E+00  1.647E-03 
3.280E+03   2.850E+00  1.631E-03 
3.318E+03   2.826E+00  1.614E-03 
3.357E+03   2.802E+00  1.598E-03 
3.396E+03   2.778E+00  1.582E-03 
3.435E+03   2.755E+00  1.566E-03 
3.475E+03   2.732E+00  1.550E-03 
3.515E+03   2.709E+00  1.534E-03 
3.556E+03   2.686E+00  1.519E-03 
3.597E+03   2.663E+00  1.504E-03 
3.639E+03   2.641E+00  1.488E-03 
3.681E+03   2.618E+00  1.473E-03 
3.724E+03   2.596E+00  1.458E-03 
3.767E+03   2.574E+00  1.444E-03 
3.811E+03   2.552E+00  1.429E-03 
3.855E+03   2.530E+00  1.415E-03 
3.900E+03   2.509E+00  1.400E-03 
3.945E+03   2.488E+00  1.386E-03 
3.991E+03   2.466E+00  1.372E-03 
4.037E+03   2.445E+00  1.358E-03 
4.084E+03   2.425E+00  1.345E-03 
4.131E+03   2.404E+00  1.331E-03 
4.179E+03   2.383E+00  1.318E-03 
4.228E+03   2.363E+00  1.304E-03 
4.277E+03   2.343E+00  1.291E-03 
4.326E+03   2.323E+00  1.278E-03 
4.376E+03   2.303E+00  1.265E-03 
4.427E+03   2.283E+00  1.252E-03 
4.479E+03   2.263E+00  1.240E-03 
4.531E+03   2.244E+00  1.227E-03 
4.583E+03   2.225E+00  1.215E-03 
4.636E+03   2.205E+00  1.202E-03 
4.690E+03   2.186E+00  1.190E-03 
4.744E+03   2.168E+00  1.178E-03 
4.799E+03   2.149E+00  1.166E-03 
4.855E+03   2.130E+00  1.154E-03 
4.911E+03   2.112E+00  1.142E-03 
4.968E+03   2.094E+00  1.131E-03 
5.026E+03   2.076E+00  1.119E-03 
5.084E+03   2.058E+00  1.108E-03 
5.143E+03   2.040E+00  1.097E-03 
5.203E+03   2.022E+00  1.086E-03 
5.263E+03   2.005E+00  1.075E-03 
5.324E+03   1.987E+00  1.064E-03 
5.386E+03   1.970E+00  1.053E-03 
5.449E+03   1.953E+00  1.042E-03 
5.512E+03   1.936E+00  1.032E-03 
5.576E+03   1.919E+00  1.021E-03 
5.640E+03   1.902E+00  1.011E-03 
5.706E+03   1.886E+00  1.000E-03 
5.772E+03   1.869E+00  9.903E-04 
5.839E+03   1.853E+00  9.802E-04 
5.907E+03   1.837E+00  9.703E-04 
5.975E+03   1.820E+00  9.604E-04 
6.045E+03   1.805E+00  9.506E-04 
6.115E+03   1.789E+00  9.409E-04 
6.186E+03   1.773E+00  9.314E-04 
6.257E+03   1.758E+00  9.219E-04 
6.330E+03   1.742E+00  9.125E-04 
6.403E+03   1.727E+00  9.032E-04 
6.478E+03   1.712E+00  8.940E-04 
6.553E+03   1.697E+00  8.849E-04 
6.629E+03   1.682E+00  8.759E-04 
6.706E+03   1.667E+00  8.670E-04 
6.783E+03   1.652E+00  8.581E-04 
6.862E+03   1.638E+00  8.494E-04 
6.942E+03   1.623E+00  8.407E-04 
7.022E+03   1.609E+00  8.321E-04 
7.104E+03   1.595E+00  8.237E-04 
7.186E+03   1.580E+00  8.152E-04 
7.269E+03   1.567E+00  8.069E-04 
7.354E+03   1.553E+00  7.987E-04 
7.439E+03   1.539E+00  7.905E-04 
7.525E+03   1.525E+00  7.825E-04 
7.613E+03   1.512E+00  7.745E-04 
7.701E+03   1.498E+00  7.666E-04 
7.790E+03   1.485E+00  7.588E-04 
7.881E+03   1.472E+00  7.510E-04 
7.972E+03   1.459E+00  7.433E-04 
8.064E+03   1.446E+00  7.357E-04 
8.158E+03   1.433E+00  7.282E-04 
8.253E+03   1.420E+00  7.208E-04 
8.348E+03   1.408E+00  7.134E-04 
8.445E+03   1.395E+00  7.061E-04 
8.543E+03   1.383E+00  6.989E-04 
8.642E+03   1.370E+00  6.918E-04 
8.742E+03   1.358E+00  6.847E-04 
8.844E+03   1.346E+00  6.777E-04 
8.946E+03   1.334E+00  6.707E-04 
9.050E+03   1.322E+00  6.639E-04 
9.155E+03   1.310E+00  6.571E-04 
9.261E+03   1.298E+00  6.504E-04 
9.369E+03   1.287E+00  6.437E-04 
9.477E+03   1.275E+00  6.371E-04 
9.587E+03   1.264E+00  6.306E-04 
9.699E+03   1.253E+00  6.241E-04 
9.811E+03   1.241E+00  6.177E-04 
9.925E+03   1.230E+00  6.114E-04 
1.004E+04   1.219E+00  6.051E-04 
1.016E+04   1.208E+00  5.989E-04 
1.027E+04   1.197E+00  5.928E-04 
1.039E+04   1.187E+00  5.867E-04 
1.051E+04   1.176E+00  5.807E-04 
1.064E+04   1.165E+00  5.748E-04 
1.076E+04   1.155E+00  5.689E-04 
1.088E+04   1.144E+00  5.630E-04 
1.101E+04   1.134E+00  5.573E-04 
1.114E+04   1.124E+00  5.515E-04 
1.127E+04   1.114E+00  5.459E-04 
1.140E+04   1.104E+00  5.403E-04 
1.153E+04   1.094E+00  5.347E-04 
1.166E+04   1.084E+00  5.292E-04 
1.180E+04   1.074E+00  5.238E-04 
1.194E+04   1.064E+00  5.184E-04 
1.207E+04   1.055E+00  5.131E-04 
1.221E+04   1.045E+00  5.078E-04 
1.236E+04   1.036E+00  5.026E-04 
1.250E+04   1.026E+00  4.975E-04 
1.264E+04   1.017E+00  4.923E-04 
1.279E+04   1.008E+00  4.873E-04 
1.294E+04   9.988E-01  4.823E-04 
1.309E+04   9.897E-01  4.773E-04 
1.324E+04   9.808E-01  4.724E-04 
1.340E+04   9.719E-01  4.676E-04 
1.355E+04   9.631E-01  4.627E-04 
1.371E+04   9.543E-01  4.580E-04 
1.387E+04   9.457E-01  4.533E-04 
1.403E+04   9.371E-01  4.486E-04 
1.419E+04   9.286E-01  4.440E-04 
1.435E+04   9.201E-01  4.394E-04 
1.452E+04   9.118E-01  4.349E-04 
1.469E+04   9.035E-01  4.304E-04 
1.486E+04   8.953E-01  4.260E-04 
1.503E+04   8.871E-01  4.216E-04 
1.521E+04   8.791E-01  4.173E-04 
1.538E+04   8.711E-01  4.130E-04 
1.556E+04   8.632E-01  4.087E-04 
1.574E+04   8.553E-01  4.045E-04 
1.592E+04   8.475E-01  4.003E-04 
1.611E+04   8.398E-01  3.962E-04 
1.630E+04   8.322E-01  3.921E-04 
1.649E+04   8.246E-01  3.881E-04 
1.668E+04   8.171E-01  3.841E-04 
1.687E+04   8.096E-01  3.801E-04 
1.707E+04   8.022E-01  3.762E-04 
1.726E+04   7.949E-01  3.723E-04 
1.746E+04   7.877E-01  3.685E-04 
1.767E+04   7.805E-01  3.647E-04 
1.787E+04   7.734E-01  3.609E-04 
1.808E+04   7.663E-01  3.572E-04 
1.829E+04   7.593E-01  3.535E-04 
1.850E+04   7.524E-01  3.499E-04 
1.871E+04   7.455E-01  3.463E-04 
1.893E+04   7.387E-01  3.427E-04 
1.915E+04   7.320E-01  3.391E-04 
1.937E+04   7.253E-01  3.356E-04 
1.960E+04   7.187E-01  3.322E-04 
1.983E+04   7.121E-01  3.287E-04 
2.006E+04   7.056E-01  3.254E-04 
2.029E+04   6.992E-01  3.220E-04 
2.052E+04   6.928E-01  3.187E-04 
2.076E+04   6.864E-01  3.154E-04 
2.100E+04   6.802E-01  3.121E-04 
2.125E+04   6.740E-01  3.089E-04 
2.149E+04   6.678E-01  3.057E-04 
2.174E+04   6.617E-01  3.025E-04 
2.199E+04   6.557E-01  2.994E-04 
2.225E+04   6.497E-01  2.963E-04 
2.251E+04   6.437E-01  2.932E-04 
2.277E+04   6.378E-01  2.902E-04 
2.303E+04   6.320E-01  2.872E-04 
2.330E+04   6.262E-01  2.842E-04 
2.357E+04   6.205E-01  2.813E-04 
2.384E+04   6.148E-01  2.784E-04 
2.412E+04   6.092E-01  2.755E-04 
2.440E+04   6.036E-01  2.726E-04 
2.468E+04   5.981E-01  2.698E-04 
2.497E+04   5.927E-01  2.670E-04 
2.526E+04   5.872E-01  2.643E-04 
2.555E+04   5.819E-01  2.615E-04 
2.585E+04   5.766E-01  2.588E-04 
2.615E+04   5.713E-01  2.561E-04 
2.645E+04   5.661E-01  2.535E-04 
2.676E+04   5.609E-01  2.509E-04 
2.707E+04   5.558E-01  2.483E-04 
2.738E+04   5.507E-01  2.457E-04 
2.770E+04   5.457E-01  2.431E-04 
2.802E+04   5.407E-01  2.406E-04 
2.835E+04   5.357E-01  2.381E-04 
2.867E+04   5.308E-01  2.357E-04 
2.901E+04   5.260E-01  2.332E-04 
2.934E+04   5.212E-01  2.308E-04 
2.968E+04   5.164E-01  2.284E-04 
3.003E+04   5.117E-01  2.260E-04 
3.038E+04   5.071E-01  2.237E-04 
3.073E+04   5.024E-01  2.214E-04 
3.109E+04   4.978E-01  2.191E-04 
3.145E+04   4.933E-01  2.168E-04 
3.181E+04   4.888E-01  2.145E-04 
3.218E+04   4.844E-01  2.123E-04 
3.255E+04   4.799E-01  2.101E-04 
3.293E+04   4.756E-01  2.079E-04 
3.331E+04   4.712E-01  2.058E-04 
3.370E+04   4.669E-01  2.036E-04 
3.409E+04   4.627E-01  2.015E-04 
3.449E+04   4.585E-01  1.994E-04 
3.489E+04   4.543E-01  1.974E-04 
3.529E+04   4.502E-01  1.953E-04 
3.570E+04   4.461E-01  1.933E-04 
3.611E+04   4.420E-01  1.913E-04 
3.653E+04   4.380E-01  1.893E-04 
3.696E+04   4.340E-01  1.873E-04 
3.738E+04   4.301E-01  1.854E-04 
3.782E+04   4.262E-01  1.834E-04 
3.826E+04   4.223E-01  1.815E-04 
3.870E+04   4.185E-01  1.796E-04 
3.915E+04   4.147E-01  1.778E-04 
3.960E+04   4.109E-01  1.759E-04 
4.006E+04   4.072E-01  1.741E-04 
4.053E+04   4.035E-01  1.723E-04 
4.100E+04   3.998E-01  1.705E-04 
4.147E+04   3.962E-01  1.687E-04 
4.195E+04   3.926E-01  1.670E-04 
4.244E+04   3.891E-01  1.652E-04 
4.293E+04   3.856E-01  1.635E-04 
4.343E+04   3.821E-01  1.618E-04 
4.394E+04   3.786E-01  1.601E-04 
4.444E+04   3.752E-01  1.584E-04 
4.496E+04   3.718E-01  1.568E-04 
4.548E+04   3.685E-01  1.552E-04 
4.601E+04   3.651E-01  1.535E-04 
4.654E+04   3.618E-01  1.519E-04 
4.708E+04   3.586E-01  1.504E-04 
4.763E+04   3.553E-01  1.488E-04 
4.818E+04   3.522E-01  1.472E-04 
4.874E+04   3.490E-01  1.457E-04 
4.931E+04   3.458E-01  1.442E-04 
4.988E+04   3.427E-01  1.427E-04 
5.046E+04   3.397E-01  1.412E-04 
5.104E+04   3.366E-01  1.397E-04 
5.163E+04   3.336E-01  1.383E-04 
5.223E+04   3.306E-01  1.368E-04 
5.284E+04   3.276E-01  1.354E-04 
5.345E+04   3.247E-01  1.340E-04 
5.407E+04   3.218E-01  1.326E-04 
5.470E+04   3.189E-01  1.312E-04 
5.533E+04   3.161E-01  1.298E-04 
5.597E+04   3.133E-01  1.285E-04 
5.662E+04   3.105E-01  1.271E-04 
5.728E+04   3.077E-01  1.258E-04 
5.794E+04   3.050E-01  1.245E-04 
5.862E+04   3.023E-01  1.232E-04 
5.930E+04   2.996E-01  1.219E-04 
5.998E+04   2.969E-01  1.206E-04 
6.068E+04   2.943E-01  1.194E-04 
6.138E+04   2.917E-01  1.181E-04 
6.210E+04   2.891E-01  1.169E-04 
6.282E+04   2.865E-01  1.157E-04 
6.354E+04   2.840E-01  1.145E-04 
6.428E+04   2.815E-01  1.133E-04 
6.503E+04   2.790E-01  1.121E-04 
6.578E+04   2.765E-01  1.109E-04 
6.654E+04   2.741E-01  1.098E-04 
6.732E+04   2.717E-01  1.086E-04 
6.810E+04   2.693E-01  1.075E-04 
6.889E+04   2.669E-01  1.064E-04 
6.969E+04   2.646E-01  1.052E-04 
7.049E+04   2.622E-01  1.041E-04 
7.131E+04   2.599E-01  1.031E-04 
7.214E+04   2.577E-01  1.020E-04 
7.298E+04   2.554E-01  1.009E-04 
7.382E+04   2.532E-01  9.986E-05 
7.468E+04   2.510E-01  9.881E-05 
7.555E+04   2.488E-01  9.778E-05 
7.642E+04   2.466E-01  9.676E-05 
7.731E+04   2.445E-01  9.574E-05 
7.820E+04   2.424E-01  9.474E-05 
7.911E+04   2.403E-01  9.375E-05 
8.003E+04   2.382E-01  9.277E-05 
8.096E+04   2.361E-01  9.180E-05 
8.190E+04   2.341E-01  9.084E-05 
8.285E+04   2.320E-01  8.988E-05 
8.381E+04   2.300E-01  8.894E-05 
8.478E+04   2.281E-01  8.801E-05 
8.576E+04   2.261E-01  8.709E-05 
8.676E+04   2.242E-01  8.618E-05 
8.776E+04   2.222E-01  8.528E-05 
8.878E+04   2.203E-01  8.438E-05 
8.981E+04   2.184E-01  8.350E-05 
9.085E+04   2.166E-01  8.262E-05 
9.191E+04   2.147E-01  8.176E-05 
9.297E+04   2.129E-01  8.090E-05 
9.405E+04   2.111E-01  8.005E-05 
9.514E+04   2.093E-01  7.921E-05 
9.625E+04   2.075E-01  7.838E-05 
9.736E+04   2.058E-01  7.756E-05 
9.849E+04   2.040E-01  7.675E-05 
9.963E+04   2.023E-01  7.594E-05 
1.008E+05   2.006E-01  7.515E-05 
