Ion = Helium      . Mass = 4.0026
Tgt = Br (Solid). Density = 3.199 g/cm3
Stopping Units =  eV/(1E15 atoms/cm2)
Energy(keV)  S(Elec)    S(Nuc)
1.000E+00   3.273E+00  2.690E+00 
1.013E+00   3.295E+00  2.695E+00 
1.026E+00   3.316E+00  2.699E+00 
1.039E+00   3.337E+00  2.704E+00 
1.053E+00   3.359E+00  2.709E+00 
1.067E+00   3.381E+00  2.713E+00 
1.081E+00   3.403E+00  2.718E+00 
1.095E+00   3.425E+00  2.723E+00 
1.109E+00   3.447E+00  2.727E+00 
1.123E+00   3.469E+00  2.731E+00 
1.138E+00   3.492E+00  2.736E+00 
1.153E+00   3.514E+00  2.740E+00 
1.168E+00   3.537E+00  2.744E+00 
1.183E+00   3.560E+00  2.749E+00 
1.198E+00   3.583E+00  2.753E+00 
1.214E+00   3.606E+00  2.757E+00 
1.229E+00   3.630E+00  2.761E+00 
1.245E+00   3.653E+00  2.765E+00 
1.262E+00   3.677E+00  2.769E+00 
1.278E+00   3.701E+00  2.773E+00 
1.295E+00   3.725E+00  2.776E+00 
1.311E+00   3.749E+00  2.780E+00 
1.329E+00   3.773E+00  2.784E+00 
1.346E+00   3.797E+00  2.788E+00 
1.363E+00   3.822E+00  2.791E+00 
1.381E+00   3.847E+00  2.795E+00 
1.399E+00   3.872E+00  2.798E+00 
1.417E+00   3.897E+00  2.801E+00 
1.436E+00   3.922E+00  2.805E+00 
1.454E+00   3.947E+00  2.808E+00 
1.473E+00   3.973E+00  2.811E+00 
1.492E+00   3.999E+00  2.814E+00 
1.512E+00   4.025E+00  2.817E+00 
1.531E+00   4.051E+00  2.820E+00 
1.551E+00   4.077E+00  2.823E+00 
1.571E+00   4.103E+00  2.826E+00 
1.592E+00   4.130E+00  2.829E+00 
1.612E+00   4.157E+00  2.832E+00 
1.633E+00   4.184E+00  2.834E+00 
1.655E+00   4.211E+00  2.837E+00 
1.676E+00   4.238E+00  2.840E+00 
1.698E+00   4.265E+00  2.842E+00 
1.720E+00   4.293E+00  2.844E+00 
1.742E+00   4.321E+00  2.847E+00 
1.765E+00   4.349E+00  2.849E+00 
1.788E+00   4.377E+00  2.851E+00 
1.811E+00   4.405E+00  2.853E+00 
1.835E+00   4.434E+00  2.855E+00 
1.859E+00   4.463E+00  2.857E+00 
1.883E+00   4.492E+00  2.859E+00 
1.907E+00   4.521E+00  2.861E+00 
1.932E+00   4.550E+00  2.863E+00 
1.957E+00   4.579E+00  2.865E+00 
1.983E+00   4.609E+00  2.866E+00 
2.008E+00   4.639E+00  2.868E+00 
2.034E+00   4.669E+00  2.869E+00 
2.061E+00   4.699E+00  2.871E+00 
2.088E+00   4.730E+00  2.872E+00 
2.115E+00   4.760E+00  2.873E+00 
2.142E+00   4.791E+00  2.874E+00 
2.170E+00   4.822E+00  2.875E+00 
2.198E+00   4.853E+00  2.876E+00 
2.227E+00   4.885E+00  2.877E+00 
2.256E+00   4.917E+00  2.878E+00 
2.285E+00   4.948E+00  2.879E+00 
2.315E+00   4.980E+00  2.880E+00 
2.345E+00   5.013E+00  2.880E+00 
2.375E+00   5.045E+00  2.881E+00 
2.406E+00   5.078E+00  2.881E+00 
2.438E+00   5.111E+00  2.882E+00 
2.469E+00   5.144E+00  2.882E+00 
2.501E+00   5.177E+00  2.882E+00 
2.534E+00   5.211E+00  2.882E+00 
2.567E+00   5.244E+00  2.882E+00 
2.600E+00   5.278E+00  2.882E+00 
2.634E+00   5.313E+00  2.882E+00 
2.668E+00   5.347E+00  2.882E+00 
2.703E+00   5.382E+00  2.882E+00 
2.738E+00   5.417E+00  2.882E+00 
2.773E+00   5.452E+00  2.881E+00 
2.810E+00   5.487E+00  2.881E+00 
2.846E+00   5.522E+00  2.880E+00 
2.883E+00   5.558E+00  2.879E+00 
2.921E+00   5.594E+00  2.879E+00 
2.958E+00   5.631E+00  2.878E+00 
2.997E+00   5.667E+00  2.877E+00 
3.036E+00   5.704E+00  2.876E+00 
3.075E+00   5.741E+00  2.875E+00 
3.115E+00   5.778E+00  2.874E+00 
3.156E+00   5.815E+00  2.872E+00 
3.197E+00   5.853E+00  2.871E+00 
3.238E+00   5.891E+00  2.870E+00 
3.280E+00   5.929E+00  2.868E+00 
3.323E+00   5.967E+00  2.867E+00 
3.366E+00   6.006E+00  2.865E+00 
3.410E+00   6.045E+00  2.863E+00 
3.454E+00   6.084E+00  2.861E+00 
3.499E+00   6.124E+00  2.859E+00 
3.545E+00   6.163E+00  2.857E+00 
3.591E+00   6.203E+00  2.855E+00 
3.637E+00   6.243E+00  2.853E+00 
3.685E+00   6.284E+00  2.851E+00 
3.733E+00   6.324E+00  2.848E+00 
3.781E+00   6.365E+00  2.846E+00 
3.830E+00   6.407E+00  2.843E+00 
3.880E+00   6.448E+00  2.841E+00 
3.930E+00   6.490E+00  2.838E+00 
3.982E+00   6.532E+00  2.835E+00 
4.033E+00   6.574E+00  2.832E+00 
4.086E+00   6.617E+00  2.829E+00 
4.139E+00   6.660E+00  2.826E+00 
4.193E+00   6.703E+00  2.823E+00 
4.247E+00   6.746E+00  2.820E+00 
4.302E+00   6.790E+00  2.817E+00 
4.358E+00   6.834E+00  2.813E+00 
4.415E+00   6.878E+00  2.810E+00 
4.472E+00   6.923E+00  2.806E+00 
4.530E+00   6.968E+00  2.803E+00 
4.589E+00   7.013E+00  2.799E+00 
4.649E+00   7.058E+00  2.795E+00 
4.709E+00   7.104E+00  2.791E+00 
4.770E+00   7.150E+00  2.787E+00 
4.832E+00   7.196E+00  2.783E+00 
4.895E+00   7.243E+00  2.779E+00 
4.959E+00   7.290E+00  2.775E+00 
5.023E+00   7.337E+00  2.771E+00 
5.089E+00   7.385E+00  2.766E+00 
5.155E+00   7.432E+00  2.762E+00 
5.222E+00   7.481E+00  2.757E+00 
5.290E+00   7.529E+00  2.753E+00 
5.358E+00   7.578E+00  2.748E+00 
5.428E+00   7.627E+00  2.743E+00 
5.499E+00   7.676E+00  2.738E+00 
5.570E+00   7.726E+00  2.733E+00 
5.642E+00   7.776E+00  2.728E+00 
5.716E+00   7.826E+00  2.723E+00 
5.790E+00   7.877E+00  2.718E+00 
5.865E+00   7.928E+00  2.713E+00 
5.942E+00   7.980E+00  2.707E+00 
6.019E+00   8.031E+00  2.702E+00 
6.097E+00   8.083E+00  2.696E+00 
6.176E+00   8.136E+00  2.691E+00 
6.256E+00   8.188E+00  2.685E+00 
6.338E+00   8.241E+00  2.679E+00 
6.420E+00   8.295E+00  2.673E+00 
6.504E+00   8.348E+00  2.667E+00 
6.588E+00   8.403E+00  2.661E+00 
6.674E+00   8.457E+00  2.655E+00 
6.760E+00   8.512E+00  2.649E+00 
6.848E+00   8.567E+00  2.643E+00 
6.937E+00   8.622E+00  2.637E+00 
7.027E+00   8.678E+00  2.630E+00 
7.119E+00   8.735E+00  2.624E+00 
7.211E+00   8.791E+00  2.617E+00 
7.305E+00   8.848E+00  2.611E+00 
7.400E+00   8.905E+00  2.604E+00 
7.496E+00   8.963E+00  2.597E+00 
7.594E+00   9.021E+00  2.591E+00 
7.692E+00   9.080E+00  2.584E+00 
7.792E+00   9.138E+00  2.577E+00 
7.894E+00   9.198E+00  2.570E+00 
7.996E+00   9.257E+00  2.563E+00 
8.100E+00   9.317E+00  2.556E+00 
8.205E+00   9.378E+00  2.548E+00 
8.312E+00   9.439E+00  2.541E+00 
8.420E+00   9.500E+00  2.534E+00 
8.529E+00   9.562E+00  2.526E+00 
8.640E+00   9.624E+00  2.519E+00 
8.753E+00   9.687E+00  2.511E+00 
8.866E+00   9.751E+00  2.504E+00 
8.982E+00   9.814E+00  2.496E+00 
9.098E+00   9.878E+00  2.489E+00 
9.217E+00   9.943E+00  2.481E+00 
9.336E+00   1.001E+01  2.473E+00 
9.458E+00   1.007E+01  2.465E+00 
9.581E+00   1.014E+01  2.457E+00 
9.705E+00   1.021E+01  2.449E+00 
9.831E+00   1.027E+01  2.441E+00 
9.959E+00   1.034E+01  2.433E+00 
1.009E+01   1.041E+01  2.425E+00 
1.022E+01   1.048E+01  2.417E+00 
1.035E+01   1.055E+01  2.408E+00 
1.049E+01   1.062E+01  2.400E+00 
1.062E+01   1.069E+01  2.392E+00 
1.076E+01   1.076E+01  2.383E+00 
1.090E+01   1.083E+01  2.375E+00 
1.104E+01   1.090E+01  2.366E+00 
1.119E+01   1.097E+01  2.358E+00 
1.133E+01   1.105E+01  2.349E+00 
1.148E+01   1.112E+01  2.340E+00 
1.163E+01   1.119E+01  2.331E+00 
1.178E+01   1.127E+01  2.323E+00 
1.193E+01   1.134E+01  2.314E+00 
1.209E+01   1.142E+01  2.305E+00 
1.224E+01   1.150E+01  2.296E+00 
1.240E+01   1.157E+01  2.287E+00 
1.256E+01   1.165E+01  2.278E+00 
1.273E+01   1.173E+01  2.269E+00 
1.289E+01   1.181E+01  2.260E+00 
1.306E+01   1.189E+01  2.251E+00 
1.323E+01   1.197E+01  2.242E+00 
1.340E+01   1.205E+01  2.233E+00 
1.358E+01   1.213E+01  2.223E+00 
1.375E+01   1.221E+01  2.214E+00 
1.393E+01   1.229E+01  2.205E+00 
1.411E+01   1.237E+01  2.196E+00 
1.430E+01   1.246E+01  2.186E+00 
1.448E+01   1.254E+01  2.177E+00 
1.467E+01   1.263E+01  2.167E+00 
1.486E+01   1.271E+01  2.158E+00 
1.505E+01   1.280E+01  2.149E+00 
1.525E+01   1.289E+01  2.139E+00 
1.545E+01   1.298E+01  2.130E+00 
1.565E+01   1.306E+01  2.120E+00 
1.585E+01   1.315E+01  2.110E+00 
1.606E+01   1.324E+01  2.101E+00 
1.627E+01   1.334E+01  2.091E+00 
1.648E+01   1.343E+01  2.082E+00 
1.669E+01   1.352E+01  2.072E+00 
1.691E+01   1.361E+01  2.062E+00 
1.713E+01   1.371E+01  2.052E+00 
1.735E+01   1.380E+01  2.043E+00 
1.758E+01   1.390E+01  2.033E+00 
1.781E+01   1.399E+01  2.023E+00 
1.804E+01   1.409E+01  2.013E+00 
1.827E+01   1.419E+01  2.004E+00 
1.851E+01   1.429E+01  1.994E+00 
1.875E+01   1.439E+01  1.984E+00 
1.899E+01   1.449E+01  1.974E+00 
1.924E+01   1.459E+01  1.964E+00 
1.949E+01   1.469E+01  1.954E+00 
1.974E+01   1.479E+01  1.945E+00 
2.000E+01   1.490E+01  1.935E+00 
2.026E+01   1.500E+01  1.925E+00 
2.052E+01   1.511E+01  1.915E+00 
2.079E+01   1.521E+01  1.905E+00 
2.106E+01   1.532E+01  1.895E+00 
2.133E+01   1.543E+01  1.885E+00 
2.161E+01   1.554E+01  1.875E+00 
2.189E+01   1.565E+01  1.865E+00 
2.218E+01   1.576E+01  1.855E+00 
2.247E+01   1.587E+01  1.845E+00 
2.276E+01   1.599E+01  1.835E+00 
2.305E+01   1.610E+01  1.825E+00 
2.335E+01   1.622E+01  1.815E+00 
2.366E+01   1.633E+01  1.806E+00 
2.396E+01   1.645E+01  1.796E+00 
2.428E+01   1.657E+01  1.786E+00 
2.459E+01   1.669E+01  1.776E+00 
2.491E+01   1.681E+01  1.766E+00 
2.523E+01   1.693E+01  1.756E+00 
2.556E+01   1.705E+01  1.746E+00 
2.589E+01   1.718E+01  1.736E+00 
2.623E+01   1.730E+01  1.726E+00 
2.657E+01   1.743E+01  1.716E+00 
2.692E+01   1.756E+01  1.706E+00 
2.727E+01   1.768E+01  1.696E+00 
2.762E+01   1.781E+01  1.686E+00 
2.798E+01   1.795E+01  1.677E+00 
2.834E+01   1.808E+01  1.667E+00 
2.871E+01   1.821E+01  1.657E+00 
2.909E+01   1.835E+01  1.647E+00 
2.946E+01   1.848E+01  1.637E+00 
2.985E+01   1.862E+01  1.627E+00 
3.023E+01   1.876E+01  1.618E+00 
3.063E+01   1.890E+01  1.608E+00 
3.103E+01   1.904E+01  1.598E+00 
3.143E+01   1.918E+01  1.588E+00 
3.184E+01   1.932E+01  1.578E+00 
3.225E+01   1.947E+01  1.569E+00 
3.267E+01   1.962E+01  1.559E+00 
3.309E+01   1.976E+01  1.549E+00 
3.352E+01   1.991E+01  1.540E+00 
3.396E+01   2.006E+01  1.530E+00 
3.440E+01   2.022E+01  1.520E+00 
3.485E+01   2.037E+01  1.511E+00 
3.530E+01   2.052E+01  1.501E+00 
3.576E+01   2.068E+01  1.492E+00 
3.623E+01   2.084E+01  1.482E+00 
3.670E+01   2.100E+01  1.473E+00 
3.717E+01   2.116E+01  1.463E+00 
3.766E+01   2.132E+01  1.454E+00 
3.815E+01   2.149E+01  1.444E+00 
3.864E+01   2.165E+01  1.435E+00 
3.914E+01   2.182E+01  1.425E+00 
3.965E+01   2.199E+01  1.416E+00 
4.017E+01   2.216E+01  1.407E+00 
4.069E+01   2.234E+01  1.397E+00 
4.122E+01   2.251E+01  1.388E+00 
4.175E+01   2.269E+01  1.379E+00 
4.230E+01   2.287E+01  1.369E+00 
4.285E+01   2.305E+01  1.360E+00 
4.340E+01   2.323E+01  1.351E+00 
4.397E+01   2.341E+01  1.342E+00 
4.454E+01   2.360E+01  1.333E+00 
4.512E+01   2.378E+01  1.324E+00 
4.570E+01   2.397E+01  1.314E+00 
4.630E+01   2.416E+01  1.305E+00 
4.690E+01   2.436E+01  1.296E+00 
4.751E+01   2.455E+01  1.287E+00 
4.813E+01   2.475E+01  1.279E+00 
4.875E+01   2.495E+01  1.270E+00 
4.939E+01   2.515E+01  1.261E+00 
5.003E+01   2.535E+01  1.252E+00 
5.068E+01   2.556E+01  1.243E+00 
5.134E+01   2.577E+01  1.234E+00 
5.200E+01   2.598E+01  1.226E+00 
5.268E+01   2.619E+01  1.217E+00 
5.336E+01   2.640E+01  1.208E+00 
5.406E+01   2.662E+01  1.199E+00 
5.476E+01   2.684E+01  1.191E+00 
5.547E+01   2.706E+01  1.182E+00 
5.619E+01   2.728E+01  1.174E+00 
5.692E+01   2.751E+01  1.165E+00 
5.766E+01   2.773E+01  1.157E+00 
5.841E+01   2.797E+01  1.148E+00 
5.917E+01   2.820E+01  1.140E+00 
5.994E+01   2.843E+01  1.132E+00 
6.072E+01   2.867E+01  1.123E+00 
6.151E+01   2.891E+01  1.115E+00 
6.231E+01   2.915E+01  1.107E+00 
6.312E+01   2.940E+01  1.098E+00 
6.394E+01   2.965E+01  1.090E+00 
6.477E+01   2.990E+01  1.082E+00 
6.561E+01   3.015E+01  1.074E+00 
6.646E+01   3.040E+01  1.066E+00 
6.733E+01   3.066E+01  1.058E+00 
6.820E+01   3.092E+01  1.050E+00 
6.909E+01   3.119E+01  1.042E+00 
6.999E+01   3.145E+01  1.034E+00 
7.090E+01   3.172E+01  1.026E+00 
7.182E+01   3.200E+01  1.018E+00 
7.275E+01   3.227E+01  1.011E+00 
7.370E+01   3.255E+01  1.003E+00 
7.465E+01   3.283E+01  9.951E-01 
7.562E+01   3.311E+01  9.875E-01 
7.661E+01   3.340E+01  9.798E-01 
7.760E+01   3.369E+01  9.722E-01 
7.861E+01   3.398E+01  9.647E-01 
7.963E+01   3.428E+01  9.571E-01 
8.067E+01   3.458E+01  9.497E-01 
8.172E+01   3.488E+01  9.422E-01 
8.278E+01   3.518E+01  9.348E-01 
8.385E+01   3.549E+01  9.275E-01 
8.494E+01   3.580E+01  9.202E-01 
8.605E+01   3.612E+01  9.129E-01 
8.717E+01   3.643E+01  9.057E-01 
8.830E+01   3.675E+01  8.985E-01 
8.945E+01   3.708E+01  8.913E-01 
9.061E+01   3.741E+01  8.842E-01 
9.179E+01   3.774E+01  8.771E-01 
9.298E+01   3.807E+01  8.701E-01 
9.419E+01   3.841E+01  8.631E-01 
9.541E+01   3.875E+01  8.561E-01 
9.665E+01   3.909E+01  8.492E-01 
9.791E+01   3.944E+01  8.423E-01 
9.918E+01   3.979E+01  8.355E-01 
1.005E+02   4.015E+01  8.287E-01 
1.018E+02   4.050E+01  8.220E-01 
1.031E+02   4.087E+01  8.153E-01 
1.044E+02   4.123E+01  8.086E-01 
1.058E+02   4.160E+01  8.020E-01 
1.072E+02   4.197E+01  7.954E-01 
1.086E+02   4.235E+01  7.888E-01 
1.100E+02   4.272E+01  7.823E-01 
1.114E+02   4.311E+01  7.759E-01 
1.129E+02   4.349E+01  7.694E-01 
1.143E+02   4.388E+01  7.630E-01 
1.158E+02   4.427E+01  7.567E-01 
1.173E+02   4.467E+01  7.504E-01 
1.188E+02   4.507E+01  7.441E-01 
1.204E+02   4.548E+01  7.379E-01 
1.219E+02   4.588E+01  7.317E-01 
1.235E+02   4.629E+01  7.256E-01 
1.251E+02   4.671E+01  7.194E-01 
1.268E+02   4.713E+01  7.134E-01 
1.284E+02   4.755E+01  7.074E-01 
1.301E+02   4.797E+01  7.014E-01 
1.318E+02   4.840E+01  6.954E-01 
1.335E+02   4.883E+01  6.895E-01 
1.352E+02   4.927E+01  6.836E-01 
1.370E+02   4.971E+01  6.778E-01 
1.388E+02   5.015E+01  6.720E-01 
1.406E+02   5.059E+01  6.663E-01 
1.424E+02   5.104E+01  6.606E-01 
1.442E+02   5.150E+01  6.549E-01 
1.461E+02   5.195E+01  6.492E-01 
1.480E+02   5.241E+01  6.436E-01 
1.499E+02   5.287E+01  6.381E-01 
1.519E+02   5.334E+01  6.326E-01 
1.539E+02   5.381E+01  6.271E-01 
1.559E+02   5.428E+01  6.216E-01 
1.579E+02   5.475E+01  6.162E-01 
1.599E+02   5.523E+01  6.109E-01 
1.620E+02   5.571E+01  6.055E-01 
1.641E+02   5.620E+01  6.002E-01 
1.662E+02   5.668E+01  5.950E-01 
1.684E+02   5.717E+01  5.898E-01 
1.706E+02   5.766E+01  5.846E-01 
1.728E+02   5.816E+01  5.795E-01 
1.751E+02   5.865E+01  5.743E-01 
1.773E+02   5.915E+01  5.693E-01 
1.796E+02   5.966E+01  5.642E-01 
1.820E+02   6.016E+01  5.592E-01 
1.843E+02   6.067E+01  5.543E-01 
1.867E+02   6.118E+01  5.494E-01 
1.892E+02   6.169E+01  5.445E-01 
1.916E+02   6.220E+01  5.396E-01 
1.941E+02   6.271E+01  5.348E-01 
1.966E+02   6.323E+01  5.300E-01 
1.992E+02   6.375E+01  5.253E-01 
2.018E+02   6.427E+01  5.206E-01 
2.044E+02   6.479E+01  5.159E-01 
2.071E+02   6.531E+01  5.113E-01 
2.097E+02   6.583E+01  5.067E-01 
2.125E+02   6.635E+01  5.021E-01 
2.152E+02   6.688E+01  4.976E-01 
2.180E+02   6.740E+01  4.931E-01 
2.209E+02   6.793E+01  4.886E-01 
2.237E+02   6.846E+01  4.842E-01 
2.266E+02   6.898E+01  4.798E-01 
2.296E+02   6.951E+01  4.754E-01 
2.326E+02   7.004E+01  4.711E-01 
2.356E+02   7.056E+01  4.623E-01 
2.387E+02   7.109E+01  4.581E-01 
2.418E+02   7.161E+01  4.540E-01 
2.449E+02   7.214E+01  4.498E-01 
2.481E+02   7.266E+01  4.457E-01 
2.513E+02   7.319E+01  4.416E-01 
2.546E+02   7.371E+01  4.376E-01 
2.579E+02   7.423E+01  4.336E-01 
2.612E+02   7.475E+01  4.296E-01 
2.646E+02   7.526E+01  4.256E-01 
2.681E+02   7.578E+01  4.217E-01 
2.716E+02   7.629E+01  4.178E-01 
2.751E+02   7.680E+01  4.140E-01 
2.787E+02   7.731E+01  4.101E-01 
2.823E+02   7.782E+01  4.063E-01 
2.859E+02   7.832E+01  4.026E-01 
2.897E+02   7.882E+01  3.988E-01 
2.934E+02   7.931E+01  3.951E-01 
2.972E+02   7.981E+01  3.914E-01 
3.011E+02   8.030E+01  3.878E-01 
3.050E+02   8.078E+01  3.841E-01 
3.090E+02   8.126E+01  3.806E-01 
3.130E+02   8.174E+01  3.770E-01 
3.171E+02   8.221E+01  3.735E-01 
3.212E+02   8.268E+01  3.699E-01 
3.254E+02   8.314E+01  3.665E-01 
3.296E+02   8.360E+01  3.630E-01 
3.339E+02   8.405E+01  3.596E-01 
3.382E+02   8.449E+01  3.562E-01 
3.426E+02   8.493E+01  3.528E-01 
3.471E+02   8.537E+01  3.495E-01 
3.516E+02   8.580E+01  3.462E-01 
3.561E+02   8.622E+01  3.429E-01 
3.608E+02   8.664E+01  3.396E-01 
3.655E+02   8.704E+01  3.364E-01 
3.702E+02   8.745E+01  3.332E-01 
3.750E+02   8.784E+01  3.300E-01 
3.799E+02   8.823E+01  3.269E-01 
3.848E+02   8.861E+01  3.238E-01 
3.898E+02   8.898E+01  3.207E-01 
3.949E+02   8.935E+01  3.176E-01 
4.000E+02   8.971E+01  3.145E-01 
4.052E+02   9.006E+01  3.115E-01 
4.105E+02   9.040E+01  3.085E-01 
4.158E+02   9.073E+01  3.056E-01 
4.212E+02   9.106E+01  3.026E-01 
4.267E+02   9.137E+01  2.997E-01 
4.323E+02   9.168E+01  2.968E-01 
4.379E+02   9.198E+01  2.940E-01 
4.436E+02   9.227E+01  2.911E-01 
4.493E+02   9.255E+01  2.883E-01 
4.552E+02   9.282E+01  2.855E-01 
4.611E+02   9.308E+01  2.827E-01 
4.671E+02   9.334E+01  2.800E-01 
4.731E+02   9.358E+01  2.773E-01 
4.793E+02   9.382E+01  2.746E-01 
4.855E+02   9.404E+01  2.719E-01 
4.918E+02   9.426E+01  2.692E-01 
4.982E+02   9.446E+01  2.666E-01 
5.047E+02   9.466E+01  2.640E-01 
5.113E+02   9.485E+01  2.614E-01 
5.179E+02   9.502E+01  2.589E-01 
5.246E+02   9.519E+01  2.563E-01 
5.315E+02   9.535E+01  2.538E-01 
5.384E+02   9.549E+01  2.513E-01 
5.454E+02   9.563E+01  2.489E-01 
5.524E+02   9.576E+01  2.464E-01 
5.596E+02   9.588E+01  2.440E-01 
5.669E+02   9.598E+01  2.416E-01 
5.743E+02   9.608E+01  2.392E-01 
5.817E+02   9.617E+01  2.369E-01 
5.893E+02   9.625E+01  2.345E-01 
5.969E+02   9.632E+01  2.322E-01 
6.047E+02   9.638E+01  2.299E-01 
6.126E+02   9.643E+01  2.276E-01 
6.205E+02   9.647E+01  2.254E-01 
6.286E+02   9.650E+01  2.231E-01 
6.368E+02   9.652E+01  2.209E-01 
6.450E+02   9.653E+01  2.187E-01 
6.534E+02   9.653E+01  2.165E-01 
6.619E+02   9.653E+01  2.144E-01 
6.705E+02   9.651E+01  2.123E-01 
6.792E+02   9.649E+01  2.101E-01 
6.881E+02   9.645E+01  2.080E-01 
6.970E+02   9.641E+01  2.060E-01 
7.061E+02   9.636E+01  2.039E-01 
7.152E+02   9.630E+01  2.019E-01 
7.245E+02   9.623E+01  1.998E-01 
7.339E+02   9.616E+01  1.978E-01 
7.435E+02   9.607E+01  1.959E-01 
7.531E+02   9.598E+01  1.939E-01 
7.629E+02   9.588E+01  1.919E-01 
7.728E+02   9.577E+01  1.900E-01 
7.829E+02   9.566E+01  1.881E-01 
7.931E+02   9.553E+01  1.862E-01 
8.034E+02   9.540E+01  1.843E-01 
8.138E+02   9.526E+01  1.825E-01 
8.244E+02   9.512E+01  1.806E-01 
8.351E+02   9.497E+01  1.788E-01 
8.460E+02   9.481E+01  1.770E-01 
8.570E+02   9.464E+01  1.752E-01 
8.681E+02   9.447E+01  1.734E-01 
8.794E+02   9.429E+01  1.717E-01 
8.908E+02   9.411E+01  1.699E-01 
9.024E+02   9.392E+01  1.682E-01 
9.141E+02   9.372E+01  1.665E-01 
9.260E+02   9.352E+01  1.648E-01 
9.380E+02   9.331E+01  1.631E-01 
9.502E+02   9.310E+01  1.615E-01 
9.626E+02   9.288E+01  1.598E-01 
9.751E+02   9.265E+01  1.582E-01 
9.877E+02   9.243E+01  1.566E-01 
1.001E+03   9.219E+01  1.550E-01 
1.014E+03   9.195E+01  1.534E-01 
1.027E+03   9.171E+01  1.519E-01 
1.040E+03   9.146E+01  1.503E-01 
1.054E+03   9.121E+01  1.488E-01 
1.067E+03   9.096E+01  1.472E-01 
1.081E+03   9.070E+01  1.457E-01 
1.095E+03   9.043E+01  1.442E-01 
1.109E+03   9.017E+01  1.428E-01 
1.124E+03   8.990E+01  1.413E-01 
1.138E+03   8.962E+01  1.398E-01 
1.153E+03   8.935E+01  1.384E-01 
1.168E+03   8.907E+01  1.370E-01 
1.183E+03   8.878E+01  1.356E-01 
1.199E+03   8.850E+01  1.342E-01 
1.214E+03   8.821E+01  1.328E-01 
1.230E+03   8.792E+01  1.314E-01 
1.246E+03   8.762E+01  1.301E-01 
1.262E+03   8.732E+01  1.287E-01 
1.279E+03   8.702E+01  1.274E-01 
1.295E+03   8.672E+01  1.261E-01 
1.312E+03   8.642E+01  1.248E-01 
1.329E+03   8.611E+01  1.235E-01 
1.347E+03   8.581E+01  1.222E-01 
1.364E+03   8.550E+01  1.210E-01 
1.382E+03   8.518E+01  1.197E-01 
1.400E+03   8.487E+01  1.185E-01 
1.418E+03   8.456E+01  1.172E-01 
1.436E+03   8.424E+01  1.160E-01 
1.455E+03   8.392E+01  1.148E-01 
1.474E+03   8.360E+01  1.136E-01 
1.493E+03   8.328E+01  1.124E-01 
1.513E+03   8.296E+01  1.113E-01 
1.532E+03   8.263E+01  1.101E-01 
1.552E+03   8.231E+01  1.090E-01 
1.572E+03   8.198E+01  1.078E-01 
1.593E+03   8.166E+01  1.067E-01 
1.613E+03   8.133E+01  1.056E-01 
1.634E+03   8.100E+01  1.045E-01 
1.656E+03   8.067E+01  1.034E-01 
1.677E+03   8.033E+01  1.023E-01 
1.699E+03   8.000E+01  1.012E-01 
1.721E+03   7.967E+01  1.002E-01 
1.743E+03   7.933E+01  9.913E-02 
1.766E+03   7.900E+01  9.809E-02 
1.789E+03   7.866E+01  9.706E-02 
1.812E+03   7.832E+01  9.605E-02 
1.836E+03   7.798E+01  9.504E-02 
1.860E+03   7.765E+01  9.404E-02 
1.884E+03   7.731E+01  9.305E-02 
1.908E+03   7.696E+01  9.208E-02 
1.933E+03   7.662E+01  9.111E-02 
1.958E+03   7.628E+01  9.015E-02 
1.984E+03   7.594E+01  8.920E-02 
2.009E+03   7.559E+01  8.826E-02 
2.036E+03   7.525E+01  8.733E-02 
2.062E+03   7.490E+01  8.641E-02 
2.089E+03   7.456E+01  8.550E-02 
2.116E+03   7.421E+01  8.460E-02 
2.143E+03   7.386E+01  8.370E-02 
2.171E+03   7.351E+01  8.282E-02 
2.200E+03   7.316E+01  8.194E-02 
2.228E+03   7.281E+01  8.108E-02 
2.257E+03   7.246E+01  8.022E-02 
2.286E+03   7.211E+01  7.937E-02 
2.316E+03   7.176E+01  7.853E-02 
2.346E+03   7.141E+01  7.770E-02 
2.377E+03   7.106E+01  7.688E-02 
2.408E+03   7.070E+01  7.606E-02 
2.439E+03   7.035E+01  7.525E-02 
2.471E+03   7.000E+01  7.446E-02 
2.503E+03   6.964E+01  7.367E-02 
2.535E+03   6.929E+01  7.288E-02 
2.568E+03   6.893E+01  7.211E-02 
2.602E+03   6.858E+01  7.134E-02 
2.635E+03   6.822E+01  7.058E-02 
2.670E+03   6.787E+01  6.983E-02 
2.704E+03   6.751E+01  6.909E-02 
2.740E+03   6.716E+01  6.835E-02 
2.775E+03   6.680E+01  6.762E-02 
2.811E+03   6.645E+01  6.690E-02 
2.848E+03   6.609E+01  6.619E-02 
2.885E+03   6.574E+01  6.548E-02 
2.922E+03   6.538E+01  6.478E-02 
2.960E+03   6.503E+01  6.409E-02 
2.999E+03   6.467E+01  6.341E-02 
3.038E+03   6.432E+01  6.273E-02 
3.077E+03   6.396E+01  6.206E-02 
3.117E+03   6.361E+01  6.139E-02 
3.158E+03   6.326E+01  6.074E-02 
3.199E+03   6.290E+01  6.009E-02 
3.240E+03   6.255E+01  5.944E-02 
3.282E+03   6.220E+01  5.881E-02 
3.325E+03   6.185E+01  5.818E-02 
3.368E+03   6.150E+01  5.755E-02 
3.412E+03   6.115E+01  5.693E-02 
3.456E+03   6.080E+01  5.632E-02 
3.501E+03   6.045E+01  5.572E-02 
3.547E+03   6.010E+01  5.512E-02 
3.593E+03   5.976E+01  5.453E-02 
3.640E+03   5.941E+01  5.394E-02 
3.687E+03   5.907E+01  5.336E-02 
3.735E+03   5.872E+01  5.279E-02 
3.783E+03   5.838E+01  5.222E-02 
3.832E+03   5.804E+01  5.166E-02 
3.882E+03   5.770E+01  5.110E-02 
3.933E+03   5.736E+01  5.055E-02 
3.984E+03   5.702E+01  5.000E-02 
4.036E+03   5.668E+01  4.946E-02 
4.088E+03   5.635E+01  4.893E-02 
4.141E+03   5.601E+01  4.840E-02 
4.195E+03   5.568E+01  4.788E-02 
4.250E+03   5.535E+01  4.736E-02 
4.305E+03   5.502E+01  4.685E-02 
4.361E+03   5.469E+01  4.634E-02 
4.417E+03   5.436E+01  4.584E-02 
4.475E+03   5.403E+01  4.535E-02 
4.533E+03   5.371E+01  4.486E-02 
4.592E+03   5.338E+01  4.437E-02 
4.652E+03   5.306E+01  4.389E-02 
4.712E+03   5.274E+01  4.341E-02 
4.773E+03   5.242E+01  4.294E-02 
4.835E+03   5.210E+01  4.248E-02 
4.898E+03   5.178E+01  4.202E-02 
4.962E+03   5.147E+01  4.156E-02 
5.026E+03   5.115E+01  4.111E-02 
5.092E+03   5.084E+01  4.066E-02 
5.158E+03   5.053E+01  4.022E-02 
5.225E+03   5.022E+01  3.978E-02 
5.293E+03   4.991E+01  3.935E-02 
5.362E+03   4.960E+01  3.892E-02 
5.431E+03   4.930E+01  3.850E-02 
5.502E+03   4.900E+01  3.808E-02 
5.573E+03   4.869E+01  3.767E-02 
5.646E+03   4.839E+01  3.726E-02 
5.719E+03   4.810E+01  3.685E-02 
5.793E+03   4.780E+01  3.645E-02 
5.869E+03   4.750E+01  3.605E-02 
5.945E+03   4.721E+01  3.566E-02 
6.022E+03   4.692E+01  3.527E-02 
6.101E+03   4.663E+01  3.488E-02 
6.180E+03   4.634E+01  3.450E-02 
6.260E+03   4.605E+01  3.413E-02 
6.341E+03   4.576E+01  3.375E-02 
6.424E+03   4.548E+01  3.338E-02 
6.507E+03   4.519E+01  3.302E-02 
6.592E+03   4.491E+01  3.266E-02 
6.678E+03   4.463E+01  3.230E-02 
6.764E+03   4.436E+01  3.195E-02 
6.852E+03   4.408E+01  3.160E-02 
6.941E+03   4.380E+01  3.125E-02 
7.032E+03   4.353E+01  3.091E-02 
7.123E+03   4.326E+01  3.057E-02 
7.216E+03   4.299E+01  3.024E-02 
7.309E+03   4.272E+01  2.990E-02 
7.404E+03   4.245E+01  2.958E-02 
7.501E+03   4.218E+01  2.925E-02 
7.598E+03   4.192E+01  2.893E-02 
7.697E+03   4.166E+01  2.861E-02 
7.797E+03   4.140E+01  2.830E-02 
7.898E+03   4.114E+01  2.799E-02 
8.001E+03   4.088E+01  2.768E-02 
8.105E+03   4.053E+01  2.738E-02 
8.210E+03   4.018E+01  2.708E-02 
8.317E+03   3.982E+01  2.678E-02 
8.425E+03   3.946E+01  2.648E-02 
8.534E+03   3.910E+01  2.619E-02 
8.645E+03   3.873E+01  2.590E-02 
8.758E+03   3.835E+01  2.562E-02 
8.871E+03   3.797E+01  2.534E-02 
8.987E+03   3.758E+01  2.506E-02 
9.104E+03   3.719E+01  2.478E-02 
9.222E+03   3.680E+01  2.451E-02 
9.342E+03   3.640E+01  2.424E-02 
9.463E+03   3.599E+01  2.397E-02 
9.586E+03   3.558E+01  2.370E-02 
9.711E+03   3.528E+01  2.344E-02 
9.837E+03   3.500E+01  2.318E-02 
9.965E+03   3.472E+01  2.293E-02 
1.009E+04   3.445E+01  2.267E-02 
1.023E+04   3.418E+01  2.242E-02 
1.036E+04   3.390E+01  2.218E-02 
1.049E+04   3.364E+01  2.193E-02 
1.063E+04   3.337E+01  2.169E-02 
1.077E+04   3.310E+01  2.145E-02 
1.091E+04   3.284E+01  2.121E-02 
1.105E+04   3.257E+01  2.098E-02 
1.119E+04   3.231E+01  2.074E-02 
1.134E+04   3.205E+01  2.051E-02 
1.149E+04   3.179E+01  2.029E-02 
1.163E+04   3.154E+01  2.006E-02 
1.179E+04   3.128E+01  1.984E-02 
1.194E+04   3.103E+01  1.962E-02 
1.209E+04   3.078E+01  1.940E-02 
1.225E+04   3.053E+01  1.919E-02 
1.241E+04   3.028E+01  1.897E-02 
1.257E+04   3.003E+01  1.876E-02 
1.274E+04   2.979E+01  1.855E-02 
1.290E+04   2.954E+01  1.835E-02 
1.307E+04   2.930E+01  1.814E-02 
1.324E+04   2.906E+01  1.794E-02 
1.341E+04   2.882E+01  1.774E-02 
1.358E+04   2.858E+01  1.755E-02 
1.376E+04   2.835E+01  1.735E-02 
1.394E+04   2.811E+01  1.716E-02 
1.412E+04   2.788E+01  1.697E-02 
1.431E+04   2.765E+01  1.678E-02 
1.449E+04   2.742E+01  1.659E-02 
1.468E+04   2.719E+01  1.641E-02 
1.487E+04   2.696E+01  1.622E-02 
1.506E+04   2.673E+01  1.604E-02 
1.526E+04   2.651E+01  1.586E-02 
1.546E+04   2.629E+01  1.569E-02 
1.566E+04   2.607E+01  1.551E-02 
1.586E+04   2.585E+01  1.534E-02 
1.607E+04   2.563E+01  1.517E-02 
1.628E+04   2.541E+01  1.500E-02 
1.649E+04   2.520E+01  1.483E-02 
1.670E+04   2.498E+01  1.467E-02 
1.692E+04   2.477E+01  1.450E-02 
1.714E+04   2.456E+01  1.434E-02 
1.736E+04   2.435E+01  1.418E-02 
1.759E+04   2.414E+01  1.402E-02 
1.782E+04   2.394E+01  1.386E-02 
1.805E+04   2.373E+01  1.371E-02 
1.828E+04   2.353E+01  1.356E-02 
1.852E+04   2.332E+01  1.340E-02 
1.876E+04   2.312E+01  1.325E-02 
1.900E+04   2.292E+01  1.311E-02 
1.925E+04   2.273E+01  1.296E-02 
1.950E+04   2.253E+01  1.281E-02 
1.976E+04   2.233E+01  1.267E-02 
2.001E+04   2.214E+01  1.253E-02 
2.027E+04   2.195E+01  1.239E-02 
2.054E+04   2.176E+01  1.225E-02 
2.080E+04   2.157E+01  1.211E-02 
2.107E+04   2.138E+01  1.198E-02 
2.135E+04   2.119E+01  1.184E-02 
2.162E+04   2.101E+01  1.171E-02 
2.191E+04   2.082E+01  1.158E-02 
2.219E+04   2.064E+01  1.145E-02 
2.248E+04   2.046E+01  1.132E-02 
2.277E+04   2.028E+01  1.119E-02 
2.307E+04   2.010E+01  1.107E-02 
2.337E+04   1.992E+01  1.094E-02 
2.367E+04   1.975E+01  1.082E-02 
2.398E+04   1.957E+01  1.070E-02 
2.429E+04   1.940E+01  1.058E-02 
2.461E+04   1.922E+01  1.046E-02 
2.492E+04   1.905E+01  1.034E-02 
2.525E+04   1.888E+01  1.022E-02 
2.558E+04   1.871E+01  1.011E-02 
2.591E+04   1.855E+01  9.996E-03 
2.625E+04   1.838E+01  9.883E-03 
2.659E+04   1.822E+01  9.772E-03 
2.693E+04   1.805E+01  9.662E-03 
2.728E+04   1.789E+01  9.553E-03 
2.764E+04   1.773E+01  9.445E-03 
2.800E+04   1.757E+01  9.339E-03 
2.836E+04   1.741E+01  9.234E-03 
2.873E+04   1.726E+01  9.129E-03 
2.910E+04   1.710E+01  9.026E-03 
2.948E+04   1.694E+01  8.925E-03 
2.986E+04   1.679E+01  8.824E-03 
3.025E+04   1.664E+01  8.724E-03 
3.065E+04   1.649E+01  8.626E-03 
3.104E+04   1.634E+01  8.528E-03 
3.145E+04   1.619E+01  8.432E-03 
3.186E+04   1.604E+01  8.337E-03 
3.227E+04   1.590E+01  8.243E-03 
3.269E+04   1.575E+01  8.150E-03 
3.311E+04   1.561E+01  8.057E-03 
3.354E+04   1.546E+01  7.966E-03 
3.398E+04   1.532E+01  7.876E-03 
3.442E+04   1.518E+01  7.787E-03 
3.487E+04   1.504E+01  7.699E-03 
3.532E+04   1.490E+01  7.612E-03 
3.578E+04   1.477E+01  7.526E-03 
3.625E+04   1.463E+01  7.441E-03 
3.672E+04   1.449E+01  7.357E-03 
3.719E+04   1.436E+01  7.273E-03 
3.768E+04   1.423E+01  7.191E-03 
3.817E+04   1.410E+01  7.109E-03 
3.866E+04   1.396E+01  7.029E-03 
3.917E+04   1.384E+01  6.949E-03 
3.968E+04   1.371E+01  6.870E-03 
4.019E+04   1.358E+01  6.793E-03 
4.071E+04   1.345E+01  6.715E-03 
4.124E+04   1.333E+01  6.639E-03 
4.178E+04   1.320E+01  6.564E-03 
4.232E+04   1.308E+01  6.490E-03 
4.287E+04   1.296E+01  6.416E-03 
4.343E+04   1.284E+01  6.343E-03 
4.399E+04   1.272E+01  6.271E-03 
4.456E+04   1.260E+01  6.200E-03 
4.514E+04   1.248E+01  6.129E-03 
4.573E+04   1.236E+01  6.060E-03 
4.632E+04   1.225E+01  5.991E-03 
4.693E+04   1.213E+01  5.923E-03 
4.754E+04   1.202E+01  5.856E-03 
4.815E+04   1.190E+01  5.789E-03 
4.878E+04   1.179E+01  5.723E-03 
4.941E+04   1.168E+01  5.658E-03 
5.006E+04   1.157E+01  5.594E-03 
5.071E+04   1.146E+01  5.530E-03 
5.137E+04   1.135E+01  5.467E-03 
5.203E+04   1.124E+01  5.405E-03 
5.271E+04   1.114E+01  5.343E-03 
5.340E+04   1.103E+01  5.283E-03 
5.409E+04   1.093E+01  5.222E-03 
5.479E+04   1.082E+01  5.163E-03 
5.550E+04   1.072E+01  5.104E-03 
5.623E+04   1.062E+01  5.046E-03 
5.696E+04   1.052E+01  4.989E-03 
5.770E+04   1.042E+01  4.932E-03 
5.845E+04   1.032E+01  4.875E-03 
5.921E+04   1.022E+01  4.820E-03 
5.998E+04   1.012E+01  4.765E-03 
6.075E+04   1.003E+01  4.711E-03 
6.154E+04   9.929E+00  4.657E-03 
6.234E+04   9.834E+00  4.604E-03 
6.315E+04   9.740E+00  4.551E-03 
6.398E+04   9.647E+00  4.499E-03 
6.481E+04   9.554E+00  4.448E-03 
6.565E+04   9.463E+00  4.397E-03 
6.650E+04   9.372E+00  4.347E-03 
6.737E+04   9.282E+00  4.297E-03 
6.824E+04   9.193E+00  4.248E-03 
6.913E+04   9.104E+00  4.200E-03 
7.003E+04   9.017E+00  4.152E-03 
7.094E+04   8.930E+00  4.104E-03 
7.186E+04   8.844E+00  4.057E-03 
7.279E+04   8.759E+00  4.011E-03 
7.374E+04   8.674E+00  3.965E-03 
7.470E+04   8.591E+00  3.920E-03 
7.567E+04   8.508E+00  3.875E-03 
7.665E+04   8.426E+00  3.830E-03 
7.765E+04   8.344E+00  3.787E-03 
7.866E+04   8.264E+00  3.743E-03 
7.968E+04   8.184E+00  3.700E-03 
8.072E+04   8.105E+00  3.658E-03 
8.176E+04   8.026E+00  3.616E-03 
8.283E+04   7.948E+00  3.575E-03 
8.390E+04   7.871E+00  3.534E-03 
8.499E+04   7.795E+00  3.493E-03 
8.610E+04   7.720E+00  3.453E-03 
8.722E+04   7.645E+00  3.414E-03 
8.835E+04   7.571E+00  3.375E-03 
8.950E+04   7.497E+00  3.336E-03 
9.066E+04   7.424E+00  3.298E-03 
9.184E+04   7.352E+00  3.260E-03 
9.303E+04   7.281E+00  3.222E-03 
9.424E+04   7.210E+00  3.185E-03 
9.547E+04   7.140E+00  3.149E-03 
9.671E+04   7.071E+00  3.113E-03 
9.797E+04   7.002E+00  3.077E-03 
9.924E+04   6.934E+00  3.042E-03 
1.005E+05   6.866E+00  3.007E-03 
1.018E+05   6.799E+00  2.972E-03 
1.032E+05   6.733E+00  2.938E-03 
1.045E+05   6.668E+00  2.904E-03 
1.059E+05   6.603E+00  2.871E-03 
1.072E+05   6.538E+00  2.838E-03 
1.086E+05   6.475E+00  2.805E-03 
1.100E+05   6.412E+00  2.773E-03 
1.115E+05   6.349E+00  2.741E-03 
1.129E+05   6.287E+00  2.710E-03 
1.144E+05   6.226E+00  2.679E-03 
1.159E+05   6.165E+00  2.648E-03 
1.174E+05   6.105E+00  2.617E-03 
1.189E+05   6.045E+00  2.587E-03 
1.204E+05   5.987E+00  2.557E-03 
1.220E+05   5.928E+00  2.528E-03 
1.236E+05   5.870E+00  2.499E-03 
1.252E+05   5.813E+00  2.470E-03 
1.268E+05   5.756E+00  2.442E-03 
1.285E+05   5.700E+00  2.414E-03 
1.302E+05   5.645E+00  2.386E-03 
1.318E+05   5.589E+00  2.358E-03 
1.336E+05   5.535E+00  2.331E-03 
1.353E+05   5.481E+00  2.304E-03 
1.371E+05   5.427E+00  2.278E-03 
1.388E+05   5.374E+00  2.251E-03 
1.406E+05   5.322E+00  2.225E-03 
1.425E+05   5.270E+00  2.200E-03 
1.443E+05   5.219E+00  2.174E-03 
1.462E+05   5.168E+00  2.149E-03 
1.481E+05   5.117E+00  2.125E-03 
1.500E+05   5.068E+00  2.100E-03 
1.520E+05   5.018E+00  2.076E-03 
1.539E+05   4.969E+00  2.052E-03 
1.559E+05   4.921E+00  2.028E-03 
1.580E+05   4.873E+00  2.005E-03 
1.600E+05   4.825E+00  1.982E-03 
1.621E+05   4.778E+00  1.959E-03 
1.642E+05   4.732E+00  1.936E-03 
1.663E+05   4.686E+00  1.914E-03 
1.685E+05   4.640E+00  1.892E-03 
1.707E+05   4.595E+00  1.870E-03 
1.729E+05   4.550E+00  1.848E-03 
1.752E+05   4.506E+00  1.827E-03 
1.774E+05   4.462E+00  1.806E-03 
1.797E+05   4.419E+00  1.785E-03 
1.821E+05   4.376E+00  1.764E-03 
1.844E+05   4.333E+00  1.744E-03 
1.868E+05   4.291E+00  1.724E-03 
1.893E+05   4.250E+00  1.704E-03 
1.917E+05   4.209E+00  1.684E-03 
1.942E+05   4.168E+00  1.665E-03 
1.967E+05   4.127E+00  1.645E-03 
1.993E+05   4.087E+00  1.626E-03 
2.019E+05   4.048E+00  1.607E-03 
2.045E+05   4.009E+00  1.589E-03 
2.072E+05   3.970E+00  1.570E-03 
2.099E+05   3.931E+00  1.552E-03 
2.126E+05   3.893E+00  1.534E-03 
2.154E+05   3.856E+00  1.516E-03 
2.182E+05   3.819E+00  1.499E-03 
2.210E+05   3.782E+00  1.482E-03 
2.239E+05   3.745E+00  1.464E-03 
2.268E+05   3.709E+00  1.447E-03 
2.297E+05   3.674E+00  1.431E-03 
2.327E+05   3.638E+00  1.414E-03 
2.357E+05   3.603E+00  1.398E-03 
2.388E+05   3.569E+00  1.381E-03 
2.419E+05   3.534E+00  1.365E-03 
2.450E+05   3.501E+00  1.350E-03 
2.482E+05   3.467E+00  1.334E-03 
2.515E+05   3.434E+00  1.318E-03 
2.547E+05   3.401E+00  1.303E-03 
2.580E+05   3.368E+00  1.288E-03 
2.614E+05   3.336E+00  1.273E-03 
2.648E+05   3.304E+00  1.258E-03 
2.682E+05   3.273E+00  1.244E-03 
2.717E+05   3.242E+00  1.229E-03 
2.752E+05   3.211E+00  1.215E-03 
2.788E+05   3.180E+00  1.201E-03 
2.824E+05   3.150E+00  1.187E-03 
2.861E+05   3.120E+00  1.173E-03 
2.898E+05   3.091E+00  1.160E-03 
2.936E+05   3.061E+00  1.146E-03 
2.974E+05   3.032E+00  1.133E-03 
3.013E+05   3.004E+00  1.120E-03 
3.052E+05   2.975E+00  1.107E-03 
3.092E+05   2.947E+00  1.094E-03 
3.132E+05   2.920E+00  1.081E-03 
3.172E+05   2.892E+00  1.068E-03 
3.214E+05   2.865E+00  1.056E-03 
3.255E+05   2.838E+00  1.044E-03 
3.298E+05   2.811E+00  1.032E-03 
3.341E+05   2.785E+00  1.020E-03 
3.384E+05   2.759E+00  1.008E-03 
3.428E+05   2.733E+00  9.960E-04 
3.473E+05   2.708E+00  9.844E-04 
3.518E+05   2.683E+00  9.729E-04 
3.563E+05   2.658E+00  9.616E-04 
3.610E+05   2.633E+00  9.504E-04 
3.657E+05   2.609E+00  9.393E-04 
3.704E+05   2.584E+00  9.284E-04 
3.752E+05   2.560E+00  9.176E-04 
3.801E+05   2.537E+00  9.069E-04 
3.851E+05   2.513E+00  8.963E-04 
3.901E+05   2.490E+00  8.859E-04 
3.951E+05   2.467E+00  8.756E-04 
4.003E+05   2.445E+00  8.654E-04 
