Ion = Helium      . Mass = 4.0026
Tgt = Au (Solid). Density = 19.311 g/cm3
Stopping Units =  eV/(1E15 atoms/cm2)
Energy(keV)  S(Elec)    S(Nuc)
1.000E+00   4.979E+00  1.764E+00 
1.013E+00   5.011E+00  1.769E+00 
1.026E+00   5.044E+00  1.774E+00 
1.039E+00   5.076E+00  1.779E+00 
1.053E+00   5.109E+00  1.784E+00 
1.067E+00   5.142E+00  1.789E+00 
1.081E+00   5.176E+00  1.794E+00 
1.095E+00   5.209E+00  1.798E+00 
1.109E+00   5.243E+00  1.803E+00 
1.123E+00   5.277E+00  1.808E+00 
1.138E+00   5.311E+00  1.813E+00 
1.153E+00   5.346E+00  1.817E+00 
1.168E+00   5.380E+00  1.822E+00 
1.183E+00   5.415E+00  1.827E+00 
1.198E+00   5.450E+00  1.831E+00 
1.214E+00   5.485E+00  1.836E+00 
1.229E+00   5.521E+00  1.841E+00 
1.245E+00   5.557E+00  1.845E+00 
1.262E+00   5.593E+00  1.850E+00 
1.278E+00   5.629E+00  1.854E+00 
1.295E+00   5.665E+00  1.859E+00 
1.311E+00   5.702E+00  1.863E+00 
1.329E+00   5.739E+00  1.868E+00 
1.346E+00   5.776E+00  1.872E+00 
1.363E+00   5.814E+00  1.877E+00 
1.381E+00   5.851E+00  1.881E+00 
1.399E+00   5.889E+00  1.886E+00 
1.417E+00   5.927E+00  1.890E+00 
1.436E+00   5.966E+00  1.894E+00 
1.454E+00   6.004E+00  1.899E+00 
1.473E+00   6.043E+00  1.903E+00 
1.492E+00   6.082E+00  1.907E+00 
1.512E+00   6.122E+00  1.912E+00 
1.531E+00   6.161E+00  1.916E+00 
1.551E+00   6.201E+00  1.920E+00 
1.571E+00   6.241E+00  1.924E+00 
1.592E+00   6.282E+00  1.928E+00 
1.612E+00   6.323E+00  1.933E+00 
1.633E+00   6.364E+00  1.937E+00 
1.655E+00   6.405E+00  1.941E+00 
1.676E+00   6.446E+00  1.945E+00 
1.698E+00   6.488E+00  1.949E+00 
1.720E+00   6.530E+00  1.953E+00 
1.742E+00   6.572E+00  1.957E+00 
1.765E+00   6.615E+00  1.961E+00 
1.788E+00   6.658E+00  1.965E+00 
1.811E+00   6.701E+00  1.969E+00 
1.835E+00   6.744E+00  1.973E+00 
1.859E+00   6.788E+00  1.976E+00 
1.883E+00   6.832E+00  1.980E+00 
1.907E+00   6.876E+00  1.984E+00 
1.932E+00   6.921E+00  1.988E+00 
1.957E+00   6.966E+00  1.992E+00 
1.983E+00   7.011E+00  1.995E+00 
2.008E+00   7.056E+00  1.999E+00 
2.034E+00   7.102E+00  2.003E+00 
2.061E+00   7.148E+00  2.006E+00 
2.088E+00   7.194E+00  2.010E+00 
2.115E+00   7.241E+00  2.013E+00 
2.142E+00   7.288E+00  2.017E+00 
2.170E+00   7.335E+00  2.020E+00 
2.198E+00   7.382E+00  2.024E+00 
2.227E+00   7.430E+00  2.027E+00 
2.256E+00   7.478E+00  2.031E+00 
2.285E+00   7.527E+00  2.034E+00 
2.315E+00   7.575E+00  2.037E+00 
2.345E+00   7.624E+00  2.041E+00 
2.375E+00   7.674E+00  2.044E+00 
2.406E+00   7.724E+00  2.047E+00 
2.438E+00   7.774E+00  2.050E+00 
2.469E+00   7.824E+00  2.053E+00 
2.501E+00   7.875E+00  2.057E+00 
2.534E+00   7.926E+00  2.060E+00 
2.567E+00   7.977E+00  2.063E+00 
2.600E+00   8.029E+00  2.066E+00 
2.634E+00   8.081E+00  2.069E+00 
2.668E+00   8.133E+00  2.072E+00 
2.703E+00   8.186E+00  2.075E+00 
2.738E+00   8.239E+00  2.077E+00 
2.773E+00   8.292E+00  2.080E+00 
2.810E+00   8.346E+00  2.083E+00 
2.846E+00   8.400E+00  2.086E+00 
2.883E+00   8.454E+00  2.088E+00 
2.921E+00   8.509E+00  2.091E+00 
2.958E+00   8.564E+00  2.094E+00 
2.997E+00   8.620E+00  2.096E+00 
3.036E+00   8.675E+00  2.099E+00 
3.075E+00   8.732E+00  2.101E+00 
3.115E+00   8.788E+00  2.104E+00 
3.156E+00   8.845E+00  2.106E+00 
3.197E+00   8.902E+00  2.109E+00 
3.238E+00   8.960E+00  2.111E+00 
3.280E+00   9.018E+00  2.114E+00 
3.323E+00   9.076E+00  2.116E+00 
3.366E+00   9.135E+00  2.118E+00 
3.410E+00   9.194E+00  2.120E+00 
3.454E+00   9.254E+00  2.122E+00 
3.499E+00   9.314E+00  2.124E+00 
3.545E+00   9.374E+00  2.127E+00 
3.591E+00   9.435E+00  2.129E+00 
3.637E+00   9.496E+00  2.131E+00 
3.685E+00   9.558E+00  2.133E+00 
3.733E+00   9.620E+00  2.134E+00 
3.781E+00   9.682E+00  2.136E+00 
3.830E+00   9.745E+00  2.138E+00 
3.880E+00   9.808E+00  2.140E+00 
3.930E+00   9.871E+00  2.142E+00 
3.982E+00   9.935E+00  2.143E+00 
4.033E+00   9.999E+00  2.145E+00 
4.086E+00   1.006E+01  2.146E+00 
4.139E+00   1.013E+01  2.148E+00 
4.193E+00   1.020E+01  2.150E+00 
4.247E+00   1.026E+01  2.151E+00 
4.302E+00   1.033E+01  2.152E+00 
4.358E+00   1.039E+01  2.154E+00 
4.415E+00   1.046E+01  2.155E+00 
4.472E+00   1.053E+01  2.156E+00 
4.530E+00   1.060E+01  2.157E+00 
4.589E+00   1.067E+01  2.159E+00 
4.649E+00   1.074E+01  2.160E+00 
4.709E+00   1.080E+01  2.161E+00 
4.770E+00   1.087E+01  2.162E+00 
4.832E+00   1.095E+01  2.163E+00 
4.895E+00   1.102E+01  2.164E+00 
4.959E+00   1.109E+01  2.165E+00 
5.023E+00   1.116E+01  2.165E+00 
5.089E+00   1.123E+01  2.166E+00 
5.155E+00   1.130E+01  2.167E+00 
5.222E+00   1.138E+01  2.168E+00 
5.290E+00   1.145E+01  2.168E+00 
5.358E+00   1.153E+01  2.169E+00 
5.428E+00   1.160E+01  2.169E+00 
5.499E+00   1.168E+01  2.170E+00 
5.570E+00   1.175E+01  2.170E+00 
5.642E+00   1.183E+01  2.171E+00 
5.716E+00   1.190E+01  2.171E+00 
5.790E+00   1.198E+01  2.171E+00 
5.865E+00   1.206E+01  2.171E+00 
5.942E+00   1.214E+01  2.172E+00 
6.019E+00   1.222E+01  2.172E+00 
6.097E+00   1.229E+01  2.172E+00 
6.176E+00   1.237E+01  2.172E+00 
6.256E+00   1.245E+01  2.172E+00 
6.338E+00   1.253E+01  2.171E+00 
6.420E+00   1.262E+01  2.171E+00 
6.504E+00   1.270E+01  2.171E+00 
6.588E+00   1.278E+01  2.171E+00 
6.674E+00   1.286E+01  2.170E+00 
6.760E+00   1.295E+01  2.170E+00 
6.848E+00   1.303E+01  2.170E+00 
6.937E+00   1.311E+01  2.169E+00 
7.027E+00   1.320E+01  2.169E+00 
7.119E+00   1.328E+01  2.168E+00 
7.211E+00   1.337E+01  2.167E+00 
7.305E+00   1.346E+01  2.167E+00 
7.400E+00   1.354E+01  2.166E+00 
7.496E+00   1.363E+01  2.165E+00 
7.594E+00   1.372E+01  2.164E+00 
7.692E+00   1.381E+01  2.163E+00 
7.792E+00   1.390E+01  2.162E+00 
7.894E+00   1.399E+01  2.161E+00 
7.996E+00   1.408E+01  2.160E+00 
8.100E+00   1.417E+01  2.159E+00 
8.205E+00   1.426E+01  2.158E+00 
8.312E+00   1.436E+01  2.156E+00 
8.420E+00   1.445E+01  2.155E+00 
8.529E+00   1.454E+01  2.154E+00 
8.640E+00   1.464E+01  2.152E+00 
8.753E+00   1.474E+01  2.151E+00 
8.866E+00   1.483E+01  2.149E+00 
8.982E+00   1.493E+01  2.148E+00 
9.098E+00   1.503E+01  2.146E+00 
9.217E+00   1.512E+01  2.144E+00 
9.336E+00   1.522E+01  2.142E+00 
9.458E+00   1.532E+01  2.140E+00 
9.581E+00   1.542E+01  2.139E+00 
9.705E+00   1.552E+01  2.137E+00 
9.831E+00   1.563E+01  2.135E+00 
9.959E+00   1.573E+01  2.133E+00 
1.009E+01   1.583E+01  2.130E+00 
1.022E+01   1.593E+01  2.128E+00 
1.035E+01   1.604E+01  2.126E+00 
1.049E+01   1.614E+01  2.124E+00 
1.062E+01   1.625E+01  2.121E+00 
1.076E+01   1.636E+01  2.119E+00 
1.090E+01   1.646E+01  2.116E+00 
1.104E+01   1.657E+01  2.114E+00 
1.119E+01   1.668E+01  2.111E+00 
1.133E+01   1.679E+01  2.108E+00 
1.148E+01   1.690E+01  2.106E+00 
1.163E+01   1.701E+01  2.103E+00 
1.178E+01   1.712E+01  2.100E+00 
1.193E+01   1.723E+01  2.097E+00 
1.209E+01   1.735E+01  2.094E+00 
1.224E+01   1.746E+01  2.091E+00 
1.240E+01   1.757E+01  2.088E+00 
1.256E+01   1.769E+01  2.085E+00 
1.273E+01   1.780E+01  2.082E+00 
1.289E+01   1.792E+01  2.079E+00 
1.306E+01   1.804E+01  2.075E+00 
1.323E+01   1.816E+01  2.072E+00 
1.340E+01   1.828E+01  2.069E+00 
1.358E+01   1.840E+01  2.065E+00 
1.375E+01   1.852E+01  2.062E+00 
1.393E+01   1.864E+01  2.058E+00 
1.411E+01   1.876E+01  2.054E+00 
1.430E+01   1.888E+01  2.051E+00 
1.448E+01   1.901E+01  2.047E+00 
1.467E+01   1.913E+01  2.043E+00 
1.486E+01   1.926E+01  2.039E+00 
1.505E+01   1.938E+01  2.035E+00 
1.525E+01   1.951E+01  2.031E+00 
1.545E+01   1.964E+01  2.027E+00 
1.565E+01   1.977E+01  2.023E+00 
1.585E+01   1.990E+01  2.019E+00 
1.606E+01   2.003E+01  2.015E+00 
1.627E+01   2.016E+01  2.011E+00 
1.648E+01   2.029E+01  2.007E+00 
1.669E+01   2.042E+01  2.002E+00 
1.691E+01   2.056E+01  1.998E+00 
1.713E+01   2.069E+01  1.993E+00 
1.735E+01   2.083E+01  1.989E+00 
1.758E+01   2.096E+01  1.984E+00 
1.781E+01   2.110E+01  1.980E+00 
1.804E+01   2.124E+01  1.975E+00 
1.827E+01   2.138E+01  1.970E+00 
1.851E+01   2.152E+01  1.966E+00 
1.875E+01   2.166E+01  1.961E+00 
1.899E+01   2.180E+01  1.956E+00 
1.924E+01   2.195E+01  1.951E+00 
1.949E+01   2.209E+01  1.946E+00 
1.974E+01   2.223E+01  1.941E+00 
2.000E+01   2.238E+01  1.936E+00 
2.026E+01   2.253E+01  1.931E+00 
2.052E+01   2.267E+01  1.926E+00 
2.079E+01   2.282E+01  1.920E+00 
2.106E+01   2.297E+01  1.915E+00 
2.133E+01   2.312E+01  1.910E+00 
2.161E+01   2.327E+01  1.905E+00 
2.189E+01   2.342E+01  1.899E+00 
2.218E+01   2.358E+01  1.894E+00 
2.247E+01   2.373E+01  1.888E+00 
2.276E+01   2.389E+01  1.883E+00 
2.305E+01   2.404E+01  1.877E+00 
2.335E+01   2.420E+01  1.872E+00 
2.366E+01   2.436E+01  1.866E+00 
2.396E+01   2.452E+01  1.860E+00 
2.428E+01   2.468E+01  1.854E+00 
2.459E+01   2.484E+01  1.849E+00 
2.491E+01   2.500E+01  1.843E+00 
2.523E+01   2.516E+01  1.837E+00 
2.556E+01   2.533E+01  1.831E+00 
2.589E+01   2.549E+01  1.825E+00 
2.623E+01   2.566E+01  1.819E+00 
2.657E+01   2.583E+01  1.813E+00 
2.692E+01   2.599E+01  1.807E+00 
2.727E+01   2.616E+01  1.801E+00 
2.762E+01   2.633E+01  1.795E+00 
2.798E+01   2.651E+01  1.789E+00 
2.834E+01   2.668E+01  1.782E+00 
2.871E+01   2.685E+01  1.776E+00 
2.909E+01   2.703E+01  1.770E+00 
2.946E+01   2.720E+01  1.764E+00 
2.985E+01   2.738E+01  1.757E+00 
3.023E+01   2.756E+01  1.751E+00 
3.063E+01   2.774E+01  1.744E+00 
3.103E+01   2.792E+01  1.738E+00 
3.143E+01   2.810E+01  1.731E+00 
3.184E+01   2.828E+01  1.725E+00 
3.225E+01   2.847E+01  1.718E+00 
3.267E+01   2.865E+01  1.712E+00 
3.309E+01   2.884E+01  1.705E+00 
3.352E+01   2.903E+01  1.699E+00 
3.396E+01   2.922E+01  1.692E+00 
3.440E+01   2.941E+01  1.685E+00 
3.485E+01   2.960E+01  1.678E+00 
3.530E+01   2.979E+01  1.672E+00 
3.576E+01   2.999E+01  1.665E+00 
3.623E+01   3.018E+01  1.658E+00 
3.670E+01   3.038E+01  1.651E+00 
3.717E+01   3.058E+01  1.644E+00 
3.766E+01   3.078E+01  1.638E+00 
3.815E+01   3.098E+01  1.631E+00 
3.864E+01   3.118E+01  1.624E+00 
3.914E+01   3.139E+01  1.617E+00 
3.965E+01   3.159E+01  1.610E+00 
4.017E+01   3.180E+01  1.603E+00 
4.069E+01   3.201E+01  1.596E+00 
4.122E+01   3.222E+01  1.589E+00 
4.175E+01   3.243E+01  1.582E+00 
4.230E+01   3.264E+01  1.575E+00 
4.285E+01   3.285E+01  1.568E+00 
4.340E+01   3.307E+01  1.561E+00 
4.397E+01   3.329E+01  1.553E+00 
4.454E+01   3.351E+01  1.546E+00 
4.512E+01   3.373E+01  1.539E+00 
4.570E+01   3.395E+01  1.532E+00 
4.630E+01   3.417E+01  1.525E+00 
4.690E+01   3.440E+01  1.518E+00 
4.751E+01   3.462E+01  1.510E+00 
4.813E+01   3.485E+01  1.503E+00 
4.875E+01   3.508E+01  1.496E+00 
4.939E+01   3.532E+01  1.489E+00 
5.003E+01   3.555E+01  1.481E+00 
5.068E+01   3.578E+01  1.474E+00 
5.134E+01   3.602E+01  1.467E+00 
5.200E+01   3.626E+01  1.460E+00 
5.268E+01   3.650E+01  1.452E+00 
5.336E+01   3.674E+01  1.445E+00 
5.406E+01   3.699E+01  1.438E+00 
5.476E+01   3.723E+01  1.430E+00 
5.547E+01   3.748E+01  1.423E+00 
5.619E+01   3.773E+01  1.416E+00 
5.692E+01   3.798E+01  1.408E+00 
5.766E+01   3.824E+01  1.401E+00 
5.841E+01   3.849E+01  1.394E+00 
5.917E+01   3.875E+01  1.386E+00 
5.994E+01   3.901E+01  1.379E+00 
6.072E+01   3.927E+01  1.372E+00 
6.151E+01   3.953E+01  1.364E+00 
6.231E+01   3.980E+01  1.357E+00 
6.312E+01   4.007E+01  1.350E+00 
6.394E+01   4.033E+01  1.342E+00 
6.477E+01   4.061E+01  1.335E+00 
6.561E+01   4.088E+01  1.328E+00 
6.646E+01   4.116E+01  1.320E+00 
6.733E+01   4.143E+01  1.313E+00 
6.820E+01   4.171E+01  1.306E+00 
6.909E+01   4.199E+01  1.298E+00 
6.999E+01   4.228E+01  1.291E+00 
7.090E+01   4.256E+01  1.284E+00 
7.182E+01   4.285E+01  1.276E+00 
7.275E+01   4.314E+01  1.269E+00 
7.370E+01   4.344E+01  1.262E+00 
7.465E+01   4.373E+01  1.254E+00 
7.562E+01   4.403E+01  1.247E+00 
7.661E+01   4.433E+01  1.240E+00 
7.760E+01   4.463E+01  1.233E+00 
7.861E+01   4.494E+01  1.225E+00 
7.963E+01   4.524E+01  1.218E+00 
8.067E+01   4.555E+01  1.211E+00 
8.172E+01   4.586E+01  1.204E+00 
8.278E+01   4.618E+01  1.196E+00 
8.385E+01   4.649E+01  1.189E+00 
8.494E+01   4.681E+01  1.182E+00 
8.605E+01   4.713E+01  1.175E+00 
8.717E+01   4.745E+01  1.168E+00 
8.830E+01   4.778E+01  1.160E+00 
8.945E+01   4.811E+01  1.153E+00 
9.061E+01   4.844E+01  1.146E+00 
9.179E+01   4.877E+01  1.139E+00 
9.298E+01   4.911E+01  1.132E+00 
9.419E+01   4.944E+01  1.125E+00 
9.541E+01   4.979E+01  1.118E+00 
9.665E+01   5.013E+01  1.111E+00 
9.791E+01   5.047E+01  1.104E+00 
9.918E+01   5.082E+01  1.096E+00 
1.005E+02   5.117E+01  1.089E+00 
1.018E+02   5.153E+01  1.082E+00 
1.031E+02   5.188E+01  1.075E+00 
1.044E+02   5.224E+01  1.068E+00 
1.058E+02   5.260E+01  1.062E+00 
1.072E+02   5.297E+01  1.055E+00 
1.086E+02   5.333E+01  1.048E+00 
1.100E+02   5.370E+01  1.041E+00 
1.114E+02   5.407E+01  1.034E+00 
1.129E+02   5.445E+01  1.027E+00 
1.143E+02   5.483E+01  1.020E+00 
1.158E+02   5.521E+01  1.013E+00 
1.173E+02   5.559E+01  1.007E+00 
1.188E+02   5.597E+01  9.998E-01 
1.204E+02   5.636E+01  9.930E-01 
1.219E+02   5.675E+01  9.863E-01 
1.235E+02   5.714E+01  9.796E-01 
1.251E+02   5.754E+01  9.729E-01 
1.268E+02   5.794E+01  9.662E-01 
1.284E+02   5.834E+01  9.596E-01 
1.301E+02   5.875E+01  9.529E-01 
1.318E+02   5.915E+01  9.463E-01 
1.335E+02   5.956E+01  9.398E-01 
1.352E+02   5.998E+01  9.332E-01 
1.370E+02   6.039E+01  9.267E-01 
1.388E+02   6.081E+01  9.202E-01 
1.406E+02   6.123E+01  9.137E-01 
1.424E+02   6.165E+01  9.072E-01 
1.442E+02   6.208E+01  9.008E-01 
1.461E+02   6.251E+01  8.944E-01 
1.480E+02   6.294E+01  8.880E-01 
1.499E+02   6.338E+01  8.816E-01 
1.519E+02   6.381E+01  8.753E-01 
1.539E+02   6.425E+01  8.690E-01 
1.559E+02   6.470E+01  8.627E-01 
1.579E+02   6.514E+01  8.565E-01 
1.599E+02   6.559E+01  8.503E-01 
1.620E+02   6.604E+01  8.441E-01 
1.641E+02   6.649E+01  8.379E-01 
1.662E+02   6.695E+01  8.317E-01 
1.684E+02   6.741E+01  8.256E-01 
1.706E+02   6.787E+01  8.195E-01 
1.728E+02   6.834E+01  8.135E-01 
1.751E+02   6.880E+01  8.074E-01 
1.773E+02   6.927E+01  8.014E-01 
1.796E+02   6.974E+01  7.954E-01 
1.820E+02   7.022E+01  7.895E-01 
1.843E+02   7.070E+01  7.835E-01 
1.867E+02   7.118E+01  7.777E-01 
1.892E+02   7.166E+01  7.718E-01 
1.916E+02   7.214E+01  7.659E-01 
1.941E+02   7.263E+01  7.601E-01 
1.966E+02   7.312E+01  7.543E-01 
1.992E+02   7.361E+01  7.486E-01 
2.018E+02   7.411E+01  7.429E-01 
2.044E+02   7.460E+01  7.372E-01 
2.071E+02   7.510E+01  7.315E-01 
2.097E+02   7.560E+01  7.259E-01 
2.125E+02   7.610E+01  7.202E-01 
2.152E+02   7.661E+01  7.147E-01 
2.180E+02   7.712E+01  7.091E-01 
2.209E+02   7.763E+01  7.036E-01 
2.237E+02   7.814E+01  6.981E-01 
2.266E+02   7.865E+01  6.926E-01 
2.296E+02   7.917E+01  6.872E-01 
2.326E+02   7.969E+01  6.818E-01 
2.356E+02   8.020E+01  6.764E-01 
2.387E+02   8.073E+01  6.711E-01 
2.418E+02   8.125E+01  6.658E-01 
2.449E+02   8.177E+01  6.605E-01 
2.481E+02   8.230E+01  6.552E-01 
2.513E+02   8.283E+01  6.500E-01 
2.546E+02   8.335E+01  6.448E-01 
2.579E+02   8.388E+01  6.396E-01 
2.612E+02   8.442E+01  6.345E-01 
2.646E+02   8.495E+01  6.294E-01 
2.681E+02   8.548E+01  6.243E-01 
2.716E+02   8.602E+01  6.192E-01 
2.751E+02   8.655E+01  6.142E-01 
2.787E+02   8.709E+01  6.092E-01 
2.823E+02   8.763E+01  6.043E-01 
2.859E+02   8.817E+01  5.994E-01 
2.897E+02   8.871E+01  5.945E-01 
2.934E+02   8.925E+01  5.896E-01 
2.972E+02   8.979E+01  5.847E-01 
3.011E+02   9.033E+01  5.799E-01 
3.050E+02   9.087E+01  5.751E-01 
3.090E+02   9.141E+01  5.704E-01 
3.130E+02   9.195E+01  5.657E-01 
3.171E+02   9.249E+01  5.610E-01 
3.212E+02   9.303E+01  5.563E-01 
3.254E+02   9.358E+01  5.517E-01 
3.296E+02   9.412E+01  5.471E-01 
3.339E+02   9.466E+01  5.425E-01 
3.382E+02   9.520E+01  5.380E-01 
3.426E+02   9.573E+01  5.334E-01 
3.471E+02   9.627E+01  5.290E-01 
3.516E+02   9.681E+01  5.245E-01 
3.561E+02   9.734E+01  5.201E-01 
3.608E+02   9.788E+01  5.157E-01 
3.655E+02   9.841E+01  5.113E-01 
3.702E+02   9.894E+01  5.070E-01 
3.750E+02   9.947E+01  5.026E-01 
3.799E+02   1.000E+02  4.984E-01 
3.848E+02   1.005E+02  4.941E-01 
3.898E+02   1.011E+02  4.899E-01 
3.949E+02   1.016E+02  4.857E-01 
4.000E+02   1.021E+02  4.815E-01 
4.052E+02   1.026E+02  4.774E-01 
4.105E+02   1.031E+02  4.733E-01 
4.158E+02   1.036E+02  4.692E-01 
4.212E+02   1.042E+02  4.651E-01 
4.267E+02   1.047E+02  4.611E-01 
4.323E+02   1.052E+02  4.571E-01 
4.379E+02   1.057E+02  4.531E-01 
4.436E+02   1.062E+02  4.492E-01 
4.493E+02   1.066E+02  4.453E-01 
4.552E+02   1.071E+02  4.414E-01 
4.611E+02   1.076E+02  4.375E-01 
4.671E+02   1.081E+02  4.337E-01 
4.731E+02   1.086E+02  4.299E-01 
4.793E+02   1.091E+02  4.261E-01 
4.855E+02   1.095E+02  4.223E-01 
4.918E+02   1.100E+02  4.186E-01 
4.982E+02   1.104E+02  4.149E-01 
5.047E+02   1.109E+02  4.113E-01 
5.113E+02   1.113E+02  4.076E-01 
5.179E+02   1.118E+02  4.040E-01 
5.246E+02   1.122E+02  4.004E-01 
5.315E+02   1.126E+02  3.968E-01 
5.384E+02   1.131E+02  3.933E-01 
5.454E+02   1.135E+02  3.898E-01 
5.524E+02   1.139E+02  3.863E-01 
5.596E+02   1.143E+02  3.828E-01 
5.669E+02   1.147E+02  3.794E-01 
5.743E+02   1.151E+02  3.760E-01 
5.817E+02   1.155E+02  3.860E-01 
5.893E+02   1.159E+02  3.825E-01 
5.969E+02   1.162E+02  3.790E-01 
6.047E+02   1.166E+02  3.756E-01 
6.126E+02   1.170E+02  3.721E-01 
6.205E+02   1.173E+02  3.687E-01 
6.286E+02   1.177E+02  3.654E-01 
6.368E+02   1.180E+02  3.620E-01 
6.450E+02   1.183E+02  3.587E-01 
6.534E+02   1.186E+02  3.554E-01 
6.619E+02   1.189E+02  3.521E-01 
6.705E+02   1.192E+02  3.489E-01 
6.792E+02   1.195E+02  3.456E-01 
6.881E+02   1.198E+02  3.425E-01 
6.970E+02   1.201E+02  3.393E-01 
7.061E+02   1.204E+02  3.361E-01 
7.152E+02   1.206E+02  3.330E-01 
7.245E+02   1.209E+02  3.299E-01 
7.339E+02   1.211E+02  3.268E-01 
7.435E+02   1.213E+02  3.238E-01 
7.531E+02   1.216E+02  3.208E-01 
7.629E+02   1.218E+02  3.178E-01 
7.728E+02   1.220E+02  3.148E-01 
7.829E+02   1.222E+02  3.119E-01 
7.931E+02   1.224E+02  3.089E-01 
8.034E+02   1.225E+02  3.060E-01 
8.138E+02   1.227E+02  3.031E-01 
8.244E+02   1.228E+02  3.003E-01 
8.351E+02   1.230E+02  2.975E-01 
8.460E+02   1.231E+02  2.946E-01 
8.570E+02   1.232E+02  2.919E-01 
8.681E+02   1.234E+02  2.891E-01 
8.794E+02   1.235E+02  2.864E-01 
8.908E+02   1.236E+02  2.836E-01 
9.024E+02   1.236E+02  2.809E-01 
9.141E+02   1.237E+02  2.783E-01 
9.260E+02   1.238E+02  2.756E-01 
9.380E+02   1.238E+02  2.730E-01 
9.502E+02   1.239E+02  2.704E-01 
9.626E+02   1.239E+02  2.678E-01 
9.751E+02   1.239E+02  2.652E-01 
9.877E+02   1.240E+02  2.627E-01 
1.001E+03   1.240E+02  2.602E-01 
1.014E+03   1.239E+02  2.577E-01 
1.027E+03   1.239E+02  2.552E-01 
1.040E+03   1.239E+02  2.528E-01 
1.054E+03   1.239E+02  2.503E-01 
1.067E+03   1.238E+02  2.479E-01 
1.081E+03   1.238E+02  2.455E-01 
1.095E+03   1.237E+02  2.431E-01 
1.109E+03   1.236E+02  2.408E-01 
1.124E+03   1.235E+02  2.385E-01 
1.138E+03   1.234E+02  2.361E-01 
1.153E+03   1.233E+02  2.339E-01 
1.168E+03   1.232E+02  2.316E-01 
1.183E+03   1.231E+02  2.293E-01 
1.199E+03   1.230E+02  2.271E-01 
1.214E+03   1.228E+02  2.249E-01 
1.230E+03   1.227E+02  2.227E-01 
1.246E+03   1.225E+02  2.205E-01 
1.262E+03   1.223E+02  2.184E-01 
1.279E+03   1.221E+02  2.162E-01 
1.295E+03   1.220E+02  2.141E-01 
1.312E+03   1.218E+02  2.120E-01 
1.329E+03   1.215E+02  2.099E-01 
1.347E+03   1.213E+02  2.079E-01 
1.364E+03   1.211E+02  2.058E-01 
1.382E+03   1.209E+02  2.038E-01 
1.400E+03   1.206E+02  2.018E-01 
1.418E+03   1.204E+02  1.998E-01 
1.436E+03   1.201E+02  1.978E-01 
1.455E+03   1.199E+02  1.959E-01 
1.474E+03   1.196E+02  1.940E-01 
1.493E+03   1.193E+02  1.920E-01 
1.513E+03   1.190E+02  1.901E-01 
1.532E+03   1.187E+02  1.883E-01 
1.552E+03   1.184E+02  1.864E-01 
1.572E+03   1.181E+02  1.845E-01 
1.593E+03   1.178E+02  1.827E-01 
1.613E+03   1.175E+02  1.809E-01 
1.634E+03   1.172E+02  1.791E-01 
1.656E+03   1.168E+02  1.773E-01 
1.677E+03   1.165E+02  1.755E-01 
1.699E+03   1.161E+02  1.738E-01 
1.721E+03   1.158E+02  1.721E-01 
1.743E+03   1.154E+02  1.703E-01 
1.766E+03   1.150E+02  1.686E-01 
1.789E+03   1.147E+02  1.669E-01 
1.812E+03   1.143E+02  1.653E-01 
1.836E+03   1.139E+02  1.636E-01 
1.860E+03   1.135E+02  1.620E-01 
1.884E+03   1.131E+02  1.604E-01 
1.908E+03   1.127E+02  1.587E-01 
1.933E+03   1.123E+02  1.571E-01 
1.958E+03   1.119E+02  1.556E-01 
1.984E+03   1.115E+02  1.540E-01 
2.009E+03   1.111E+02  1.524E-01 
2.036E+03   1.107E+02  1.509E-01 
2.062E+03   1.102E+02  1.494E-01 
2.089E+03   1.098E+02  1.479E-01 
2.116E+03   1.094E+02  1.464E-01 
2.143E+03   1.089E+02  1.449E-01 
2.171E+03   1.085E+02  1.434E-01 
2.200E+03   1.080E+02  1.420E-01 
2.228E+03   1.076E+02  1.405E-01 
2.257E+03   1.071E+02  1.391E-01 
2.286E+03   1.067E+02  1.377E-01 
2.316E+03   1.062E+02  1.363E-01 
2.346E+03   1.057E+02  1.349E-01 
2.377E+03   1.053E+02  1.336E-01 
2.408E+03   1.048E+02  1.322E-01 
2.439E+03   1.043E+02  1.308E-01 
2.471E+03   1.039E+02  1.295E-01 
2.503E+03   1.034E+02  1.282E-01 
2.535E+03   1.029E+02  1.269E-01 
2.568E+03   1.024E+02  1.256E-01 
2.602E+03   1.020E+02  1.243E-01 
2.635E+03   1.015E+02  1.230E-01 
2.670E+03   1.010E+02  1.218E-01 
2.704E+03   1.005E+02  1.205E-01 
2.740E+03   1.000E+02  1.193E-01 
2.775E+03   9.952E+01  1.181E-01 
2.811E+03   9.903E+01  1.169E-01 
2.848E+03   9.854E+01  1.157E-01 
2.885E+03   9.805E+01  1.145E-01 
2.922E+03   9.755E+01  1.133E-01 
2.960E+03   9.705E+01  1.121E-01 
2.999E+03   9.656E+01  1.110E-01 
3.038E+03   9.606E+01  1.098E-01 
3.077E+03   9.556E+01  1.087E-01 
3.117E+03   9.506E+01  1.076E-01 
3.158E+03   9.456E+01  1.065E-01 
3.199E+03   9.407E+01  1.054E-01 
3.240E+03   9.357E+01  1.043E-01 
3.282E+03   9.306E+01  1.032E-01 
3.325E+03   9.256E+01  1.021E-01 
3.368E+03   9.206E+01  1.011E-01 
3.412E+03   9.156E+01  1.000E-01 
3.456E+03   9.106E+01  9.898E-02 
3.501E+03   9.056E+01  9.796E-02 
3.547E+03   9.006E+01  9.694E-02 
3.593E+03   8.956E+01  9.593E-02 
3.640E+03   8.906E+01  9.494E-02 
3.687E+03   8.856E+01  9.395E-02 
3.735E+03   8.806E+01  9.297E-02 
3.783E+03   8.757E+01  9.201E-02 
3.832E+03   8.707E+01  9.105E-02 
3.882E+03   8.657E+01  9.010E-02 
3.933E+03   8.607E+01  8.916E-02 
3.984E+03   8.558E+01  8.823E-02 
4.036E+03   8.508E+01  8.731E-02 
4.088E+03   8.459E+01  8.640E-02 
4.141E+03   8.410E+01  8.549E-02 
4.195E+03   8.360E+01  8.460E-02 
4.250E+03   8.311E+01  8.372E-02 
4.305E+03   8.262E+01  8.284E-02 
4.361E+03   8.213E+01  8.197E-02 
4.417E+03   8.164E+01  8.111E-02 
4.475E+03   8.116E+01  8.026E-02 
4.533E+03   8.067E+01  7.942E-02 
4.592E+03   8.019E+01  7.859E-02 
4.652E+03   7.970E+01  7.776E-02 
4.712E+03   7.922E+01  7.695E-02 
4.773E+03   7.874E+01  7.614E-02 
4.835E+03   7.826E+01  7.534E-02 
4.898E+03   7.779E+01  7.454E-02 
4.962E+03   7.731E+01  7.376E-02 
5.026E+03   7.683E+01  7.298E-02 
5.092E+03   7.636E+01  7.221E-02 
5.158E+03   7.589E+01  7.145E-02 
5.225E+03   7.542E+01  7.070E-02 
5.293E+03   7.495E+01  6.995E-02 
5.362E+03   7.448E+01  6.921E-02 
5.431E+03   7.402E+01  6.848E-02 
5.502E+03   7.356E+01  6.776E-02 
5.573E+03   7.310E+01  6.704E-02 
5.646E+03   7.264E+01  6.633E-02 
5.719E+03   7.218E+01  6.563E-02 
5.793E+03   7.172E+01  6.494E-02 
5.869E+03   7.127E+01  6.425E-02 
5.945E+03   7.081E+01  6.357E-02 
6.022E+03   7.036E+01  6.289E-02 
6.101E+03   6.991E+01  6.223E-02 
6.180E+03   6.947E+01  6.157E-02 
6.260E+03   6.902E+01  6.091E-02 
6.341E+03   6.858E+01  6.026E-02 
6.424E+03   6.814E+01  5.962E-02 
6.507E+03   6.770E+01  5.899E-02 
6.592E+03   6.726E+01  5.836E-02 
6.678E+03   6.683E+01  5.774E-02 
6.764E+03   6.639E+01  5.713E-02 
6.852E+03   6.596E+01  5.652E-02 
6.941E+03   6.553E+01  5.592E-02 
7.032E+03   6.510E+01  5.532E-02 
7.123E+03   6.468E+01  5.473E-02 
7.216E+03   6.426E+01  5.415E-02 
7.309E+03   6.384E+01  5.357E-02 
7.404E+03   6.342E+01  5.299E-02 
7.501E+03   6.300E+01  5.243E-02 
7.598E+03   6.258E+01  5.187E-02 
7.697E+03   6.217E+01  5.131E-02 
7.797E+03   6.176E+01  5.076E-02 
7.898E+03   6.135E+01  5.022E-02 
8.001E+03   6.094E+01  4.968E-02 
8.105E+03   6.060E+01  4.915E-02 
8.210E+03   6.025E+01  4.862E-02 
8.317E+03   5.989E+01  4.810E-02 
8.425E+03   5.953E+01  4.759E-02 
8.534E+03   5.917E+01  4.708E-02 
8.645E+03   5.880E+01  4.657E-02 
8.758E+03   5.843E+01  4.607E-02 
8.871E+03   5.805E+01  4.558E-02 
8.987E+03   5.767E+01  4.509E-02 
9.104E+03   5.728E+01  4.460E-02 
9.222E+03   5.689E+01  4.412E-02 
9.342E+03   5.649E+01  4.365E-02 
9.463E+03   5.609E+01  4.318E-02 
9.586E+03   5.568E+01  4.271E-02 
9.711E+03   5.530E+01  4.225E-02 
9.837E+03   5.492E+01  4.180E-02 
9.965E+03   5.454E+01  4.134E-02 
1.009E+04   5.416E+01  4.090E-02 
1.023E+04   5.379E+01  4.046E-02 
1.036E+04   5.341E+01  4.002E-02 
1.049E+04   5.304E+01  3.959E-02 
1.063E+04   5.267E+01  3.916E-02 
1.077E+04   5.230E+01  3.874E-02 
1.091E+04   5.194E+01  3.832E-02 
1.105E+04   5.157E+01  3.790E-02 
1.119E+04   5.121E+01  3.749E-02 
1.134E+04   5.085E+01  3.709E-02 
1.149E+04   5.049E+01  3.669E-02 
1.163E+04   5.013E+01  3.629E-02 
1.179E+04   4.977E+01  3.590E-02 
1.194E+04   4.942E+01  3.551E-02 
1.209E+04   4.906E+01  3.512E-02 
1.225E+04   4.871E+01  3.474E-02 
1.241E+04   4.836E+01  3.436E-02 
1.257E+04   4.801E+01  3.399E-02 
1.274E+04   4.767E+01  3.362E-02 
1.290E+04   4.732E+01  3.326E-02 
1.307E+04   4.698E+01  3.289E-02 
1.324E+04   4.664E+01  3.254E-02 
1.341E+04   4.630E+01  3.218E-02 
1.358E+04   4.596E+01  3.183E-02 
1.376E+04   4.562E+01  3.149E-02 
1.394E+04   4.529E+01  3.114E-02 
1.412E+04   4.496E+01  3.080E-02 
1.431E+04   4.463E+01  3.047E-02 
1.449E+04   4.430E+01  3.014E-02 
1.468E+04   4.397E+01  2.981E-02 
1.487E+04   4.364E+01  2.948E-02 
1.506E+04   4.332E+01  2.916E-02 
1.526E+04   4.300E+01  2.884E-02 
1.546E+04   4.268E+01  2.853E-02 
1.566E+04   4.236E+01  2.822E-02 
1.586E+04   4.204E+01  2.791E-02 
1.607E+04   4.173E+01  2.760E-02 
1.628E+04   4.141E+01  2.730E-02 
1.649E+04   4.110E+01  2.700E-02 
1.670E+04   4.079E+01  2.671E-02 
1.692E+04   4.048E+01  2.641E-02 
1.714E+04   4.018E+01  2.612E-02 
1.736E+04   3.987E+01  2.584E-02 
1.759E+04   3.957E+01  2.556E-02 
1.782E+04   3.927E+01  2.528E-02 
1.805E+04   3.897E+01  2.500E-02 
1.828E+04   3.867E+01  2.472E-02 
1.852E+04   3.837E+01  2.445E-02 
1.876E+04   3.808E+01  2.418E-02 
1.900E+04   3.779E+01  2.392E-02 
1.925E+04   3.750E+01  2.366E-02 
1.950E+04   3.721E+01  2.340E-02 
1.976E+04   3.692E+01  2.314E-02 
2.001E+04   3.663E+01  2.289E-02 
2.027E+04   3.635E+01  2.263E-02 
2.054E+04   3.607E+01  2.239E-02 
2.080E+04   3.579E+01  2.214E-02 
2.107E+04   3.551E+01  2.190E-02 
2.135E+04   3.523E+01  2.165E-02 
2.162E+04   3.495E+01  2.142E-02 
2.191E+04   3.468E+01  2.118E-02 
2.219E+04   3.441E+01  2.095E-02 
2.248E+04   3.414E+01  2.072E-02 
2.277E+04   3.387E+01  2.049E-02 
2.307E+04   3.360E+01  2.026E-02 
2.337E+04   3.333E+01  2.004E-02 
2.367E+04   3.307E+01  1.982E-02 
2.398E+04   3.281E+01  1.960E-02 
2.429E+04   3.255E+01  1.938E-02 
2.461E+04   3.229E+01  1.917E-02 
2.492E+04   3.203E+01  1.896E-02 
2.525E+04   3.177E+01  1.875E-02 
2.558E+04   3.152E+01  1.854E-02 
2.591E+04   3.127E+01  1.833E-02 
2.625E+04   3.101E+01  1.813E-02 
2.659E+04   3.076E+01  1.793E-02 
2.693E+04   3.052E+01  1.773E-02 
2.728E+04   3.027E+01  1.754E-02 
2.764E+04   3.003E+01  1.734E-02 
2.800E+04   2.978E+01  1.715E-02 
2.836E+04   2.954E+01  1.696E-02 
2.873E+04   2.930E+01  1.677E-02 
2.910E+04   2.906E+01  1.659E-02 
2.948E+04   2.883E+01  1.640E-02 
2.986E+04   2.859E+01  1.622E-02 
3.025E+04   2.836E+01  1.604E-02 
3.065E+04   2.812E+01  1.586E-02 
3.104E+04   2.789E+01  1.569E-02 
3.145E+04   2.766E+01  1.551E-02 
3.186E+04   2.744E+01  1.534E-02 
3.227E+04   2.721E+01  1.517E-02 
3.269E+04   2.699E+01  1.500E-02 
3.311E+04   2.676E+01  1.483E-02 
3.354E+04   2.654E+01  1.467E-02 
3.398E+04   2.632E+01  1.451E-02 
3.442E+04   2.610E+01  1.435E-02 
3.487E+04   2.589E+01  1.419E-02 
3.532E+04   2.567E+01  1.403E-02 
3.578E+04   2.546E+01  1.387E-02 
3.625E+04   2.524E+01  1.372E-02 
3.672E+04   2.503E+01  1.356E-02 
3.719E+04   2.482E+01  1.341E-02 
3.768E+04   2.462E+01  1.326E-02 
3.817E+04   2.441E+01  1.312E-02 
3.866E+04   2.420E+01  1.297E-02 
3.917E+04   2.400E+01  1.282E-02 
3.968E+04   2.380E+01  1.268E-02 
4.019E+04   2.360E+01  1.254E-02 
4.071E+04   2.340E+01  1.240E-02 
4.124E+04   2.320E+01  1.226E-02 
4.178E+04   2.300E+01  1.212E-02 
4.232E+04   2.281E+01  1.199E-02 
4.287E+04   2.261E+01  1.186E-02 
4.343E+04   2.242E+01  1.172E-02 
4.399E+04   2.223E+01  1.159E-02 
4.456E+04   2.204E+01  1.146E-02 
4.514E+04   2.185E+01  1.133E-02 
4.573E+04   2.167E+01  1.121E-02 
4.632E+04   2.148E+01  1.108E-02 
4.693E+04   2.130E+01  1.096E-02 
4.754E+04   2.111E+01  1.084E-02 
4.815E+04   2.093E+01  1.071E-02 
4.878E+04   2.075E+01  1.059E-02 
4.941E+04   2.057E+01  1.048E-02 
5.006E+04   2.040E+01  1.036E-02 
5.071E+04   2.022E+01  1.024E-02 
5.137E+04   2.004E+01  1.013E-02 
5.203E+04   1.987E+01  1.001E-02 
5.271E+04   1.970E+01  9.901E-03 
5.340E+04   1.953E+01  9.790E-03 
5.409E+04   1.936E+01  9.680E-03 
5.479E+04   1.919E+01  9.572E-03 
5.550E+04   1.902E+01  9.464E-03 
5.623E+04   1.886E+01  9.358E-03 
5.696E+04   1.869E+01  9.253E-03 
5.770E+04   1.853E+01  9.149E-03 
5.845E+04   1.837E+01  9.046E-03 
5.921E+04   1.821E+01  8.944E-03 
5.998E+04   1.805E+01  8.844E-03 
6.075E+04   1.789E+01  8.744E-03 
6.154E+04   1.773E+01  8.646E-03 
6.234E+04   1.758E+01  8.549E-03 
6.315E+04   1.742E+01  8.453E-03 
6.398E+04   1.727E+01  8.357E-03 
6.481E+04   1.712E+01  8.263E-03 
6.565E+04   1.696E+01  8.170E-03 
6.650E+04   1.681E+01  8.078E-03 
6.737E+04   1.667E+01  7.987E-03 
6.824E+04   1.652E+01  7.897E-03 
6.913E+04   1.637E+01  7.808E-03 
7.003E+04   1.623E+01  7.720E-03 
7.094E+04   1.608E+01  7.633E-03 
7.186E+04   1.594E+01  7.547E-03 
7.279E+04   1.580E+01  7.462E-03 
7.374E+04   1.566E+01  7.378E-03 
7.470E+04   1.552E+01  7.295E-03 
7.567E+04   1.538E+01  7.212E-03 
7.665E+04   1.524E+01  7.131E-03 
7.765E+04   1.511E+01  7.050E-03 
7.866E+04   1.497E+01  6.971E-03 
7.968E+04   1.484E+01  6.892E-03 
8.072E+04   1.470E+01  6.814E-03 
8.176E+04   1.457E+01  6.737E-03 
8.283E+04   1.444E+01  6.661E-03 
8.390E+04   1.431E+01  6.586E-03 
8.499E+04   1.418E+01  6.511E-03 
8.610E+04   1.406E+01  6.438E-03 
8.722E+04   1.393E+01  6.365E-03 
8.835E+04   1.380E+01  6.293E-03 
8.950E+04   1.368E+01  6.222E-03 
9.066E+04   1.356E+01  6.151E-03 
9.184E+04   1.343E+01  6.082E-03 
9.303E+04   1.331E+01  6.013E-03 
9.424E+04   1.319E+01  5.945E-03 
9.547E+04   1.307E+01  5.877E-03 
9.671E+04   1.295E+01  5.811E-03 
9.797E+04   1.284E+01  5.745E-03 
9.924E+04   1.272E+01  5.680E-03 
1.005E+05   1.261E+01  5.615E-03 
1.018E+05   1.249E+01  5.552E-03 
1.032E+05   1.238E+01  5.489E-03 
1.045E+05   1.227E+01  5.426E-03 
1.059E+05   1.215E+01  5.365E-03 
1.072E+05   1.204E+01  5.304E-03 
1.086E+05   1.193E+01  5.244E-03 
1.100E+05   1.183E+01  5.184E-03 
1.115E+05   1.172E+01  5.125E-03 
1.129E+05   1.161E+01  5.067E-03 
1.144E+05   1.151E+01  5.010E-03 
1.159E+05   1.140E+01  4.953E-03 
1.174E+05   1.130E+01  4.896E-03 
1.189E+05   1.119E+01  4.841E-03 
1.204E+05   1.109E+01  4.786E-03 
1.220E+05   1.099E+01  4.731E-03 
1.236E+05   1.089E+01  4.677E-03 
1.252E+05   1.079E+01  4.624E-03 
1.268E+05   1.069E+01  4.572E-03 
1.285E+05   1.059E+01  4.520E-03 
1.302E+05   1.050E+01  4.468E-03 
1.318E+05   1.040E+01  4.417E-03 
1.336E+05   1.031E+01  4.367E-03 
1.353E+05   1.021E+01  4.317E-03 
1.371E+05   1.012E+01  4.268E-03 
1.388E+05   1.002E+01  4.219E-03 
1.406E+05   9.933E+00  4.171E-03 
1.425E+05   9.842E+00  4.124E-03 
1.443E+05   9.751E+00  4.077E-03 
1.462E+05   9.662E+00  4.030E-03 
1.481E+05   9.573E+00  3.984E-03 
1.500E+05   9.485E+00  3.939E-03 
1.520E+05   9.398E+00  3.894E-03 
1.539E+05   9.312E+00  3.850E-03 
1.559E+05   9.226E+00  3.806E-03 
1.580E+05   9.142E+00  3.762E-03 
1.600E+05   9.058E+00  3.719E-03 
1.621E+05   8.975E+00  3.677E-03 
1.642E+05   8.892E+00  3.635E-03 
1.663E+05   8.810E+00  3.593E-03 
1.685E+05   8.729E+00  3.552E-03 
1.707E+05   8.649E+00  3.512E-03 
1.729E+05   8.570E+00  3.472E-03 
1.752E+05   8.491E+00  3.432E-03 
1.774E+05   8.413E+00  3.393E-03 
1.797E+05   8.336E+00  3.354E-03 
1.821E+05   8.259E+00  3.316E-03 
1.844E+05   8.183E+00  3.278E-03 
1.868E+05   8.108E+00  3.240E-03 
1.893E+05   8.034E+00  3.203E-03 
1.917E+05   7.960E+00  3.166E-03 
1.942E+05   7.887E+00  3.130E-03 
1.967E+05   7.814E+00  3.094E-03 
1.993E+05   7.742E+00  3.059E-03 
2.019E+05   7.671E+00  3.024E-03 
2.045E+05   7.601E+00  2.989E-03 
2.072E+05   7.531E+00  2.955E-03 
2.099E+05   7.462E+00  2.921E-03 
2.126E+05   7.394E+00  2.888E-03 
2.154E+05   7.326E+00  2.855E-03 
2.182E+05   7.259E+00  2.822E-03 
2.210E+05   7.192E+00  2.790E-03 
2.239E+05   7.126E+00  2.758E-03 
2.268E+05   7.061E+00  2.726E-03 
2.297E+05   6.997E+00  2.695E-03 
2.327E+05   6.932E+00  2.664E-03 
2.357E+05   6.869E+00  2.633E-03 
2.388E+05   6.806E+00  2.603E-03 
2.419E+05   6.744E+00  2.573E-03 
2.450E+05   6.683E+00  2.544E-03 
2.482E+05   6.622E+00  2.514E-03 
2.515E+05   6.561E+00  2.486E-03 
2.547E+05   6.501E+00  2.457E-03 
2.580E+05   6.442E+00  2.429E-03 
2.614E+05   6.383E+00  2.401E-03 
2.648E+05   6.325E+00  2.373E-03 
2.682E+05   6.268E+00  2.346E-03 
2.717E+05   6.211E+00  2.319E-03 
2.752E+05   6.154E+00  2.292E-03 
2.788E+05   6.098E+00  2.266E-03 
2.824E+05   6.043E+00  2.240E-03 
2.861E+05   5.988E+00  2.214E-03 
2.898E+05   5.934E+00  2.189E-03 
2.936E+05   5.880E+00  2.164E-03 
2.974E+05   5.827E+00  2.139E-03 
3.013E+05   5.774E+00  2.114E-03 
3.052E+05   5.722E+00  2.090E-03 
3.092E+05   5.671E+00  2.066E-03 
3.132E+05   5.620E+00  2.042E-03 
3.172E+05   5.569E+00  2.018E-03 
3.214E+05   5.519E+00  1.995E-03 
3.255E+05   5.469E+00  1.972E-03 
3.298E+05   5.420E+00  1.949E-03 
3.341E+05   5.372E+00  1.927E-03 
3.384E+05   5.323E+00  1.905E-03 
3.428E+05   5.276E+00  1.883E-03 
3.473E+05   5.229E+00  1.861E-03 
3.518E+05   5.182E+00  1.840E-03 
3.563E+05   5.136E+00  1.818E-03 
3.610E+05   5.090E+00  1.797E-03 
3.657E+05   5.045E+00  1.777E-03 
3.704E+05   5.000E+00  1.756E-03 
3.752E+05   4.955E+00  1.736E-03 
3.801E+05   4.912E+00  1.716E-03 
3.851E+05   4.868E+00  1.696E-03 
3.901E+05   4.825E+00  1.677E-03 
3.951E+05   4.782E+00  1.657E-03 
4.003E+05   4.740E+00  1.638E-03 
