Ion = Hydrogen    . Mass = 1.0079
Tgt =  V (Solid). Density = 5.96 g/cm3
Stopping Units =  eV/(1E15 atoms/cm2)
Energy(keV)  S(Elec)    S(Nuc)
1.000E+00   4.454E+00  4.754E-01 
1.012E+00   4.480E+00  4.750E-01 
1.023E+00   4.505E+00  4.746E-01 
1.035E+00   4.531E+00  4.742E-01 
1.047E+00   4.558E+00  4.738E-01 
1.059E+00   4.584E+00  4.733E-01 
1.072E+00   4.611E+00  4.729E-01 
1.084E+00   4.637E+00  4.724E-01 
1.097E+00   4.664E+00  4.719E-01 
1.109E+00   4.691E+00  4.715E-01 
1.122E+00   4.718E+00  4.710E-01 
1.135E+00   4.745E+00  4.704E-01 
1.148E+00   4.773E+00  4.699E-01 
1.162E+00   4.800E+00  4.694E-01 
1.175E+00   4.828E+00  4.689E-01 
1.189E+00   4.856E+00  4.683E-01 
1.203E+00   4.884E+00  4.677E-01 
1.217E+00   4.912E+00  4.672E-01 
1.231E+00   4.941E+00  4.666E-01 
1.245E+00   4.969E+00  4.660E-01 
1.259E+00   4.998E+00  4.654E-01 
1.274E+00   5.027E+00  4.647E-01 
1.289E+00   5.056E+00  4.641E-01 
1.304E+00   5.085E+00  4.635E-01 
1.319E+00   5.115E+00  4.628E-01 
1.334E+00   5.144E+00  4.621E-01 
1.350E+00   5.174E+00  4.614E-01 
1.365E+00   5.204E+00  4.608E-01 
1.381E+00   5.234E+00  4.601E-01 
1.397E+00   5.264E+00  4.593E-01 
1.413E+00   5.295E+00  4.586E-01 
1.430E+00   5.325E+00  4.579E-01 
1.446E+00   5.356E+00  4.571E-01 
1.463E+00   5.387E+00  4.564E-01 
1.480E+00   5.418E+00  4.556E-01 
1.497E+00   5.450E+00  4.548E-01 
1.515E+00   5.481E+00  4.540E-01 
1.532E+00   5.513E+00  4.532E-01 
1.550E+00   5.545E+00  4.524E-01 
1.568E+00   5.577E+00  4.516E-01 
1.586E+00   5.609E+00  4.508E-01 
1.605E+00   5.642E+00  4.499E-01 
1.623E+00   5.674E+00  4.491E-01 
1.642E+00   5.707E+00  4.482E-01 
1.661E+00   5.740E+00  4.473E-01 
1.680E+00   5.773E+00  4.464E-01 
1.700E+00   5.807E+00  4.455E-01 
1.719E+00   5.840E+00  4.446E-01 
1.739E+00   5.874E+00  4.437E-01 
1.760E+00   5.908E+00  4.428E-01 
1.780E+00   5.942E+00  4.419E-01 
1.801E+00   5.976E+00  4.409E-01 
1.822E+00   6.011E+00  4.399E-01 
1.843E+00   6.046E+00  4.390E-01 
1.864E+00   6.081E+00  4.380E-01 
1.886E+00   6.116E+00  4.370E-01 
1.908E+00   6.151E+00  4.360E-01 
1.930E+00   6.187E+00  4.350E-01 
1.952E+00   6.223E+00  4.340E-01 
1.975E+00   6.259E+00  4.330E-01 
1.998E+00   6.295E+00  4.319E-01 
2.021E+00   6.331E+00  4.309E-01 
2.044E+00   6.366E+00  4.298E-01 
2.068E+00   6.401E+00  4.288E-01 
2.092E+00   6.437E+00  4.277E-01 
2.116E+00   6.472E+00  4.266E-01 
2.141E+00   6.508E+00  4.255E-01 
2.166E+00   6.544E+00  4.244E-01 
2.191E+00   6.580E+00  4.233E-01 
2.216E+00   6.617E+00  4.222E-01 
2.242E+00   6.653E+00  4.211E-01 
2.268E+00   6.690E+00  4.200E-01 
2.294E+00   6.727E+00  4.188E-01 
2.321E+00   6.764E+00  4.177E-01 
2.348E+00   6.802E+00  4.165E-01 
2.375E+00   6.840E+00  4.153E-01 
2.402E+00   6.877E+00  4.142E-01 
2.430E+00   6.916E+00  4.130E-01 
2.458E+00   6.954E+00  4.118E-01 
2.487E+00   6.992E+00  4.106E-01 
2.516E+00   7.031E+00  4.094E-01 
2.545E+00   7.070E+00  4.082E-01 
2.574E+00   7.109E+00  4.069E-01 
2.604E+00   7.149E+00  4.057E-01 
2.635E+00   7.188E+00  4.045E-01 
2.665E+00   7.228E+00  4.032E-01 
2.696E+00   7.268E+00  4.020E-01 
2.727E+00   7.309E+00  4.007E-01 
2.759E+00   7.349E+00  3.995E-01 
2.791E+00   7.390E+00  3.982E-01 
2.823E+00   7.431E+00  3.969E-01 
2.856E+00   7.472E+00  3.956E-01 
2.889E+00   7.514E+00  3.943E-01 
2.923E+00   7.555E+00  3.930E-01 
2.957E+00   7.597E+00  3.917E-01 
2.991E+00   7.639E+00  3.904E-01 
3.026E+00   7.682E+00  3.891E-01 
3.061E+00   7.724E+00  3.878E-01 
3.096E+00   7.767E+00  3.865E-01 
3.132E+00   7.810E+00  3.851E-01 
3.168E+00   7.854E+00  3.838E-01 
3.205E+00   7.897E+00  3.825E-01 
3.242E+00   7.941E+00  3.811E-01 
3.280E+00   7.985E+00  3.797E-01 
3.318E+00   8.030E+00  3.784E-01 
3.356E+00   8.074E+00  3.770E-01 
3.395E+00   8.119E+00  3.756E-01 
3.435E+00   8.164E+00  3.743E-01 
3.475E+00   8.209E+00  3.729E-01 
3.515E+00   8.255E+00  3.715E-01 
3.556E+00   8.301E+00  3.701E-01 
3.597E+00   8.347E+00  3.687E-01 
3.639E+00   8.393E+00  3.673E-01 
3.681E+00   8.440E+00  3.659E-01 
3.724E+00   8.487E+00  3.645E-01 
3.767E+00   8.534E+00  3.631E-01 
3.810E+00   8.581E+00  3.617E-01 
3.855E+00   8.629E+00  3.603E-01 
3.899E+00   8.677E+00  3.588E-01 
3.945E+00   8.725E+00  3.574E-01 
3.990E+00   8.773E+00  3.560E-01 
4.037E+00   8.822E+00  3.545E-01 
4.083E+00   8.871E+00  3.531E-01 
4.131E+00   8.920E+00  3.517E-01 
4.179E+00   8.970E+00  3.502E-01 
4.227E+00   9.020E+00  3.488E-01 
4.276E+00   9.070E+00  3.473E-01 
4.326E+00   9.120E+00  3.459E-01 
4.376E+00   9.171E+00  3.444E-01 
4.427E+00   9.222E+00  3.429E-01 
4.478E+00   9.273E+00  3.415E-01 
4.530E+00   9.324E+00  3.400E-01 
4.583E+00   9.376E+00  3.385E-01 
4.636E+00   9.428E+00  3.371E-01 
4.690E+00   9.480E+00  3.356E-01 
4.744E+00   9.533E+00  3.341E-01 
4.799E+00   9.586E+00  3.327E-01 
4.855E+00   9.639E+00  3.312E-01 
4.911E+00   9.692E+00  3.297E-01 
4.968E+00   9.746E+00  3.282E-01 
5.026E+00   9.800E+00  3.267E-01 
5.084E+00   9.855E+00  3.253E-01 
5.143E+00   9.909E+00  3.238E-01 
5.202E+00   9.964E+00  3.223E-01 
5.263E+00   1.002E+01  3.208E-01 
5.324E+00   1.007E+01  3.193E-01 
5.386E+00   1.013E+01  3.178E-01 
5.448E+00   1.019E+01  3.163E-01 
5.511E+00   1.024E+01  3.148E-01 
5.575E+00   1.030E+01  3.134E-01 
5.640E+00   1.036E+01  3.119E-01 
5.705E+00   1.041E+01  3.104E-01 
5.771E+00   1.047E+01  3.089E-01 
5.838E+00   1.053E+01  3.074E-01 
5.906E+00   1.059E+01  3.059E-01 
5.975E+00   1.065E+01  3.044E-01 
6.044E+00   1.071E+01  3.029E-01 
6.114E+00   1.077E+01  3.014E-01 
6.185E+00   1.082E+01  2.999E-01 
6.257E+00   1.088E+01  2.984E-01 
6.329E+00   1.094E+01  2.969E-01 
6.403E+00   1.101E+01  2.954E-01 
6.477E+00   1.107E+01  2.940E-01 
6.552E+00   1.113E+01  2.925E-01 
6.628E+00   1.119E+01  2.910E-01 
6.705E+00   1.125E+01  2.895E-01 
6.783E+00   1.131E+01  2.880E-01 
6.861E+00   1.138E+01  2.865E-01 
6.941E+00   1.144E+01  2.850E-01 
7.021E+00   1.150E+01  2.835E-01 
7.103E+00   1.156E+01  2.821E-01 
7.185E+00   1.163E+01  2.806E-01 
7.269E+00   1.169E+01  2.791E-01 
7.353E+00   1.176E+01  2.776E-01 
7.438E+00   1.182E+01  2.762E-01 
7.524E+00   1.189E+01  2.747E-01 
7.612E+00   1.195E+01  2.732E-01 
7.700E+00   1.202E+01  2.717E-01 
7.789E+00   1.208E+01  2.703E-01 
7.880E+00   1.215E+01  2.688E-01 
7.971E+00   1.222E+01  2.673E-01 
8.064E+00   1.228E+01  2.659E-01 
8.157E+00   1.235E+01  2.644E-01 
8.252E+00   1.242E+01  2.629E-01 
8.347E+00   1.249E+01  2.615E-01 
8.444E+00   1.256E+01  2.600E-01 
8.542E+00   1.263E+01  2.586E-01 
8.641E+00   1.269E+01  2.571E-01 
8.741E+00   1.276E+01  2.557E-01 
8.843E+00   1.283E+01  2.542E-01 
8.945E+00   1.290E+01  2.528E-01 
9.049E+00   1.298E+01  2.514E-01 
9.154E+00   1.305E+01  2.499E-01 
9.260E+00   1.312E+01  2.485E-01 
9.368E+00   1.319E+01  2.471E-01 
9.476E+00   1.326E+01  2.456E-01 
9.586E+00   1.333E+01  2.442E-01 
9.698E+00   1.341E+01  2.428E-01 
9.810E+00   1.348E+01  2.414E-01 
9.924E+00   1.355E+01  2.400E-01 
1.004E+01   1.363E+01  2.386E-01 
1.016E+01   1.370E+01  2.372E-01 
1.027E+01   1.378E+01  2.358E-01 
1.039E+01   1.385E+01  2.344E-01 
1.051E+01   1.393E+01  2.330E-01 
1.063E+01   1.400E+01  2.316E-01 
1.076E+01   1.408E+01  2.302E-01 
1.088E+01   1.415E+01  2.288E-01 
1.101E+01   1.423E+01  2.274E-01 
1.114E+01   1.431E+01  2.260E-01 
1.127E+01   1.439E+01  2.247E-01 
1.140E+01   1.446E+01  2.233E-01 
1.153E+01   1.454E+01  2.219E-01 
1.166E+01   1.462E+01  2.206E-01 
1.180E+01   1.470E+01  2.192E-01 
1.193E+01   1.478E+01  2.179E-01 
1.207E+01   1.486E+01  2.165E-01 
1.221E+01   1.494E+01  2.152E-01 
1.235E+01   1.502E+01  2.138E-01 
1.250E+01   1.510E+01  2.125E-01 
1.264E+01   1.518E+01  2.112E-01 
1.279E+01   1.526E+01  2.098E-01 
1.294E+01   1.535E+01  2.085E-01 
1.309E+01   1.543E+01  2.072E-01 
1.324E+01   1.551E+01  2.059E-01 
1.339E+01   1.559E+01  2.046E-01 
1.355E+01   1.568E+01  2.033E-01 
1.371E+01   1.576E+01  2.020E-01 
1.387E+01   1.584E+01  2.007E-01 
1.403E+01   1.593E+01  1.994E-01 
1.419E+01   1.601E+01  1.981E-01 
1.435E+01   1.610E+01  1.968E-01 
1.452E+01   1.618E+01  1.955E-01 
1.469E+01   1.627E+01  1.943E-01 
1.486E+01   1.636E+01  1.930E-01 
1.503E+01   1.644E+01  1.917E-01 
1.521E+01   1.653E+01  1.905E-01 
1.538E+01   1.662E+01  1.892E-01 
1.556E+01   1.671E+01  1.880E-01 
1.574E+01   1.679E+01  1.867E-01 
1.592E+01   1.688E+01  1.855E-01 
1.611E+01   1.697E+01  1.843E-01 
1.629E+01   1.706E+01  1.830E-01 
1.648E+01   1.715E+01  1.818E-01 
1.667E+01   1.724E+01  1.806E-01 
1.687E+01   1.733E+01  1.794E-01 
1.706E+01   1.742E+01  1.782E-01 
1.726E+01   1.751E+01  1.770E-01 
1.746E+01   1.760E+01  1.758E-01 
1.766E+01   1.770E+01  1.746E-01 
1.787E+01   1.779E+01  1.734E-01 
1.808E+01   1.788E+01  1.722E-01 
1.829E+01   1.797E+01  1.711E-01 
1.850E+01   1.807E+01  1.699E-01 
1.871E+01   1.816E+01  1.687E-01 
1.893E+01   1.825E+01  1.676E-01 
1.915E+01   1.835E+01  1.664E-01 
1.937E+01   1.844E+01  1.653E-01 
1.960E+01   1.853E+01  1.641E-01 
1.982E+01   1.863E+01  1.630E-01 
2.005E+01   1.873E+01  1.618E-01 
2.029E+01   1.882E+01  1.607E-01 
2.052E+01   1.892E+01  1.596E-01 
2.076E+01   1.901E+01  1.585E-01 
2.100E+01   1.911E+01  1.574E-01 
2.124E+01   1.921E+01  1.563E-01 
2.149E+01   1.930E+01  1.552E-01 
2.174E+01   1.940E+01  1.541E-01 
2.199E+01   1.950E+01  1.530E-01 
2.225E+01   1.960E+01  1.519E-01 
2.250E+01   1.969E+01  1.508E-01 
2.277E+01   1.979E+01  1.497E-01 
2.303E+01   1.989E+01  1.487E-01 
2.330E+01   1.999E+01  1.476E-01 
2.357E+01   2.009E+01  1.465E-01 
2.384E+01   2.019E+01  1.455E-01 
2.412E+01   2.029E+01  1.444E-01 
2.440E+01   2.039E+01  1.434E-01 
2.468E+01   2.049E+01  1.424E-01 
2.497E+01   2.059E+01  1.413E-01 
2.526E+01   2.069E+01  1.403E-01 
2.555E+01   2.079E+01  1.393E-01 
2.584E+01   2.089E+01  1.383E-01 
2.614E+01   2.099E+01  1.373E-01 
2.645E+01   2.109E+01  1.363E-01 
2.675E+01   2.120E+01  1.353E-01 
2.707E+01   2.130E+01  1.343E-01 
2.738E+01   2.140E+01  1.333E-01 
2.770E+01   2.150E+01  1.323E-01 
2.802E+01   2.160E+01  1.313E-01 
2.834E+01   2.171E+01  1.304E-01 
2.867E+01   2.181E+01  1.294E-01 
2.900E+01   2.191E+01  1.284E-01 
2.934E+01   2.202E+01  1.275E-01 
2.968E+01   2.212E+01  1.265E-01 
3.003E+01   2.222E+01  1.256E-01 
3.037E+01   2.232E+01  1.247E-01 
3.073E+01   2.243E+01  1.237E-01 
3.108E+01   2.253E+01  1.228E-01 
3.144E+01   2.263E+01  1.219E-01 
3.181E+01   2.274E+01  1.210E-01 
3.218E+01   2.284E+01  1.200E-01 
3.255E+01   2.295E+01  1.191E-01 
3.293E+01   2.305E+01  1.182E-01 
3.331E+01   2.315E+01  1.173E-01 
3.370E+01   2.326E+01  1.164E-01 
3.409E+01   2.336E+01  1.156E-01 
3.448E+01   2.346E+01  1.147E-01 
3.488E+01   2.357E+01  1.138E-01 
3.529E+01   2.367E+01  1.129E-01 
3.570E+01   2.377E+01  1.121E-01 
3.611E+01   2.388E+01  1.112E-01 
3.653E+01   2.398E+01  1.104E-01 
3.695E+01   2.408E+01  1.095E-01 
3.738E+01   2.419E+01  1.087E-01 
3.781E+01   2.429E+01  1.078E-01 
3.825E+01   2.439E+01  1.070E-01 
3.870E+01   2.450E+01  1.062E-01 
3.915E+01   2.460E+01  1.053E-01 
3.960E+01   2.470E+01  1.045E-01 
4.006E+01   2.480E+01  1.037E-01 
4.052E+01   2.490E+01  1.029E-01 
4.099E+01   2.501E+01  1.021E-01 
4.147E+01   2.511E+01  1.013E-01 
4.195E+01   2.521E+01  1.005E-01 
4.244E+01   2.531E+01  9.973E-02 
4.293E+01   2.541E+01  9.895E-02 
4.343E+01   2.551E+01  9.817E-02 
4.393E+01   2.561E+01  9.740E-02 
4.444E+01   2.571E+01  9.663E-02 
4.496E+01   2.581E+01  9.587E-02 
4.548E+01   2.591E+01  9.512E-02 
4.600E+01   2.601E+01  9.436E-02 
4.654E+01   2.610E+01  9.362E-02 
4.708E+01   2.620E+01  9.287E-02 
4.762E+01   2.630E+01  9.214E-02 
4.818E+01   2.639E+01  9.140E-02 
4.873E+01   2.649E+01  9.068E-02 
4.930E+01   2.659E+01  8.995E-02 
4.987E+01   2.668E+01  8.923E-02 
5.045E+01   2.678E+01  8.852E-02 
5.104E+01   2.687E+01  8.781E-02 
5.163E+01   2.696E+01  8.711E-02 
5.223E+01   2.705E+01  8.641E-02 
5.283E+01   2.715E+01  8.571E-02 
5.344E+01   2.724E+01  8.502E-02 
5.406E+01   2.733E+01  8.434E-02 
5.469E+01   2.742E+01  8.366E-02 
5.533E+01   2.751E+01  8.298E-02 
5.597E+01   2.759E+01  8.231E-02 
5.662E+01   2.768E+01  8.164E-02 
5.727E+01   2.777E+01  8.098E-02 
5.794E+01   2.785E+01  8.032E-02 
5.861E+01   2.794E+01  7.967E-02 
5.929E+01   2.802E+01  7.902E-02 
5.998E+01   2.810E+01  7.838E-02 
6.067E+01   2.819E+01  7.774E-02 
6.138E+01   2.827E+01  7.710E-02 
6.209E+01   2.835E+01  7.647E-02 
6.281E+01   2.843E+01  7.585E-02 
6.354E+01   2.850E+01  7.522E-02 
6.427E+01   2.858E+01  7.461E-02 
6.502E+01   2.866E+01  7.399E-02 
6.577E+01   2.873E+01  7.338E-02 
6.654E+01   2.880E+01  6.971E-02 
6.731E+01   2.888E+01  6.915E-02 
6.809E+01   2.895E+01  6.859E-02 
6.888E+01   2.902E+01  6.803E-02 
6.968E+01   2.908E+01  6.747E-02 
7.049E+01   2.915E+01  6.692E-02 
7.130E+01   2.922E+01  6.637E-02 
7.213E+01   2.928E+01  6.583E-02 
7.297E+01   2.934E+01  6.529E-02 
7.381E+01   2.941E+01  6.476E-02 
7.467E+01   2.947E+01  6.422E-02 
7.554E+01   2.952E+01  6.369E-02 
7.641E+01   2.958E+01  6.317E-02 
7.730E+01   2.964E+01  6.265E-02 
7.820E+01   2.969E+01  6.213E-02 
7.910E+01   2.974E+01  6.162E-02 
8.002E+01   2.979E+01  6.111E-02 
8.095E+01   2.984E+01  6.060E-02 
8.189E+01   2.989E+01  6.010E-02 
8.284E+01   2.994E+01  5.960E-02 
8.380E+01   2.998E+01  5.910E-02 
8.477E+01   3.002E+01  5.861E-02 
8.575E+01   3.006E+01  5.812E-02 
8.675E+01   3.010E+01  5.763E-02 
8.775E+01   3.014E+01  5.715E-02 
8.877E+01   3.017E+01  5.667E-02 
8.980E+01   3.021E+01  5.620E-02 
9.084E+01   3.024E+01  5.573E-02 
9.190E+01   3.027E+01  5.526E-02 
9.296E+01   3.029E+01  5.479E-02 
9.404E+01   3.032E+01  5.433E-02 
9.513E+01   3.034E+01  5.388E-02 
9.624E+01   3.037E+01  5.342E-02 
9.735E+01   3.038E+01  5.297E-02 
9.848E+01   3.040E+01  5.252E-02 
9.962E+01   3.042E+01  5.208E-02 
1.008E+02   3.043E+01  5.164E-02 
1.019E+02   3.044E+01  5.120E-02 
1.031E+02   3.045E+01  5.076E-02 
1.043E+02   3.046E+01  5.033E-02 
1.055E+02   3.046E+01  4.990E-02 
1.068E+02   3.047E+01  4.948E-02 
1.080E+02   3.047E+01  4.906E-02 
1.093E+02   3.046E+01  4.864E-02 
1.105E+02   3.046E+01  4.822E-02 
1.118E+02   3.045E+01  4.781E-02 
1.131E+02   3.044E+01  4.740E-02 
1.144E+02   3.043E+01  4.699E-02 
1.157E+02   3.042E+01  4.659E-02 
1.171E+02   3.041E+01  4.619E-02 
1.184E+02   3.039E+01  4.579E-02 
1.198E+02   3.037E+01  4.540E-02 
1.212E+02   3.035E+01  4.501E-02 
1.226E+02   3.032E+01  4.462E-02 
1.240E+02   3.029E+01  4.423E-02 
1.255E+02   3.026E+01  4.385E-02 
1.269E+02   3.023E+01  4.347E-02 
1.284E+02   3.020E+01  4.310E-02 
1.299E+02   3.016E+01  4.272E-02 
1.314E+02   3.012E+01  4.235E-02 
1.329E+02   3.008E+01  4.199E-02 
1.345E+02   3.004E+01  4.162E-02 
1.360E+02   3.000E+01  4.126E-02 
1.376E+02   2.995E+01  4.090E-02 
1.392E+02   2.990E+01  4.054E-02 
1.408E+02   2.985E+01  4.019E-02 
1.424E+02   2.979E+01  3.984E-02 
1.441E+02   2.973E+01  3.949E-02 
1.458E+02   2.968E+01  3.915E-02 
1.475E+02   2.961E+01  3.880E-02 
1.492E+02   2.955E+01  3.847E-02 
1.509E+02   2.948E+01  3.813E-02 
1.526E+02   2.942E+01  3.779E-02 
1.544E+02   2.935E+01  3.746E-02 
1.562E+02   2.927E+01  3.713E-02 
1.580E+02   2.920E+01  3.681E-02 
1.598E+02   2.912E+01  3.648E-02 
1.617E+02   2.904E+01  3.616E-02 
1.636E+02   2.896E+01  3.584E-02 
1.655E+02   2.888E+01  3.553E-02 
1.674E+02   2.880E+01  3.521E-02 
1.693E+02   2.871E+01  3.490E-02 
1.713E+02   2.862E+01  3.459E-02 
1.733E+02   2.853E+01  3.429E-02 
1.753E+02   2.844E+01  3.398E-02 
1.773E+02   2.834E+01  3.368E-02 
1.794E+02   2.824E+01  3.338E-02 
1.815E+02   2.815E+01  3.309E-02 
1.836E+02   2.804E+01  3.279E-02 
1.857E+02   2.794E+01  3.250E-02 
1.879E+02   2.784E+01  3.221E-02 
1.900E+02   2.773E+01  3.193E-02 
1.922E+02   2.763E+01  3.164E-02 
1.945E+02   2.752E+01  3.136E-02 
1.967E+02   2.741E+01  3.108E-02 
1.990E+02   2.729E+01  3.080E-02 
2.013E+02   2.718E+01  3.053E-02 
2.036E+02   2.707E+01  3.025E-02 
2.060E+02   2.695E+01  2.998E-02 
2.084E+02   2.683E+01  2.972E-02 
2.108E+02   2.671E+01  2.945E-02 
2.133E+02   2.659E+01  2.919E-02 
2.157E+02   2.647E+01  2.892E-02 
2.182E+02   2.635E+01  2.866E-02 
2.208E+02   2.622E+01  2.841E-02 
2.233E+02   2.610E+01  2.815E-02 
2.259E+02   2.597E+01  2.790E-02 
2.285E+02   2.584E+01  2.765E-02 
2.312E+02   2.572E+01  2.740E-02 
2.339E+02   2.559E+01  2.715E-02 
2.366E+02   2.546E+01  2.691E-02 
2.393E+02   2.532E+01  2.666E-02 
2.421E+02   2.519E+01  2.642E-02 
2.449E+02   2.506E+01  2.618E-02 
2.478E+02   2.493E+01  2.595E-02 
2.506E+02   2.479E+01  2.571E-02 
2.535E+02   2.466E+01  2.548E-02 
2.565E+02   2.452E+01  2.525E-02 
2.595E+02   2.438E+01  2.502E-02 
2.625E+02   2.425E+01  2.479E-02 
2.655E+02   2.411E+01  2.457E-02 
2.686E+02   2.397E+01  2.434E-02 
2.717E+02   2.384E+01  2.412E-02 
2.749E+02   2.370E+01  2.390E-02 
2.780E+02   2.356E+01  2.368E-02 
2.813E+02   2.342E+01  2.347E-02 
2.845E+02   2.328E+01  2.325E-02 
2.878E+02   2.314E+01  2.304E-02 
2.912E+02   2.300E+01  2.283E-02 
2.945E+02   2.286E+01  2.262E-02 
2.980E+02   2.272E+01  2.242E-02 
3.014E+02   2.258E+01  2.221E-02 
3.049E+02   2.244E+01  2.201E-02 
3.085E+02   2.230E+01  2.181E-02 
3.120E+02   2.216E+01  2.161E-02 
3.156E+02   2.203E+01  2.141E-02 
3.193E+02   2.189E+01  2.121E-02 
3.230E+02   2.175E+01  2.102E-02 
3.268E+02   2.161E+01  2.083E-02 
3.306E+02   2.147E+01  2.063E-02 
3.344E+02   2.133E+01  2.044E-02 
3.383E+02   2.120E+01  2.026E-02 
3.422E+02   2.106E+01  2.007E-02 
3.462E+02   2.092E+01  1.989E-02 
3.502E+02   2.078E+01  1.970E-02 
3.542E+02   2.065E+01  1.952E-02 
3.583E+02   2.051E+01  1.934E-02 
3.625E+02   2.038E+01  1.916E-02 
3.667E+02   2.024E+01  1.899E-02 
3.710E+02   2.011E+01  1.881E-02 
3.753E+02   1.998E+01  1.864E-02 
3.796E+02   1.984E+01  1.846E-02 
3.840E+02   1.971E+01  1.829E-02 
3.885E+02   1.958E+01  1.812E-02 
3.930E+02   1.945E+01  1.796E-02 
3.975E+02   1.932E+01  1.779E-02 
4.021E+02   1.919E+01  1.762E-02 
4.068E+02   1.906E+01  1.746E-02 
4.115E+02   1.893E+01  1.730E-02 
4.163E+02   1.881E+01  1.714E-02 
4.211E+02   1.868E+01  1.698E-02 
4.260E+02   1.856E+01  1.682E-02 
4.310E+02   1.843E+01  1.666E-02 
4.360E+02   1.831E+01  1.651E-02 
4.410E+02   1.819E+01  1.636E-02 
4.461E+02   1.806E+01  1.620E-02 
4.513E+02   1.794E+01  1.605E-02 
4.565E+02   1.782E+01  1.590E-02 
4.618E+02   1.770E+01  1.575E-02 
4.672E+02   1.758E+01  1.561E-02 
4.726E+02   1.747E+01  1.546E-02 
4.781E+02   1.735E+01  1.532E-02 
4.836E+02   1.723E+01  1.517E-02 
4.892E+02   1.712E+01  1.503E-02 
4.949E+02   1.700E+01  1.489E-02 
5.007E+02   1.689E+01  1.475E-02 
5.065E+02   1.678E+01  1.461E-02 
5.123E+02   1.667E+01  1.448E-02 
5.183E+02   1.656E+01  1.434E-02 
5.243E+02   1.645E+01  1.421E-02 
5.304E+02   1.634E+01  1.407E-02 
5.365E+02   1.623E+01  1.394E-02 
5.428E+02   1.613E+01  1.381E-02 
5.490E+02   1.602E+01  1.368E-02 
5.554E+02   1.592E+01  1.355E-02 
5.619E+02   1.581E+01  1.342E-02 
5.684E+02   1.571E+01  1.330E-02 
5.750E+02   1.561E+01  1.317E-02 
5.816E+02   1.551E+01  1.305E-02 
5.884E+02   1.541E+01  1.293E-02 
5.952E+02   1.531E+01  1.280E-02 
6.021E+02   1.521E+01  1.268E-02 
6.091E+02   1.511E+01  1.256E-02 
6.162E+02   1.501E+01  1.245E-02 
6.233E+02   1.492E+01  1.233E-02 
6.305E+02   1.482E+01  1.221E-02 
6.378E+02   1.473E+01  1.210E-02 
6.452E+02   1.464E+01  1.198E-02 
6.527E+02   1.454E+01  1.187E-02 
6.603E+02   1.445E+01  1.176E-02 
6.680E+02   1.436E+01  1.164E-02 
6.757E+02   1.427E+01  1.153E-02 
6.835E+02   1.418E+01  1.143E-02 
6.915E+02   1.409E+01  1.132E-02 
6.995E+02   1.401E+01  1.121E-02 
7.076E+02   1.392E+01  1.110E-02 
7.158E+02   1.383E+01  1.100E-02 
7.241E+02   1.375E+01  1.089E-02 
7.325E+02   1.366E+01  1.079E-02 
7.410E+02   1.358E+01  1.069E-02 
7.496E+02   1.350E+01  1.059E-02 
7.583E+02   1.341E+01  1.049E-02 
7.671E+02   1.333E+01  1.039E-02 
7.760E+02   1.325E+01  1.029E-02 
7.850E+02   1.317E+01  1.019E-02 
7.941E+02   1.309E+01  1.009E-02 
8.033E+02   1.301E+01  9.996E-03 
8.126E+02   1.294E+01  9.900E-03 
8.221E+02   1.286E+01  9.806E-03 
8.316E+02   1.278E+01  9.712E-03 
8.412E+02   1.271E+01  9.620E-03 
8.510E+02   1.263E+01  9.528E-03 
8.609E+02   1.255E+01  9.437E-03 
8.709E+02   1.248E+01  9.347E-03 
8.810E+02   1.241E+01  9.257E-03 
8.912E+02   1.233E+01  9.169E-03 
9.015E+02   1.226E+01  9.081E-03 
9.120E+02   1.219E+01  8.994E-03 
9.225E+02   1.212E+01  8.908E-03 
9.332E+02   1.205E+01  8.823E-03 
9.441E+02   1.198E+01  8.738E-03 
9.550E+02   1.191E+01  8.654E-03 
9.661E+02   1.184E+01  8.571E-03 
9.773E+02   1.177E+01  8.489E-03 
9.886E+02   1.170E+01  8.408E-03 
1.000E+03   1.163E+01  8.327E-03 
1.012E+03   1.156E+01  8.247E-03 
1.023E+03   1.149E+01  8.168E-03 
1.035E+03   1.142E+01  8.089E-03 
1.047E+03   1.135E+01  8.012E-03 
1.059E+03   1.128E+01  7.935E-03 
1.072E+03   1.120E+01  7.858E-03 
1.084E+03   1.113E+01  7.783E-03 
1.097E+03   1.106E+01  7.708E-03 
1.109E+03   1.098E+01  7.633E-03 
1.122E+03   1.090E+01  7.560E-03 
1.135E+03   1.082E+01  7.487E-03 
1.149E+03   1.075E+01  7.415E-03 
1.162E+03   1.067E+01  7.343E-03 
1.175E+03   1.058E+01  7.272E-03 
1.189E+03   1.050E+01  7.202E-03 
1.203E+03   1.042E+01  7.133E-03 
1.217E+03   1.034E+01  7.064E-03 
1.231E+03   1.027E+01  6.996E-03 
1.245E+03   1.020E+01  6.928E-03 
1.260E+03   1.013E+01  6.861E-03 
1.274E+03   1.005E+01  6.795E-03 
1.289E+03   9.984E+00  6.729E-03 
1.304E+03   9.913E+00  6.664E-03 
1.319E+03   9.843E+00  6.599E-03 
1.334E+03   9.773E+00  6.535E-03 
1.350E+03   9.703E+00  6.472E-03 
1.365E+03   9.634E+00  6.409E-03 
1.381E+03   9.566E+00  6.347E-03 
1.397E+03   9.498E+00  6.286E-03 
1.414E+03   9.430E+00  6.225E-03 
1.430E+03   9.362E+00  6.164E-03 
1.446E+03   9.295E+00  6.105E-03 
1.463E+03   9.229E+00  6.045E-03 
1.480E+03   9.162E+00  5.987E-03 
1.497E+03   9.096E+00  5.928E-03 
1.515E+03   9.031E+00  5.871E-03 
1.532E+03   8.966E+00  5.814E-03 
1.550E+03   8.901E+00  5.757E-03 
1.568E+03   8.837E+00  5.701E-03 
1.586E+03   8.773E+00  5.646E-03 
1.605E+03   8.709E+00  5.591E-03 
1.623E+03   8.646E+00  5.536E-03 
1.642E+03   8.583E+00  5.482E-03 
1.661E+03   8.520E+00  5.429E-03 
1.680E+03   8.458E+00  5.376E-03 
1.700E+03   8.397E+00  5.324E-03 
1.720E+03   8.335E+00  5.272E-03 
1.740E+03   8.274E+00  5.220E-03 
1.760E+03   8.214E+00  5.169E-03 
1.780E+03   8.153E+00  5.119E-03 
1.801E+03   8.093E+00  5.069E-03 
1.822E+03   8.034E+00  5.020E-03 
1.843E+03   7.975E+00  4.970E-03 
1.864E+03   7.916E+00  4.922E-03 
1.886E+03   7.857E+00  4.874E-03 
1.908E+03   7.799E+00  4.826E-03 
1.930E+03   7.741E+00  4.779E-03 
1.952E+03   7.684E+00  4.732E-03 
1.975E+03   7.627E+00  4.686E-03 
1.998E+03   7.570E+00  4.640E-03 
2.021E+03   7.514E+00  4.595E-03 
2.044E+03   7.458E+00  4.550E-03 
2.068E+03   7.402E+00  4.505E-03 
2.092E+03   7.347E+00  4.461E-03 
2.116E+03   7.292E+00  4.417E-03 
2.141E+03   7.237E+00  4.374E-03 
2.166E+03   7.183E+00  4.331E-03 
2.191E+03   7.129E+00  4.288E-03 
2.216E+03   7.075E+00  4.246E-03 
2.242E+03   7.022E+00  4.205E-03 
2.268E+03   6.969E+00  4.163E-03 
2.294E+03   6.916E+00  4.122E-03 
2.321E+03   6.864E+00  4.082E-03 
2.348E+03   6.812E+00  4.042E-03 
2.375E+03   6.761E+00  4.002E-03 
2.403E+03   6.709E+00  3.963E-03 
2.431E+03   6.658E+00  3.924E-03 
2.459E+03   6.608E+00  3.885E-03 
2.487E+03   6.557E+00  3.847E-03 
2.516E+03   6.507E+00  3.809E-03 
2.545E+03   6.458E+00  3.772E-03 
2.575E+03   6.408E+00  3.734E-03 
2.605E+03   6.359E+00  3.698E-03 
2.635E+03   6.310E+00  3.661E-03 
2.665E+03   6.262E+00  3.625E-03 
2.696E+03   6.214E+00  3.589E-03 
2.728E+03   6.166E+00  3.554E-03 
2.759E+03   6.118E+00  3.519E-03 
2.791E+03   6.071E+00  3.484E-03 
2.824E+03   6.024E+00  3.450E-03 
2.856E+03   5.978E+00  3.416E-03 
2.889E+03   5.932E+00  3.382E-03 
2.923E+03   5.886E+00  3.349E-03 
2.957E+03   5.840E+00  3.315E-03 
2.991E+03   5.795E+00  3.283E-03 
3.026E+03   5.749E+00  3.250E-03 
3.061E+03   5.705E+00  3.218E-03 
3.097E+03   5.660E+00  3.186E-03 
3.132E+03   5.616E+00  3.155E-03 
3.169E+03   5.572E+00  3.124E-03 
3.206E+03   5.528E+00  3.093E-03 
3.243E+03   5.485E+00  3.062E-03 
3.280E+03   5.442E+00  3.032E-03 
3.318E+03   5.399E+00  3.002E-03 
3.357E+03   5.357E+00  2.972E-03 
3.396E+03   5.315E+00  2.942E-03 
3.435E+03   5.273E+00  2.913E-03 
3.475E+03   5.231E+00  2.884E-03 
3.515E+03   5.190E+00  2.856E-03 
3.556E+03   5.149E+00  2.827E-03 
3.597E+03   5.108E+00  2.799E-03 
3.639E+03   5.068E+00  2.772E-03 
3.681E+03   5.027E+00  2.744E-03 
3.724E+03   4.987E+00  2.717E-03 
3.767E+03   4.948E+00  2.690E-03 
3.811E+03   4.908E+00  2.663E-03 
3.855E+03   4.869E+00  2.637E-03 
3.900E+03   4.830E+00  2.610E-03 
3.945E+03   4.792E+00  2.585E-03 
3.991E+03   4.753E+00  2.559E-03 
4.037E+03   4.715E+00  2.533E-03 
4.084E+03   4.678E+00  2.508E-03 
4.131E+03   4.640E+00  2.483E-03 
4.179E+03   4.603E+00  2.459E-03 
4.228E+03   4.566E+00  2.434E-03 
4.277E+03   4.529E+00  2.410E-03 
4.326E+03   4.493E+00  2.386E-03 
4.376E+03   4.456E+00  2.362E-03 
4.427E+03   4.420E+00  2.338E-03 
4.479E+03   4.385E+00  2.315E-03 
4.531E+03   4.349E+00  2.292E-03 
4.583E+03   4.314E+00  2.269E-03 
4.636E+03   4.279E+00  2.247E-03 
4.690E+03   4.244E+00  2.224E-03 
4.744E+03   4.210E+00  2.202E-03 
4.799E+03   4.175E+00  2.180E-03 
4.855E+03   4.141E+00  2.158E-03 
4.911E+03   4.108E+00  2.137E-03 
4.968E+03   4.074E+00  2.115E-03 
5.026E+03   4.041E+00  2.094E-03 
5.084E+03   4.008E+00  2.073E-03 
5.143E+03   3.975E+00  2.053E-03 
5.203E+03   3.942E+00  2.032E-03 
5.263E+03   3.910E+00  2.012E-03 
5.324E+03   3.878E+00  1.992E-03 
5.386E+03   3.846E+00  1.972E-03 
5.449E+03   3.814E+00  1.952E-03 
5.512E+03   3.783E+00  1.932E-03 
5.576E+03   3.752E+00  1.913E-03 
5.640E+03   3.721E+00  1.894E-03 
5.706E+03   3.690E+00  1.875E-03 
5.772E+03   3.660E+00  1.856E-03 
5.839E+03   3.629E+00  1.838E-03 
5.907E+03   3.599E+00  1.819E-03 
5.975E+03   3.569E+00  1.801E-03 
6.045E+03   3.540E+00  1.783E-03 
6.115E+03   3.510E+00  1.765E-03 
6.186E+03   3.481E+00  1.747E-03 
6.257E+03   3.452E+00  1.730E-03 
6.330E+03   3.424E+00  1.712E-03 
6.403E+03   3.395E+00  1.695E-03 
6.478E+03   3.367E+00  1.678E-03 
6.553E+03   3.339E+00  1.661E-03 
6.629E+03   3.311E+00  1.645E-03 
6.706E+03   3.283E+00  1.628E-03 
6.783E+03   3.256E+00  1.612E-03 
6.862E+03   3.228E+00  1.596E-03 
6.942E+03   3.201E+00  1.580E-03 
7.022E+03   3.174E+00  1.564E-03 
7.104E+03   3.148E+00  1.548E-03 
7.186E+03   3.121E+00  1.532E-03 
7.269E+03   3.095E+00  1.517E-03 
7.354E+03   3.069E+00  1.502E-03 
7.439E+03   3.043E+00  1.487E-03 
7.525E+03   3.017E+00  1.472E-03 
7.613E+03   2.992E+00  1.457E-03 
7.701E+03   2.967E+00  1.442E-03 
7.790E+03   2.941E+00  1.428E-03 
7.881E+03   2.917E+00  1.413E-03 
7.972E+03   2.892E+00  1.399E-03 
8.064E+03   2.867E+00  1.385E-03 
8.158E+03   2.843E+00  1.371E-03 
8.253E+03   2.819E+00  1.357E-03 
8.348E+03   2.795E+00  1.344E-03 
8.445E+03   2.771E+00  1.330E-03 
8.543E+03   2.748E+00  1.317E-03 
8.642E+03   2.724E+00  1.303E-03 
8.742E+03   2.701E+00  1.290E-03 
8.844E+03   2.678E+00  1.277E-03 
8.946E+03   2.655E+00  1.264E-03 
9.050E+03   2.633E+00  1.252E-03 
9.155E+03   2.610E+00  1.239E-03 
9.261E+03   2.588E+00  1.226E-03 
9.369E+03   2.566E+00  1.214E-03 
9.477E+03   2.544E+00  1.202E-03 
9.587E+03   2.522E+00  1.190E-03 
9.699E+03   2.500E+00  1.178E-03 
9.811E+03   2.479E+00  1.166E-03 
9.925E+03   2.457E+00  1.154E-03 
1.004E+04   2.436E+00  1.142E-03 
1.016E+04   2.415E+00  1.131E-03 
1.027E+04   2.395E+00  1.119E-03 
1.039E+04   2.374E+00  1.108E-03 
1.051E+04   2.354E+00  1.097E-03 
1.064E+04   2.333E+00  1.086E-03 
1.076E+04   2.313E+00  1.075E-03 
1.088E+04   2.293E+00  1.064E-03 
1.101E+04   2.273E+00  1.053E-03 
1.114E+04   2.254E+00  1.042E-03 
1.127E+04   2.234E+00  1.032E-03 
1.140E+04   2.215E+00  1.021E-03 
1.153E+04   2.196E+00  1.011E-03 
1.166E+04   2.177E+00  1.001E-03 
1.180E+04   2.158E+00  9.905E-04 
1.194E+04   2.139E+00  9.805E-04 
1.207E+04   2.121E+00  9.706E-04 
1.221E+04   2.102E+00  9.607E-04 
1.236E+04   2.084E+00  9.510E-04 
1.250E+04   2.066E+00  9.413E-04 
1.264E+04   2.048E+00  9.318E-04 
1.279E+04   2.030E+00  9.223E-04 
1.294E+04   2.012E+00  9.129E-04 
1.309E+04   1.995E+00  9.037E-04 
1.324E+04   1.977E+00  8.945E-04 
1.340E+04   1.960E+00  8.854E-04 
1.355E+04   1.943E+00  8.764E-04 
1.371E+04   1.926E+00  8.675E-04 
1.387E+04   1.909E+00  8.587E-04 
1.403E+04   1.893E+00  8.500E-04 
1.419E+04   1.876E+00  8.413E-04 
1.435E+04   1.860E+00  8.328E-04 
1.452E+04   1.843E+00  8.243E-04 
1.469E+04   1.827E+00  8.159E-04 
1.486E+04   1.811E+00  8.076E-04 
1.503E+04   1.795E+00  7.994E-04 
1.521E+04   1.780E+00  7.913E-04 
1.538E+04   1.764E+00  7.832E-04 
1.556E+04   1.749E+00  7.753E-04 
1.574E+04   1.733E+00  7.674E-04 
1.592E+04   1.718E+00  7.596E-04 
1.611E+04   1.703E+00  7.518E-04 
1.630E+04   1.688E+00  7.442E-04 
1.649E+04   1.673E+00  7.366E-04 
1.668E+04   1.658E+00  7.291E-04 
1.687E+04   1.644E+00  7.217E-04 
1.707E+04   1.629E+00  7.143E-04 
1.726E+04   1.615E+00  7.070E-04 
1.746E+04   1.601E+00  6.998E-04 
1.767E+04   1.587E+00  6.927E-04 
1.787E+04   1.573E+00  6.856E-04 
1.808E+04   1.559E+00  6.786E-04 
1.829E+04   1.545E+00  6.717E-04 
1.850E+04   1.531E+00  6.648E-04 
1.871E+04   1.518E+00  6.581E-04 
1.893E+04   1.505E+00  6.513E-04 
1.915E+04   1.491E+00  6.447E-04 
1.937E+04   1.478E+00  6.381E-04 
1.960E+04   1.465E+00  6.316E-04 
1.983E+04   1.452E+00  6.251E-04 
2.006E+04   1.439E+00  6.188E-04 
2.029E+04   1.427E+00  6.124E-04 
2.052E+04   1.414E+00  6.062E-04 
2.076E+04   1.401E+00  6.000E-04 
2.100E+04   1.389E+00  5.939E-04 
2.125E+04   1.377E+00  5.878E-04 
2.149E+04   1.365E+00  5.818E-04 
2.174E+04   1.352E+00  5.758E-04 
2.199E+04   1.340E+00  5.699E-04 
2.225E+04   1.329E+00  5.641E-04 
2.251E+04   1.317E+00  5.583E-04 
2.277E+04   1.305E+00  5.526E-04 
2.303E+04   1.294E+00  5.470E-04 
2.330E+04   1.282E+00  5.414E-04 
2.357E+04   1.271E+00  5.358E-04 
2.384E+04   1.260E+00  5.303E-04 
2.412E+04   1.248E+00  5.249E-04 
2.440E+04   1.237E+00  5.195E-04 
2.468E+04   1.226E+00  5.142E-04 
2.497E+04   1.215E+00  5.090E-04 
2.526E+04   1.205E+00  5.037E-04 
2.555E+04   1.194E+00  4.986E-04 
2.585E+04   1.183E+00  4.935E-04 
2.615E+04   1.173E+00  4.884E-04 
2.645E+04   1.162E+00  4.834E-04 
2.676E+04   1.152E+00  4.784E-04 
2.707E+04   1.142E+00  4.735E-04 
2.738E+04   1.132E+00  4.687E-04 
2.770E+04   1.122E+00  4.639E-04 
2.802E+04   1.112E+00  4.591E-04 
2.835E+04   1.102E+00  4.544E-04 
2.867E+04   1.092E+00  4.497E-04 
2.901E+04   1.082E+00  4.451E-04 
2.934E+04   1.073E+00  4.406E-04 
2.968E+04   1.063E+00  4.360E-04 
3.003E+04   1.054E+00  4.316E-04 
3.038E+04   1.044E+00  4.271E-04 
3.073E+04   1.035E+00  4.227E-04 
3.109E+04   1.026E+00  4.184E-04 
3.145E+04   1.017E+00  4.141E-04 
3.181E+04   1.008E+00  4.098E-04 
3.218E+04   9.989E-01  4.056E-04 
3.255E+04   9.901E-01  4.015E-04 
3.293E+04   9.813E-01  3.973E-04 
3.331E+04   9.726E-01  3.933E-04 
3.370E+04   9.640E-01  3.892E-04 
3.409E+04   9.554E-01  3.852E-04 
3.449E+04   9.469E-01  3.812E-04 
3.489E+04   9.385E-01  3.773E-04 
3.529E+04   9.302E-01  3.734E-04 
3.570E+04   9.220E-01  3.696E-04 
3.611E+04   9.138E-01  3.658E-04 
3.653E+04   9.057E-01  3.620E-04 
3.696E+04   8.977E-01  3.583E-04 
3.738E+04   8.897E-01  3.546E-04 
3.782E+04   8.818E-01  3.510E-04 
3.826E+04   8.740E-01  3.474E-04 
3.870E+04   8.663E-01  3.438E-04 
3.915E+04   8.586E-01  3.402E-04 
3.960E+04   8.510E-01  3.367E-04 
4.006E+04   8.435E-01  3.333E-04 
4.053E+04   8.360E-01  3.298E-04 
4.100E+04   8.286E-01  3.264E-04 
4.147E+04   8.213E-01  3.231E-04 
4.195E+04   8.141E-01  3.197E-04 
4.244E+04   8.069E-01  3.164E-04 
4.293E+04   7.997E-01  3.132E-04 
4.343E+04   7.927E-01  3.099E-04 
4.394E+04   7.857E-01  3.068E-04 
4.444E+04   7.787E-01  3.036E-04 
4.496E+04   7.719E-01  3.005E-04 
4.548E+04   7.651E-01  2.974E-04 
4.601E+04   7.583E-01  2.943E-04 
4.654E+04   7.516E-01  2.913E-04 
4.708E+04   7.450E-01  2.882E-04 
4.763E+04   7.385E-01  2.853E-04 
4.818E+04   7.320E-01  2.823E-04 
4.874E+04   7.255E-01  2.794E-04 
4.931E+04   7.192E-01  2.765E-04 
4.988E+04   7.128E-01  2.737E-04 
5.046E+04   7.066E-01  2.708E-04 
5.104E+04   7.004E-01  2.680E-04 
5.163E+04   6.942E-01  2.653E-04 
5.223E+04   6.881E-01  2.625E-04 
5.284E+04   6.821E-01  2.598E-04 
5.345E+04   6.761E-01  2.571E-04 
5.407E+04   6.702E-01  2.545E-04 
5.470E+04   6.644E-01  2.518E-04 
5.533E+04   6.586E-01  2.492E-04 
5.597E+04   6.528E-01  2.467E-04 
5.662E+04   6.471E-01  2.441E-04 
5.728E+04   6.415E-01  2.416E-04 
5.794E+04   6.359E-01  2.391E-04 
5.862E+04   6.303E-01  2.366E-04 
5.930E+04   6.248E-01  2.342E-04 
5.998E+04   6.194E-01  2.317E-04 
6.068E+04   6.140E-01  2.293E-04 
6.138E+04   6.087E-01  2.270E-04 
6.210E+04   6.034E-01  2.246E-04 
6.282E+04   5.981E-01  2.223E-04 
6.354E+04   5.930E-01  2.200E-04 
6.428E+04   5.878E-01  2.177E-04 
6.503E+04   5.827E-01  2.155E-04 
6.578E+04   5.777E-01  2.132E-04 
6.654E+04   5.727E-01  2.110E-04 
6.732E+04   5.677E-01  2.088E-04 
6.810E+04   5.628E-01  2.067E-04 
6.889E+04   5.580E-01  2.045E-04 
6.969E+04   5.532E-01  2.024E-04 
7.049E+04   5.484E-01  2.003E-04 
7.131E+04   5.437E-01  1.982E-04 
7.214E+04   5.390E-01  1.962E-04 
7.298E+04   5.344E-01  1.941E-04 
7.382E+04   5.298E-01  1.921E-04 
7.468E+04   5.253E-01  1.901E-04 
7.555E+04   5.208E-01  1.882E-04 
7.642E+04   5.163E-01  1.862E-04 
7.731E+04   5.119E-01  1.843E-04 
7.820E+04   5.076E-01  1.824E-04 
7.911E+04   5.032E-01  1.805E-04 
8.003E+04   4.989E-01  1.786E-04 
8.096E+04   4.947E-01  1.767E-04 
8.190E+04   4.905E-01  1.749E-04 
8.285E+04   4.863E-01  1.731E-04 
8.381E+04   4.822E-01  1.713E-04 
8.478E+04   4.781E-01  1.695E-04 
8.576E+04   4.741E-01  1.678E-04 
8.676E+04   4.701E-01  1.660E-04 
8.776E+04   4.661E-01  1.643E-04 
8.878E+04   4.622E-01  1.626E-04 
8.981E+04   4.583E-01  1.609E-04 
9.085E+04   4.545E-01  1.592E-04 
9.191E+04   4.506E-01  1.576E-04 
9.297E+04   4.469E-01  1.559E-04 
9.405E+04   4.431E-01  1.543E-04 
9.514E+04   4.394E-01  1.527E-04 
9.625E+04   4.358E-01  1.511E-04 
9.736E+04   4.321E-01  1.495E-04 
9.849E+04   4.285E-01  1.480E-04 
9.963E+04   4.250E-01  1.465E-04 
1.008E+05   4.214E-01  1.449E-04 
