Ion = Hydrogen    . Mass = 1.0079
Tgt = Ti (Solid). Density = 4.5189 g/cm3
Stopping Units =  eV/(1E15 atoms/cm2)
Energy(keV)  S(Elec)    S(Nuc)
1.000E+00   4.939E+00  4.729E-01 
1.012E+00   4.968E+00  4.725E-01 
1.023E+00   4.997E+00  4.720E-01 
1.035E+00   5.026E+00  4.716E-01 
1.047E+00   5.055E+00  4.711E-01 
1.059E+00   5.084E+00  4.706E-01 
1.072E+00   5.113E+00  4.701E-01 
1.084E+00   5.143E+00  4.696E-01 
1.097E+00   5.173E+00  4.691E-01 
1.109E+00   5.202E+00  4.686E-01 
1.122E+00   5.233E+00  4.680E-01 
1.135E+00   5.263E+00  4.675E-01 
1.148E+00   5.293E+00  4.669E-01 
1.162E+00   5.324E+00  4.663E-01 
1.175E+00   5.355E+00  4.658E-01 
1.189E+00   5.386E+00  4.652E-01 
1.203E+00   5.417E+00  4.646E-01 
1.217E+00   5.448E+00  4.639E-01 
1.231E+00   5.480E+00  4.633E-01 
1.245E+00   5.511E+00  4.627E-01 
1.259E+00   5.543E+00  4.620E-01 
1.274E+00   5.575E+00  4.614E-01 
1.289E+00   5.607E+00  4.607E-01 
1.304E+00   5.640E+00  4.600E-01 
1.319E+00   5.672E+00  4.593E-01 
1.334E+00   5.705E+00  4.586E-01 
1.350E+00   5.738E+00  4.579E-01 
1.365E+00   5.771E+00  4.571E-01 
1.381E+00   5.805E+00  4.564E-01 
1.397E+00   5.838E+00  4.557E-01 
1.413E+00   5.872E+00  4.549E-01 
1.430E+00   5.906E+00  4.541E-01 
1.446E+00   5.940E+00  4.533E-01 
1.463E+00   5.975E+00  4.525E-01 
1.480E+00   6.009E+00  4.517E-01 
1.497E+00   6.044E+00  4.509E-01 
1.515E+00   6.079E+00  4.501E-01 
1.532E+00   6.114E+00  4.493E-01 
1.550E+00   6.149E+00  4.484E-01 
1.568E+00   6.185E+00  4.476E-01 
1.586E+00   6.221E+00  4.467E-01 
1.605E+00   6.257E+00  4.458E-01 
1.623E+00   6.293E+00  4.449E-01 
1.642E+00   6.329E+00  4.440E-01 
1.661E+00   6.366E+00  4.431E-01 
1.680E+00   6.403E+00  4.422E-01 
1.700E+00   6.440E+00  4.413E-01 
1.719E+00   6.477E+00  4.404E-01 
1.739E+00   6.514E+00  4.394E-01 
1.760E+00   6.552E+00  4.385E-01 
1.780E+00   6.590E+00  4.375E-01 
1.801E+00   6.628E+00  4.365E-01 
1.822E+00   6.666E+00  4.355E-01 
1.843E+00   6.705E+00  4.345E-01 
1.864E+00   6.744E+00  4.335E-01 
1.886E+00   6.783E+00  4.325E-01 
1.908E+00   6.822E+00  4.315E-01 
1.930E+00   6.861E+00  4.305E-01 
1.952E+00   6.901E+00  4.294E-01 
1.975E+00   6.941E+00  4.284E-01 
1.998E+00   6.981E+00  4.273E-01 
2.021E+00   7.021E+00  4.262E-01 
2.044E+00   7.061E+00  4.252E-01 
2.068E+00   7.102E+00  4.241E-01 
2.092E+00   7.142E+00  4.230E-01 
2.116E+00   7.183E+00  4.219E-01 
2.141E+00   7.224E+00  4.208E-01 
2.166E+00   7.265E+00  4.196E-01 
2.191E+00   7.306E+00  4.185E-01 
2.216E+00   7.348E+00  4.174E-01 
2.242E+00   7.390E+00  4.162E-01 
2.268E+00   7.432E+00  4.151E-01 
2.294E+00   7.475E+00  4.139E-01 
2.321E+00   7.517E+00  4.128E-01 
2.348E+00   7.560E+00  4.116E-01 
2.375E+00   7.603E+00  4.104E-01 
2.402E+00   7.646E+00  4.092E-01 
2.430E+00   7.690E+00  4.080E-01 
2.458E+00   7.734E+00  4.068E-01 
2.487E+00   7.778E+00  4.056E-01 
2.516E+00   7.822E+00  4.044E-01 
2.545E+00   7.867E+00  4.031E-01 
2.574E+00   7.912E+00  4.019E-01 
2.604E+00   7.957E+00  4.007E-01 
2.635E+00   8.002E+00  3.994E-01 
2.665E+00   8.047E+00  3.981E-01 
2.696E+00   8.093E+00  3.969E-01 
2.727E+00   8.139E+00  3.956E-01 
2.759E+00   8.186E+00  3.943E-01 
2.791E+00   8.232E+00  3.931E-01 
2.823E+00   8.279E+00  3.918E-01 
2.856E+00   8.326E+00  3.905E-01 
2.889E+00   8.374E+00  3.892E-01 
2.923E+00   8.421E+00  3.879E-01 
2.957E+00   8.469E+00  3.865E-01 
2.991E+00   8.517E+00  3.852E-01 
3.026E+00   8.566E+00  3.839E-01 
3.061E+00   8.614E+00  3.826E-01 
3.096E+00   8.663E+00  3.812E-01 
3.132E+00   8.712E+00  3.799E-01 
3.168E+00   8.762E+00  3.785E-01 
3.205E+00   8.812E+00  3.772E-01 
3.242E+00   8.862E+00  3.758E-01 
3.280E+00   8.912E+00  3.745E-01 
3.318E+00   8.963E+00  3.731E-01 
3.356E+00   9.014E+00  3.717E-01 
3.395E+00   9.065E+00  3.703E-01 
3.435E+00   9.116E+00  3.690E-01 
3.475E+00   9.168E+00  3.676E-01 
3.515E+00   9.220E+00  3.662E-01 
3.556E+00   9.272E+00  3.648E-01 
3.597E+00   9.325E+00  3.634E-01 
3.639E+00   9.378E+00  3.620E-01 
3.681E+00   9.431E+00  3.606E-01 
3.724E+00   9.484E+00  3.592E-01 
3.767E+00   9.538E+00  3.578E-01 
3.810E+00   9.592E+00  3.563E-01 
3.855E+00   9.646E+00  3.549E-01 
3.899E+00   9.701E+00  3.535E-01 
3.945E+00   9.756E+00  3.521E-01 
3.990E+00   9.811E+00  3.506E-01 
4.037E+00   9.867E+00  3.492E-01 
4.083E+00   9.922E+00  3.478E-01 
4.131E+00   9.979E+00  3.463E-01 
4.179E+00   1.003E+01  3.449E-01 
4.227E+00   1.009E+01  3.434E-01 
4.276E+00   1.015E+01  3.420E-01 
4.326E+00   1.021E+01  3.405E-01 
4.376E+00   1.026E+01  3.391E-01 
4.427E+00   1.032E+01  3.376E-01 
4.478E+00   1.038E+01  3.361E-01 
4.530E+00   1.044E+01  3.347E-01 
4.583E+00   1.050E+01  3.332E-01 
4.636E+00   1.056E+01  3.318E-01 
4.690E+00   1.062E+01  3.303E-01 
4.744E+00   1.068E+01  3.288E-01 
4.799E+00   1.074E+01  3.273E-01 
4.855E+00   1.080E+01  3.259E-01 
4.911E+00   1.086E+01  3.244E-01 
4.968E+00   1.092E+01  3.229E-01 
5.026E+00   1.098E+01  3.214E-01 
5.084E+00   1.104E+01  3.200E-01 
5.143E+00   1.110E+01  3.185E-01 
5.202E+00   1.117E+01  3.170E-01 
5.263E+00   1.123E+01  3.155E-01 
5.324E+00   1.129E+01  3.140E-01 
5.386E+00   1.136E+01  3.126E-01 
5.448E+00   1.142E+01  3.111E-01 
5.511E+00   1.148E+01  3.096E-01 
5.575E+00   1.155E+01  3.081E-01 
5.640E+00   1.161E+01  3.066E-01 
5.705E+00   1.168E+01  3.052E-01 
5.771E+00   1.174E+01  3.037E-01 
5.838E+00   1.181E+01  3.022E-01 
5.906E+00   1.187E+01  3.007E-01 
5.975E+00   1.194E+01  2.992E-01 
6.044E+00   1.201E+01  2.977E-01 
6.114E+00   1.207E+01  2.963E-01 
6.185E+00   1.214E+01  2.948E-01 
6.257E+00   1.221E+01  2.933E-01 
6.329E+00   1.228E+01  2.918E-01 
6.403E+00   1.235E+01  2.903E-01 
6.477E+00   1.242E+01  2.888E-01 
6.552E+00   1.248E+01  2.874E-01 
6.628E+00   1.255E+01  2.859E-01 
6.705E+00   1.262E+01  2.844E-01 
6.783E+00   1.269E+01  2.829E-01 
6.861E+00   1.276E+01  2.815E-01 
6.941E+00   1.284E+01  2.800E-01 
7.021E+00   1.291E+01  2.785E-01 
7.103E+00   1.298E+01  2.770E-01 
7.185E+00   1.305E+01  2.756E-01 
7.269E+00   1.312E+01  2.741E-01 
7.353E+00   1.320E+01  2.726E-01 
7.438E+00   1.327E+01  2.712E-01 
7.524E+00   1.334E+01  2.697E-01 
7.612E+00   1.342E+01  2.683E-01 
7.700E+00   1.349E+01  2.668E-01 
7.789E+00   1.356E+01  2.653E-01 
7.880E+00   1.364E+01  2.639E-01 
7.971E+00   1.371E+01  2.624E-01 
8.064E+00   1.379E+01  2.610E-01 
8.157E+00   1.387E+01  2.595E-01 
8.252E+00   1.394E+01  2.581E-01 
8.347E+00   1.402E+01  2.567E-01 
8.444E+00   1.410E+01  2.552E-01 
8.542E+00   1.417E+01  2.538E-01 
8.641E+00   1.425E+01  2.524E-01 
8.741E+00   1.433E+01  2.509E-01 
8.843E+00   1.441E+01  2.495E-01 
8.945E+00   1.449E+01  2.481E-01 
9.049E+00   1.457E+01  2.466E-01 
9.154E+00   1.464E+01  2.452E-01 
9.260E+00   1.472E+01  2.438E-01 
9.368E+00   1.481E+01  2.424E-01 
9.476E+00   1.489E+01  2.410E-01 
9.586E+00   1.497E+01  2.396E-01 
9.698E+00   1.505E+01  2.382E-01 
9.810E+00   1.513E+01  2.368E-01 
9.924E+00   1.521E+01  2.354E-01 
1.004E+01   1.529E+01  2.340E-01 
1.016E+01   1.538E+01  2.326E-01 
1.027E+01   1.546E+01  2.312E-01 
1.039E+01   1.554E+01  2.298E-01 
1.051E+01   1.563E+01  2.285E-01 
1.063E+01   1.571E+01  2.271E-01 
1.076E+01   1.580E+01  2.257E-01 
1.088E+01   1.588E+01  2.243E-01 
1.101E+01   1.597E+01  2.230E-01 
1.114E+01   1.605E+01  2.216E-01 
1.127E+01   1.614E+01  2.203E-01 
1.140E+01   1.623E+01  2.189E-01 
1.153E+01   1.631E+01  2.176E-01 
1.166E+01   1.640E+01  2.162E-01 
1.180E+01   1.649E+01  2.149E-01 
1.193E+01   1.657E+01  2.136E-01 
1.207E+01   1.666E+01  2.122E-01 
1.221E+01   1.675E+01  2.109E-01 
1.235E+01   1.684E+01  2.096E-01 
1.250E+01   1.693E+01  2.083E-01 
1.264E+01   1.702E+01  2.069E-01 
1.279E+01   1.711E+01  2.056E-01 
1.294E+01   1.720E+01  2.043E-01 
1.309E+01   1.729E+01  2.030E-01 
1.324E+01   1.738E+01  2.017E-01 
1.339E+01   1.747E+01  2.004E-01 
1.355E+01   1.756E+01  1.992E-01 
1.371E+01   1.766E+01  1.979E-01 
1.387E+01   1.775E+01  1.966E-01 
1.403E+01   1.784E+01  1.953E-01 
1.419E+01   1.793E+01  1.941E-01 
1.435E+01   1.803E+01  1.928E-01 
1.452E+01   1.812E+01  1.915E-01 
1.469E+01   1.821E+01  1.903E-01 
1.486E+01   1.831E+01  1.890E-01 
1.503E+01   1.840E+01  1.878E-01 
1.521E+01   1.850E+01  1.866E-01 
1.538E+01   1.859E+01  1.853E-01 
1.556E+01   1.869E+01  1.841E-01 
1.574E+01   1.878E+01  1.829E-01 
1.592E+01   1.888E+01  1.817E-01 
1.611E+01   1.898E+01  1.804E-01 
1.629E+01   1.907E+01  1.792E-01 
1.648E+01   1.917E+01  1.780E-01 
1.667E+01   1.927E+01  1.768E-01 
1.687E+01   1.936E+01  1.756E-01 
1.706E+01   1.946E+01  1.745E-01 
1.726E+01   1.956E+01  1.733E-01 
1.746E+01   1.966E+01  1.721E-01 
1.766E+01   1.976E+01  1.709E-01 
1.787E+01   1.986E+01  1.698E-01 
1.808E+01   1.995E+01  1.686E-01 
1.829E+01   2.005E+01  1.674E-01 
1.850E+01   2.015E+01  1.663E-01 
1.871E+01   2.025E+01  1.651E-01 
1.893E+01   2.035E+01  1.640E-01 
1.915E+01   2.045E+01  1.629E-01 
1.937E+01   2.055E+01  1.617E-01 
1.960E+01   2.065E+01  1.606E-01 
1.982E+01   2.075E+01  1.595E-01 
2.005E+01   2.086E+01  1.584E-01 
2.029E+01   2.096E+01  1.573E-01 
2.052E+01   2.106E+01  1.562E-01 
2.076E+01   2.116E+01  1.551E-01 
2.100E+01   2.126E+01  1.540E-01 
2.124E+01   2.136E+01  1.529E-01 
2.149E+01   2.147E+01  1.518E-01 
2.174E+01   2.157E+01  1.507E-01 
2.199E+01   2.167E+01  1.497E-01 
2.225E+01   2.177E+01  1.486E-01 
2.250E+01   2.188E+01  1.475E-01 
2.277E+01   2.198E+01  1.465E-01 
2.303E+01   2.208E+01  1.454E-01 
2.330E+01   2.218E+01  1.444E-01 
2.357E+01   2.229E+01  1.434E-01 
2.384E+01   2.239E+01  1.423E-01 
2.412E+01   2.249E+01  1.413E-01 
2.440E+01   2.260E+01  1.403E-01 
2.468E+01   2.270E+01  1.392E-01 
2.497E+01   2.280E+01  1.382E-01 
2.526E+01   2.291E+01  1.372E-01 
2.555E+01   2.301E+01  1.362E-01 
2.584E+01   2.311E+01  1.352E-01 
2.614E+01   2.322E+01  1.342E-01 
2.645E+01   2.332E+01  1.333E-01 
2.675E+01   2.343E+01  1.323E-01 
2.707E+01   2.353E+01  1.313E-01 
2.738E+01   2.363E+01  1.303E-01 
2.770E+01   2.374E+01  1.294E-01 
2.802E+01   2.384E+01  1.284E-01 
2.834E+01   2.394E+01  1.275E-01 
2.867E+01   2.405E+01  1.265E-01 
2.900E+01   2.415E+01  1.256E-01 
2.934E+01   2.425E+01  1.246E-01 
2.968E+01   2.435E+01  1.237E-01 
3.003E+01   2.446E+01  1.228E-01 
3.037E+01   2.456E+01  1.219E-01 
3.073E+01   2.466E+01  1.209E-01 
3.108E+01   2.476E+01  1.200E-01 
3.144E+01   2.487E+01  1.191E-01 
3.181E+01   2.497E+01  1.182E-01 
3.218E+01   2.507E+01  1.173E-01 
3.255E+01   2.517E+01  1.164E-01 
3.293E+01   2.527E+01  1.156E-01 
3.331E+01   2.537E+01  1.147E-01 
3.370E+01   2.547E+01  1.138E-01 
3.409E+01   2.557E+01  1.129E-01 
3.448E+01   2.567E+01  1.121E-01 
3.488E+01   2.577E+01  1.112E-01 
3.529E+01   2.587E+01  1.104E-01 
3.570E+01   2.597E+01  1.095E-01 
3.611E+01   2.607E+01  1.087E-01 
3.653E+01   2.617E+01  1.078E-01 
3.695E+01   2.627E+01  1.070E-01 
3.738E+01   2.636E+01  1.062E-01 
3.781E+01   2.646E+01  1.054E-01 
3.825E+01   2.656E+01  1.045E-01 
3.870E+01   2.665E+01  1.037E-01 
3.915E+01   2.675E+01  1.029E-01 
3.960E+01   2.684E+01  1.021E-01 
4.006E+01   2.694E+01  1.013E-01 
4.052E+01   2.703E+01  1.005E-01 
4.099E+01   2.712E+01  9.976E-02 
4.147E+01   2.722E+01  9.898E-02 
4.195E+01   2.731E+01  9.820E-02 
4.244E+01   2.740E+01  9.743E-02 
4.293E+01   2.749E+01  9.666E-02 
4.343E+01   2.758E+01  9.590E-02 
4.393E+01   2.767E+01  9.515E-02 
4.444E+01   2.776E+01  9.439E-02 
4.496E+01   2.784E+01  9.365E-02 
4.548E+01   2.793E+01  9.291E-02 
4.600E+01   2.802E+01  9.217E-02 
4.654E+01   2.810E+01  9.144E-02 
4.708E+01   2.819E+01  9.071E-02 
4.762E+01   2.827E+01  8.999E-02 
4.818E+01   2.835E+01  8.927E-02 
4.873E+01   2.844E+01  8.856E-02 
4.930E+01   2.852E+01  8.785E-02 
4.987E+01   2.860E+01  8.715E-02 
5.045E+01   2.868E+01  8.645E-02 
5.104E+01   2.875E+01  8.575E-02 
5.163E+01   2.883E+01  8.506E-02 
5.223E+01   2.891E+01  8.438E-02 
5.283E+01   2.898E+01  8.370E-02 
5.344E+01   2.906E+01  8.302E-02 
5.406E+01   2.913E+01  8.235E-02 
5.469E+01   2.920E+01  8.169E-02 
5.533E+01   2.927E+01  8.103E-02 
5.597E+01   2.934E+01  8.037E-02 
5.662E+01   2.941E+01  7.972E-02 
5.727E+01   2.948E+01  7.907E-02 
5.794E+01   2.954E+01  7.842E-02 
5.861E+01   2.961E+01  7.778E-02 
5.929E+01   2.967E+01  7.715E-02 
5.998E+01   2.973E+01  7.652E-02 
6.067E+01   2.979E+01  7.589E-02 
6.138E+01   2.985E+01  7.527E-02 
6.209E+01   2.991E+01  7.466E-02 
6.281E+01   2.996E+01  7.404E-02 
6.354E+01   3.002E+01  7.112E-02 
6.427E+01   3.007E+01  7.054E-02 
6.502E+01   3.012E+01  6.997E-02 
6.577E+01   3.017E+01  6.940E-02 
6.654E+01   3.022E+01  6.883E-02 
6.731E+01   3.027E+01  6.827E-02 
6.809E+01   3.032E+01  6.771E-02 
6.888E+01   3.036E+01  6.716E-02 
6.968E+01   3.040E+01  6.661E-02 
7.049E+01   3.044E+01  6.606E-02 
7.130E+01   3.048E+01  6.552E-02 
7.213E+01   3.052E+01  6.498E-02 
7.297E+01   3.056E+01  6.444E-02 
7.381E+01   3.059E+01  6.391E-02 
7.467E+01   3.063E+01  6.338E-02 
7.554E+01   3.066E+01  6.286E-02 
7.641E+01   3.069E+01  6.233E-02 
7.730E+01   3.071E+01  6.182E-02 
7.820E+01   3.074E+01  6.130E-02 
7.910E+01   3.076E+01  6.079E-02 
8.002E+01   3.078E+01  6.029E-02 
8.095E+01   3.080E+01  5.979E-02 
8.189E+01   3.082E+01  5.929E-02 
8.284E+01   3.084E+01  5.879E-02 
8.380E+01   3.085E+01  5.830E-02 
8.477E+01   3.087E+01  5.781E-02 
8.575E+01   3.088E+01  5.733E-02 
8.675E+01   3.089E+01  5.685E-02 
8.775E+01   3.089E+01  5.637E-02 
8.877E+01   3.090E+01  5.589E-02 
8.980E+01   3.090E+01  5.542E-02 
9.084E+01   3.090E+01  5.496E-02 
9.190E+01   3.090E+01  5.449E-02 
9.296E+01   3.090E+01  5.403E-02 
9.404E+01   3.089E+01  5.357E-02 
9.513E+01   3.089E+01  5.312E-02 
9.624E+01   3.088E+01  5.267E-02 
9.735E+01   3.087E+01  5.222E-02 
9.848E+01   3.085E+01  5.178E-02 
9.962E+01   3.084E+01  5.134E-02 
1.008E+02   3.082E+01  5.090E-02 
1.019E+02   3.080E+01  5.047E-02 
1.031E+02   3.078E+01  5.004E-02 
1.043E+02   3.076E+01  4.961E-02 
1.055E+02   3.073E+01  4.919E-02 
1.068E+02   3.070E+01  4.877E-02 
1.080E+02   3.068E+01  4.835E-02 
1.093E+02   3.064E+01  4.793E-02 
1.105E+02   3.061E+01  4.752E-02 
1.118E+02   3.057E+01  4.711E-02 
1.131E+02   3.054E+01  4.671E-02 
1.144E+02   3.050E+01  4.631E-02 
1.157E+02   3.046E+01  4.591E-02 
1.171E+02   3.041E+01  4.551E-02 
1.184E+02   3.037E+01  4.512E-02 
1.198E+02   3.032E+01  4.473E-02 
1.212E+02   3.027E+01  4.434E-02 
1.226E+02   3.022E+01  4.396E-02 
1.240E+02   3.016E+01  4.358E-02 
1.255E+02   3.011E+01  4.320E-02 
1.269E+02   3.005E+01  4.282E-02 
1.284E+02   2.999E+01  4.245E-02 
1.299E+02   2.993E+01  4.208E-02 
1.314E+02   2.987E+01  4.172E-02 
1.329E+02   2.980E+01  4.135E-02 
1.345E+02   2.973E+01  4.099E-02 
1.360E+02   2.966E+01  4.063E-02 
1.376E+02   2.959E+01  4.028E-02 
1.392E+02   2.952E+01  3.993E-02 
1.408E+02   2.945E+01  3.958E-02 
1.424E+02   2.937E+01  3.923E-02 
1.441E+02   2.929E+01  3.889E-02 
1.458E+02   2.921E+01  3.855E-02 
1.475E+02   2.913E+01  3.821E-02 
1.492E+02   2.905E+01  3.787E-02 
1.509E+02   2.896E+01  3.754E-02 
1.526E+02   2.887E+01  3.721E-02 
1.544E+02   2.879E+01  3.688E-02 
1.562E+02   2.870E+01  3.656E-02 
1.580E+02   2.860E+01  3.623E-02 
1.598E+02   2.851E+01  3.591E-02 
1.617E+02   2.842E+01  3.560E-02 
1.636E+02   2.832E+01  3.528E-02 
1.655E+02   2.822E+01  3.497E-02 
1.674E+02   2.812E+01  3.466E-02 
1.693E+02   2.802E+01  3.435E-02 
1.713E+02   2.792E+01  3.405E-02 
1.733E+02   2.782E+01  3.375E-02 
1.753E+02   2.771E+01  3.345E-02 
1.773E+02   2.760E+01  3.315E-02 
1.794E+02   2.750E+01  3.285E-02 
1.815E+02   2.739E+01  3.256E-02 
1.836E+02   2.728E+01  3.227E-02 
1.857E+02   2.717E+01  3.198E-02 
1.879E+02   2.705E+01  3.170E-02 
1.900E+02   2.694E+01  3.142E-02 
1.922E+02   2.683E+01  3.113E-02 
1.945E+02   2.671E+01  3.086E-02 
1.967E+02   2.659E+01  3.058E-02 
1.990E+02   2.648E+01  3.031E-02 
2.013E+02   2.636E+01  3.003E-02 
2.036E+02   2.624E+01  2.977E-02 
2.060E+02   2.612E+01  2.950E-02 
2.084E+02   2.600E+01  2.923E-02 
2.108E+02   2.588E+01  2.897E-02 
2.133E+02   2.575E+01  2.871E-02 
2.157E+02   2.563E+01  2.845E-02 
2.182E+02   2.550E+01  2.820E-02 
2.208E+02   2.538E+01  2.794E-02 
2.233E+02   2.525E+01  2.769E-02 
2.259E+02   2.513E+01  2.744E-02 
2.285E+02   2.500E+01  2.719E-02 
2.312E+02   2.487E+01  2.695E-02 
2.339E+02   2.474E+01  2.670E-02 
2.366E+02   2.462E+01  2.646E-02 
2.393E+02   2.449E+01  2.622E-02 
2.421E+02   2.436E+01  2.598E-02 
2.449E+02   2.423E+01  2.575E-02 
2.478E+02   2.410E+01  2.551E-02 
2.506E+02   2.397E+01  2.528E-02 
2.535E+02   2.384E+01  2.505E-02 
2.565E+02   2.371E+01  2.483E-02 
2.595E+02   2.358E+01  2.460E-02 
2.625E+02   2.344E+01  2.438E-02 
2.655E+02   2.331E+01  2.415E-02 
2.686E+02   2.318E+01  2.393E-02 
2.717E+02   2.305E+01  2.372E-02 
2.749E+02   2.292E+01  2.350E-02 
2.780E+02   2.278E+01  2.328E-02 
2.813E+02   2.265E+01  2.307E-02 
2.845E+02   2.252E+01  2.286E-02 
2.878E+02   2.239E+01  2.265E-02 
2.912E+02   2.226E+01  2.244E-02 
2.945E+02   2.213E+01  2.224E-02 
2.980E+02   2.199E+01  2.204E-02 
3.014E+02   2.186E+01  2.183E-02 
3.049E+02   2.173E+01  2.163E-02 
3.085E+02   2.160E+01  2.143E-02 
3.120E+02   2.147E+01  2.124E-02 
3.156E+02   2.134E+01  2.104E-02 
3.193E+02   2.121E+01  2.085E-02 
3.230E+02   2.108E+01  2.066E-02 
3.268E+02   2.095E+01  2.047E-02 
3.306E+02   2.082E+01  2.028E-02 
3.344E+02   2.069E+01  2.009E-02 
3.383E+02   2.056E+01  1.991E-02 
3.422E+02   2.043E+01  1.972E-02 
3.462E+02   2.030E+01  1.954E-02 
3.502E+02   2.017E+01  1.936E-02 
3.542E+02   2.005E+01  1.918E-02 
3.583E+02   1.992E+01  1.900E-02 
3.625E+02   1.979E+01  1.883E-02 
3.667E+02   1.967E+01  1.865E-02 
3.710E+02   1.954E+01  1.848E-02 
3.753E+02   1.942E+01  1.831E-02 
3.796E+02   1.929E+01  1.814E-02 
3.840E+02   1.917E+01  1.797E-02 
3.885E+02   1.905E+01  1.781E-02 
3.930E+02   1.892E+01  1.764E-02 
3.975E+02   1.880E+01  1.748E-02 
4.021E+02   1.868E+01  1.731E-02 
4.068E+02   1.856E+01  1.715E-02 
4.115E+02   1.844E+01  1.699E-02 
4.163E+02   1.832E+01  1.684E-02 
4.211E+02   1.820E+01  1.668E-02 
4.260E+02   1.808E+01  1.652E-02 
4.310E+02   1.796E+01  1.637E-02 
4.360E+02   1.785E+01  1.622E-02 
4.410E+02   1.773E+01  1.607E-02 
4.461E+02   1.761E+01  1.592E-02 
4.513E+02   1.750E+01  1.577E-02 
4.565E+02   1.738E+01  1.562E-02 
4.618E+02   1.727E+01  1.547E-02 
4.672E+02   1.716E+01  1.533E-02 
4.726E+02   1.704E+01  1.519E-02 
4.781E+02   1.693E+01  1.504E-02 
4.836E+02   1.682E+01  1.490E-02 
4.892E+02   1.671E+01  1.476E-02 
4.949E+02   1.660E+01  1.462E-02 
5.007E+02   1.649E+01  1.449E-02 
5.065E+02   1.638E+01  1.435E-02 
5.123E+02   1.627E+01  1.422E-02 
5.183E+02   1.617E+01  1.408E-02 
5.243E+02   1.606E+01  1.395E-02 
5.304E+02   1.595E+01  1.382E-02 
5.365E+02   1.585E+01  1.369E-02 
5.428E+02   1.574E+01  1.356E-02 
5.490E+02   1.564E+01  1.343E-02 
5.554E+02   1.554E+01  1.331E-02 
5.619E+02   1.544E+01  1.318E-02 
5.684E+02   1.533E+01  1.306E-02 
5.750E+02   1.523E+01  1.293E-02 
5.816E+02   1.513E+01  1.281E-02 
5.884E+02   1.503E+01  1.269E-02 
5.952E+02   1.493E+01  1.257E-02 
6.021E+02   1.484E+01  1.245E-02 
6.091E+02   1.474E+01  1.233E-02 
6.162E+02   1.464E+01  1.222E-02 
6.233E+02   1.455E+01  1.210E-02 
6.305E+02   1.445E+01  1.199E-02 
6.378E+02   1.436E+01  1.187E-02 
6.452E+02   1.426E+01  1.176E-02 
6.527E+02   1.417E+01  1.165E-02 
6.603E+02   1.408E+01  1.154E-02 
6.680E+02   1.398E+01  1.143E-02 
6.757E+02   1.389E+01  1.132E-02 
6.835E+02   1.380E+01  1.121E-02 
6.915E+02   1.371E+01  1.111E-02 
6.995E+02   1.362E+01  1.100E-02 
7.076E+02   1.353E+01  1.090E-02 
7.158E+02   1.344E+01  1.079E-02 
7.241E+02   1.336E+01  1.069E-02 
7.325E+02   1.327E+01  1.059E-02 
7.410E+02   1.318E+01  1.049E-02 
7.496E+02   1.310E+01  1.039E-02 
7.583E+02   1.301E+01  1.029E-02 
7.671E+02   1.293E+01  1.019E-02 
7.760E+02   1.284E+01  1.009E-02 
7.850E+02   1.276E+01  9.999E-03 
7.941E+02   1.267E+01  9.903E-03 
8.033E+02   1.259E+01  9.809E-03 
8.126E+02   1.251E+01  9.715E-03 
8.221E+02   1.243E+01  9.622E-03 
8.316E+02   1.235E+01  9.530E-03 
8.412E+02   1.227E+01  9.439E-03 
8.510E+02   1.219E+01  9.349E-03 
8.609E+02   1.211E+01  9.259E-03 
8.709E+02   1.203E+01  9.171E-03 
8.810E+02   1.195E+01  9.083E-03 
8.912E+02   1.188E+01  8.996E-03 
9.015E+02   1.180E+01  8.910E-03 
9.120E+02   1.172E+01  8.824E-03 
9.225E+02   1.165E+01  8.740E-03 
9.332E+02   1.157E+01  8.656E-03 
9.441E+02   1.150E+01  8.573E-03 
9.550E+02   1.142E+01  8.490E-03 
9.661E+02   1.135E+01  8.409E-03 
9.773E+02   1.127E+01  8.328E-03 
9.886E+02   1.120E+01  8.248E-03 
1.000E+03   1.113E+01  8.169E-03 
1.012E+03   1.106E+01  8.090E-03 
1.023E+03   1.099E+01  8.012E-03 
1.035E+03   1.092E+01  7.935E-03 
1.047E+03   1.085E+01  7.859E-03 
1.059E+03   1.078E+01  7.783E-03 
1.072E+03   1.071E+01  7.708E-03 
1.084E+03   1.064E+01  7.634E-03 
1.097E+03   1.057E+01  7.560E-03 
1.109E+03   1.050E+01  7.487E-03 
1.122E+03   1.042E+01  7.415E-03 
1.135E+03   1.035E+01  7.344E-03 
1.149E+03   1.027E+01  7.273E-03 
1.162E+03   1.020E+01  7.202E-03 
1.175E+03   1.012E+01  7.133E-03 
1.189E+03   1.004E+01  7.064E-03 
1.203E+03   9.962E+00  6.996E-03 
1.217E+03   9.887E+00  6.928E-03 
1.231E+03   9.817E+00  6.861E-03 
1.245E+03   9.747E+00  6.795E-03 
1.260E+03   9.678E+00  6.729E-03 
1.274E+03   9.609E+00  6.664E-03 
1.289E+03   9.541E+00  6.599E-03 
1.304E+03   9.473E+00  6.535E-03 
1.319E+03   9.406E+00  6.472E-03 
1.334E+03   9.339E+00  6.409E-03 
1.350E+03   9.272E+00  6.347E-03 
1.365E+03   9.206E+00  6.285E-03 
1.381E+03   9.140E+00  6.224E-03 
1.397E+03   9.075E+00  6.164E-03 
1.414E+03   9.010E+00  6.104E-03 
1.430E+03   8.946E+00  6.045E-03 
1.446E+03   8.882E+00  5.986E-03 
1.463E+03   8.818E+00  5.928E-03 
1.480E+03   8.755E+00  5.870E-03 
1.497E+03   8.692E+00  5.813E-03 
1.515E+03   8.630E+00  5.756E-03 
1.532E+03   8.568E+00  5.700E-03 
1.550E+03   8.506E+00  5.645E-03 
1.568E+03   8.445E+00  5.590E-03 
1.586E+03   8.384E+00  5.535E-03 
1.605E+03   8.323E+00  5.481E-03 
1.623E+03   8.263E+00  5.428E-03 
1.642E+03   8.203E+00  5.375E-03 
1.661E+03   8.144E+00  5.323E-03 
1.680E+03   8.085E+00  5.271E-03 
1.700E+03   8.026E+00  5.219E-03 
1.720E+03   7.968E+00  5.168E-03 
1.740E+03   7.910E+00  5.118E-03 
1.760E+03   7.853E+00  5.068E-03 
1.780E+03   7.795E+00  5.018E-03 
1.801E+03   7.739E+00  4.969E-03 
1.822E+03   7.682E+00  4.921E-03 
1.843E+03   7.626E+00  4.872E-03 
1.864E+03   7.570E+00  4.825E-03 
1.886E+03   7.515E+00  4.778E-03 
1.908E+03   7.459E+00  4.731E-03 
1.930E+03   7.405E+00  4.684E-03 
1.952E+03   7.350E+00  4.639E-03 
1.975E+03   7.296E+00  4.593E-03 
1.998E+03   7.242E+00  4.548E-03 
2.021E+03   7.189E+00  4.504E-03 
2.044E+03   7.136E+00  4.459E-03 
2.068E+03   7.083E+00  4.416E-03 
2.092E+03   7.030E+00  4.372E-03 
2.116E+03   6.978E+00  4.329E-03 
2.141E+03   6.926E+00  4.287E-03 
2.166E+03   6.875E+00  4.245E-03 
2.191E+03   6.823E+00  4.203E-03 
2.216E+03   6.772E+00  4.162E-03 
2.242E+03   6.722E+00  4.121E-03 
2.268E+03   6.672E+00  4.080E-03 
2.294E+03   6.622E+00  4.040E-03 
2.321E+03   6.572E+00  4.000E-03 
2.348E+03   6.523E+00  3.961E-03 
2.375E+03   6.474E+00  3.922E-03 
2.403E+03   6.425E+00  3.884E-03 
2.431E+03   6.376E+00  3.845E-03 
2.459E+03   6.328E+00  3.807E-03 
2.487E+03   6.280E+00  3.770E-03 
2.516E+03   6.233E+00  3.733E-03 
2.545E+03   6.186E+00  3.696E-03 
2.575E+03   6.139E+00  3.659E-03 
2.605E+03   6.092E+00  3.623E-03 
2.635E+03   6.046E+00  3.588E-03 
2.665E+03   6.000E+00  3.552E-03 
2.696E+03   5.954E+00  3.517E-03 
2.728E+03   5.908E+00  3.482E-03 
2.759E+03   5.863E+00  3.448E-03 
2.791E+03   5.818E+00  3.414E-03 
2.824E+03   5.774E+00  3.380E-03 
2.856E+03   5.729E+00  3.347E-03 
2.889E+03   5.685E+00  3.314E-03 
2.923E+03   5.641E+00  3.281E-03 
2.957E+03   5.598E+00  3.249E-03 
2.991E+03   5.555E+00  3.216E-03 
3.026E+03   5.512E+00  3.185E-03 
3.061E+03   5.469E+00  3.153E-03 
3.097E+03   5.427E+00  3.122E-03 
3.132E+03   5.385E+00  3.091E-03 
3.169E+03   5.343E+00  3.060E-03 
3.206E+03   5.301E+00  3.030E-03 
3.243E+03   5.260E+00  3.000E-03 
3.280E+03   5.219E+00  2.970E-03 
3.318E+03   5.178E+00  2.941E-03 
3.357E+03   5.138E+00  2.912E-03 
3.396E+03   5.098E+00  2.883E-03 
3.435E+03   5.058E+00  2.854E-03 
3.475E+03   5.018E+00  2.826E-03 
3.515E+03   4.979E+00  2.798E-03 
3.556E+03   4.939E+00  2.770E-03 
3.597E+03   4.900E+00  2.742E-03 
3.639E+03   4.862E+00  2.715E-03 
3.681E+03   4.823E+00  2.688E-03 
3.724E+03   4.785E+00  2.661E-03 
3.767E+03   4.747E+00  2.635E-03 
3.811E+03   4.710E+00  2.609E-03 
3.855E+03   4.672E+00  2.583E-03 
3.900E+03   4.635E+00  2.557E-03 
3.945E+03   4.598E+00  2.532E-03 
3.991E+03   4.562E+00  2.506E-03 
4.037E+03   4.526E+00  2.482E-03 
4.084E+03   4.489E+00  2.457E-03 
4.131E+03   4.454E+00  2.432E-03 
4.179E+03   4.418E+00  2.408E-03 
4.228E+03   4.383E+00  2.384E-03 
4.277E+03   4.347E+00  2.360E-03 
4.326E+03   4.313E+00  2.337E-03 
4.376E+03   4.278E+00  2.313E-03 
4.427E+03   4.243E+00  2.290E-03 
4.479E+03   4.209E+00  2.268E-03 
4.531E+03   4.175E+00  2.245E-03 
4.583E+03   4.142E+00  2.223E-03 
4.636E+03   4.108E+00  2.200E-03 
4.690E+03   4.075E+00  2.178E-03 
4.744E+03   4.042E+00  2.157E-03 
4.799E+03   4.009E+00  2.135E-03 
4.855E+03   3.977E+00  2.114E-03 
4.911E+03   3.944E+00  2.093E-03 
4.968E+03   3.912E+00  2.072E-03 
5.026E+03   3.880E+00  2.051E-03 
5.084E+03   3.849E+00  2.030E-03 
5.143E+03   3.817E+00  2.010E-03 
5.203E+03   3.786E+00  1.990E-03 
5.263E+03   3.755E+00  1.970E-03 
5.324E+03   3.725E+00  1.950E-03 
5.386E+03   3.694E+00  1.931E-03 
5.449E+03   3.664E+00  1.912E-03 
5.512E+03   3.634E+00  1.892E-03 
5.576E+03   3.604E+00  1.873E-03 
5.640E+03   3.574E+00  1.855E-03 
5.706E+03   3.545E+00  1.836E-03 
5.772E+03   3.516E+00  1.818E-03 
5.839E+03   3.487E+00  1.799E-03 
5.907E+03   3.458E+00  1.781E-03 
5.975E+03   3.429E+00  1.764E-03 
6.045E+03   3.401E+00  1.746E-03 
6.115E+03   3.373E+00  1.728E-03 
6.186E+03   3.345E+00  1.711E-03 
6.257E+03   3.317E+00  1.694E-03 
6.330E+03   3.289E+00  1.677E-03 
6.403E+03   3.262E+00  1.660E-03 
6.478E+03   3.235E+00  1.643E-03 
6.553E+03   3.208E+00  1.627E-03 
6.629E+03   3.181E+00  1.610E-03 
6.706E+03   3.155E+00  1.594E-03 
6.783E+03   3.128E+00  1.578E-03 
6.862E+03   3.102E+00  1.562E-03 
6.942E+03   3.076E+00  1.547E-03 
7.022E+03   3.051E+00  1.531E-03 
7.104E+03   3.025E+00  1.516E-03 
7.186E+03   3.000E+00  1.500E-03 
7.269E+03   2.974E+00  1.485E-03 
7.354E+03   2.949E+00  1.470E-03 
7.439E+03   2.925E+00  1.456E-03 
7.525E+03   2.900E+00  1.441E-03 
7.613E+03   2.876E+00  1.426E-03 
7.701E+03   2.851E+00  1.412E-03 
7.790E+03   2.827E+00  1.398E-03 
7.881E+03   2.803E+00  1.384E-03 
7.972E+03   2.780E+00  1.370E-03 
8.064E+03   2.756E+00  1.356E-03 
8.158E+03   2.733E+00  1.342E-03 
8.253E+03   2.710E+00  1.329E-03 
8.348E+03   2.687E+00  1.315E-03 
8.445E+03   2.664E+00  1.302E-03 
8.543E+03   2.641E+00  1.289E-03 
8.642E+03   2.619E+00  1.276E-03 
8.742E+03   2.597E+00  1.263E-03 
8.844E+03   2.575E+00  1.250E-03 
8.946E+03   2.553E+00  1.238E-03 
9.050E+03   2.531E+00  1.225E-03 
9.155E+03   2.509E+00  1.213E-03 
9.261E+03   2.488E+00  1.200E-03 
9.369E+03   2.467E+00  1.188E-03 
9.477E+03   2.446E+00  1.176E-03 
9.587E+03   2.425E+00  1.164E-03 
9.699E+03   2.404E+00  1.153E-03 
9.811E+03   2.383E+00  1.141E-03 
9.925E+03   2.363E+00  1.129E-03 
1.004E+04   2.343E+00  1.118E-03 
1.016E+04   2.323E+00  1.107E-03 
1.027E+04   2.303E+00  1.095E-03 
1.039E+04   2.283E+00  1.084E-03 
1.051E+04   2.263E+00  1.073E-03 
1.064E+04   2.244E+00  1.063E-03 
1.076E+04   2.224E+00  1.052E-03 
1.088E+04   2.205E+00  1.041E-03 
1.101E+04   2.186E+00  1.031E-03 
1.114E+04   2.167E+00  1.020E-03 
1.127E+04   2.149E+00  1.010E-03 
1.140E+04   2.130E+00  9.996E-04 
1.153E+04   2.112E+00  9.894E-04 
1.166E+04   2.093E+00  9.794E-04 
1.180E+04   2.075E+00  9.695E-04 
1.194E+04   2.057E+00  9.596E-04 
1.207E+04   2.040E+00  9.499E-04 
1.221E+04   2.022E+00  9.402E-04 
1.236E+04   2.004E+00  9.307E-04 
1.250E+04   1.987E+00  9.212E-04 
1.264E+04   1.970E+00  9.119E-04 
1.279E+04   1.953E+00  9.026E-04 
1.294E+04   1.936E+00  8.935E-04 
1.309E+04   1.919E+00  8.844E-04 
1.324E+04   1.902E+00  8.754E-04 
1.340E+04   1.885E+00  8.665E-04 
1.355E+04   1.869E+00  8.577E-04 
1.371E+04   1.853E+00  8.490E-04 
1.387E+04   1.837E+00  8.403E-04 
1.403E+04   1.821E+00  8.318E-04 
1.419E+04   1.805E+00  8.233E-04 
1.435E+04   1.789E+00  8.150E-04 
1.452E+04   1.773E+00  8.067E-04 
1.469E+04   1.758E+00  7.985E-04 
1.486E+04   1.742E+00  7.903E-04 
1.503E+04   1.727E+00  7.823E-04 
1.521E+04   1.712E+00  7.743E-04 
1.538E+04   1.697E+00  7.664E-04 
1.556E+04   1.682E+00  7.586E-04 
1.574E+04   1.668E+00  7.509E-04 
1.592E+04   1.653E+00  7.432E-04 
1.611E+04   1.638E+00  7.357E-04 
1.630E+04   1.624E+00  7.282E-04 
1.649E+04   1.610E+00  7.207E-04 
1.668E+04   1.596E+00  7.134E-04 
1.687E+04   1.582E+00  7.061E-04 
1.707E+04   1.568E+00  6.989E-04 
1.726E+04   1.554E+00  6.918E-04 
1.746E+04   1.540E+00  6.847E-04 
1.767E+04   1.527E+00  6.778E-04 
1.787E+04   1.513E+00  6.708E-04 
1.808E+04   1.500E+00  6.640E-04 
1.829E+04   1.487E+00  6.572E-04 
1.850E+04   1.474E+00  6.505E-04 
1.871E+04   1.461E+00  6.439E-04 
1.893E+04   1.448E+00  6.373E-04 
1.915E+04   1.435E+00  6.308E-04 
1.937E+04   1.422E+00  6.243E-04 
1.960E+04   1.410E+00  6.180E-04 
1.983E+04   1.397E+00  6.116E-04 
2.006E+04   1.385E+00  6.054E-04 
2.029E+04   1.373E+00  5.992E-04 
2.052E+04   1.361E+00  5.931E-04 
2.076E+04   1.349E+00  5.870E-04 
2.100E+04   1.337E+00  5.810E-04 
2.125E+04   1.325E+00  5.751E-04 
2.149E+04   1.313E+00  5.692E-04 
2.174E+04   1.302E+00  5.634E-04 
2.199E+04   1.290E+00  5.576E-04 
2.225E+04   1.279E+00  5.519E-04 
2.251E+04   1.267E+00  5.462E-04 
2.277E+04   1.256E+00  5.406E-04 
2.303E+04   1.245E+00  5.351E-04 
2.330E+04   1.234E+00  5.296E-04 
2.357E+04   1.223E+00  5.242E-04 
2.384E+04   1.212E+00  5.188E-04 
2.412E+04   1.202E+00  5.135E-04 
2.440E+04   1.191E+00  5.083E-04 
2.468E+04   1.180E+00  5.030E-04 
2.497E+04   1.170E+00  4.979E-04 
2.526E+04   1.160E+00  4.928E-04 
2.555E+04   1.149E+00  4.877E-04 
2.585E+04   1.139E+00  4.827E-04 
2.615E+04   1.129E+00  4.778E-04 
2.645E+04   1.119E+00  4.729E-04 
2.676E+04   1.109E+00  4.680E-04 
2.707E+04   1.099E+00  4.632E-04 
2.738E+04   1.089E+00  4.585E-04 
2.770E+04   1.080E+00  4.538E-04 
2.802E+04   1.070E+00  4.491E-04 
2.835E+04   1.061E+00  4.445E-04 
2.867E+04   1.051E+00  4.399E-04 
2.901E+04   1.042E+00  4.354E-04 
2.934E+04   1.033E+00  4.309E-04 
2.968E+04   1.024E+00  4.265E-04 
3.003E+04   1.015E+00  4.221E-04 
3.038E+04   1.006E+00  4.178E-04 
3.073E+04   9.966E-01  4.135E-04 
3.109E+04   9.878E-01  4.093E-04 
3.145E+04   9.790E-01  4.050E-04 
3.181E+04   9.703E-01  4.009E-04 
3.218E+04   9.617E-01  3.968E-04 
3.255E+04   9.532E-01  3.927E-04 
3.293E+04   9.448E-01  3.886E-04 
3.331E+04   9.364E-01  3.846E-04 
3.370E+04   9.281E-01  3.807E-04 
3.409E+04   9.199E-01  3.768E-04 
3.449E+04   9.117E-01  3.729E-04 
3.489E+04   9.036E-01  3.691E-04 
3.529E+04   8.956E-01  3.653E-04 
3.570E+04   8.877E-01  3.615E-04 
3.611E+04   8.798E-01  3.578E-04 
3.653E+04   8.721E-01  3.541E-04 
3.696E+04   8.643E-01  3.504E-04 
3.738E+04   8.567E-01  3.468E-04 
3.782E+04   8.491E-01  3.433E-04 
3.826E+04   8.416E-01  3.397E-04 
3.870E+04   8.341E-01  3.362E-04 
3.915E+04   8.268E-01  3.328E-04 
3.960E+04   8.195E-01  3.293E-04 
4.006E+04   8.122E-01  3.259E-04 
4.053E+04   8.050E-01  3.226E-04 
4.100E+04   7.979E-01  3.192E-04 
4.147E+04   7.909E-01  3.160E-04 
4.195E+04   7.839E-01  3.127E-04 
4.244E+04   7.770E-01  3.095E-04 
4.293E+04   7.701E-01  3.063E-04 
4.343E+04   7.633E-01  3.031E-04 
4.394E+04   7.566E-01  3.000E-04 
4.444E+04   7.499E-01  2.969E-04 
4.496E+04   7.433E-01  2.938E-04 
4.548E+04   7.368E-01  2.908E-04 
4.601E+04   7.303E-01  2.878E-04 
4.654E+04   7.239E-01  2.848E-04 
4.708E+04   7.175E-01  2.819E-04 
4.763E+04   7.112E-01  2.790E-04 
4.818E+04   7.049E-01  2.761E-04 
4.874E+04   6.987E-01  2.732E-04 
4.931E+04   6.926E-01  2.704E-04 
4.988E+04   6.865E-01  2.676E-04 
5.046E+04   6.805E-01  2.649E-04 
5.104E+04   6.745E-01  2.621E-04 
5.163E+04   6.686E-01  2.594E-04 
5.223E+04   6.628E-01  2.567E-04 
5.284E+04   6.570E-01  2.541E-04 
5.345E+04   6.512E-01  2.514E-04 
5.407E+04   6.455E-01  2.488E-04 
5.470E+04   6.399E-01  2.463E-04 
5.533E+04   6.343E-01  2.437E-04 
5.597E+04   6.288E-01  2.412E-04 
5.662E+04   6.233E-01  2.387E-04 
5.728E+04   6.178E-01  2.362E-04 
5.794E+04   6.125E-01  2.338E-04 
5.862E+04   6.071E-01  2.314E-04 
5.930E+04   6.018E-01  2.290E-04 
5.998E+04   5.966E-01  2.266E-04 
6.068E+04   5.914E-01  2.243E-04 
6.138E+04   5.863E-01  2.219E-04 
6.210E+04   5.812E-01  2.196E-04 
6.282E+04   5.762E-01  2.174E-04 
6.354E+04   5.712E-01  2.151E-04 
6.428E+04   5.662E-01  2.129E-04 
6.503E+04   5.613E-01  2.107E-04 
6.578E+04   5.565E-01  2.085E-04 
6.654E+04   5.517E-01  2.063E-04 
6.732E+04   5.469E-01  2.042E-04 
6.810E+04   5.422E-01  2.021E-04 
6.889E+04   5.375E-01  2.000E-04 
6.969E+04   5.329E-01  1.979E-04 
7.049E+04   5.283E-01  1.959E-04 
7.131E+04   5.238E-01  1.938E-04 
7.214E+04   5.193E-01  1.918E-04 
7.298E+04   5.148E-01  1.898E-04 
7.382E+04   5.104E-01  1.878E-04 
7.468E+04   5.061E-01  1.859E-04 
7.555E+04   5.017E-01  1.840E-04 
7.642E+04   4.974E-01  1.821E-04 
7.731E+04   4.932E-01  1.802E-04 
7.820E+04   4.890E-01  1.783E-04 
7.911E+04   4.848E-01  1.764E-04 
8.003E+04   4.807E-01  1.746E-04 
8.096E+04   4.766E-01  1.728E-04 
8.190E+04   4.726E-01  1.710E-04 
8.285E+04   4.686E-01  1.692E-04 
8.381E+04   4.646E-01  1.675E-04 
8.478E+04   4.607E-01  1.657E-04 
8.576E+04   4.568E-01  1.640E-04 
8.676E+04   4.529E-01  1.623E-04 
8.776E+04   4.491E-01  1.606E-04 
8.878E+04   4.453E-01  1.590E-04 
8.981E+04   4.416E-01  1.573E-04 
9.085E+04   4.379E-01  1.557E-04 
9.191E+04   4.342E-01  1.540E-04 
9.297E+04   4.306E-01  1.524E-04 
9.405E+04   4.270E-01  1.509E-04 
9.514E+04   4.234E-01  1.493E-04 
9.625E+04   4.199E-01  1.477E-04 
9.736E+04   4.164E-01  1.462E-04 
9.849E+04   4.129E-01  1.447E-04 
9.963E+04   4.095E-01  1.432E-04 
1.008E+05   4.061E-01  1.417E-04 
