Ion = Helium      . Mass = 4.0026
Tgt = He (Solid). Density = .12588 g/cm3
Stopping Units =  eV/(1E15 atoms/cm2)
Energy(keV)  S(Elec)    S(Nuc)
1.000E+00   7.274E-01  2.350E+00 
1.013E+00   7.321E-01  2.339E+00 
1.026E+00   7.369E-01  2.328E+00 
1.039E+00   7.416E-01  2.317E+00 
1.053E+00   7.464E-01  2.307E+00 
1.067E+00   7.513E-01  2.296E+00 
1.081E+00   7.561E-01  2.285E+00 
1.095E+00   7.610E-01  2.274E+00 
1.109E+00   7.660E-01  2.263E+00 
1.123E+00   7.709E-01  2.252E+00 
1.138E+00   7.759E-01  2.241E+00 
1.153E+00   7.809E-01  2.230E+00 
1.168E+00   7.860E-01  2.219E+00 
1.183E+00   7.911E-01  2.208E+00 
1.198E+00   7.962E-01  2.197E+00 
1.214E+00   8.014E-01  2.186E+00 
1.229E+00   8.066E-01  2.175E+00 
1.245E+00   8.118E-01  2.164E+00 
1.262E+00   8.171E-01  2.153E+00 
1.278E+00   8.223E-01  2.141E+00 
1.295E+00   8.277E-01  2.130E+00 
1.311E+00   8.330E-01  2.119E+00 
1.329E+00   8.384E-01  2.108E+00 
1.346E+00   8.439E-01  2.097E+00 
1.363E+00   8.493E-01  2.086E+00 
1.381E+00   8.548E-01  2.075E+00 
1.399E+00   8.604E-01  2.063E+00 
1.417E+00   8.659E-01  2.052E+00 
1.436E+00   8.715E-01  2.041E+00 
1.454E+00   8.772E-01  2.030E+00 
1.473E+00   8.829E-01  2.019E+00 
1.492E+00   8.886E-01  2.007E+00 
1.512E+00   8.943E-01  1.996E+00 
1.531E+00   9.001E-01  1.985E+00 
1.551E+00   9.060E-01  1.974E+00 
1.571E+00   9.118E-01  1.963E+00 
1.592E+00   9.177E-01  1.952E+00 
1.612E+00   9.237E-01  1.940E+00 
1.633E+00   9.297E-01  1.929E+00 
1.655E+00   9.357E-01  1.918E+00 
1.676E+00   9.418E-01  1.907E+00 
1.698E+00   9.479E-01  1.896E+00 
1.720E+00   9.540E-01  1.885E+00 
1.742E+00   9.602E-01  1.874E+00 
1.765E+00   9.664E-01  1.863E+00 
1.788E+00   9.727E-01  1.851E+00 
1.811E+00   9.790E-01  1.840E+00 
1.835E+00   9.853E-01  1.829E+00 
1.859E+00   9.917E-01  1.818E+00 
1.883E+00   9.981E-01  1.807E+00 
1.907E+00   1.005E+00  1.796E+00 
1.932E+00   1.011E+00  1.785E+00 
1.957E+00   1.018E+00  1.774E+00 
1.983E+00   1.024E+00  1.763E+00 
2.008E+00   1.031E+00  1.752E+00 
2.034E+00   1.038E+00  1.741E+00 
2.061E+00   1.044E+00  1.731E+00 
2.088E+00   1.051E+00  1.720E+00 
2.115E+00   1.058E+00  1.709E+00 
2.142E+00   1.065E+00  1.698E+00 
2.170E+00   1.072E+00  1.687E+00 
2.198E+00   1.079E+00  1.676E+00 
2.227E+00   1.085E+00  1.666E+00 
2.256E+00   1.093E+00  1.655E+00 
2.285E+00   1.100E+00  1.644E+00 
2.315E+00   1.107E+00  1.633E+00 
2.345E+00   1.114E+00  1.623E+00 
2.375E+00   1.121E+00  1.612E+00 
2.406E+00   1.128E+00  1.602E+00 
2.438E+00   1.136E+00  1.591E+00 
2.469E+00   1.143E+00  1.580E+00 
2.501E+00   1.150E+00  1.570E+00 
2.534E+00   1.158E+00  1.559E+00 
2.567E+00   1.165E+00  1.549E+00 
2.600E+00   1.173E+00  1.539E+00 
2.634E+00   1.181E+00  1.528E+00 
2.668E+00   1.188E+00  1.518E+00 
2.703E+00   1.196E+00  1.508E+00 
2.738E+00   1.204E+00  1.497E+00 
2.773E+00   1.211E+00  1.487E+00 
2.810E+00   1.219E+00  1.477E+00 
2.846E+00   1.227E+00  1.467E+00 
2.883E+00   1.235E+00  1.456E+00 
2.921E+00   1.243E+00  1.446E+00 
2.958E+00   1.251E+00  1.436E+00 
2.997E+00   1.259E+00  1.426E+00 
3.036E+00   1.267E+00  1.416E+00 
3.075E+00   1.276E+00  1.406E+00 
3.115E+00   1.284E+00  1.396E+00 
3.156E+00   1.292E+00  1.386E+00 
3.197E+00   1.301E+00  1.376E+00 
3.238E+00   1.309E+00  1.367E+00 
3.280E+00   1.317E+00  1.357E+00 
3.323E+00   1.326E+00  1.347E+00 
3.366E+00   1.335E+00  1.337E+00 
3.410E+00   1.343E+00  1.328E+00 
3.454E+00   1.352E+00  1.318E+00 
3.499E+00   1.361E+00  1.309E+00 
3.545E+00   1.370E+00  1.299E+00 
3.591E+00   1.378E+00  1.289E+00 
3.637E+00   1.387E+00  1.280E+00 
3.685E+00   1.396E+00  1.271E+00 
3.733E+00   1.405E+00  1.261E+00 
3.781E+00   1.414E+00  1.252E+00 
3.830E+00   1.424E+00  1.243E+00 
3.880E+00   1.433E+00  1.233E+00 
3.930E+00   1.442E+00  1.224E+00 
3.982E+00   1.451E+00  1.215E+00 
4.033E+00   1.461E+00  1.206E+00 
4.086E+00   1.470E+00  1.197E+00 
4.139E+00   1.480E+00  1.188E+00 
4.193E+00   1.489E+00  1.179E+00 
4.247E+00   1.499E+00  1.170E+00 
4.302E+00   1.509E+00  1.161E+00 
4.358E+00   1.519E+00  1.152E+00 
4.415E+00   1.528E+00  1.143E+00 
4.472E+00   1.538E+00  1.134E+00 
4.530E+00   1.548E+00  1.126E+00 
4.589E+00   1.558E+00  1.117E+00 
4.649E+00   1.568E+00  1.108E+00 
4.709E+00   1.579E+00  1.100E+00 
4.770E+00   1.589E+00  1.091E+00 
4.832E+00   1.599E+00  1.083E+00 
4.895E+00   1.609E+00  1.074E+00 
4.959E+00   1.620E+00  1.066E+00 
5.023E+00   1.630E+00  1.057E+00 
5.089E+00   1.641E+00  1.049E+00 
5.155E+00   1.652E+00  1.041E+00 
5.222E+00   1.662E+00  1.033E+00 
5.290E+00   1.673E+00  1.024E+00 
5.358E+00   1.684E+00  1.016E+00 
5.428E+00   1.695E+00  1.008E+00 
5.499E+00   1.706E+00  1.000E+00 
5.570E+00   1.717E+00  9.921E-01 
5.642E+00   1.728E+00  9.841E-01 
5.716E+00   1.739E+00  9.762E-01 
5.790E+00   1.750E+00  9.683E-01 
5.865E+00   1.762E+00  9.605E-01 
5.942E+00   1.773E+00  9.527E-01 
6.019E+00   1.785E+00  9.450E-01 
6.097E+00   1.796E+00  9.373E-01 
6.176E+00   1.808E+00  9.297E-01 
6.256E+00   1.819E+00  9.221E-01 
6.338E+00   1.831E+00  9.145E-01 
6.420E+00   1.843E+00  9.070E-01 
6.504E+00   1.855E+00  8.996E-01 
6.588E+00   1.867E+00  8.921E-01 
6.674E+00   1.879E+00  8.848E-01 
6.760E+00   1.891E+00  8.775E-01 
6.848E+00   1.904E+00  8.702E-01 
6.937E+00   1.916E+00  8.630E-01 
7.027E+00   1.928E+00  8.558E-01 
7.119E+00   1.941E+00  8.486E-01 
7.211E+00   1.953E+00  8.415E-01 
7.305E+00   1.966E+00  8.345E-01 
7.400E+00   1.979E+00  8.275E-01 
7.496E+00   1.992E+00  8.205E-01 
7.594E+00   2.004E+00  8.136E-01 
7.692E+00   2.017E+00  8.067E-01 
7.792E+00   2.031E+00  7.999E-01 
7.894E+00   2.044E+00  7.931E-01 
7.996E+00   2.057E+00  7.864E-01 
8.100E+00   2.071E+00  7.797E-01 
8.205E+00   2.085E+00  7.731E-01 
8.312E+00   2.099E+00  7.665E-01 
8.420E+00   2.113E+00  7.599E-01 
8.529E+00   2.128E+00  7.534E-01 
8.640E+00   2.142E+00  7.470E-01 
8.753E+00   2.157E+00  7.405E-01 
8.866E+00   2.172E+00  7.341E-01 
8.982E+00   2.186E+00  7.278E-01 
9.098E+00   2.201E+00  7.215E-01 
9.217E+00   2.216E+00  7.153E-01 
9.336E+00   2.232E+00  7.091E-01 
9.458E+00   2.247E+00  7.029E-01 
9.581E+00   2.262E+00  6.968E-01 
9.705E+00   2.278E+00  6.907E-01 
9.831E+00   2.294E+00  6.847E-01 
9.959E+00   2.309E+00  6.787E-01 
1.009E+01   2.325E+00  6.727E-01 
1.022E+01   2.341E+00  6.668E-01 
1.035E+01   2.357E+00  6.610E-01 
1.049E+01   2.374E+00  6.552E-01 
1.062E+01   2.390E+00  6.494E-01 
1.076E+01   2.407E+00  6.436E-01 
1.090E+01   2.423E+00  6.379E-01 
1.104E+01   2.440E+00  6.323E-01 
1.119E+01   2.457E+00  6.267E-01 
1.133E+01   2.474E+00  6.211E-01 
1.148E+01   2.491E+00  6.156E-01 
1.163E+01   2.509E+00  6.101E-01 
1.178E+01   2.526E+00  6.046E-01 
1.193E+01   2.544E+00  5.992E-01 
1.209E+01   2.562E+00  5.939E-01 
1.224E+01   2.580E+00  5.885E-01 
1.240E+01   2.598E+00  5.832E-01 
1.256E+01   2.616E+00  5.780E-01 
1.273E+01   2.634E+00  5.728E-01 
1.289E+01   2.653E+00  5.676E-01 
1.306E+01   2.671E+00  5.625E-01 
1.323E+01   2.690E+00  5.574E-01 
1.340E+01   2.709E+00  5.523E-01 
1.358E+01   2.728E+00  5.473E-01 
1.375E+01   2.747E+00  5.423E-01 
1.393E+01   2.767E+00  5.374E-01 
1.411E+01   2.786E+00  5.325E-01 
1.430E+01   2.806E+00  5.276E-01 
1.448E+01   2.826E+00  5.228E-01 
1.467E+01   2.846E+00  5.180E-01 
1.486E+01   2.866E+00  5.133E-01 
1.505E+01   2.887E+00  5.086E-01 
1.525E+01   2.907E+00  5.039E-01 
1.545E+01   2.928E+00  4.993E-01 
1.565E+01   2.949E+00  4.947E-01 
1.585E+01   2.970E+00  4.901E-01 
1.606E+01   2.991E+00  4.856E-01 
1.627E+01   3.013E+00  4.811E-01 
1.648E+01   3.034E+00  4.766E-01 
1.669E+01   3.056E+00  4.722E-01 
1.691E+01   3.078E+00  4.678E-01 
1.713E+01   3.100E+00  4.635E-01 
1.735E+01   3.123E+00  4.082E-01 
1.758E+01   3.145E+00  4.045E-01 
1.781E+01   3.168E+00  4.008E-01 
1.804E+01   3.191E+00  3.972E-01 
1.827E+01   3.214E+00  3.936E-01 
1.851E+01   3.237E+00  3.900E-01 
1.875E+01   3.261E+00  3.864E-01 
1.899E+01   3.285E+00  3.828E-01 
1.924E+01   3.309E+00  3.793E-01 
1.949E+01   3.333E+00  3.758E-01 
1.974E+01   3.357E+00  3.724E-01 
2.000E+01   3.382E+00  3.689E-01 
2.026E+01   3.407E+00  3.655E-01 
2.052E+01   3.432E+00  3.622E-01 
2.079E+01   3.457E+00  3.588E-01 
2.106E+01   3.482E+00  3.555E-01 
2.133E+01   3.508E+00  3.522E-01 
2.161E+01   3.534E+00  3.489E-01 
2.189E+01   3.560E+00  3.457E-01 
2.218E+01   3.586E+00  3.424E-01 
2.247E+01   3.613E+00  3.392E-01 
2.276E+01   3.640E+00  3.361E-01 
2.305E+01   3.667E+00  3.329E-01 
2.335E+01   3.694E+00  3.298E-01 
2.366E+01   3.722E+00  3.267E-01 
2.396E+01   3.749E+00  3.236E-01 
2.428E+01   3.777E+00  3.206E-01 
2.459E+01   3.806E+00  3.176E-01 
2.491E+01   3.834E+00  3.146E-01 
2.523E+01   3.863E+00  3.116E-01 
2.556E+01   3.892E+00  3.087E-01 
2.589E+01   3.921E+00  3.057E-01 
2.623E+01   3.951E+00  3.028E-01 
2.657E+01   3.981E+00  3.000E-01 
2.692E+01   4.011E+00  2.971E-01 
2.727E+01   4.041E+00  2.943E-01 
2.762E+01   4.072E+00  2.915E-01 
2.798E+01   4.103E+00  2.887E-01 
2.834E+01   4.134E+00  2.859E-01 
2.871E+01   4.165E+00  2.832E-01 
2.909E+01   4.197E+00  2.805E-01 
2.946E+01   4.229E+00  2.778E-01 
2.985E+01   4.261E+00  2.751E-01 
3.023E+01   4.294E+00  2.725E-01 
3.063E+01   4.327E+00  2.699E-01 
3.103E+01   4.360E+00  2.673E-01 
3.143E+01   4.393E+00  2.647E-01 
3.184E+01   4.427E+00  2.622E-01 
3.225E+01   4.461E+00  2.596E-01 
3.267E+01   4.496E+00  2.571E-01 
3.309E+01   4.530E+00  2.546E-01 
3.352E+01   4.565E+00  2.522E-01 
3.396E+01   4.600E+00  2.497E-01 
3.440E+01   4.636E+00  2.473E-01 
3.485E+01   4.672E+00  2.449E-01 
3.530E+01   4.708E+00  2.425E-01 
3.576E+01   4.745E+00  2.402E-01 
3.623E+01   4.782E+00  2.378E-01 
3.670E+01   4.819E+00  2.355E-01 
3.717E+01   4.856E+00  2.332E-01 
3.766E+01   4.894E+00  2.309E-01 
3.815E+01   4.932E+00  2.287E-01 
3.864E+01   4.971E+00  2.264E-01 
3.914E+01   5.010E+00  2.242E-01 
3.965E+01   5.049E+00  2.220E-01 
4.017E+01   5.088E+00  2.198E-01 
4.069E+01   5.128E+00  2.177E-01 
4.122E+01   5.168E+00  2.155E-01 
4.175E+01   5.209E+00  2.134E-01 
4.230E+01   5.250E+00  2.113E-01 
4.285E+01   5.291E+00  2.092E-01 
4.340E+01   5.332E+00  2.072E-01 
4.397E+01   5.374E+00  2.051E-01 
4.454E+01   5.416E+00  2.031E-01 
4.512E+01   5.459E+00  2.011E-01 
4.570E+01   5.501E+00  1.991E-01 
4.630E+01   5.545E+00  1.971E-01 
4.690E+01   5.588E+00  1.952E-01 
4.751E+01   5.632E+00  1.932E-01 
4.813E+01   5.676E+00  1.913E-01 
4.875E+01   5.720E+00  1.894E-01 
4.939E+01   5.765E+00  1.875E-01 
5.003E+01   5.810E+00  1.856E-01 
5.068E+01   5.856E+00  1.838E-01 
5.134E+01   5.901E+00  1.820E-01 
5.200E+01   5.947E+00  1.801E-01 
5.268E+01   5.994E+00  1.783E-01 
5.336E+01   6.040E+00  1.766E-01 
5.406E+01   6.087E+00  1.748E-01 
5.476E+01   6.134E+00  1.730E-01 
5.547E+01   6.182E+00  1.713E-01 
5.619E+01   6.229E+00  1.696E-01 
5.692E+01   6.277E+00  1.679E-01 
5.766E+01   6.326E+00  1.662E-01 
5.841E+01   6.374E+00  1.645E-01 
5.917E+01   6.423E+00  1.629E-01 
5.994E+01   6.472E+00  1.612E-01 
6.072E+01   6.521E+00  1.596E-01 
6.151E+01   6.571E+00  1.580E-01 
6.231E+01   6.620E+00  1.564E-01 
6.312E+01   6.670E+00  1.548E-01 
6.394E+01   6.720E+00  1.532E-01 
6.477E+01   6.770E+00  1.517E-01 
6.561E+01   6.821E+00  1.501E-01 
6.646E+01   6.871E+00  1.486E-01 
6.733E+01   6.922E+00  1.471E-01 
6.820E+01   6.973E+00  1.456E-01 
6.909E+01   7.024E+00  1.441E-01 
6.999E+01   7.075E+00  1.427E-01 
7.090E+01   7.126E+00  1.412E-01 
7.182E+01   7.178E+00  1.398E-01 
7.275E+01   7.229E+00  1.384E-01 
7.370E+01   7.280E+00  1.370E-01 
7.465E+01   7.332E+00  1.356E-01 
7.562E+01   7.384E+00  1.342E-01 
7.661E+01   7.435E+00  1.328E-01 
7.760E+01   7.487E+00  1.314E-01 
7.861E+01   7.539E+00  1.301E-01 
7.963E+01   7.590E+00  1.288E-01 
8.067E+01   7.642E+00  1.275E-01 
8.172E+01   7.694E+00  1.261E-01 
8.278E+01   7.745E+00  1.249E-01 
8.385E+01   7.797E+00  1.236E-01 
8.494E+01   7.848E+00  1.223E-01 
8.605E+01   7.900E+00  1.210E-01 
8.717E+01   7.952E+00  1.198E-01 
8.830E+01   8.003E+00  1.186E-01 
8.945E+01   8.054E+00  1.173E-01 
9.061E+01   8.106E+00  1.161E-01 
9.179E+01   8.157E+00  1.149E-01 
9.298E+01   8.209E+00  1.138E-01 
9.419E+01   8.260E+00  1.126E-01 
9.541E+01   8.311E+00  1.114E-01 
9.665E+01   8.362E+00  1.103E-01 
9.791E+01   8.414E+00  1.091E-01 
9.918E+01   8.465E+00  1.080E-01 
1.005E+02   8.516E+00  1.069E-01 
1.018E+02   8.568E+00  1.058E-01 
1.031E+02   8.619E+00  1.047E-01 
1.044E+02   8.670E+00  1.036E-01 
1.058E+02   8.722E+00  1.025E-01 
1.072E+02   8.773E+00  1.015E-01 
1.086E+02   8.825E+00  1.004E-01 
1.100E+02   8.877E+00  9.935E-02 
1.114E+02   8.929E+00  9.832E-02 
1.129E+02   8.981E+00  9.730E-02 
1.143E+02   9.033E+00  9.628E-02 
1.158E+02   9.086E+00  9.528E-02 
1.173E+02   9.139E+00  9.429E-02 
1.188E+02   9.192E+00  9.330E-02 
1.204E+02   9.245E+00  9.233E-02 
1.219E+02   9.299E+00  9.136E-02 
1.235E+02   9.353E+00  9.041E-02 
1.251E+02   9.408E+00  8.946E-02 
1.268E+02   9.463E+00  8.853E-02 
1.284E+02   9.518E+00  8.760E-02 
1.301E+02   9.574E+00  8.668E-02 
1.318E+02   9.631E+00  8.578E-02 
1.335E+02   9.688E+00  8.488E-02 
1.352E+02   9.746E+00  8.399E-02 
1.370E+02   9.804E+00  8.311E-02 
1.388E+02   9.863E+00  8.223E-02 
1.406E+02   9.922E+00  8.137E-02 
1.424E+02   9.982E+00  8.051E-02 
1.442E+02   1.004E+01  7.967E-02 
1.461E+02   1.010E+01  7.883E-02 
1.480E+02   1.017E+01  7.800E-02 
1.499E+02   1.023E+01  7.718E-02 
1.519E+02   1.029E+01  7.636E-02 
1.539E+02   1.036E+01  7.556E-02 
1.559E+02   1.042E+01  7.476E-02 
1.579E+02   1.049E+01  7.397E-02 
1.599E+02   1.056E+01  7.319E-02 
1.620E+02   1.062E+01  7.242E-02 
1.641E+02   1.069E+01  7.165E-02 
1.662E+02   1.076E+01  7.090E-02 
1.684E+02   1.083E+01  7.015E-02 
1.706E+02   1.090E+01  6.940E-02 
1.728E+02   1.097E+01  6.867E-02 
1.751E+02   1.105E+01  6.794E-02 
1.773E+02   1.112E+01  6.722E-02 
1.796E+02   1.120E+01  6.651E-02 
1.820E+02   1.127E+01  6.580E-02 
1.843E+02   1.135E+01  6.510E-02 
1.867E+02   1.142E+01  6.441E-02 
1.892E+02   1.150E+01  6.373E-02 
1.916E+02   1.158E+01  6.305E-02 
1.941E+02   1.166E+01  6.238E-02 
1.966E+02   1.174E+01  6.172E-02 
1.992E+02   1.182E+01  6.106E-02 
2.018E+02   1.190E+01  6.041E-02 
2.044E+02   1.198E+01  5.977E-02 
2.071E+02   1.206E+01  5.913E-02 
2.097E+02   1.215E+01  5.850E-02 
2.125E+02   1.223E+01  5.787E-02 
2.152E+02   1.231E+01  5.726E-02 
2.180E+02   1.240E+01  5.665E-02 
2.209E+02   1.248E+01  5.604E-02 
2.237E+02   1.257E+01  5.544E-02 
2.266E+02   1.266E+01  5.485E-02 
2.296E+02   1.274E+01  5.426E-02 
2.326E+02   1.283E+01  5.368E-02 
2.356E+02   1.292E+01  5.311E-02 
2.387E+02   1.301E+01  5.254E-02 
2.418E+02   1.309E+01  5.198E-02 
2.449E+02   1.318E+01  5.142E-02 
2.481E+02   1.327E+01  5.087E-02 
2.513E+02   1.336E+01  5.032E-02 
2.546E+02   1.345E+01  4.978E-02 
2.579E+02   1.354E+01  4.925E-02 
2.612E+02   1.363E+01  4.872E-02 
2.646E+02   1.372E+01  4.819E-02 
2.681E+02   1.381E+01  4.768E-02 
2.716E+02   1.390E+01  4.716E-02 
2.751E+02   1.399E+01  4.666E-02 
2.787E+02   1.408E+01  4.615E-02 
2.823E+02   1.417E+01  4.566E-02 
2.859E+02   1.426E+01  4.517E-02 
2.897E+02   1.435E+01  4.468E-02 
2.934E+02   1.444E+01  4.420E-02 
2.972E+02   1.453E+01  4.372E-02 
3.011E+02   1.462E+01  4.325E-02 
3.050E+02   1.470E+01  4.278E-02 
3.090E+02   1.479E+01  4.232E-02 
3.130E+02   1.488E+01  4.186E-02 
3.171E+02   1.497E+01  4.141E-02 
3.212E+02   1.505E+01  4.096E-02 
3.254E+02   1.514E+01  4.052E-02 
3.296E+02   1.523E+01  4.008E-02 
3.339E+02   1.531E+01  3.965E-02 
3.382E+02   1.540E+01  3.922E-02 
3.426E+02   1.548E+01  3.879E-02 
3.471E+02   1.556E+01  3.837E-02 
3.516E+02   1.564E+01  3.796E-02 
3.561E+02   1.572E+01  3.755E-02 
3.608E+02   1.580E+01  3.714E-02 
3.655E+02   1.588E+01  3.674E-02 
3.702E+02   1.596E+01  3.634E-02 
3.750E+02   1.604E+01  3.594E-02 
3.799E+02   1.612E+01  3.555E-02 
3.848E+02   1.619E+01  3.517E-02 
3.898E+02   1.626E+01  3.478E-02 
3.949E+02   1.634E+01  3.441E-02 
4.000E+02   1.641E+01  3.403E-02 
4.052E+02   1.648E+01  3.366E-02 
4.105E+02   1.655E+01  3.329E-02 
4.158E+02   1.661E+01  3.293E-02 
4.212E+02   1.668E+01  3.257E-02 
4.267E+02   1.675E+01  3.222E-02 
4.323E+02   1.681E+01  3.187E-02 
4.379E+02   1.687E+01  3.152E-02 
4.436E+02   1.693E+01  3.118E-02 
4.493E+02   1.699E+01  3.084E-02 
4.552E+02   1.704E+01  3.050E-02 
4.611E+02   1.710E+01  3.017E-02 
4.671E+02   1.715E+01  2.984E-02 
4.731E+02   1.720E+01  2.951E-02 
4.793E+02   1.725E+01  2.919E-02 
4.855E+02   1.730E+01  2.887E-02 
4.918E+02   1.735E+01  2.855E-02 
4.982E+02   1.739E+01  2.824E-02 
5.047E+02   1.744E+01  2.793E-02 
5.113E+02   1.748E+01  2.763E-02 
5.179E+02   1.751E+01  2.732E-02 
5.246E+02   1.755E+01  2.702E-02 
5.315E+02   1.759E+01  2.673E-02 
5.384E+02   1.762E+01  2.643E-02 
5.454E+02   1.765E+01  2.615E-02 
5.524E+02   1.768E+01  2.586E-02 
5.596E+02   1.770E+01  2.557E-02 
5.669E+02   1.773E+01  2.529E-02 
5.743E+02   1.775E+01  2.502E-02 
5.817E+02   1.777E+01  2.474E-02 
5.893E+02   1.779E+01  2.447E-02 
5.969E+02   1.780E+01  2.420E-02 
6.047E+02   1.782E+01  2.393E-02 
6.126E+02   1.783E+01  2.367E-02 
6.205E+02   1.784E+01  2.341E-02 
6.286E+02   1.785E+01  2.315E-02 
6.368E+02   1.785E+01  2.290E-02 
6.450E+02   1.786E+01  2.265E-02 
6.534E+02   1.786E+01  2.240E-02 
6.619E+02   1.786E+01  2.215E-02 
6.705E+02   1.785E+01  2.191E-02 
6.792E+02   1.785E+01  2.166E-02 
6.881E+02   1.784E+01  2.143E-02 
6.970E+02   1.783E+01  2.119E-02 
7.061E+02   1.782E+01  2.096E-02 
7.152E+02   1.780E+01  2.072E-02 
7.245E+02   1.779E+01  2.050E-02 
7.339E+02   1.777E+01  2.027E-02 
7.435E+02   1.775E+01  2.005E-02 
7.531E+02   1.773E+01  1.982E-02 
7.629E+02   1.770E+01  1.960E-02 
7.728E+02   1.768E+01  1.939E-02 
7.829E+02   1.765E+01  1.917E-02 
7.931E+02   1.762E+01  1.896E-02 
8.034E+02   1.758E+01  1.875E-02 
8.138E+02   1.755E+01  1.854E-02 
8.244E+02   1.751E+01  1.834E-02 
8.351E+02   1.748E+01  1.814E-02 
8.460E+02   1.744E+01  1.793E-02 
8.570E+02   1.739E+01  1.774E-02 
8.681E+02   1.735E+01  1.754E-02 
8.794E+02   1.731E+01  1.734E-02 
8.908E+02   1.726E+01  1.715E-02 
9.024E+02   1.721E+01  1.696E-02 
9.141E+02   1.716E+01  1.677E-02 
9.260E+02   1.711E+01  1.659E-02 
9.380E+02   1.705E+01  1.640E-02 
9.502E+02   1.700E+01  1.622E-02 
9.626E+02   1.694E+01  1.604E-02 
9.751E+02   1.688E+01  1.586E-02 
9.877E+02   1.682E+01  1.569E-02 
1.001E+03   1.676E+01  1.551E-02 
1.014E+03   1.670E+01  1.534E-02 
1.027E+03   1.663E+01  1.517E-02 
1.040E+03   1.657E+01  1.500E-02 
1.054E+03   1.650E+01  1.483E-02 
1.067E+03   1.643E+01  1.467E-02 
1.081E+03   1.636E+01  1.450E-02 
1.095E+03   1.629E+01  1.434E-02 
1.109E+03   1.622E+01  1.418E-02 
1.124E+03   1.615E+01  1.403E-02 
1.138E+03   1.607E+01  1.387E-02 
1.153E+03   1.600E+01  1.371E-02 
1.168E+03   1.592E+01  1.356E-02 
1.183E+03   1.584E+01  1.341E-02 
1.199E+03   1.577E+01  1.326E-02 
1.214E+03   1.569E+01  1.311E-02 
1.230E+03   1.561E+01  1.297E-02 
1.246E+03   1.552E+01  1.282E-02 
1.262E+03   1.544E+01  1.268E-02 
1.279E+03   1.536E+01  1.254E-02 
1.295E+03   1.528E+01  1.240E-02 
1.312E+03   1.519E+01  1.226E-02 
1.329E+03   1.511E+01  1.212E-02 
1.347E+03   1.502E+01  1.199E-02 
1.364E+03   1.493E+01  1.185E-02 
1.382E+03   1.485E+01  1.172E-02 
1.400E+03   1.476E+01  1.159E-02 
1.418E+03   1.467E+01  1.146E-02 
1.436E+03   1.458E+01  1.133E-02 
1.455E+03   1.449E+01  1.120E-02 
1.474E+03   1.440E+01  1.108E-02 
1.493E+03   1.431E+01  1.095E-02 
1.513E+03   1.422E+01  1.083E-02 
1.532E+03   1.413E+01  1.071E-02 
1.552E+03   1.404E+01  1.059E-02 
1.572E+03   1.395E+01  1.047E-02 
1.593E+03   1.386E+01  1.035E-02 
1.613E+03   1.377E+01  1.024E-02 
1.634E+03   1.367E+01  1.012E-02 
1.656E+03   1.358E+01  1.001E-02 
1.677E+03   1.349E+01  9.896E-03 
1.699E+03   1.339E+01  9.784E-03 
1.721E+03   1.330E+01  9.674E-03 
1.743E+03   1.321E+01  9.566E-03 
1.766E+03   1.311E+01  9.458E-03 
1.789E+03   1.302E+01  9.352E-03 
1.812E+03   1.293E+01  9.247E-03 
1.836E+03   1.283E+01  9.143E-03 
1.860E+03   1.274E+01  9.040E-03 
1.884E+03   1.265E+01  8.938E-03 
1.908E+03   1.255E+01  8.838E-03 
1.933E+03   1.246E+01  8.738E-03 
1.958E+03   1.237E+01  8.640E-03 
1.984E+03   1.227E+01  8.542E-03 
2.009E+03   1.218E+01  8.446E-03 
2.036E+03   1.209E+01  8.351E-03 
2.062E+03   1.199E+01  8.257E-03 
2.089E+03   1.190E+01  8.164E-03 
2.116E+03   1.181E+01  8.072E-03 
2.143E+03   1.172E+01  7.981E-03 
2.171E+03   1.163E+01  7.891E-03 
2.200E+03   1.153E+01  7.802E-03 
2.228E+03   1.144E+01  7.714E-03 
2.257E+03   1.135E+01  7.627E-03 
2.286E+03   1.126E+01  7.541E-03 
2.316E+03   1.117E+01  7.455E-03 
2.346E+03   1.108E+01  7.371E-03 
2.377E+03   1.099E+01  7.288E-03 
2.408E+03   1.090E+01  7.206E-03 
2.439E+03   1.081E+01  7.124E-03 
2.471E+03   1.072E+01  7.044E-03 
2.503E+03   1.063E+01  6.964E-03 
2.535E+03   1.054E+01  6.885E-03 
2.568E+03   1.045E+01  6.807E-03 
2.602E+03   1.036E+01  6.730E-03 
2.635E+03   1.028E+01  6.654E-03 
2.670E+03   1.019E+01  6.579E-03 
2.704E+03   1.010E+01  6.504E-03 
2.740E+03   1.002E+01  6.431E-03 
2.775E+03   9.929E+00  6.358E-03 
2.811E+03   9.843E+00  6.286E-03 
2.848E+03   9.758E+00  6.215E-03 
2.885E+03   9.673E+00  6.144E-03 
2.922E+03   9.589E+00  6.075E-03 
2.960E+03   9.505E+00  6.006E-03 
2.999E+03   9.422E+00  5.938E-03 
3.038E+03   9.339E+00  5.870E-03 
3.077E+03   9.256E+00  5.804E-03 
3.117E+03   9.174E+00  5.738E-03 
3.158E+03   9.092E+00  5.673E-03 
3.199E+03   9.011E+00  5.609E-03 
3.240E+03   8.930E+00  5.545E-03 
3.282E+03   8.850E+00  5.482E-03 
3.325E+03   8.771E+00  5.420E-03 
3.368E+03   8.691E+00  5.358E-03 
3.412E+03   8.613E+00  5.297E-03 
3.456E+03   8.534E+00  5.237E-03 
3.501E+03   8.456E+00  5.178E-03 
3.547E+03   8.379E+00  5.119E-03 
3.593E+03   8.302E+00  5.061E-03 
3.640E+03   8.226E+00  5.003E-03 
3.687E+03   8.150E+00  4.946E-03 
3.735E+03   8.075E+00  4.890E-03 
3.783E+03   8.000E+00  4.834E-03 
3.832E+03   7.926E+00  4.779E-03 
3.882E+03   7.852E+00  4.725E-03 
3.933E+03   7.779E+00  4.671E-03 
3.984E+03   7.706E+00  4.618E-03 
4.036E+03   7.634E+00  4.565E-03 
4.088E+03   7.562E+00  4.513E-03 
4.141E+03   7.491E+00  4.462E-03 
4.195E+03   7.421E+00  4.411E-03 
4.250E+03   7.350E+00  4.361E-03 
4.305E+03   7.281E+00  4.311E-03 
4.361E+03   7.212E+00  4.262E-03 
4.417E+03   7.143E+00  4.213E-03 
4.475E+03   7.075E+00  4.165E-03 
4.533E+03   7.007E+00  4.118E-03 
4.592E+03   6.940E+00  4.071E-03 
4.652E+03   6.874E+00  4.024E-03 
4.712E+03   6.807E+00  3.978E-03 
4.773E+03   6.742E+00  3.933E-03 
4.835E+03   6.677E+00  3.888E-03 
4.898E+03   6.612E+00  3.844E-03 
4.962E+03   6.548E+00  3.800E-03 
5.026E+03   6.485E+00  3.756E-03 
5.092E+03   6.422E+00  3.713E-03 
5.158E+03   6.359E+00  3.671E-03 
5.225E+03   6.297E+00  3.629E-03 
5.293E+03   6.236E+00  3.588E-03 
5.362E+03   6.175E+00  3.547E-03 
5.431E+03   6.114E+00  3.506E-03 
5.502E+03   6.054E+00  3.466E-03 
5.573E+03   5.994E+00  3.426E-03 
5.646E+03   5.935E+00  3.387E-03 
5.719E+03   5.877E+00  3.348E-03 
5.793E+03   5.819E+00  3.310E-03 
5.869E+03   5.761E+00  3.272E-03 
5.945E+03   5.704E+00  3.235E-03 
6.022E+03   5.647E+00  3.198E-03 
6.101E+03   5.591E+00  3.161E-03 
6.180E+03   5.535E+00  3.125E-03 
6.260E+03   5.480E+00  3.089E-03 
6.341E+03   5.425E+00  3.054E-03 
6.424E+03   5.371E+00  3.019E-03 
6.507E+03   5.317E+00  2.984E-03 
6.592E+03   5.264E+00  2.950E-03 
6.678E+03   5.211E+00  2.916E-03 
6.764E+03   5.159E+00  2.882E-03 
6.852E+03   5.107E+00  2.849E-03 
6.941E+03   5.055E+00  2.817E-03 
7.032E+03   5.004E+00  2.784E-03 
7.123E+03   4.954E+00  2.752E-03 
7.216E+03   4.904E+00  2.721E-03 
7.309E+03   4.854E+00  2.690E-03 
7.404E+03   4.805E+00  2.659E-03 
7.501E+03   4.756E+00  2.628E-03 
7.598E+03   4.707E+00  2.598E-03 
7.697E+03   4.659E+00  2.568E-03 
7.797E+03   4.612E+00  2.539E-03 
7.898E+03   4.565E+00  2.510E-03 
8.001E+03   4.518E+00  2.481E-03 
8.105E+03   4.485E+00  2.452E-03 
8.210E+03   4.451E+00  2.424E-03 
8.317E+03   4.418E+00  2.396E-03 
8.425E+03   4.384E+00  2.369E-03 
8.534E+03   4.349E+00  2.341E-03 
8.645E+03   4.314E+00  2.314E-03 
8.758E+03   4.278E+00  2.288E-03 
8.871E+03   4.242E+00  2.261E-03 
8.987E+03   4.206E+00  2.235E-03 
9.104E+03   4.169E+00  2.210E-03 
9.222E+03   4.132E+00  2.184E-03 
9.342E+03   4.094E+00  2.159E-03 
9.463E+03   4.056E+00  2.134E-03 
9.586E+03   4.017E+00  2.110E-03 
9.711E+03   3.974E+00  2.085E-03 
9.837E+03   3.931E+00  2.061E-03 
9.965E+03   3.889E+00  2.038E-03 
1.009E+04   3.847E+00  2.014E-03 
1.023E+04   3.806E+00  1.991E-03 
1.036E+04   3.765E+00  1.968E-03 
1.049E+04   3.725E+00  1.945E-03 
1.063E+04   3.685E+00  1.923E-03 
1.077E+04   3.645E+00  1.901E-03 
1.091E+04   3.606E+00  1.879E-03 
1.105E+04   3.567E+00  1.857E-03 
1.119E+04   3.529E+00  1.836E-03 
1.134E+04   3.491E+00  1.814E-03 
1.149E+04   3.454E+00  1.794E-03 
1.163E+04   3.417E+00  1.773E-03 
1.179E+04   3.380E+00  1.752E-03 
1.194E+04   3.344E+00  1.732E-03 
1.209E+04   3.308E+00  1.712E-03 
1.225E+04   3.273E+00  1.692E-03 
1.241E+04   3.238E+00  1.673E-03 
1.257E+04   3.203E+00  1.654E-03 
1.274E+04   3.169E+00  1.634E-03 
1.290E+04   3.135E+00  1.616E-03 
1.307E+04   3.101E+00  1.597E-03 
1.324E+04   3.068E+00  1.578E-03 
1.341E+04   3.035E+00  1.560E-03 
1.358E+04   3.003E+00  1.542E-03 
1.376E+04   2.971E+00  1.524E-03 
1.394E+04   2.939E+00  1.507E-03 
1.412E+04   2.908E+00  1.489E-03 
1.431E+04   2.876E+00  1.472E-03 
1.449E+04   2.846E+00  1.455E-03 
1.468E+04   2.815E+00  1.438E-03 
1.487E+04   2.785E+00  1.421E-03 
1.506E+04   2.755E+00  1.405E-03 
1.526E+04   2.726E+00  1.389E-03 
1.546E+04   2.697E+00  1.373E-03 
1.566E+04   2.668E+00  1.357E-03 
1.586E+04   2.640E+00  1.341E-03 
1.607E+04   2.611E+00  1.326E-03 
1.628E+04   2.583E+00  1.310E-03 
1.649E+04   2.556E+00  1.295E-03 
1.670E+04   2.529E+00  1.280E-03 
1.692E+04   2.502E+00  1.265E-03 
1.714E+04   2.475E+00  1.251E-03 
1.736E+04   2.448E+00  1.236E-03 
1.759E+04   2.422E+00  1.222E-03 
1.782E+04   2.396E+00  1.208E-03 
1.805E+04   2.371E+00  1.194E-03 
1.828E+04   2.345E+00  1.180E-03 
1.852E+04   2.320E+00  1.166E-03 
1.876E+04   2.296E+00  1.152E-03 
1.900E+04   2.271E+00  1.139E-03 
1.925E+04   2.247E+00  1.126E-03 
1.950E+04   2.223E+00  1.113E-03 
1.976E+04   2.199E+00  1.100E-03 
2.001E+04   2.176E+00  1.087E-03 
2.027E+04   2.152E+00  1.074E-03 
2.054E+04   2.129E+00  1.062E-03 
2.080E+04   2.107E+00  1.050E-03 
2.107E+04   2.084E+00  1.037E-03 
2.135E+04   2.062E+00  1.025E-03 
2.162E+04   2.040E+00  1.014E-03 
2.191E+04   2.018E+00  1.002E-03 
2.219E+04   1.996E+00  9.901E-04 
2.248E+04   1.975E+00  9.786E-04 
2.277E+04   1.954E+00  9.672E-04 
2.307E+04   1.933E+00  9.560E-04 
2.337E+04   1.912E+00  9.449E-04 
2.367E+04   1.892E+00  9.339E-04 
2.398E+04   1.872E+00  9.230E-04 
2.429E+04   1.852E+00  9.123E-04 
2.461E+04   1.832E+00  9.017E-04 
2.492E+04   1.812E+00  8.912E-04 
2.525E+04   1.793E+00  8.808E-04 
2.558E+04   1.774E+00  8.706E-04 
2.591E+04   1.755E+00  8.604E-04 
2.625E+04   1.736E+00  8.504E-04 
2.659E+04   1.718E+00  8.405E-04 
2.693E+04   1.699E+00  8.307E-04 
2.728E+04   1.681E+00  8.211E-04 
2.764E+04   1.663E+00  8.115E-04 
2.800E+04   1.645E+00  8.020E-04 
2.836E+04   1.628E+00  7.927E-04 
2.873E+04   1.610E+00  7.835E-04 
2.910E+04   1.593E+00  7.743E-04 
2.948E+04   1.576E+00  7.653E-04 
2.986E+04   1.559E+00  7.564E-04 
3.025E+04   1.542E+00  7.476E-04 
3.065E+04   1.526E+00  7.389E-04 
3.104E+04   1.510E+00  7.302E-04 
3.145E+04   1.493E+00  7.217E-04 
3.186E+04   1.477E+00  7.133E-04 
3.227E+04   1.462E+00  7.050E-04 
3.269E+04   1.446E+00  6.968E-04 
3.311E+04   1.430E+00  6.886E-04 
3.354E+04   1.415E+00  6.806E-04 
3.398E+04   1.400E+00  6.727E-04 
3.442E+04   1.385E+00  6.648E-04 
3.487E+04   1.370E+00  6.571E-04 
3.532E+04   1.355E+00  6.494E-04 
3.578E+04   1.341E+00  6.418E-04 
3.625E+04   1.327E+00  6.343E-04 
3.672E+04   1.312E+00  6.269E-04 
3.719E+04   1.298E+00  6.196E-04 
3.768E+04   1.284E+00  6.124E-04 
3.817E+04   1.271E+00  6.052E-04 
3.866E+04   1.257E+00  5.981E-04 
3.917E+04   1.244E+00  5.911E-04 
3.968E+04   1.230E+00  5.842E-04 
4.019E+04   1.217E+00  5.774E-04 
4.071E+04   1.204E+00  5.707E-04 
4.124E+04   1.191E+00  5.640E-04 
4.178E+04   1.178E+00  5.574E-04 
4.232E+04   1.166E+00  5.509E-04 
4.287E+04   1.153E+00  5.444E-04 
4.343E+04   1.141E+00  5.381E-04 
4.399E+04   1.129E+00  5.318E-04 
4.456E+04   1.116E+00  5.256E-04 
4.514E+04   1.105E+00  5.194E-04 
4.573E+04   1.093E+00  5.133E-04 
4.632E+04   1.081E+00  5.073E-04 
4.693E+04   1.069E+00  5.014E-04 
4.754E+04   1.058E+00  4.955E-04 
4.815E+04   1.047E+00  4.897E-04 
4.878E+04   1.035E+00  4.840E-04 
4.941E+04   1.024E+00  4.783E-04 
5.006E+04   1.013E+00  4.727E-04 
5.071E+04   1.002E+00  4.672E-04 
5.137E+04   9.916E-01  4.617E-04 
5.203E+04   9.810E-01  4.563E-04 
5.271E+04   9.705E-01  4.510E-04 
5.340E+04   9.601E-01  4.457E-04 
5.409E+04   9.498E-01  4.405E-04 
5.479E+04   9.396E-01  4.353E-04 
5.550E+04   9.295E-01  4.302E-04 
5.623E+04   9.195E-01  4.252E-04 
5.696E+04   9.097E-01  4.202E-04 
5.770E+04   8.999E-01  4.153E-04 
5.845E+04   8.903E-01  4.104E-04 
5.921E+04   8.807E-01  4.056E-04 
5.998E+04   8.713E-01  4.008E-04 
6.075E+04   8.619E-01  3.961E-04 
6.154E+04   8.527E-01  3.915E-04 
6.234E+04   8.436E-01  3.869E-04 
6.315E+04   8.345E-01  3.824E-04 
6.398E+04   8.256E-01  3.779E-04 
6.481E+04   8.167E-01  3.734E-04 
6.565E+04   8.080E-01  3.691E-04 
6.650E+04   7.993E-01  3.647E-04 
6.737E+04   7.907E-01  3.604E-04 
6.824E+04   7.823E-01  3.562E-04 
6.913E+04   7.739E-01  3.520E-04 
7.003E+04   7.656E-01  3.479E-04 
7.094E+04   7.574E-01  3.438E-04 
7.186E+04   7.493E-01  3.398E-04 
7.279E+04   7.413E-01  3.358E-04 
7.374E+04   7.333E-01  3.318E-04 
7.470E+04   7.255E-01  3.279E-04 
7.567E+04   7.177E-01  3.241E-04 
7.665E+04   7.100E-01  3.203E-04 
7.765E+04   7.024E-01  3.165E-04 
7.866E+04   6.949E-01  3.128E-04 
7.968E+04   6.875E-01  3.091E-04 
8.072E+04   6.801E-01  3.055E-04 
8.176E+04   6.729E-01  3.019E-04 
8.283E+04   6.657E-01  2.984E-04 
8.390E+04   6.585E-01  2.948E-04 
8.499E+04   6.515E-01  2.914E-04 
8.610E+04   6.445E-01  2.880E-04 
8.722E+04   6.377E-01  2.846E-04 
8.835E+04   6.308E-01  2.812E-04 
8.950E+04   6.241E-01  2.779E-04 
9.066E+04   6.174E-01  2.746E-04 
9.184E+04   6.109E-01  2.714E-04 
9.303E+04   6.043E-01  2.682E-04 
9.424E+04   5.979E-01  2.651E-04 
9.547E+04   5.915E-01  2.619E-04 
9.671E+04   5.852E-01  2.589E-04 
9.797E+04   5.790E-01  2.558E-04 
9.924E+04   5.728E-01  2.528E-04 
1.005E+05   5.667E-01  2.498E-04 
1.018E+05   5.606E-01  2.469E-04 
1.032E+05   5.547E-01  2.440E-04 
1.045E+05   5.488E-01  2.411E-04 
1.059E+05   5.429E-01  2.383E-04 
1.072E+05   5.371E-01  2.355E-04 
1.086E+05   5.314E-01  2.327E-04 
1.100E+05   5.258E-01  2.299E-04 
1.115E+05   5.202E-01  2.272E-04 
1.129E+05   5.147E-01  2.246E-04 
1.144E+05   5.092E-01  2.219E-04 
1.159E+05   5.038E-01  2.193E-04 
1.174E+05   4.984E-01  2.167E-04 
1.189E+05   4.931E-01  2.142E-04 
1.204E+05   4.879E-01  2.116E-04 
1.220E+05   4.827E-01  2.091E-04 
1.236E+05   4.776E-01  2.067E-04 
1.252E+05   4.726E-01  2.042E-04 
1.268E+05   4.675E-01  2.018E-04 
1.285E+05   4.626E-01  1.994E-04 
1.302E+05   4.577E-01  1.971E-04 
1.318E+05   4.529E-01  1.948E-04 
1.336E+05   4.481E-01  1.925E-04 
1.353E+05   4.433E-01  1.902E-04 
1.371E+05   4.387E-01  1.880E-04 
1.388E+05   4.340E-01  1.857E-04 
1.406E+05   4.294E-01  1.835E-04 
1.425E+05   4.249E-01  1.814E-04 
1.443E+05   4.204E-01  1.792E-04 
1.462E+05   4.160E-01  1.771E-04 
1.481E+05   4.116E-01  1.750E-04 
1.500E+05   4.073E-01  1.730E-04 
1.520E+05   4.030E-01  1.709E-04 
1.539E+05   3.988E-01  1.689E-04 
1.559E+05   3.946E-01  1.669E-04 
1.580E+05   3.904E-01  1.649E-04 
1.600E+05   3.863E-01  1.630E-04 
1.621E+05   3.823E-01  1.611E-04 
1.642E+05   3.783E-01  1.592E-04 
1.663E+05   3.743E-01  1.573E-04 
1.685E+05   3.704E-01  1.554E-04 
1.707E+05   3.665E-01  1.536E-04 
1.729E+05   3.627E-01  1.518E-04 
1.752E+05   3.589E-01  1.500E-04 
1.774E+05   3.551E-01  1.482E-04 
1.797E+05   3.514E-01  1.465E-04 
1.821E+05   3.478E-01  1.447E-04 
1.844E+05   3.441E-01  1.430E-04 
1.868E+05   3.406E-01  1.413E-04 
1.893E+05   3.370E-01  1.396E-04 
1.917E+05   3.335E-01  1.380E-04 
1.942E+05   3.301E-01  1.364E-04 
1.967E+05   3.266E-01  1.348E-04 
1.993E+05   3.232E-01  1.332E-04 
2.019E+05   3.199E-01  1.316E-04 
2.045E+05   3.166E-01  1.300E-04 
2.072E+05   3.133E-01  1.285E-04 
2.099E+05   3.101E-01  1.270E-04 
2.126E+05   3.069E-01  1.255E-04 
2.154E+05   3.037E-01  1.240E-04 
2.182E+05   3.006E-01  1.225E-04 
2.210E+05   2.975E-01  1.211E-04 
2.239E+05   2.944E-01  1.196E-04 
2.268E+05   2.914E-01  1.182E-04 
2.297E+05   2.884E-01  1.168E-04 
2.327E+05   2.854E-01  1.154E-04 
2.357E+05   2.825E-01  1.141E-04 
2.388E+05   2.796E-01  1.127E-04 
2.419E+05   2.767E-01  1.114E-04 
2.450E+05   2.739E-01  1.101E-04 
2.482E+05   2.711E-01  1.088E-04 
2.515E+05   2.684E-01  1.075E-04 
2.547E+05   2.656E-01  1.062E-04 
2.580E+05   2.629E-01  1.049E-04 
2.614E+05   2.602E-01  1.037E-04 
2.648E+05   2.576E-01  1.025E-04 
2.682E+05   2.550E-01  1.012E-04 
2.717E+05   2.524E-01  1.000E-04 
2.752E+05   2.499E-01  9.886E-05 
2.788E+05   2.473E-01  9.769E-05 
2.824E+05   2.448E-01  9.653E-05 
2.861E+05   2.424E-01  9.539E-05 
2.898E+05   2.399E-01  9.426E-05 
2.936E+05   2.375E-01  9.314E-05 
2.974E+05   2.351E-01  9.203E-05 
3.013E+05   2.328E-01  9.094E-05 
3.052E+05   2.304E-01  8.986E-05 
3.092E+05   2.281E-01  8.880E-05 
3.132E+05   2.259E-01  8.774E-05 
3.172E+05   2.236E-01  8.670E-05 
3.214E+05   2.214E-01  8.567E-05 
3.255E+05   2.192E-01  8.466E-05 
3.298E+05   2.170E-01  8.365E-05 
3.341E+05   2.149E-01  8.266E-05 
3.384E+05   2.127E-01  8.168E-05 
3.428E+05   2.106E-01  8.071E-05 
3.473E+05   2.085E-01  7.975E-05 
3.518E+05   2.065E-01  7.880E-05 
3.563E+05   2.045E-01  7.787E-05 
3.610E+05   2.025E-01  7.694E-05 
3.657E+05   2.005E-01  7.603E-05 
3.704E+05   1.985E-01  7.513E-05 
3.752E+05   1.966E-01  7.424E-05 
3.801E+05   1.947E-01  7.335E-05 
3.851E+05   1.928E-01  7.248E-05 
3.901E+05   1.909E-01  7.162E-05 
3.951E+05   1.890E-01  7.077E-05 
4.003E+05   1.872E-01  6.993E-05 
