Ion = Helium      . Mass = 4.0026
Tgt = Li (Solid). Density = .534 g/cm3
Stopping Units =  eV/(1E15 atoms/cm2)
Energy(keV)  S(Elec)    S(Nuc)
1.000E+00   1.127E+00  2.476E+00 
1.013E+00   1.134E+00  2.467E+00 
1.026E+00   1.141E+00  2.458E+00 
1.039E+00   1.149E+00  2.448E+00 
1.053E+00   1.156E+00  2.439E+00 
1.067E+00   1.164E+00  2.429E+00 
1.081E+00   1.171E+00  2.419E+00 
1.095E+00   1.179E+00  2.410E+00 
1.109E+00   1.186E+00  2.400E+00 
1.123E+00   1.194E+00  2.390E+00 
1.138E+00   1.202E+00  2.380E+00 
1.153E+00   1.209E+00  2.370E+00 
1.168E+00   1.217E+00  2.361E+00 
1.183E+00   1.225E+00  2.351E+00 
1.198E+00   1.233E+00  2.341E+00 
1.214E+00   1.241E+00  2.331E+00 
1.229E+00   1.249E+00  2.321E+00 
1.245E+00   1.257E+00  2.310E+00 
1.262E+00   1.265E+00  2.300E+00 
1.278E+00   1.274E+00  2.290E+00 
1.295E+00   1.282E+00  2.280E+00 
1.311E+00   1.290E+00  2.270E+00 
1.329E+00   1.299E+00  2.260E+00 
1.346E+00   1.307E+00  2.249E+00 
1.363E+00   1.315E+00  2.239E+00 
1.381E+00   1.324E+00  2.229E+00 
1.399E+00   1.332E+00  2.218E+00 
1.417E+00   1.341E+00  2.208E+00 
1.436E+00   1.350E+00  2.197E+00 
1.454E+00   1.359E+00  2.187E+00 
1.473E+00   1.367E+00  2.177E+00 
1.492E+00   1.376E+00  2.166E+00 
1.512E+00   1.385E+00  2.156E+00 
1.531E+00   1.394E+00  2.145E+00 
1.551E+00   1.403E+00  2.134E+00 
1.571E+00   1.412E+00  2.124E+00 
1.592E+00   1.421E+00  2.113E+00 
1.612E+00   1.431E+00  2.103E+00 
1.633E+00   1.440E+00  2.092E+00 
1.655E+00   1.449E+00  2.082E+00 
1.676E+00   1.459E+00  2.071E+00 
1.698E+00   1.468E+00  2.060E+00 
1.720E+00   1.477E+00  2.050E+00 
1.742E+00   1.487E+00  2.039E+00 
1.765E+00   1.497E+00  2.028E+00 
1.788E+00   1.506E+00  2.018E+00 
1.811E+00   1.516E+00  2.007E+00 
1.835E+00   1.526E+00  1.996E+00 
1.859E+00   1.536E+00  1.986E+00 
1.883E+00   1.546E+00  1.975E+00 
1.907E+00   1.556E+00  1.964E+00 
1.932E+00   1.566E+00  1.953E+00 
1.957E+00   1.576E+00  1.943E+00 
1.983E+00   1.586E+00  1.932E+00 
2.008E+00   1.597E+00  1.921E+00 
2.034E+00   1.607E+00  1.911E+00 
2.061E+00   1.617E+00  1.900E+00 
2.088E+00   1.628E+00  1.889E+00 
2.115E+00   1.638E+00  1.879E+00 
2.142E+00   1.649E+00  1.868E+00 
2.170E+00   1.660E+00  1.857E+00 
2.198E+00   1.670E+00  1.847E+00 
2.227E+00   1.681E+00  1.836E+00 
2.256E+00   1.692E+00  1.825E+00 
2.285E+00   1.703E+00  1.815E+00 
2.315E+00   1.714E+00  1.804E+00 
2.345E+00   1.725E+00  1.793E+00 
2.375E+00   1.736E+00  1.783E+00 
2.406E+00   1.748E+00  1.772E+00 
2.438E+00   1.759E+00  1.761E+00 
2.469E+00   1.770E+00  1.751E+00 
2.501E+00   1.782E+00  1.740E+00 
2.534E+00   1.793E+00  1.730E+00 
2.567E+00   1.805E+00  1.719E+00 
2.600E+00   1.817E+00  1.709E+00 
2.634E+00   1.828E+00  1.698E+00 
2.668E+00   1.840E+00  1.688E+00 
2.703E+00   1.852E+00  1.677E+00 
2.738E+00   1.864E+00  1.667E+00 
2.773E+00   1.876E+00  1.656E+00 
2.810E+00   1.888E+00  1.646E+00 
2.846E+00   1.901E+00  1.636E+00 
2.883E+00   1.913E+00  1.625E+00 
2.921E+00   1.925E+00  1.615E+00 
2.958E+00   1.938E+00  1.605E+00 
2.997E+00   1.950E+00  1.594E+00 
3.036E+00   1.963E+00  1.584E+00 
3.075E+00   1.976E+00  1.574E+00 
3.115E+00   1.988E+00  1.564E+00 
3.156E+00   2.001E+00  1.553E+00 
3.197E+00   2.014E+00  1.543E+00 
3.238E+00   2.027E+00  1.533E+00 
3.280E+00   2.040E+00  1.523E+00 
3.323E+00   2.054E+00  1.513E+00 
3.366E+00   2.067E+00  1.503E+00 
3.410E+00   2.080E+00  1.493E+00 
3.454E+00   2.094E+00  1.483E+00 
3.499E+00   2.107E+00  1.473E+00 
3.545E+00   2.121E+00  1.463E+00 
3.591E+00   2.135E+00  1.453E+00 
3.637E+00   2.149E+00  1.443E+00 
3.685E+00   2.163E+00  1.433E+00 
3.733E+00   2.177E+00  1.423E+00 
3.781E+00   2.191E+00  1.414E+00 
3.830E+00   2.205E+00  1.404E+00 
3.880E+00   2.219E+00  1.394E+00 
3.930E+00   2.233E+00  1.385E+00 
3.982E+00   2.248E+00  1.375E+00 
4.033E+00   2.262E+00  1.365E+00 
4.086E+00   2.277E+00  1.356E+00 
4.139E+00   2.292E+00  1.346E+00 
4.193E+00   2.307E+00  1.337E+00 
4.247E+00   2.322E+00  1.327E+00 
4.302E+00   2.337E+00  1.318E+00 
4.358E+00   2.352E+00  1.308E+00 
4.415E+00   2.367E+00  1.299E+00 
4.472E+00   2.382E+00  1.290E+00 
4.530E+00   2.398E+00  1.280E+00 
4.589E+00   2.413E+00  1.271E+00 
4.649E+00   2.429E+00  1.262E+00 
4.709E+00   2.445E+00  1.253E+00 
4.770E+00   2.461E+00  1.244E+00 
4.832E+00   2.477E+00  1.235E+00 
4.895E+00   2.493E+00  1.226E+00 
4.959E+00   2.509E+00  1.217E+00 
5.023E+00   2.525E+00  1.208E+00 
5.089E+00   2.541E+00  1.199E+00 
5.155E+00   2.558E+00  1.190E+00 
5.222E+00   2.574E+00  1.181E+00 
5.290E+00   2.591E+00  1.172E+00 
5.358E+00   2.608E+00  1.163E+00 
5.428E+00   2.625E+00  1.155E+00 
5.499E+00   2.642E+00  1.146E+00 
5.570E+00   2.659E+00  1.137E+00 
5.642E+00   2.676E+00  1.129E+00 
5.716E+00   2.693E+00  1.120E+00 
5.790E+00   2.711E+00  1.112E+00 
5.865E+00   2.728E+00  1.103E+00 
5.942E+00   2.746E+00  1.095E+00 
6.019E+00   2.764E+00  1.086E+00 
6.097E+00   2.782E+00  1.078E+00 
6.176E+00   2.800E+00  1.070E+00 
6.256E+00   2.818E+00  1.061E+00 
6.338E+00   2.836E+00  1.053E+00 
6.420E+00   2.855E+00  1.045E+00 
6.504E+00   2.873E+00  1.037E+00 
6.588E+00   2.892E+00  1.029E+00 
6.674E+00   2.910E+00  1.021E+00 
6.760E+00   2.929E+00  1.013E+00 
6.848E+00   2.948E+00  1.005E+00 
6.937E+00   2.967E+00  9.967E-01 
7.027E+00   2.986E+00  9.889E-01 
7.119E+00   3.006E+00  9.810E-01 
7.211E+00   3.025E+00  9.732E-01 
7.305E+00   3.045E+00  9.655E-01 
7.400E+00   3.065E+00  9.578E-01 
7.496E+00   3.084E+00  9.501E-01 
7.594E+00   3.104E+00  9.425E-01 
7.692E+00   3.125E+00  9.349E-01 
7.792E+00   3.145E+00  9.274E-01 
7.894E+00   3.165E+00  9.199E-01 
7.996E+00   3.186E+00  9.125E-01 
8.100E+00   3.209E+00  9.051E-01 
8.205E+00   3.233E+00  8.977E-01 
8.312E+00   3.256E+00  8.904E-01 
8.420E+00   3.280E+00  8.831E-01 
8.529E+00   3.305E+00  8.759E-01 
8.640E+00   3.329E+00  8.687E-01 
8.753E+00   3.354E+00  8.616E-01 
8.866E+00   3.378E+00  8.545E-01 
8.982E+00   3.403E+00  8.475E-01 
9.098E+00   3.428E+00  8.405E-01 
9.217E+00   3.454E+00  8.335E-01 
9.336E+00   3.479E+00  8.266E-01 
9.458E+00   3.505E+00  8.197E-01 
9.581E+00   3.530E+00  8.129E-01 
9.705E+00   3.556E+00  8.061E-01 
9.831E+00   3.582E+00  7.993E-01 
9.959E+00   3.609E+00  7.926E-01 
1.009E+01   3.635E+00  7.860E-01 
1.022E+01   3.662E+00  7.794E-01 
1.035E+01   3.688E+00  7.728E-01 
1.049E+01   3.715E+00  7.663E-01 
1.062E+01   3.742E+00  7.598E-01 
1.076E+01   3.770E+00  7.533E-01 
1.090E+01   3.797E+00  7.469E-01 
1.104E+01   3.825E+00  7.406E-01 
1.119E+01   3.852E+00  7.343E-01 
1.133E+01   3.880E+00  7.280E-01 
1.148E+01   3.908E+00  7.218E-01 
1.163E+01   3.936E+00  7.156E-01 
1.178E+01   3.964E+00  7.094E-01 
1.193E+01   3.992E+00  7.033E-01 
1.209E+01   4.021E+00  6.973E-01 
1.224E+01   4.049E+00  6.912E-01 
1.240E+01   4.078E+00  6.853E-01 
1.256E+01   4.106E+00  6.793E-01 
1.273E+01   4.135E+00  6.734E-01 
1.289E+01   4.164E+00  6.676E-01 
1.306E+01   4.193E+00  6.617E-01 
1.323E+01   4.222E+00  6.560E-01 
1.340E+01   4.251E+00  6.502E-01 
1.358E+01   4.280E+00  6.445E-01 
1.375E+01   4.308E+00  6.389E-01 
1.393E+01   4.337E+00  6.333E-01 
1.411E+01   4.366E+00  6.277E-01 
1.430E+01   4.395E+00  6.222E-01 
1.448E+01   4.424E+00  6.167E-01 
1.467E+01   4.453E+00  6.112E-01 
1.486E+01   4.481E+00  6.058E-01 
1.505E+01   4.510E+00  6.004E-01 
1.525E+01   4.538E+00  5.951E-01 
1.545E+01   4.567E+00  5.898E-01 
1.565E+01   4.595E+00  5.846E-01 
1.585E+01   4.623E+00  5.793E-01 
1.606E+01   4.651E+00  5.742E-01 
1.627E+01   4.678E+00  5.690E-01 
1.648E+01   4.706E+00  5.639E-01 
1.669E+01   4.733E+00  5.589E-01 
1.691E+01   4.759E+00  5.538E-01 
1.713E+01   4.786E+00  5.489E-01 
1.735E+01   4.812E+00  5.439E-01 
1.758E+01   4.838E+00  5.390E-01 
1.781E+01   4.864E+00  5.341E-01 
1.804E+01   4.889E+00  5.293E-01 
1.827E+01   4.914E+00  5.245E-01 
1.851E+01   4.939E+00  5.197E-01 
1.875E+01   4.963E+00  5.150E-01 
1.899E+01   4.987E+00  5.103E-01 
1.924E+01   5.011E+00  5.056E-01 
1.949E+01   5.034E+00  5.010E-01 
1.974E+01   5.057E+00  4.964E-01 
2.000E+01   5.080E+00  4.919E-01 
2.026E+01   5.102E+00  4.874E-01 
2.052E+01   5.125E+00  4.829E-01 
2.079E+01   5.147E+00  4.785E-01 
2.106E+01   5.169E+00  4.741E-01 
2.133E+01   5.191E+00  4.697E-01 
2.161E+01   5.213E+00  4.258E-01 
2.189E+01   5.235E+00  4.219E-01 
2.218E+01   5.258E+00  4.181E-01 
2.247E+01   5.280E+00  4.143E-01 
2.276E+01   5.303E+00  4.105E-01 
2.305E+01   5.326E+00  4.067E-01 
2.335E+01   5.350E+00  4.030E-01 
2.366E+01   5.374E+00  3.993E-01 
2.396E+01   5.399E+00  3.956E-01 
2.428E+01   5.424E+00  3.920E-01 
2.459E+01   5.451E+00  3.884E-01 
2.491E+01   5.478E+00  3.848E-01 
2.523E+01   5.506E+00  3.813E-01 
2.556E+01   5.535E+00  3.777E-01 
2.589E+01   5.566E+00  3.742E-01 
2.623E+01   5.597E+00  3.708E-01 
2.657E+01   5.630E+00  3.673E-01 
2.692E+01   5.664E+00  3.639E-01 
2.727E+01   5.699E+00  3.605E-01 
2.762E+01   5.735E+00  3.571E-01 
2.798E+01   5.773E+00  3.538E-01 
2.834E+01   5.813E+00  3.505E-01 
2.871E+01   5.853E+00  3.472E-01 
2.909E+01   5.895E+00  3.440E-01 
2.946E+01   5.939E+00  3.407E-01 
2.985E+01   5.983E+00  3.375E-01 
3.023E+01   6.030E+00  3.343E-01 
3.063E+01   6.077E+00  3.312E-01 
3.103E+01   6.126E+00  3.281E-01 
3.143E+01   6.176E+00  3.250E-01 
3.184E+01   6.227E+00  3.219E-01 
3.225E+01   6.280E+00  3.188E-01 
3.267E+01   6.334E+00  3.158E-01 
3.309E+01   6.388E+00  3.128E-01 
3.352E+01   6.445E+00  3.098E-01 
3.396E+01   6.502E+00  3.069E-01 
3.440E+01   6.560E+00  3.040E-01 
3.485E+01   6.619E+00  3.011E-01 
3.530E+01   6.679E+00  2.982E-01 
3.576E+01   6.741E+00  2.954E-01 
3.623E+01   6.803E+00  2.925E-01 
3.670E+01   6.866E+00  2.897E-01 
3.717E+01   6.930E+00  2.869E-01 
3.766E+01   6.995E+00  2.842E-01 
3.815E+01   7.060E+00  2.815E-01 
3.864E+01   7.127E+00  2.787E-01 
3.914E+01   7.194E+00  2.761E-01 
3.965E+01   7.262E+00  2.734E-01 
4.017E+01   7.330E+00  2.708E-01 
4.069E+01   7.400E+00  2.681E-01 
4.122E+01   7.470E+00  2.655E-01 
4.175E+01   7.541E+00  2.630E-01 
4.230E+01   7.612E+00  2.604E-01 
4.285E+01   7.684E+00  2.579E-01 
4.340E+01   7.757E+00  2.554E-01 
4.397E+01   7.830E+00  2.529E-01 
4.454E+01   7.904E+00  2.504E-01 
4.512E+01   7.979E+00  2.480E-01 
4.570E+01   8.054E+00  2.456E-01 
4.630E+01   8.130E+00  2.432E-01 
4.690E+01   8.207E+00  2.408E-01 
4.751E+01   8.284E+00  2.385E-01 
4.813E+01   8.361E+00  2.361E-01 
4.875E+01   8.440E+00  2.338E-01 
4.939E+01   8.518E+00  2.315E-01 
5.003E+01   8.598E+00  2.292E-01 
5.068E+01   8.678E+00  2.270E-01 
5.134E+01   8.758E+00  2.248E-01 
5.200E+01   8.839E+00  2.225E-01 
5.268E+01   8.921E+00  2.203E-01 
5.336E+01   9.003E+00  2.182E-01 
5.406E+01   9.086E+00  2.160E-01 
5.476E+01   9.170E+00  2.139E-01 
5.547E+01   9.254E+00  2.118E-01 
5.619E+01   9.338E+00  2.097E-01 
5.692E+01   9.424E+00  2.076E-01 
5.766E+01   9.509E+00  2.055E-01 
5.841E+01   9.596E+00  2.035E-01 
5.917E+01   9.683E+00  2.015E-01 
5.994E+01   9.770E+00  1.995E-01 
6.072E+01   9.858E+00  1.975E-01 
6.151E+01   9.947E+00  1.955E-01 
6.231E+01   1.004E+01  1.936E-01 
6.312E+01   1.013E+01  1.916E-01 
6.394E+01   1.022E+01  1.897E-01 
6.477E+01   1.031E+01  1.878E-01 
6.561E+01   1.040E+01  1.860E-01 
6.646E+01   1.049E+01  1.841E-01 
6.733E+01   1.058E+01  1.822E-01 
6.820E+01   1.068E+01  1.804E-01 
6.909E+01   1.077E+01  1.786E-01 
6.999E+01   1.087E+01  1.768E-01 
7.090E+01   1.096E+01  1.750E-01 
7.182E+01   1.106E+01  1.733E-01 
7.275E+01   1.115E+01  1.715E-01 
7.370E+01   1.125E+01  1.698E-01 
7.465E+01   1.135E+01  1.681E-01 
7.562E+01   1.144E+01  1.664E-01 
7.661E+01   1.154E+01  1.647E-01 
7.760E+01   1.164E+01  1.631E-01 
7.861E+01   1.174E+01  1.614E-01 
7.963E+01   1.184E+01  1.598E-01 
8.067E+01   1.194E+01  1.582E-01 
8.172E+01   1.205E+01  1.566E-01 
8.278E+01   1.215E+01  1.550E-01 
8.385E+01   1.225E+01  1.534E-01 
8.494E+01   1.235E+01  1.518E-01 
8.605E+01   1.246E+01  1.503E-01 
8.717E+01   1.256E+01  1.488E-01 
8.830E+01   1.267E+01  1.473E-01 
8.945E+01   1.277E+01  1.458E-01 
9.061E+01   1.288E+01  1.443E-01 
9.179E+01   1.299E+01  1.428E-01 
9.298E+01   1.309E+01  1.413E-01 
9.419E+01   1.320E+01  1.399E-01 
9.541E+01   1.331E+01  1.385E-01 
9.665E+01   1.342E+01  1.371E-01 
9.791E+01   1.353E+01  1.357E-01 
9.918E+01   1.364E+01  1.343E-01 
1.005E+02   1.375E+01  1.329E-01 
1.018E+02   1.386E+01  1.315E-01 
1.031E+02   1.397E+01  1.302E-01 
1.044E+02   1.408E+01  1.288E-01 
1.058E+02   1.420E+01  1.275E-01 
1.072E+02   1.431E+01  1.262E-01 
1.086E+02   1.442E+01  1.249E-01 
1.100E+02   1.454E+01  1.236E-01 
1.114E+02   1.465E+01  1.223E-01 
1.129E+02   1.476E+01  1.211E-01 
1.143E+02   1.488E+01  1.198E-01 
1.158E+02   1.500E+01  1.186E-01 
1.173E+02   1.511E+01  1.174E-01 
1.188E+02   1.523E+01  1.162E-01 
1.204E+02   1.535E+01  1.150E-01 
1.219E+02   1.546E+01  1.138E-01 
1.235E+02   1.558E+01  1.126E-01 
1.251E+02   1.570E+01  1.114E-01 
1.268E+02   1.582E+01  1.103E-01 
1.284E+02   1.594E+01  1.091E-01 
1.301E+02   1.605E+01  1.080E-01 
1.318E+02   1.617E+01  1.069E-01 
1.335E+02   1.629E+01  1.058E-01 
1.352E+02   1.641E+01  1.047E-01 
1.370E+02   1.653E+01  1.036E-01 
1.388E+02   1.665E+01  1.025E-01 
1.406E+02   1.677E+01  1.014E-01 
1.424E+02   1.690E+01  1.004E-01 
1.442E+02   1.702E+01  9.934E-02 
1.461E+02   1.714E+01  9.830E-02 
1.480E+02   1.726E+01  9.727E-02 
1.499E+02   1.738E+01  9.626E-02 
1.519E+02   1.750E+01  9.525E-02 
1.539E+02   1.762E+01  9.426E-02 
1.559E+02   1.774E+01  9.327E-02 
1.579E+02   1.787E+01  9.230E-02 
1.599E+02   1.799E+01  9.133E-02 
1.620E+02   1.811E+01  9.037E-02 
1.641E+02   1.823E+01  8.943E-02 
1.662E+02   1.835E+01  8.849E-02 
1.684E+02   1.847E+01  8.756E-02 
1.706E+02   1.860E+01  8.664E-02 
1.728E+02   1.872E+01  8.573E-02 
1.751E+02   1.884E+01  8.483E-02 
1.773E+02   1.896E+01  8.394E-02 
1.796E+02   1.908E+01  8.306E-02 
1.820E+02   1.920E+01  8.218E-02 
1.843E+02   1.932E+01  8.132E-02 
1.867E+02   1.944E+01  8.046E-02 
1.892E+02   1.956E+01  7.961E-02 
1.916E+02   1.968E+01  7.877E-02 
1.941E+02   1.980E+01  7.794E-02 
1.966E+02   1.992E+01  7.712E-02 
1.992E+02   2.003E+01  7.631E-02 
2.018E+02   2.015E+01  7.550E-02 
2.044E+02   2.027E+01  7.470E-02 
2.071E+02   2.038E+01  7.391E-02 
2.097E+02   2.050E+01  7.313E-02 
2.125E+02   2.062E+01  7.236E-02 
2.152E+02   2.073E+01  7.159E-02 
2.180E+02   2.084E+01  7.083E-02 
2.209E+02   2.096E+01  7.008E-02 
2.237E+02   2.107E+01  6.934E-02 
2.266E+02   2.118E+01  6.860E-02 
2.296E+02   2.129E+01  6.787E-02 
2.326E+02   2.140E+01  6.715E-02 
2.356E+02   2.151E+01  6.644E-02 
2.387E+02   2.162E+01  6.573E-02 
2.418E+02   2.173E+01  6.503E-02 
2.449E+02   2.183E+01  6.434E-02 
2.481E+02   2.194E+01  6.366E-02 
2.513E+02   2.204E+01  6.298E-02 
2.546E+02   2.215E+01  6.231E-02 
2.579E+02   2.225E+01  6.164E-02 
2.612E+02   2.235E+01  6.099E-02 
2.646E+02   2.245E+01  6.033E-02 
2.681E+02   2.255E+01  5.969E-02 
2.716E+02   2.264E+01  5.905E-02 
2.751E+02   2.274E+01  5.842E-02 
2.787E+02   2.283E+01  5.780E-02 
2.823E+02   2.293E+01  5.718E-02 
2.859E+02   2.302E+01  5.657E-02 
2.897E+02   2.311E+01  5.596E-02 
2.934E+02   2.320E+01  5.536E-02 
2.972E+02   2.329E+01  5.477E-02 
3.011E+02   2.337E+01  5.418E-02 
3.050E+02   2.346E+01  5.360E-02 
3.090E+02   2.354E+01  5.303E-02 
3.130E+02   2.362E+01  5.246E-02 
3.171E+02   2.370E+01  5.190E-02 
3.212E+02   2.378E+01  5.134E-02 
3.254E+02   2.385E+01  5.079E-02 
3.296E+02   2.393E+01  5.024E-02 
3.339E+02   2.400E+01  4.970E-02 
3.382E+02   2.407E+01  4.917E-02 
3.426E+02   2.414E+01  4.864E-02 
3.471E+02   2.420E+01  4.811E-02 
3.516E+02   2.427E+01  4.760E-02 
3.561E+02   2.433E+01  4.708E-02 
3.608E+02   2.439E+01  4.658E-02 
3.655E+02   2.445E+01  4.607E-02 
3.702E+02   2.451E+01  4.558E-02 
3.750E+02   2.456E+01  4.508E-02 
3.799E+02   2.462E+01  4.460E-02 
3.848E+02   2.467E+01  4.412E-02 
3.898E+02   2.472E+01  4.364E-02 
3.949E+02   2.476E+01  4.317E-02 
4.000E+02   2.481E+01  4.270E-02 
4.052E+02   2.485E+01  4.224E-02 
4.105E+02   2.489E+01  4.178E-02 
4.158E+02   2.493E+01  4.133E-02 
4.212E+02   2.496E+01  4.088E-02 
4.267E+02   2.500E+01  4.044E-02 
4.323E+02   2.503E+01  4.000E-02 
4.379E+02   2.505E+01  3.957E-02 
4.436E+02   2.508E+01  3.914E-02 
4.493E+02   2.511E+01  3.872E-02 
4.552E+02   2.513E+01  3.829E-02 
4.611E+02   2.515E+01  3.788E-02 
4.671E+02   2.516E+01  3.747E-02 
4.731E+02   2.518E+01  3.706E-02 
4.793E+02   2.519E+01  3.666E-02 
4.855E+02   2.520E+01  3.626E-02 
4.918E+02   2.521E+01  3.587E-02 
4.982E+02   2.522E+01  3.548E-02 
5.047E+02   2.522E+01  3.509E-02 
5.113E+02   2.522E+01  3.471E-02 
5.179E+02   2.522E+01  3.433E-02 
5.246E+02   2.522E+01  3.396E-02 
5.315E+02   2.521E+01  3.359E-02 
5.384E+02   2.520E+01  3.322E-02 
5.454E+02   2.519E+01  3.286E-02 
5.524E+02   2.518E+01  3.250E-02 
5.596E+02   2.516E+01  3.214E-02 
5.669E+02   2.514E+01  3.179E-02 
5.743E+02   2.512E+01  3.145E-02 
5.817E+02   2.510E+01  3.110E-02 
5.893E+02   2.508E+01  3.076E-02 
5.969E+02   2.505E+01  3.043E-02 
6.047E+02   2.502E+01  3.009E-02 
6.126E+02   2.499E+01  2.976E-02 
6.205E+02   2.496E+01  2.944E-02 
6.286E+02   2.492E+01  2.912E-02 
6.368E+02   2.488E+01  2.880E-02 
6.450E+02   2.484E+01  2.848E-02 
6.534E+02   2.480E+01  2.817E-02 
6.619E+02   2.476E+01  2.786E-02 
6.705E+02   2.471E+01  2.756E-02 
6.792E+02   2.466E+01  2.725E-02 
6.881E+02   2.461E+01  2.695E-02 
6.970E+02   2.456E+01  2.666E-02 
7.061E+02   2.451E+01  2.637E-02 
7.152E+02   2.445E+01  2.608E-02 
7.245E+02   2.439E+01  2.579E-02 
7.339E+02   2.433E+01  2.551E-02 
7.435E+02   2.427E+01  2.523E-02 
7.531E+02   2.420E+01  2.495E-02 
7.629E+02   2.414E+01  2.467E-02 
7.728E+02   2.407E+01  2.440E-02 
7.829E+02   2.400E+01  2.413E-02 
7.931E+02   2.393E+01  2.387E-02 
8.034E+02   2.386E+01  2.361E-02 
8.138E+02   2.378E+01  2.335E-02 
8.244E+02   2.370E+01  2.309E-02 
8.351E+02   2.363E+01  2.283E-02 
8.460E+02   2.355E+01  2.258E-02 
8.570E+02   2.347E+01  2.233E-02 
8.681E+02   2.338E+01  2.209E-02 
8.794E+02   2.330E+01  2.184E-02 
8.908E+02   2.321E+01  2.160E-02 
9.024E+02   2.313E+01  2.136E-02 
9.141E+02   2.304E+01  2.113E-02 
9.260E+02   2.295E+01  2.089E-02 
9.380E+02   2.286E+01  2.066E-02 
9.502E+02   2.276E+01  2.044E-02 
9.626E+02   2.267E+01  2.021E-02 
9.751E+02   2.257E+01  1.999E-02 
9.877E+02   2.248E+01  1.976E-02 
1.001E+03   2.238E+01  1.955E-02 
1.014E+03   2.228E+01  1.933E-02 
1.027E+03   2.218E+01  1.912E-02 
1.040E+03   2.208E+01  1.890E-02 
1.054E+03   2.198E+01  1.869E-02 
1.067E+03   2.187E+01  1.849E-02 
1.081E+03   2.177E+01  1.828E-02 
1.095E+03   2.167E+01  1.808E-02 
1.109E+03   2.156E+01  1.788E-02 
1.124E+03   2.145E+01  1.768E-02 
1.138E+03   2.135E+01  1.748E-02 
1.153E+03   2.124E+01  1.729E-02 
1.168E+03   2.113E+01  1.710E-02 
1.183E+03   2.102E+01  1.691E-02 
1.199E+03   2.091E+01  1.672E-02 
1.214E+03   2.080E+01  1.653E-02 
1.230E+03   2.068E+01  1.635E-02 
1.246E+03   2.057E+01  1.617E-02 
1.262E+03   2.046E+01  1.599E-02 
1.279E+03   2.034E+01  1.581E-02 
1.295E+03   2.023E+01  1.564E-02 
1.312E+03   2.012E+01  1.546E-02 
1.329E+03   2.000E+01  1.529E-02 
1.347E+03   1.988E+01  1.512E-02 
1.364E+03   1.977E+01  1.495E-02 
1.382E+03   1.965E+01  1.478E-02 
1.400E+03   1.954E+01  1.462E-02 
1.418E+03   1.942E+01  1.446E-02 
1.436E+03   1.930E+01  1.430E-02 
1.455E+03   1.918E+01  1.414E-02 
1.474E+03   1.906E+01  1.398E-02 
1.493E+03   1.895E+01  1.382E-02 
1.513E+03   1.883E+01  1.367E-02 
1.532E+03   1.871E+01  1.352E-02 
1.552E+03   1.859E+01  1.336E-02 
1.572E+03   1.847E+01  1.321E-02 
1.593E+03   1.835E+01  1.307E-02 
1.613E+03   1.823E+01  1.292E-02 
1.634E+03   1.811E+01  1.278E-02 
1.656E+03   1.799E+01  1.263E-02 
1.677E+03   1.787E+01  1.249E-02 
1.699E+03   1.776E+01  1.235E-02 
1.721E+03   1.764E+01  1.221E-02 
1.743E+03   1.752E+01  1.208E-02 
1.766E+03   1.740E+01  1.194E-02 
1.789E+03   1.728E+01  1.181E-02 
1.812E+03   1.716E+01  1.168E-02 
1.836E+03   1.704E+01  1.155E-02 
1.860E+03   1.692E+01  1.142E-02 
1.884E+03   1.680E+01  1.129E-02 
1.908E+03   1.669E+01  1.116E-02 
1.933E+03   1.657E+01  1.104E-02 
1.958E+03   1.645E+01  1.091E-02 
1.984E+03   1.633E+01  1.079E-02 
2.009E+03   1.621E+01  1.067E-02 
2.036E+03   1.610E+01  1.055E-02 
2.062E+03   1.598E+01  1.043E-02 
2.089E+03   1.586E+01  1.031E-02 
2.116E+03   1.575E+01  1.020E-02 
2.143E+03   1.563E+01  1.008E-02 
2.171E+03   1.551E+01  9.970E-03 
2.200E+03   1.540E+01  9.858E-03 
2.228E+03   1.528E+01  9.748E-03 
2.257E+03   1.517E+01  9.638E-03 
2.286E+03   1.505E+01  9.529E-03 
2.316E+03   1.494E+01  9.422E-03 
2.346E+03   1.483E+01  9.316E-03 
2.377E+03   1.471E+01  9.211E-03 
2.408E+03   1.460E+01  9.108E-03 
2.439E+03   1.449E+01  9.005E-03 
2.471E+03   1.438E+01  8.904E-03 
2.503E+03   1.427E+01  8.803E-03 
2.535E+03   1.415E+01  8.704E-03 
2.568E+03   1.404E+01  8.606E-03 
2.602E+03   1.393E+01  8.509E-03 
2.635E+03   1.382E+01  8.413E-03 
2.670E+03   1.371E+01  8.318E-03 
2.704E+03   1.361E+01  8.224E-03 
2.740E+03   1.350E+01  8.132E-03 
2.775E+03   1.339E+01  8.040E-03 
2.811E+03   1.328E+01  7.949E-03 
2.848E+03   1.318E+01  7.859E-03 
2.885E+03   1.307E+01  7.771E-03 
2.922E+03   1.296E+01  7.683E-03 
2.960E+03   1.286E+01  7.596E-03 
2.999E+03   1.276E+01  7.510E-03 
3.038E+03   1.265E+01  7.425E-03 
3.077E+03   1.255E+01  7.341E-03 
3.117E+03   1.245E+01  7.258E-03 
3.158E+03   1.234E+01  7.176E-03 
3.199E+03   1.224E+01  7.095E-03 
3.240E+03   1.214E+01  7.015E-03 
3.282E+03   1.204E+01  6.936E-03 
3.325E+03   1.194E+01  6.857E-03 
3.368E+03   1.184E+01  6.779E-03 
3.412E+03   1.174E+01  6.703E-03 
3.456E+03   1.164E+01  6.627E-03 
3.501E+03   1.155E+01  6.552E-03 
3.547E+03   1.145E+01  6.477E-03 
3.593E+03   1.135E+01  6.404E-03 
3.640E+03   1.126E+01  6.332E-03 
3.687E+03   1.116E+01  6.260E-03 
3.735E+03   1.107E+01  6.189E-03 
3.783E+03   1.097E+01  6.119E-03 
3.832E+03   1.088E+01  6.049E-03 
3.882E+03   1.079E+01  5.981E-03 
3.933E+03   1.069E+01  5.913E-03 
3.984E+03   1.060E+01  5.846E-03 
4.036E+03   1.051E+01  5.779E-03 
4.088E+03   1.042E+01  5.714E-03 
4.141E+03   1.033E+01  5.649E-03 
4.195E+03   1.024E+01  5.585E-03 
4.250E+03   1.015E+01  5.521E-03 
4.305E+03   1.006E+01  5.458E-03 
4.361E+03   9.977E+00  5.396E-03 
4.417E+03   9.890E+00  5.335E-03 
4.475E+03   9.803E+00  5.274E-03 
4.533E+03   9.718E+00  5.214E-03 
4.592E+03   9.633E+00  5.155E-03 
4.652E+03   9.548E+00  5.096E-03 
4.712E+03   9.464E+00  5.038E-03 
4.773E+03   9.381E+00  4.981E-03 
4.835E+03   9.298E+00  4.924E-03 
4.898E+03   9.216E+00  4.868E-03 
4.962E+03   9.135E+00  4.813E-03 
5.026E+03   9.054E+00  4.758E-03 
5.092E+03   8.974E+00  4.704E-03 
5.158E+03   8.894E+00  4.650E-03 
5.225E+03   8.815E+00  4.597E-03 
5.293E+03   8.736E+00  4.545E-03 
5.362E+03   8.658E+00  4.493E-03 
5.431E+03   8.581E+00  4.442E-03 
5.502E+03   8.504E+00  4.391E-03 
5.573E+03   8.428E+00  4.341E-03 
5.646E+03   8.352E+00  4.292E-03 
5.719E+03   8.277E+00  4.243E-03 
5.793E+03   8.203E+00  4.194E-03 
5.869E+03   8.129E+00  4.146E-03 
5.945E+03   8.055E+00  4.099E-03 
6.022E+03   7.983E+00  4.052E-03 
6.101E+03   7.910E+00  4.006E-03 
6.180E+03   7.839E+00  3.960E-03 
6.260E+03   7.768E+00  3.915E-03 
6.341E+03   7.697E+00  3.870E-03 
6.424E+03   7.627E+00  3.826E-03 
6.507E+03   7.558E+00  3.782E-03 
6.592E+03   7.489E+00  3.739E-03 
6.678E+03   7.420E+00  3.696E-03 
6.764E+03   7.353E+00  3.654E-03 
6.852E+03   7.285E+00  3.612E-03 
6.941E+03   7.219E+00  3.571E-03 
7.032E+03   7.153E+00  3.530E-03 
7.123E+03   7.087E+00  3.490E-03 
7.216E+03   7.022E+00  3.450E-03 
7.309E+03   6.957E+00  3.410E-03 
7.404E+03   6.893E+00  3.371E-03 
7.501E+03   6.830E+00  3.333E-03 
7.598E+03   6.767E+00  3.294E-03 
7.697E+03   6.704E+00  3.257E-03 
7.797E+03   6.642E+00  3.219E-03 
7.898E+03   6.581E+00  3.182E-03 
8.001E+03   6.520E+00  3.146E-03 
8.105E+03   6.460E+00  3.110E-03 
8.210E+03   6.399E+00  3.074E-03 
8.317E+03   6.338E+00  3.039E-03 
8.425E+03   6.276E+00  3.004E-03 
8.534E+03   6.213E+00  2.970E-03 
8.645E+03   6.149E+00  2.936E-03 
8.758E+03   6.085E+00  2.902E-03 
8.871E+03   6.019E+00  2.869E-03 
8.987E+03   5.953E+00  2.836E-03 
9.104E+03   5.886E+00  2.803E-03 
9.222E+03   5.818E+00  2.771E-03 
9.342E+03   5.749E+00  2.739E-03 
9.463E+03   5.679E+00  2.708E-03 
9.586E+03   5.608E+00  2.677E-03 
9.711E+03   5.548E+00  2.646E-03 
9.837E+03   5.491E+00  2.616E-03 
9.965E+03   5.435E+00  2.585E-03 
1.009E+04   5.379E+00  2.556E-03 
1.023E+04   5.323E+00  2.526E-03 
1.036E+04   5.269E+00  2.497E-03 
1.049E+04   5.214E+00  2.469E-03 
1.063E+04   5.161E+00  2.440E-03 
1.077E+04   5.108E+00  2.412E-03 
1.091E+04   5.055E+00  2.384E-03 
1.105E+04   5.003E+00  2.357E-03 
1.119E+04   4.952E+00  2.330E-03 
1.134E+04   4.901E+00  2.303E-03 
1.149E+04   4.850E+00  2.276E-03 
1.163E+04   4.800E+00  2.250E-03 
1.179E+04   4.751E+00  2.224E-03 
1.194E+04   4.702E+00  2.199E-03 
1.209E+04   4.654E+00  2.173E-03 
1.225E+04   4.606E+00  2.148E-03 
1.241E+04   4.558E+00  2.124E-03 
1.257E+04   4.511E+00  2.099E-03 
1.274E+04   4.465E+00  2.075E-03 
1.290E+04   4.419E+00  2.051E-03 
1.307E+04   4.373E+00  2.027E-03 
1.324E+04   4.328E+00  2.004E-03 
1.341E+04   4.284E+00  1.981E-03 
1.358E+04   4.240E+00  1.958E-03 
1.376E+04   4.196E+00  1.935E-03 
1.394E+04   4.153E+00  1.913E-03 
1.412E+04   4.110E+00  1.891E-03 
1.431E+04   4.068E+00  1.869E-03 
1.449E+04   4.026E+00  1.848E-03 
1.468E+04   3.984E+00  1.826E-03 
1.487E+04   3.943E+00  1.805E-03 
1.506E+04   3.902E+00  1.784E-03 
1.526E+04   3.862E+00  1.764E-03 
1.546E+04   3.822E+00  1.743E-03 
1.566E+04   3.783E+00  1.723E-03 
1.586E+04   3.744E+00  1.703E-03 
1.607E+04   3.705E+00  1.684E-03 
1.628E+04   3.667E+00  1.664E-03 
1.649E+04   3.629E+00  1.645E-03 
1.670E+04   3.591E+00  1.626E-03 
1.692E+04   3.554E+00  1.607E-03 
1.714E+04   3.518E+00  1.589E-03 
1.736E+04   3.481E+00  1.570E-03 
1.759E+04   3.445E+00  1.552E-03 
1.782E+04   3.410E+00  1.534E-03 
1.805E+04   3.374E+00  1.516E-03 
1.828E+04   3.339E+00  1.499E-03 
1.852E+04   3.305E+00  1.481E-03 
1.876E+04   3.271E+00  1.464E-03 
1.900E+04   3.237E+00  1.447E-03 
1.925E+04   3.203E+00  1.431E-03 
1.950E+04   3.170E+00  1.414E-03 
1.976E+04   3.137E+00  1.398E-03 
2.001E+04   3.104E+00  1.381E-03 
2.027E+04   3.072E+00  1.365E-03 
2.054E+04   3.040E+00  1.350E-03 
2.080E+04   3.009E+00  1.334E-03 
2.107E+04   2.978E+00  1.319E-03 
2.135E+04   2.947E+00  1.303E-03 
2.162E+04   2.916E+00  1.288E-03 
2.191E+04   2.886E+00  1.273E-03 
2.219E+04   2.856E+00  1.258E-03 
2.248E+04   2.826E+00  1.244E-03 
2.277E+04   2.797E+00  1.229E-03 
2.307E+04   2.768E+00  1.215E-03 
2.337E+04   2.739E+00  1.201E-03 
2.367E+04   2.710E+00  1.187E-03 
2.398E+04   2.682E+00  1.173E-03 
2.429E+04   2.654E+00  1.160E-03 
2.461E+04   2.626E+00  1.146E-03 
2.492E+04   2.599E+00  1.133E-03 
2.525E+04   2.572E+00  1.120E-03 
2.558E+04   2.545E+00  1.107E-03 
2.591E+04   2.518E+00  1.094E-03 
2.625E+04   2.492E+00  1.081E-03 
2.659E+04   2.466E+00  1.069E-03 
2.693E+04   2.440E+00  1.056E-03 
2.728E+04   2.415E+00  1.044E-03 
2.764E+04   2.390E+00  1.032E-03 
2.800E+04   2.365E+00  1.020E-03 
2.836E+04   2.340E+00  1.008E-03 
2.873E+04   2.315E+00  9.963E-04 
2.910E+04   2.291E+00  9.847E-04 
2.948E+04   2.267E+00  9.733E-04 
2.986E+04   2.243E+00  9.619E-04 
3.025E+04   2.220E+00  9.507E-04 
3.065E+04   2.197E+00  9.397E-04 
3.104E+04   2.174E+00  9.288E-04 
3.145E+04   2.151E+00  9.179E-04 
3.186E+04   2.128E+00  9.073E-04 
3.227E+04   2.106E+00  8.967E-04 
3.269E+04   2.084E+00  8.863E-04 
3.311E+04   2.062E+00  8.760E-04 
3.354E+04   2.040E+00  8.658E-04 
3.398E+04   2.019E+00  8.557E-04 
3.442E+04   1.998E+00  8.457E-04 
3.487E+04   1.977E+00  8.359E-04 
3.532E+04   1.956E+00  8.261E-04 
3.578E+04   1.935E+00  8.165E-04 
3.625E+04   1.915E+00  8.070E-04 
3.672E+04   1.895E+00  7.976E-04 
3.719E+04   1.875E+00  7.883E-04 
3.768E+04   1.855E+00  7.791E-04 
3.817E+04   1.836E+00  7.700E-04 
3.866E+04   1.816E+00  7.610E-04 
3.917E+04   1.797E+00  7.522E-04 
3.968E+04   1.778E+00  7.434E-04 
4.019E+04   1.759E+00  7.347E-04 
4.071E+04   1.741E+00  7.261E-04 
4.124E+04   1.722E+00  7.177E-04 
4.178E+04   1.704E+00  7.093E-04 
4.232E+04   1.686E+00  7.010E-04 
4.287E+04   1.668E+00  6.928E-04 
4.343E+04   1.651E+00  6.848E-04 
4.399E+04   1.633E+00  6.768E-04 
4.456E+04   1.616E+00  6.689E-04 
4.514E+04   1.599E+00  6.611E-04 
4.573E+04   1.582E+00  6.533E-04 
4.632E+04   1.566E+00  6.457E-04 
4.693E+04   1.549E+00  6.382E-04 
4.754E+04   1.533E+00  6.307E-04 
4.815E+04   1.516E+00  6.233E-04 
4.878E+04   1.500E+00  6.161E-04 
4.941E+04   1.484E+00  6.089E-04 
5.006E+04   1.469E+00  6.018E-04 
5.071E+04   1.453E+00  5.947E-04 
5.137E+04   1.438E+00  5.878E-04 
5.203E+04   1.423E+00  5.809E-04 
5.271E+04   1.408E+00  5.741E-04 
5.340E+04   1.393E+00  5.674E-04 
5.409E+04   1.378E+00  5.608E-04 
5.479E+04   1.363E+00  5.542E-04 
5.550E+04   1.349E+00  5.477E-04 
5.623E+04   1.335E+00  5.413E-04 
5.696E+04   1.320E+00  5.350E-04 
5.770E+04   1.307E+00  5.287E-04 
5.845E+04   1.293E+00  5.225E-04 
5.921E+04   1.279E+00  5.164E-04 
5.998E+04   1.265E+00  5.104E-04 
6.075E+04   1.252E+00  5.044E-04 
6.154E+04   1.239E+00  4.985E-04 
6.234E+04   1.226E+00  4.927E-04 
6.315E+04   1.213E+00  4.869E-04 
6.398E+04   1.200E+00  4.812E-04 
6.481E+04   1.187E+00  4.756E-04 
6.565E+04   1.174E+00  4.700E-04 
6.650E+04   1.162E+00  4.645E-04 
6.737E+04   1.150E+00  4.590E-04 
6.824E+04   1.138E+00  4.537E-04 
6.913E+04   1.125E+00  4.483E-04 
7.003E+04   1.114E+00  4.431E-04 
7.094E+04   1.102E+00  4.379E-04 
7.186E+04   1.090E+00  4.328E-04 
7.279E+04   1.079E+00  4.277E-04 
7.374E+04   1.067E+00  4.227E-04 
7.470E+04   1.056E+00  4.177E-04 
7.567E+04   1.045E+00  4.128E-04 
7.665E+04   1.034E+00  4.080E-04 
7.765E+04   1.023E+00  4.032E-04 
7.866E+04   1.012E+00  3.985E-04 
7.968E+04   1.001E+00  3.938E-04 
8.072E+04   9.905E-01  3.892E-04 
8.176E+04   9.800E-01  3.846E-04 
8.283E+04   9.696E-01  3.801E-04 
8.390E+04   9.593E-01  3.756E-04 
8.499E+04   9.492E-01  3.712E-04 
8.610E+04   9.391E-01  3.669E-04 
8.722E+04   9.292E-01  3.626E-04 
8.835E+04   9.194E-01  3.583E-04 
8.950E+04   9.096E-01  3.541E-04 
9.066E+04   9.000E-01  3.499E-04 
9.184E+04   8.905E-01  3.458E-04 
9.303E+04   8.811E-01  3.418E-04 
9.424E+04   8.718E-01  3.377E-04 
9.547E+04   8.626E-01  3.338E-04 
9.671E+04   8.534E-01  3.299E-04 
9.797E+04   8.444E-01  3.260E-04 
9.924E+04   8.355E-01  3.221E-04 
1.005E+05   8.267E-01  3.184E-04 
1.018E+05   8.180E-01  3.146E-04 
1.032E+05   8.093E-01  3.109E-04 
1.045E+05   8.008E-01  3.073E-04 
1.059E+05   7.923E-01  3.037E-04 
1.072E+05   7.840E-01  3.001E-04 
1.086E+05   7.757E-01  2.966E-04 
1.100E+05   7.676E-01  2.931E-04 
1.115E+05   7.595E-01  2.896E-04 
1.129E+05   7.515E-01  2.862E-04 
1.144E+05   7.436E-01  2.828E-04 
1.159E+05   7.357E-01  2.795E-04 
1.174E+05   7.280E-01  2.762E-04 
1.189E+05   7.203E-01  2.730E-04 
1.204E+05   7.128E-01  2.698E-04 
1.220E+05   7.053E-01  2.666E-04 
1.236E+05   6.979E-01  2.634E-04 
1.252E+05   6.905E-01  2.603E-04 
1.268E+05   6.833E-01  2.573E-04 
1.285E+05   6.761E-01  2.543E-04 
1.302E+05   6.690E-01  2.513E-04 
1.318E+05   6.620E-01  2.483E-04 
1.336E+05   6.551E-01  2.454E-04 
1.353E+05   6.482E-01  2.425E-04 
1.371E+05   6.414E-01  2.396E-04 
1.388E+05   6.347E-01  2.368E-04 
1.406E+05   6.281E-01  2.340E-04 
1.425E+05   6.215E-01  2.313E-04 
1.443E+05   6.150E-01  2.285E-04 
1.462E+05   6.086E-01  2.258E-04 
1.481E+05   6.022E-01  2.232E-04 
1.500E+05   5.959E-01  2.205E-04 
1.520E+05   5.897E-01  2.179E-04 
1.539E+05   5.836E-01  2.154E-04 
1.559E+05   5.775E-01  2.128E-04 
1.580E+05   5.715E-01  2.103E-04 
1.600E+05   5.655E-01  2.078E-04 
1.621E+05   5.597E-01  2.054E-04 
1.642E+05   5.539E-01  2.030E-04 
1.663E+05   5.481E-01  2.006E-04 
1.685E+05   5.424E-01  1.982E-04 
1.707E+05   5.368E-01  1.959E-04 
1.729E+05   5.312E-01  1.936E-04 
1.752E+05   5.257E-01  1.913E-04 
1.774E+05   5.203E-01  1.890E-04 
1.797E+05   5.149E-01  1.868E-04 
1.821E+05   5.096E-01  1.846E-04 
1.844E+05   5.043E-01  1.824E-04 
1.868E+05   4.991E-01  1.802E-04 
1.893E+05   4.940E-01  1.781E-04 
1.917E+05   4.889E-01  1.760E-04 
1.942E+05   4.838E-01  1.739E-04 
1.967E+05   4.789E-01  1.719E-04 
1.993E+05   4.739E-01  1.699E-04 
2.019E+05   4.691E-01  1.678E-04 
2.045E+05   4.643E-01  1.659E-04 
2.072E+05   4.595E-01  1.639E-04 
2.099E+05   4.548E-01  1.620E-04 
2.126E+05   4.501E-01  1.601E-04 
2.154E+05   4.455E-01  1.582E-04 
2.182E+05   4.410E-01  1.563E-04 
2.210E+05   4.365E-01  1.544E-04 
2.239E+05   4.320E-01  1.526E-04 
2.268E+05   4.276E-01  1.508E-04 
2.297E+05   4.233E-01  1.490E-04 
2.327E+05   4.190E-01  1.473E-04 
2.357E+05   4.147E-01  1.455E-04 
2.388E+05   4.105E-01  1.438E-04 
2.419E+05   4.063E-01  1.421E-04 
2.450E+05   4.022E-01  1.404E-04 
2.482E+05   3.981E-01  1.388E-04 
2.515E+05   3.941E-01  1.371E-04 
2.547E+05   3.901E-01  1.355E-04 
2.580E+05   3.862E-01  1.339E-04 
2.614E+05   3.823E-01  1.323E-04 
2.648E+05   3.785E-01  1.307E-04 
2.682E+05   3.747E-01  1.292E-04 
2.717E+05   3.709E-01  1.277E-04 
2.752E+05   3.672E-01  1.262E-04 
2.788E+05   3.635E-01  1.247E-04 
2.824E+05   3.599E-01  1.232E-04 
2.861E+05   3.563E-01  1.217E-04 
2.898E+05   3.527E-01  1.203E-04 
2.936E+05   3.492E-01  1.189E-04 
2.974E+05   3.457E-01  1.175E-04 
3.013E+05   3.423E-01  1.161E-04 
3.052E+05   3.389E-01  1.147E-04 
3.092E+05   3.355E-01  1.133E-04 
3.132E+05   3.322E-01  1.120E-04 
3.172E+05   3.289E-01  1.107E-04 
3.214E+05   3.257E-01  1.094E-04 
3.255E+05   3.225E-01  1.081E-04 
3.298E+05   3.193E-01  1.068E-04 
3.341E+05   3.162E-01  1.055E-04 
3.384E+05   3.131E-01  1.043E-04 
3.428E+05   3.100E-01  1.030E-04 
3.473E+05   3.070E-01  1.018E-04 
3.518E+05   3.040E-01  1.006E-04 
3.563E+05   3.010E-01  9.940E-05 
3.610E+05   2.981E-01  9.822E-05 
3.657E+05   2.952E-01  9.706E-05 
3.704E+05   2.923E-01  9.591E-05 
3.752E+05   2.895E-01  9.477E-05 
3.801E+05   2.867E-01  9.365E-05 
3.851E+05   2.839E-01  9.253E-05 
3.901E+05   2.812E-01  9.144E-05 
3.951E+05   2.785E-01  9.035E-05 
4.003E+05   2.758E-01  8.928E-05 
