Ion = Helium      . Mass = 4.0026
Tgt = Ne (Solid). Density = 1.204 g/cm3
Stopping Units =  eV/(1E15 atoms/cm2)
Energy(keV)  S(Elec)    S(Nuc)
1.000E+00   2.039E+00  3.883E+00 
1.013E+00   2.053E+00  3.880E+00 
1.026E+00   2.066E+00  3.876E+00 
1.039E+00   2.079E+00  3.873E+00 
1.053E+00   2.093E+00  3.869E+00 
1.067E+00   2.106E+00  3.865E+00 
1.081E+00   2.120E+00  3.861E+00 
1.095E+00   2.134E+00  3.857E+00 
1.109E+00   2.147E+00  3.853E+00 
1.123E+00   2.161E+00  3.848E+00 
1.138E+00   2.175E+00  3.844E+00 
1.153E+00   2.189E+00  3.839E+00 
1.168E+00   2.204E+00  3.834E+00 
1.183E+00   2.218E+00  3.829E+00 
1.198E+00   2.232E+00  3.824E+00 
1.214E+00   2.247E+00  3.819E+00 
1.229E+00   2.261E+00  3.814E+00 
1.245E+00   2.276E+00  3.808E+00 
1.262E+00   2.291E+00  3.803E+00 
1.278E+00   2.306E+00  3.797E+00 
1.295E+00   2.320E+00  3.791E+00 
1.311E+00   2.335E+00  3.785E+00 
1.329E+00   2.351E+00  3.779E+00 
1.346E+00   2.366E+00  3.773E+00 
1.363E+00   2.381E+00  3.766E+00 
1.381E+00   2.397E+00  3.760E+00 
1.399E+00   2.412E+00  3.753E+00 
1.417E+00   2.428E+00  3.746E+00 
1.436E+00   2.443E+00  3.740E+00 
1.454E+00   2.459E+00  3.733E+00 
1.473E+00   2.475E+00  3.726E+00 
1.492E+00   2.491E+00  3.718E+00 
1.512E+00   2.507E+00  3.711E+00 
1.531E+00   2.524E+00  3.704E+00 
1.551E+00   2.540E+00  3.696E+00 
1.571E+00   2.556E+00  3.688E+00 
1.592E+00   2.573E+00  3.680E+00 
1.612E+00   2.590E+00  3.672E+00 
1.633E+00   2.606E+00  3.664E+00 
1.655E+00   2.623E+00  3.656E+00 
1.676E+00   2.640E+00  3.648E+00 
1.698E+00   2.657E+00  3.640E+00 
1.720E+00   2.675E+00  3.631E+00 
1.742E+00   2.692E+00  3.622E+00 
1.765E+00   2.709E+00  3.614E+00 
1.788E+00   2.727E+00  3.605E+00 
1.811E+00   2.745E+00  3.596E+00 
1.835E+00   2.762E+00  3.587E+00 
1.859E+00   2.780E+00  3.578E+00 
1.883E+00   2.798E+00  3.568E+00 
1.907E+00   2.816E+00  3.559E+00 
1.932E+00   2.835E+00  3.550E+00 
1.957E+00   2.853E+00  3.540E+00 
1.983E+00   2.871E+00  3.530E+00 
2.008E+00   2.890E+00  3.521E+00 
2.034E+00   2.909E+00  3.511E+00 
2.061E+00   2.928E+00  3.501E+00 
2.088E+00   2.947E+00  3.491E+00 
2.115E+00   2.966E+00  3.480E+00 
2.142E+00   2.985E+00  3.470E+00 
2.170E+00   3.004E+00  3.460E+00 
2.198E+00   3.024E+00  3.449E+00 
2.227E+00   3.043E+00  3.439E+00 
2.256E+00   3.063E+00  3.428E+00 
2.285E+00   3.083E+00  3.417E+00 
2.315E+00   3.103E+00  3.406E+00 
2.345E+00   3.123E+00  3.396E+00 
2.375E+00   3.143E+00  3.384E+00 
2.406E+00   3.163E+00  3.373E+00 
2.438E+00   3.184E+00  3.362E+00 
2.469E+00   3.205E+00  3.351E+00 
2.501E+00   3.225E+00  3.340E+00 
2.534E+00   3.246E+00  3.328E+00 
2.567E+00   3.267E+00  3.317E+00 
2.600E+00   3.288E+00  3.305E+00 
2.634E+00   3.310E+00  3.293E+00 
2.668E+00   3.331E+00  3.282E+00 
2.703E+00   3.353E+00  3.270E+00 
2.738E+00   3.374E+00  3.258E+00 
2.773E+00   3.396E+00  3.246E+00 
2.810E+00   3.418E+00  3.234E+00 
2.846E+00   3.440E+00  3.222E+00 
2.883E+00   3.463E+00  3.210E+00 
2.921E+00   3.485E+00  3.198E+00 
2.958E+00   3.508E+00  3.185E+00 
2.997E+00   3.530E+00  3.173E+00 
3.036E+00   3.553E+00  3.161E+00 
3.075E+00   3.576E+00  3.148E+00 
3.115E+00   3.600E+00  3.135E+00 
3.156E+00   3.623E+00  3.123E+00 
3.197E+00   3.646E+00  3.110E+00 
3.238E+00   3.670E+00  3.098E+00 
3.280E+00   3.694E+00  3.085E+00 
3.323E+00   3.718E+00  3.072E+00 
3.366E+00   3.742E+00  3.059E+00 
3.410E+00   3.766E+00  3.046E+00 
3.454E+00   3.790E+00  3.033E+00 
3.499E+00   3.815E+00  3.020E+00 
3.545E+00   3.840E+00  3.007E+00 
3.591E+00   3.864E+00  2.994E+00 
3.637E+00   3.889E+00  2.981E+00 
3.685E+00   3.915E+00  2.968E+00 
3.733E+00   3.940E+00  2.954E+00 
3.781E+00   3.966E+00  2.941E+00 
3.830E+00   3.991E+00  2.928E+00 
3.880E+00   4.017E+00  2.914E+00 
3.930E+00   4.043E+00  2.901E+00 
3.982E+00   4.069E+00  2.888E+00 
4.033E+00   4.096E+00  2.874E+00 
4.086E+00   4.122E+00  2.861E+00 
4.139E+00   4.149E+00  2.847E+00 
4.193E+00   4.176E+00  2.834E+00 
4.247E+00   4.203E+00  2.820E+00 
4.302E+00   4.230E+00  2.806E+00 
4.358E+00   4.257E+00  2.793E+00 
4.415E+00   4.285E+00  2.779E+00 
4.472E+00   4.313E+00  2.765E+00 
4.530E+00   4.341E+00  2.752E+00 
4.589E+00   4.369E+00  2.738E+00 
4.649E+00   4.397E+00  2.724E+00 
4.709E+00   4.426E+00  2.711E+00 
4.770E+00   4.454E+00  2.697E+00 
4.832E+00   4.483E+00  2.683E+00 
4.895E+00   4.512E+00  2.669E+00 
4.959E+00   4.541E+00  2.655E+00 
5.023E+00   4.571E+00  2.642E+00 
5.089E+00   4.600E+00  2.628E+00 
5.155E+00   4.630E+00  2.614E+00 
5.222E+00   4.660E+00  2.600E+00 
5.290E+00   4.690E+00  2.586E+00 
5.358E+00   4.721E+00  2.572E+00 
5.428E+00   4.751E+00  2.558E+00 
5.499E+00   4.782E+00  2.545E+00 
5.570E+00   4.813E+00  2.531E+00 
5.642E+00   4.844E+00  2.517E+00 
5.716E+00   4.876E+00  2.503E+00 
5.790E+00   4.907E+00  2.489E+00 
5.865E+00   4.939E+00  2.475E+00 
5.942E+00   4.971E+00  2.461E+00 
6.019E+00   5.003E+00  2.447E+00 
6.097E+00   5.036E+00  2.434E+00 
6.176E+00   5.068E+00  2.420E+00 
6.256E+00   5.101E+00  2.406E+00 
6.338E+00   5.134E+00  2.392E+00 
6.420E+00   5.167E+00  2.378E+00 
6.504E+00   5.201E+00  2.364E+00 
6.588E+00   5.235E+00  2.351E+00 
6.674E+00   5.268E+00  2.337E+00 
6.760E+00   5.303E+00  2.323E+00 
6.848E+00   5.337E+00  2.309E+00 
6.937E+00   5.371E+00  2.296E+00 
7.027E+00   5.406E+00  2.282E+00 
7.119E+00   5.441E+00  2.268E+00 
7.211E+00   5.477E+00  2.254E+00 
7.305E+00   5.512E+00  2.241E+00 
7.400E+00   5.548E+00  2.227E+00 
7.496E+00   5.584E+00  2.213E+00 
7.594E+00   5.620E+00  2.200E+00 
7.692E+00   5.656E+00  2.186E+00 
7.792E+00   5.693E+00  2.173E+00 
7.894E+00   5.730E+00  2.159E+00 
7.996E+00   5.767E+00  2.146E+00 
8.100E+00   5.804E+00  2.132E+00 
8.205E+00   5.842E+00  2.119E+00 
8.312E+00   5.880E+00  2.105E+00 
8.420E+00   5.918E+00  2.092E+00 
8.529E+00   5.957E+00  2.078E+00 
8.640E+00   5.996E+00  2.065E+00 
8.753E+00   6.035E+00  2.052E+00 
8.866E+00   6.074E+00  2.039E+00 
8.982E+00   6.114E+00  2.025E+00 
9.098E+00   6.154E+00  2.012E+00 
9.217E+00   6.194E+00  1.999E+00 
9.336E+00   6.234E+00  1.986E+00 
9.458E+00   6.275E+00  1.973E+00 
9.581E+00   6.316E+00  1.960E+00 
9.705E+00   6.357E+00  1.947E+00 
9.831E+00   6.399E+00  1.934E+00 
9.959E+00   6.440E+00  1.921E+00 
1.009E+01   6.482E+00  1.908E+00 
1.022E+01   6.525E+00  1.895E+00 
1.035E+01   6.567E+00  1.882E+00 
1.049E+01   6.610E+00  1.869E+00 
1.062E+01   6.654E+00  1.856E+00 
1.076E+01   6.697E+00  1.844E+00 
1.090E+01   6.741E+00  1.831E+00 
1.104E+01   6.785E+00  1.818E+00 
1.119E+01   6.829E+00  1.806E+00 
1.133E+01   6.874E+00  1.793E+00 
1.148E+01   6.919E+00  1.781E+00 
1.163E+01   6.965E+00  1.768E+00 
1.178E+01   7.010E+00  1.756E+00 
1.193E+01   7.056E+00  1.743E+00 
1.209E+01   7.102E+00  1.731E+00 
1.224E+01   7.149E+00  1.719E+00 
1.240E+01   7.196E+00  1.707E+00 
1.256E+01   7.243E+00  1.694E+00 
1.273E+01   7.291E+00  1.682E+00 
1.289E+01   7.338E+00  1.670E+00 
1.306E+01   7.387E+00  1.658E+00 
1.323E+01   7.435E+00  1.646E+00 
1.340E+01   7.484E+00  1.634E+00 
1.358E+01   7.533E+00  1.622E+00 
1.375E+01   7.583E+00  1.611E+00 
1.393E+01   7.633E+00  1.599E+00 
1.411E+01   7.683E+00  1.587E+00 
1.430E+01   7.733E+00  1.575E+00 
1.448E+01   7.784E+00  1.564E+00 
1.467E+01   7.836E+00  1.552E+00 
1.486E+01   7.887E+00  1.541E+00 
1.505E+01   7.939E+00  1.529E+00 
1.525E+01   7.991E+00  1.518E+00 
1.545E+01   8.044E+00  1.506E+00 
1.565E+01   8.097E+00  1.495E+00 
1.585E+01   8.151E+00  1.484E+00 
1.606E+01   8.204E+00  1.473E+00 
1.627E+01   8.259E+00  1.461E+00 
1.648E+01   8.313E+00  1.450E+00 
1.669E+01   8.368E+00  1.439E+00 
1.691E+01   8.423E+00  1.428E+00 
1.713E+01   8.479E+00  1.417E+00 
1.735E+01   8.535E+00  1.406E+00 
1.758E+01   8.592E+00  1.396E+00 
1.781E+01   8.648E+00  1.385E+00 
1.804E+01   8.706E+00  1.374E+00 
1.827E+01   8.763E+00  1.364E+00 
1.851E+01   8.821E+00  1.353E+00 
1.875E+01   8.880E+00  1.342E+00 
1.899E+01   8.939E+00  1.332E+00 
1.924E+01   8.998E+00  1.321E+00 
1.949E+01   9.058E+00  1.311E+00 
1.974E+01   9.118E+00  1.301E+00 
2.000E+01   9.178E+00  1.290E+00 
2.026E+01   9.239E+00  1.280E+00 
2.052E+01   9.300E+00  1.270E+00 
2.079E+01   9.362E+00  1.260E+00 
2.106E+01   9.425E+00  1.250E+00 
2.133E+01   9.487E+00  1.240E+00 
2.161E+01   9.550E+00  1.230E+00 
2.189E+01   9.614E+00  1.220E+00 
2.218E+01   9.678E+00  1.210E+00 
2.247E+01   9.742E+00  1.201E+00 
2.276E+01   9.807E+00  1.191E+00 
2.305E+01   9.873E+00  1.181E+00 
2.335E+01   9.938E+00  1.172E+00 
2.366E+01   1.000E+01  1.162E+00 
2.396E+01   1.007E+01  1.153E+00 
2.428E+01   1.014E+01  1.143E+00 
2.459E+01   1.021E+01  1.134E+00 
2.491E+01   1.027E+01  1.125E+00 
2.523E+01   1.034E+01  1.115E+00 
2.556E+01   1.041E+01  1.106E+00 
2.589E+01   1.048E+01  1.097E+00 
2.623E+01   1.055E+01  1.088E+00 
2.657E+01   1.062E+01  1.079E+00 
2.692E+01   1.069E+01  1.070E+00 
2.727E+01   1.077E+01  1.061E+00 
2.762E+01   1.084E+01  1.052E+00 
2.798E+01   1.091E+01  1.043E+00 
2.834E+01   1.098E+01  1.035E+00 
2.871E+01   1.106E+01  1.026E+00 
2.909E+01   1.113E+01  1.017E+00 
2.946E+01   1.121E+01  1.009E+00 
2.985E+01   1.128E+01  1.000E+00 
3.023E+01   1.136E+01  9.918E-01 
3.063E+01   1.143E+01  9.834E-01 
3.103E+01   1.151E+01  9.750E-01 
3.143E+01   1.159E+01  9.668E-01 
3.184E+01   1.167E+01  9.585E-01 
3.225E+01   1.174E+01  9.503E-01 
3.267E+01   1.182E+01  9.422E-01 
3.309E+01   1.190E+01  9.341E-01 
3.352E+01   1.198E+01  9.261E-01 
3.396E+01   1.206E+01  9.182E-01 
3.440E+01   1.215E+01  9.102E-01 
3.485E+01   1.223E+01  9.024E-01 
3.530E+01   1.231E+01  8.946E-01 
3.576E+01   1.239E+01  8.868E-01 
3.623E+01   1.248E+01  8.792E-01 
3.670E+01   1.256E+01  8.715E-01 
3.717E+01   1.265E+01  8.639E-01 
3.766E+01   1.273E+01  8.564E-01 
3.815E+01   1.282E+01  8.489E-01 
3.864E+01   1.290E+01  8.415E-01 
3.914E+01   1.299E+01  8.341E-01 
3.965E+01   1.308E+01  8.268E-01 
4.017E+01   1.317E+01  8.195E-01 
4.069E+01   1.326E+01  8.123E-01 
4.122E+01   1.335E+01  8.051E-01 
4.175E+01   1.344E+01  7.980E-01 
4.230E+01   1.353E+01  7.910E-01 
4.285E+01   1.362E+01  7.840E-01 
4.340E+01   1.371E+01  7.770E-01 
4.397E+01   1.381E+01  7.701E-01 
4.454E+01   1.390E+01  7.632E-01 
4.512E+01   1.399E+01  7.564E-01 
4.570E+01   1.409E+01  7.497E-01 
4.630E+01   1.418E+01  7.430E-01 
4.690E+01   1.428E+01  7.363E-01 
4.751E+01   1.438E+01  7.297E-01 
4.813E+01   1.447E+01  7.232E-01 
4.875E+01   1.457E+01  7.166E-01 
4.939E+01   1.467E+01  7.102E-01 
5.003E+01   1.477E+01  7.038E-01 
5.068E+01   1.487E+01  6.974E-01 
5.134E+01   1.497E+01  6.911E-01 
5.200E+01   1.507E+01  6.848E-01 
5.268E+01   1.518E+01  6.786E-01 
5.336E+01   1.528E+01  6.725E-01 
5.406E+01   1.538E+01  6.663E-01 
5.476E+01   1.549E+01  6.603E-01 
5.547E+01   1.559E+01  6.542E-01 
5.619E+01   1.570E+01  6.483E-01 
5.692E+01   1.580E+01  6.423E-01 
5.766E+01   1.591E+01  6.364E-01 
5.841E+01   1.602E+01  6.306E-01 
5.917E+01   1.613E+01  6.248E-01 
5.994E+01   1.624E+01  6.191E-01 
6.072E+01   1.635E+01  6.134E-01 
6.151E+01   1.646E+01  6.077E-01 
6.231E+01   1.657E+01  6.021E-01 
6.312E+01   1.668E+01  5.965E-01 
6.394E+01   1.679E+01  5.501E-01 
6.477E+01   1.691E+01  5.451E-01 
6.561E+01   1.702E+01  5.402E-01 
6.646E+01   1.714E+01  5.353E-01 
6.733E+01   1.725E+01  5.304E-01 
6.820E+01   1.737E+01  5.255E-01 
6.909E+01   1.749E+01  5.207E-01 
6.999E+01   1.760E+01  5.159E-01 
7.090E+01   1.772E+01  5.112E-01 
7.182E+01   1.784E+01  5.065E-01 
7.275E+01   1.796E+01  5.018E-01 
7.370E+01   1.808E+01  4.972E-01 
7.465E+01   1.820E+01  4.926E-01 
7.562E+01   1.832E+01  4.880E-01 
7.661E+01   1.845E+01  4.835E-01 
7.760E+01   1.857E+01  4.790E-01 
7.861E+01   1.869E+01  4.746E-01 
7.963E+01   1.882E+01  4.702E-01 
8.067E+01   1.894E+01  4.658E-01 
8.172E+01   1.907E+01  4.614E-01 
8.278E+01   1.919E+01  4.571E-01 
8.385E+01   1.932E+01  4.528E-01 
8.494E+01   1.945E+01  4.486E-01 
8.605E+01   1.958E+01  4.444E-01 
8.717E+01   1.971E+01  4.402E-01 
8.830E+01   1.983E+01  4.361E-01 
8.945E+01   1.997E+01  4.320E-01 
9.061E+01   2.010E+01  4.279E-01 
9.179E+01   2.023E+01  4.239E-01 
9.298E+01   2.036E+01  4.199E-01 
9.419E+01   2.049E+01  4.159E-01 
9.541E+01   2.062E+01  4.120E-01 
9.665E+01   2.076E+01  4.081E-01 
9.791E+01   2.089E+01  4.042E-01 
9.918E+01   2.103E+01  4.003E-01 
1.005E+02   2.116E+01  3.965E-01 
1.018E+02   2.130E+01  3.927E-01 
1.031E+02   2.144E+01  3.890E-01 
1.044E+02   2.157E+01  3.853E-01 
1.058E+02   2.171E+01  3.816E-01 
1.072E+02   2.185E+01  3.779E-01 
1.086E+02   2.199E+01  3.743E-01 
1.100E+02   2.213E+01  3.707E-01 
1.114E+02   2.227E+01  3.672E-01 
1.129E+02   2.241E+01  3.636E-01 
1.143E+02   2.255E+01  3.601E-01 
1.158E+02   2.269E+01  3.567E-01 
1.173E+02   2.283E+01  3.532E-01 
1.188E+02   2.297E+01  3.498E-01 
1.204E+02   2.311E+01  3.464E-01 
1.219E+02   2.326E+01  3.431E-01 
1.235E+02   2.340E+01  3.398E-01 
1.251E+02   2.355E+01  3.365E-01 
1.268E+02   2.369E+01  3.332E-01 
1.284E+02   2.383E+01  3.300E-01 
1.301E+02   2.398E+01  3.268E-01 
1.318E+02   2.413E+01  3.236E-01 
1.335E+02   2.427E+01  3.204E-01 
1.352E+02   2.442E+01  3.173E-01 
1.370E+02   2.457E+01  3.142E-01 
1.388E+02   2.471E+01  3.111E-01 
1.406E+02   2.486E+01  3.081E-01 
1.424E+02   2.501E+01  3.051E-01 
1.442E+02   2.516E+01  3.021E-01 
1.461E+02   2.531E+01  2.991E-01 
1.480E+02   2.546E+01  2.962E-01 
1.499E+02   2.561E+01  2.933E-01 
1.519E+02   2.576E+01  2.904E-01 
1.539E+02   2.591E+01  2.875E-01 
1.559E+02   2.606E+01  2.847E-01 
1.579E+02   2.621E+01  2.819E-01 
1.599E+02   2.637E+01  2.791E-01 
1.620E+02   2.652E+01  2.763E-01 
1.641E+02   2.667E+01  2.736E-01 
1.662E+02   2.683E+01  2.709E-01 
1.684E+02   2.698E+01  2.682E-01 
1.706E+02   2.713E+01  2.656E-01 
1.728E+02   2.729E+01  2.629E-01 
1.751E+02   2.745E+01  2.603E-01 
1.773E+02   2.760E+01  2.577E-01 
1.796E+02   2.776E+01  2.552E-01 
1.820E+02   2.792E+01  2.526E-01 
1.843E+02   2.807E+01  2.501E-01 
1.867E+02   2.823E+01  2.476E-01 
1.892E+02   2.839E+01  2.451E-01 
1.916E+02   2.855E+01  2.427E-01 
1.941E+02   2.871E+01  2.403E-01 
1.966E+02   2.887E+01  2.378E-01 
1.992E+02   2.903E+01  2.355E-01 
2.018E+02   2.919E+01  2.331E-01 
2.044E+02   2.936E+01  2.308E-01 
2.071E+02   2.952E+01  2.284E-01 
2.097E+02   2.968E+01  2.262E-01 
2.125E+02   2.985E+01  2.239E-01 
2.152E+02   3.001E+01  2.216E-01 
2.180E+02   3.018E+01  2.194E-01 
2.209E+02   3.034E+01  2.172E-01 
2.237E+02   3.051E+01  2.150E-01 
2.266E+02   3.068E+01  2.128E-01 
2.296E+02   3.084E+01  2.107E-01 
2.326E+02   3.101E+01  2.085E-01 
2.356E+02   3.118E+01  2.064E-01 
2.387E+02   3.135E+01  2.043E-01 
2.418E+02   3.152E+01  2.023E-01 
2.449E+02   3.169E+01  2.002E-01 
2.481E+02   3.186E+01  1.982E-01 
2.513E+02   3.203E+01  1.962E-01 
2.546E+02   3.221E+01  1.942E-01 
2.579E+02   3.238E+01  1.922E-01 
2.612E+02   3.255E+01  1.903E-01 
2.646E+02   3.273E+01  1.883E-01 
2.681E+02   3.290E+01  1.864E-01 
2.716E+02   3.308E+01  1.845E-01 
2.751E+02   3.325E+01  1.826E-01 
2.787E+02   3.343E+01  1.807E-01 
2.823E+02   3.361E+01  1.789E-01 
2.859E+02   3.378E+01  1.771E-01 
2.897E+02   3.396E+01  1.753E-01 
2.934E+02   3.414E+01  1.735E-01 
2.972E+02   3.432E+01  1.717E-01 
3.011E+02   3.450E+01  1.699E-01 
3.050E+02   3.468E+01  1.682E-01 
3.090E+02   3.486E+01  1.665E-01 
3.130E+02   3.504E+01  1.647E-01 
3.171E+02   3.522E+01  1.631E-01 
3.212E+02   3.540E+01  1.614E-01 
3.254E+02   3.558E+01  1.597E-01 
3.296E+02   3.576E+01  1.581E-01 
3.339E+02   3.594E+01  1.564E-01 
3.382E+02   3.612E+01  1.548E-01 
3.426E+02   3.630E+01  1.532E-01 
3.471E+02   3.648E+01  1.516E-01 
3.516E+02   3.666E+01  1.501E-01 
3.561E+02   3.684E+01  1.485E-01 
3.608E+02   3.702E+01  1.470E-01 
3.655E+02   3.720E+01  1.455E-01 
3.702E+02   3.739E+01  1.440E-01 
3.750E+02   3.756E+01  1.425E-01 
3.799E+02   3.774E+01  1.410E-01 
3.848E+02   3.792E+01  1.395E-01 
3.898E+02   3.810E+01  1.381E-01 
3.949E+02   3.828E+01  1.367E-01 
4.000E+02   3.846E+01  1.352E-01 
4.052E+02   3.863E+01  1.338E-01 
4.105E+02   3.881E+01  1.324E-01 
4.158E+02   3.899E+01  1.311E-01 
4.212E+02   3.916E+01  1.297E-01 
4.267E+02   3.933E+01  1.283E-01 
4.323E+02   3.951E+01  1.270E-01 
4.379E+02   3.968E+01  1.257E-01 
4.436E+02   3.985E+01  1.244E-01 
4.493E+02   4.002E+01  1.231E-01 
4.552E+02   4.018E+01  1.218E-01 
4.611E+02   4.035E+01  1.205E-01 
4.671E+02   4.052E+01  1.192E-01 
4.731E+02   4.068E+01  1.180E-01 
4.793E+02   4.084E+01  1.168E-01 
4.855E+02   4.100E+01  1.155E-01 
4.918E+02   4.116E+01  1.143E-01 
4.982E+02   4.132E+01  1.131E-01 
5.047E+02   4.147E+01  1.119E-01 
5.113E+02   4.163E+01  1.108E-01 
5.179E+02   4.178E+01  1.096E-01 
5.246E+02   4.193E+01  1.084E-01 
5.315E+02   4.207E+01  1.073E-01 
5.384E+02   4.222E+01  1.062E-01 
5.454E+02   4.236E+01  1.051E-01 
5.524E+02   4.250E+01  1.040E-01 
5.596E+02   4.264E+01  1.029E-01 
5.669E+02   4.277E+01  1.018E-01 
5.743E+02   4.290E+01  1.007E-01 
5.817E+02   4.303E+01  9.964E-02 
5.893E+02   4.316E+01  9.858E-02 
5.969E+02   4.328E+01  9.754E-02 
6.047E+02   4.340E+01  9.651E-02 
6.126E+02   4.352E+01  9.549E-02 
6.205E+02   4.364E+01  9.448E-02 
6.286E+02   4.375E+01  9.348E-02 
6.368E+02   4.385E+01  9.249E-02 
6.450E+02   4.396E+01  9.151E-02 
6.534E+02   4.406E+01  9.054E-02 
6.619E+02   4.416E+01  8.958E-02 
6.705E+02   4.425E+01  8.863E-02 
6.792E+02   4.434E+01  8.769E-02 
6.881E+02   4.443E+01  8.676E-02 
6.970E+02   4.451E+01  8.583E-02 
7.061E+02   4.459E+01  8.492E-02 
7.152E+02   4.467E+01  8.402E-02 
7.245E+02   4.474E+01  8.312E-02 
7.339E+02   4.481E+01  8.224E-02 
7.435E+02   4.487E+01  8.136E-02 
7.531E+02   4.493E+01  8.050E-02 
7.629E+02   4.498E+01  7.964E-02 
7.728E+02   4.504E+01  7.879E-02 
7.829E+02   4.508E+01  7.795E-02 
7.931E+02   4.512E+01  7.712E-02 
8.034E+02   4.516E+01  7.629E-02 
8.138E+02   4.520E+01  7.548E-02 
8.244E+02   4.523E+01  7.467E-02 
8.351E+02   4.525E+01  7.387E-02 
8.460E+02   4.527E+01  7.308E-02 
8.570E+02   4.529E+01  7.230E-02 
8.681E+02   4.530E+01  7.153E-02 
8.794E+02   4.531E+01  7.076E-02 
8.908E+02   4.531E+01  7.000E-02 
9.024E+02   4.531E+01  6.925E-02 
9.141E+02   4.530E+01  6.851E-02 
9.260E+02   4.529E+01  6.777E-02 
9.380E+02   4.528E+01  6.705E-02 
9.502E+02   4.525E+01  6.633E-02 
9.626E+02   4.523E+01  6.561E-02 
9.751E+02   4.520E+01  6.491E-02 
9.877E+02   4.517E+01  6.421E-02 
1.001E+03   4.513E+01  6.352E-02 
1.014E+03   4.509E+01  6.284E-02 
1.027E+03   4.504E+01  6.216E-02 
1.040E+03   4.499E+01  6.149E-02 
1.054E+03   4.493E+01  6.083E-02 
1.067E+03   4.487E+01  6.017E-02 
1.081E+03   4.480E+01  5.952E-02 
1.095E+03   4.474E+01  5.888E-02 
1.109E+03   4.466E+01  5.825E-02 
1.124E+03   4.458E+01  5.762E-02 
1.138E+03   4.450E+01  5.700E-02 
1.153E+03   4.441E+01  5.638E-02 
1.168E+03   4.432E+01  5.577E-02 
1.183E+03   4.423E+01  5.517E-02 
1.199E+03   4.413E+01  5.457E-02 
1.214E+03   4.402E+01  5.398E-02 
1.230E+03   4.392E+01  5.340E-02 
1.246E+03   4.381E+01  5.282E-02 
1.262E+03   4.369E+01  5.225E-02 
1.279E+03   4.357E+01  5.168E-02 
1.295E+03   4.345E+01  5.112E-02 
1.312E+03   4.332E+01  5.057E-02 
1.329E+03   4.319E+01  5.002E-02 
1.347E+03   4.306E+01  4.947E-02 
1.364E+03   4.292E+01  4.894E-02 
1.382E+03   4.278E+01  4.841E-02 
1.400E+03   4.263E+01  4.788E-02 
1.418E+03   4.248E+01  4.736E-02 
1.436E+03   4.233E+01  4.685E-02 
1.455E+03   4.218E+01  4.634E-02 
1.474E+03   4.202E+01  4.583E-02 
1.493E+03   4.186E+01  4.533E-02 
1.513E+03   4.170E+01  4.484E-02 
1.532E+03   4.153E+01  4.435E-02 
1.552E+03   4.136E+01  4.387E-02 
1.572E+03   4.119E+01  4.339E-02 
1.593E+03   4.101E+01  4.292E-02 
1.613E+03   4.084E+01  4.245E-02 
1.634E+03   4.066E+01  4.199E-02 
1.656E+03   4.047E+01  4.153E-02 
1.677E+03   4.029E+01  4.107E-02 
1.699E+03   4.010E+01  4.063E-02 
1.721E+03   3.991E+01  4.018E-02 
1.743E+03   3.972E+01  3.974E-02 
1.766E+03   3.953E+01  3.931E-02 
1.789E+03   3.933E+01  3.888E-02 
1.812E+03   3.913E+01  3.845E-02 
1.836E+03   3.893E+01  3.803E-02 
1.860E+03   3.873E+01  3.762E-02 
1.884E+03   3.853E+01  3.720E-02 
1.908E+03   3.832E+01  3.680E-02 
1.933E+03   3.812E+01  3.639E-02 
1.958E+03   3.791E+01  3.599E-02 
1.984E+03   3.770E+01  3.560E-02 
2.009E+03   3.749E+01  3.521E-02 
2.036E+03   3.727E+01  3.482E-02 
2.062E+03   3.706E+01  3.444E-02 
2.089E+03   3.685E+01  3.406E-02 
2.116E+03   3.663E+01  3.369E-02 
2.143E+03   3.641E+01  3.332E-02 
2.171E+03   3.620E+01  3.295E-02 
2.200E+03   3.598E+01  3.259E-02 
2.228E+03   3.576E+01  3.223E-02 
2.257E+03   3.554E+01  3.188E-02 
2.286E+03   3.532E+01  3.153E-02 
2.316E+03   3.510E+01  3.118E-02 
2.346E+03   3.487E+01  3.084E-02 
2.377E+03   3.465E+01  3.050E-02 
2.408E+03   3.443E+01  3.016E-02 
2.439E+03   3.420E+01  2.983E-02 
2.471E+03   3.398E+01  2.950E-02 
2.503E+03   3.376E+01  2.918E-02 
2.535E+03   3.353E+01  2.885E-02 
2.568E+03   3.331E+01  2.854E-02 
2.602E+03   3.308E+01  2.822E-02 
2.635E+03   3.286E+01  2.791E-02 
2.670E+03   3.263E+01  2.760E-02 
2.704E+03   3.241E+01  2.730E-02 
2.740E+03   3.218E+01  2.699E-02 
2.775E+03   3.196E+01  2.670E-02 
2.811E+03   3.173E+01  2.640E-02 
2.848E+03   3.151E+01  2.611E-02 
2.885E+03   3.129E+01  2.582E-02 
2.922E+03   3.106E+01  2.553E-02 
2.960E+03   3.084E+01  2.525E-02 
2.999E+03   3.061E+01  2.497E-02 
3.038E+03   3.039E+01  2.470E-02 
3.077E+03   3.017E+01  2.442E-02 
3.117E+03   2.995E+01  2.415E-02 
3.158E+03   2.972E+01  2.388E-02 
3.199E+03   2.950E+01  2.362E-02 
3.240E+03   2.928E+01  2.336E-02 
3.282E+03   2.906E+01  2.310E-02 
3.325E+03   2.884E+01  2.284E-02 
3.368E+03   2.862E+01  2.259E-02 
3.412E+03   2.841E+01  2.234E-02 
3.456E+03   2.819E+01  2.209E-02 
3.501E+03   2.797E+01  2.184E-02 
3.547E+03   2.776E+01  2.160E-02 
3.593E+03   2.754E+01  2.136E-02 
3.640E+03   2.733E+01  2.112E-02 
3.687E+03   2.711E+01  2.089E-02 
3.735E+03   2.690E+01  2.066E-02 
3.783E+03   2.669E+01  2.043E-02 
3.832E+03   2.648E+01  2.020E-02 
3.882E+03   2.627E+01  1.997E-02 
3.933E+03   2.606E+01  1.975E-02 
3.984E+03   2.585E+01  1.953E-02 
4.036E+03   2.564E+01  1.932E-02 
4.088E+03   2.543E+01  1.910E-02 
4.141E+03   2.523E+01  1.889E-02 
4.195E+03   2.502E+01  1.868E-02 
4.250E+03   2.482E+01  1.847E-02 
4.305E+03   2.462E+01  1.826E-02 
4.361E+03   2.442E+01  1.806E-02 
4.417E+03   2.421E+01  1.786E-02 
4.475E+03   2.402E+01  1.766E-02 
4.533E+03   2.382E+01  1.746E-02 
4.592E+03   2.362E+01  1.727E-02 
4.652E+03   2.342E+01  1.707E-02 
4.712E+03   2.323E+01  1.688E-02 
4.773E+03   2.303E+01  1.669E-02 
4.835E+03   2.284E+01  1.651E-02 
4.898E+03   2.265E+01  1.632E-02 
4.962E+03   2.246E+01  1.614E-02 
5.026E+03   2.227E+01  1.596E-02 
5.092E+03   2.208E+01  1.578E-02 
5.158E+03   2.189E+01  1.560E-02 
5.225E+03   2.171E+01  1.543E-02 
5.293E+03   2.152E+01  1.526E-02 
5.362E+03   2.134E+01  1.509E-02 
5.431E+03   2.116E+01  1.492E-02 
5.502E+03   2.097E+01  1.475E-02 
5.573E+03   2.079E+01  1.458E-02 
5.646E+03   2.061E+01  1.442E-02 
5.719E+03   2.044E+01  1.426E-02 
5.793E+03   2.026E+01  1.410E-02 
5.869E+03   2.008E+01  1.394E-02 
5.945E+03   1.991E+01  1.378E-02 
6.022E+03   1.974E+01  1.363E-02 
6.101E+03   1.956E+01  1.348E-02 
6.180E+03   1.939E+01  1.332E-02 
6.260E+03   1.922E+01  1.318E-02 
6.341E+03   1.905E+01  1.303E-02 
6.424E+03   1.889E+01  1.288E-02 
6.507E+03   1.872E+01  1.274E-02 
6.592E+03   1.855E+01  1.259E-02 
6.678E+03   1.839E+01  1.245E-02 
6.764E+03   1.823E+01  1.231E-02 
6.852E+03   1.807E+01  1.217E-02 
6.941E+03   1.791E+01  1.204E-02 
7.032E+03   1.775E+01  1.190E-02 
7.123E+03   1.759E+01  1.177E-02 
7.216E+03   1.743E+01  1.163E-02 
7.309E+03   1.728E+01  1.150E-02 
7.404E+03   1.712E+01  1.137E-02 
7.501E+03   1.697E+01  1.125E-02 
7.598E+03   1.682E+01  1.112E-02 
7.697E+03   1.666E+01  1.099E-02 
7.797E+03   1.651E+01  1.087E-02 
7.898E+03   1.637E+01  1.075E-02 
8.001E+03   1.622E+01  1.063E-02 
8.105E+03   1.610E+01  1.051E-02 
8.210E+03   1.598E+01  1.039E-02 
8.317E+03   1.586E+01  1.027E-02 
8.425E+03   1.573E+01  1.015E-02 
8.534E+03   1.561E+01  1.004E-02 
8.645E+03   1.548E+01  9.926E-03 
8.758E+03   1.535E+01  9.813E-03 
8.871E+03   1.522E+01  9.703E-03 
8.987E+03   1.509E+01  9.593E-03 
9.104E+03   1.496E+01  9.485E-03 
9.222E+03   1.482E+01  9.377E-03 
9.342E+03   1.469E+01  9.271E-03 
9.463E+03   1.455E+01  9.166E-03 
9.586E+03   1.441E+01  9.063E-03 
9.711E+03   1.427E+01  8.960E-03 
9.837E+03   1.414E+01  8.859E-03 
9.965E+03   1.401E+01  8.758E-03 
1.009E+04   1.388E+01  8.659E-03 
1.023E+04   1.375E+01  8.561E-03 
1.036E+04   1.362E+01  8.464E-03 
1.049E+04   1.350E+01  8.368E-03 
1.063E+04   1.337E+01  8.273E-03 
1.077E+04   1.324E+01  8.180E-03 
1.091E+04   1.312E+01  8.087E-03 
1.105E+04   1.300E+01  7.995E-03 
1.119E+04   1.288E+01  7.905E-03 
1.134E+04   1.276E+01  7.815E-03 
1.149E+04   1.264E+01  7.726E-03 
1.163E+04   1.252E+01  7.639E-03 
1.179E+04   1.240E+01  7.552E-03 
1.194E+04   1.228E+01  7.466E-03 
1.209E+04   1.217E+01  7.381E-03 
1.225E+04   1.205E+01  7.298E-03 
1.241E+04   1.194E+01  7.215E-03 
1.257E+04   1.183E+01  7.133E-03 
1.274E+04   1.171E+01  7.052E-03 
1.290E+04   1.160E+01  6.972E-03 
1.307E+04   1.149E+01  6.892E-03 
1.324E+04   1.138E+01  6.814E-03 
1.341E+04   1.128E+01  6.736E-03 
1.358E+04   1.117E+01  6.660E-03 
1.376E+04   1.106E+01  6.584E-03 
1.394E+04   1.096E+01  6.509E-03 
1.412E+04   1.085E+01  6.435E-03 
1.431E+04   1.075E+01  6.362E-03 
1.449E+04   1.065E+01  6.289E-03 
1.468E+04   1.055E+01  6.218E-03 
1.487E+04   1.045E+01  6.147E-03 
1.506E+04   1.035E+01  6.077E-03 
1.526E+04   1.025E+01  6.008E-03 
1.546E+04   1.015E+01  5.939E-03 
1.566E+04   1.005E+01  5.872E-03 
1.586E+04   9.954E+00  5.805E-03 
1.607E+04   9.859E+00  5.738E-03 
1.628E+04   9.764E+00  5.673E-03 
1.649E+04   9.670E+00  5.608E-03 
1.670E+04   9.577E+00  5.544E-03 
1.692E+04   9.485E+00  5.481E-03 
1.714E+04   9.393E+00  5.419E-03 
1.736E+04   9.302E+00  5.357E-03 
1.759E+04   9.213E+00  5.296E-03 
1.782E+04   9.124E+00  5.235E-03 
1.805E+04   9.035E+00  5.175E-03 
1.828E+04   8.948E+00  5.116E-03 
1.852E+04   8.861E+00  5.058E-03 
1.876E+04   8.775E+00  5.000E-03 
1.900E+04   8.690E+00  4.943E-03 
1.925E+04   8.605E+00  4.886E-03 
1.950E+04   8.522E+00  4.830E-03 
1.976E+04   8.439E+00  4.775E-03 
2.001E+04   8.356E+00  4.721E-03 
2.027E+04   8.275E+00  4.667E-03 
2.054E+04   8.194E+00  4.613E-03 
2.080E+04   8.114E+00  4.560E-03 
2.107E+04   8.035E+00  4.508E-03 
2.135E+04   7.956E+00  4.457E-03 
2.162E+04   7.879E+00  4.406E-03 
2.191E+04   7.801E+00  4.355E-03 
2.219E+04   7.725E+00  4.305E-03 
2.248E+04   7.649E+00  4.256E-03 
2.277E+04   7.574E+00  4.207E-03 
2.307E+04   7.500E+00  4.159E-03 
2.337E+04   7.426E+00  4.111E-03 
2.367E+04   7.353E+00  4.064E-03 
2.398E+04   7.280E+00  4.018E-03 
2.429E+04   7.209E+00  3.972E-03 
2.461E+04   7.138E+00  3.926E-03 
2.492E+04   7.067E+00  3.881E-03 
2.525E+04   6.997E+00  3.837E-03 
2.558E+04   6.928E+00  3.793E-03 
2.591E+04   6.860E+00  3.749E-03 
2.625E+04   6.792E+00  3.706E-03 
2.659E+04   6.725E+00  3.664E-03 
2.693E+04   6.658E+00  3.621E-03 
2.728E+04   6.592E+00  3.580E-03 
2.764E+04   6.527E+00  3.539E-03 
2.800E+04   6.462E+00  3.498E-03 
2.836E+04   6.398E+00  3.458E-03 
2.873E+04   6.334E+00  3.418E-03 
2.910E+04   6.271E+00  3.379E-03 
2.948E+04   6.209E+00  3.340E-03 
2.986E+04   6.147E+00  3.302E-03 
3.025E+04   6.086E+00  3.264E-03 
3.065E+04   6.025E+00  3.226E-03 
3.104E+04   5.965E+00  3.189E-03 
3.145E+04   5.905E+00  3.152E-03 
3.186E+04   5.846E+00  3.116E-03 
3.227E+04   5.788E+00  3.080E-03 
3.269E+04   5.730E+00  3.045E-03 
3.311E+04   5.673E+00  3.010E-03 
3.354E+04   5.616E+00  2.975E-03 
3.398E+04   5.560E+00  2.941E-03 
3.442E+04   5.504E+00  2.907E-03 
3.487E+04   5.449E+00  2.874E-03 
3.532E+04   5.394E+00  2.841E-03 
3.578E+04   5.340E+00  2.808E-03 
3.625E+04   5.286E+00  2.775E-03 
3.672E+04   5.233E+00  2.744E-03 
3.719E+04   5.180E+00  2.712E-03 
3.768E+04   5.128E+00  2.681E-03 
3.817E+04   5.077E+00  2.650E-03 
3.866E+04   5.026E+00  2.619E-03 
3.917E+04   4.975E+00  2.589E-03 
3.968E+04   4.925E+00  2.559E-03 
4.019E+04   4.875E+00  2.530E-03 
4.071E+04   4.826E+00  2.500E-03 
4.124E+04   4.777E+00  2.472E-03 
4.178E+04   4.729E+00  2.443E-03 
4.232E+04   4.681E+00  2.415E-03 
4.287E+04   4.634E+00  2.387E-03 
4.343E+04   4.587E+00  2.359E-03 
4.399E+04   4.541E+00  2.332E-03 
4.456E+04   4.495E+00  2.305E-03 
4.514E+04   4.449E+00  2.279E-03 
4.573E+04   4.404E+00  2.252E-03 
4.632E+04   4.359E+00  2.226E-03 
4.693E+04   4.315E+00  2.201E-03 
4.754E+04   4.271E+00  2.175E-03 
4.815E+04   4.228E+00  2.150E-03 
4.878E+04   4.185E+00  2.125E-03 
4.941E+04   4.143E+00  2.101E-03 
5.006E+04   4.101E+00  2.076E-03 
5.071E+04   4.059E+00  2.052E-03 
5.137E+04   4.018E+00  2.029E-03 
5.203E+04   3.977E+00  2.005E-03 
5.271E+04   3.936E+00  1.982E-03 
5.340E+04   3.896E+00  1.959E-03 
5.409E+04   3.857E+00  1.936E-03 
5.479E+04   3.817E+00  1.914E-03 
5.550E+04   3.778E+00  1.892E-03 
5.623E+04   3.740E+00  1.870E-03 
5.696E+04   3.702E+00  1.848E-03 
5.770E+04   3.664E+00  1.827E-03 
5.845E+04   3.627E+00  1.806E-03 
5.921E+04   3.590E+00  1.785E-03 
5.998E+04   3.553E+00  1.764E-03 
6.075E+04   3.517E+00  1.744E-03 
6.154E+04   3.481E+00  1.723E-03 
6.234E+04   3.445E+00  1.703E-03 
6.315E+04   3.410E+00  1.684E-03 
6.398E+04   3.375E+00  1.664E-03 
6.481E+04   3.341E+00  1.645E-03 
6.565E+04   3.307E+00  1.626E-03 
6.650E+04   3.273E+00  1.607E-03 
6.737E+04   3.239E+00  1.588E-03 
6.824E+04   3.206E+00  1.570E-03 
6.913E+04   3.173E+00  1.552E-03 
7.003E+04   3.141E+00  1.534E-03 
7.094E+04   3.109E+00  1.516E-03 
7.186E+04   3.077E+00  1.498E-03 
7.279E+04   3.045E+00  1.481E-03 
7.374E+04   3.014E+00  1.464E-03 
7.470E+04   2.983E+00  1.447E-03 
7.567E+04   2.953E+00  1.430E-03 
7.665E+04   2.922E+00  1.413E-03 
7.765E+04   2.893E+00  1.397E-03 
7.866E+04   2.863E+00  1.381E-03 
7.968E+04   2.834E+00  1.365E-03 
8.072E+04   2.805E+00  1.349E-03 
8.176E+04   2.776E+00  1.333E-03 
8.283E+04   2.747E+00  1.318E-03 
8.390E+04   2.719E+00  1.302E-03 
8.499E+04   2.691E+00  1.287E-03 
8.610E+04   2.664E+00  1.272E-03 
8.722E+04   2.636E+00  1.257E-03 
8.835E+04   2.609E+00  1.243E-03 
8.950E+04   2.583E+00  1.228E-03 
9.066E+04   2.556E+00  1.214E-03 
9.184E+04   2.530E+00  1.200E-03 
9.303E+04   2.504E+00  1.186E-03 
9.424E+04   2.478E+00  1.172E-03 
9.547E+04   2.453E+00  1.158E-03 
9.671E+04   2.428E+00  1.145E-03 
9.797E+04   2.403E+00  1.132E-03 
9.924E+04   2.378E+00  1.118E-03 
1.005E+05   2.354E+00  1.105E-03 
1.018E+05   2.330E+00  1.093E-03 
1.032E+05   2.306E+00  1.080E-03 
1.045E+05   2.282E+00  1.067E-03 
1.059E+05   2.259E+00  1.055E-03 
1.072E+05   2.236E+00  1.043E-03 
1.086E+05   2.213E+00  1.030E-03 
1.100E+05   2.190E+00  1.018E-03 
1.115E+05   2.168E+00  1.006E-03 
1.129E+05   2.145E+00  9.948E-04 
1.144E+05   2.123E+00  9.832E-04 
1.159E+05   2.102E+00  9.717E-04 
1.174E+05   2.080E+00  9.604E-04 
1.189E+05   2.059E+00  9.492E-04 
1.204E+05   2.038E+00  9.381E-04 
1.220E+05   2.017E+00  9.272E-04 
1.236E+05   1.996E+00  9.163E-04 
1.252E+05   1.976E+00  9.056E-04 
1.268E+05   1.956E+00  8.951E-04 
1.285E+05   1.936E+00  8.846E-04 
1.302E+05   1.916E+00  8.743E-04 
1.318E+05   1.896E+00  8.641E-04 
1.336E+05   1.877E+00  8.540E-04 
1.353E+05   1.858E+00  8.440E-04 
1.371E+05   1.839E+00  8.342E-04 
1.388E+05   1.820E+00  8.244E-04 
1.406E+05   1.801E+00  8.148E-04 
1.425E+05   1.783E+00  8.053E-04 
1.443E+05   1.765E+00  7.959E-04 
1.462E+05   1.747E+00  7.866E-04 
1.481E+05   1.729E+00  7.774E-04 
1.500E+05   1.712E+00  7.683E-04 
1.520E+05   1.694E+00  7.593E-04 
1.539E+05   1.677E+00  7.504E-04 
1.559E+05   1.660E+00  7.417E-04 
1.580E+05   1.643E+00  7.330E-04 
1.600E+05   1.626E+00  7.244E-04 
1.621E+05   1.610E+00  7.160E-04 
1.642E+05   1.593E+00  7.076E-04 
1.663E+05   1.577E+00  6.993E-04 
1.685E+05   1.561E+00  6.911E-04 
1.707E+05   1.545E+00  6.830E-04 
1.729E+05   1.530E+00  6.750E-04 
1.752E+05   1.514E+00  6.671E-04 
1.774E+05   1.499E+00  6.593E-04 
1.797E+05   1.484E+00  6.516E-04 
1.821E+05   1.469E+00  6.440E-04 
1.844E+05   1.454E+00  6.365E-04 
1.868E+05   1.439E+00  6.290E-04 
1.893E+05   1.425E+00  6.216E-04 
1.917E+05   1.410E+00  6.144E-04 
1.942E+05   1.396E+00  6.072E-04 
1.967E+05   1.382E+00  6.000E-04 
1.993E+05   1.368E+00  5.930E-04 
2.019E+05   1.354E+00  5.861E-04 
2.045E+05   1.341E+00  5.792E-04 
2.072E+05   1.327E+00  5.724E-04 
2.099E+05   1.314E+00  5.657E-04 
2.126E+05   1.301E+00  5.591E-04 
2.154E+05   1.288E+00  5.525E-04 
2.182E+05   1.275E+00  5.460E-04 
2.210E+05   1.262E+00  5.396E-04 
2.239E+05   1.249E+00  5.333E-04 
2.268E+05   1.237E+00  5.271E-04 
2.297E+05   1.225E+00  5.209E-04 
2.327E+05   1.212E+00  5.148E-04 
2.357E+05   1.200E+00  5.087E-04 
2.388E+05   1.188E+00  5.028E-04 
2.419E+05   1.176E+00  4.969E-04 
2.450E+05   1.165E+00  4.910E-04 
2.482E+05   1.153E+00  4.853E-04 
2.515E+05   1.142E+00  4.796E-04 
2.547E+05   1.130E+00  4.739E-04 
2.580E+05   1.119E+00  4.684E-04 
2.614E+05   1.108E+00  4.629E-04 
2.648E+05   1.097E+00  4.574E-04 
2.682E+05   1.086E+00  4.521E-04 
2.717E+05   1.076E+00  4.468E-04 
2.752E+05   1.065E+00  4.415E-04 
2.788E+05   1.055E+00  4.363E-04 
2.824E+05   1.044E+00  4.312E-04 
2.861E+05   1.034E+00  4.261E-04 
2.898E+05   1.024E+00  4.211E-04 
2.936E+05   1.014E+00  4.162E-04 
2.974E+05   1.004E+00  4.113E-04 
3.013E+05   9.942E-01  4.064E-04 
3.052E+05   9.845E-01  4.017E-04 
3.092E+05   9.749E-01  3.969E-04 
3.132E+05   9.654E-01  3.923E-04 
3.172E+05   9.560E-01  3.877E-04 
3.214E+05   9.467E-01  3.831E-04 
3.255E+05   9.376E-01  3.786E-04 
3.298E+05   9.285E-01  3.741E-04 
3.341E+05   9.195E-01  3.697E-04 
3.384E+05   9.107E-01  3.654E-04 
3.428E+05   9.019E-01  3.611E-04 
3.473E+05   8.932E-01  3.568E-04 
3.518E+05   8.846E-01  3.526E-04 
3.563E+05   8.761E-01  3.485E-04 
3.610E+05   8.678E-01  3.444E-04 
3.657E+05   8.595E-01  3.403E-04 
3.704E+05   8.513E-01  3.363E-04 
3.752E+05   8.431E-01  3.324E-04 
3.801E+05   8.351E-01  3.285E-04 
3.851E+05   8.272E-01  3.246E-04 
3.901E+05   8.193E-01  3.208E-04 
3.951E+05   8.116E-01  3.170E-04 
4.003E+05   8.039E-01  3.133E-04 
