Ion = Hydrogen    . Mass = 1.0079
Tgt = Po (Solid). Density = 9.2511 g/cm3
Stopping Units =  eV/(1E15 atoms/cm2)
Energy(keV)  S(Elec)    S(Nuc)
1.000E+00   1.033E+01  2.491E-01 
1.012E+00   1.039E+01  2.494E-01 
1.023E+00   1.045E+01  2.498E-01 
1.035E+00   1.051E+01  2.502E-01 
1.047E+00   1.057E+01  2.506E-01 
1.059E+00   1.063E+01  2.509E-01 
1.072E+00   1.069E+01  2.513E-01 
1.084E+00   1.075E+01  2.516E-01 
1.097E+00   1.082E+01  2.520E-01 
1.109E+00   1.088E+01  2.524E-01 
1.122E+00   1.094E+01  2.527E-01 
1.135E+00   1.101E+01  2.530E-01 
1.148E+00   1.107E+01  2.534E-01 
1.162E+00   1.113E+01  2.537E-01 
1.175E+00   1.120E+01  2.541E-01 
1.189E+00   1.126E+01  2.544E-01 
1.203E+00   1.133E+01  2.547E-01 
1.217E+00   1.139E+01  2.551E-01 
1.231E+00   1.146E+01  2.554E-01 
1.245E+00   1.152E+01  2.557E-01 
1.259E+00   1.159E+01  2.560E-01 
1.274E+00   1.166E+01  2.563E-01 
1.289E+00   1.173E+01  2.566E-01 
1.304E+00   1.179E+01  2.569E-01 
1.319E+00   1.186E+01  2.573E-01 
1.334E+00   1.193E+01  2.576E-01 
1.350E+00   1.200E+01  2.578E-01 
1.365E+00   1.207E+01  2.581E-01 
1.381E+00   1.214E+01  2.584E-01 
1.397E+00   1.221E+01  2.587E-01 
1.413E+00   1.228E+01  2.590E-01 
1.430E+00   1.235E+01  2.593E-01 
1.446E+00   1.242E+01  2.596E-01 
1.463E+00   1.249E+01  2.598E-01 
1.480E+00   1.257E+01  2.601E-01 
1.497E+00   1.264E+01  2.604E-01 
1.515E+00   1.271E+01  2.606E-01 
1.532E+00   1.279E+01  2.609E-01 
1.550E+00   1.286E+01  2.611E-01 
1.568E+00   1.293E+01  2.614E-01 
1.586E+00   1.301E+01  2.616E-01 
1.605E+00   1.308E+01  2.619E-01 
1.623E+00   1.316E+01  2.621E-01 
1.642E+00   1.324E+01  2.624E-01 
1.661E+00   1.331E+01  2.626E-01 
1.680E+00   1.339E+01  2.628E-01 
1.700E+00   1.347E+01  2.630E-01 
1.719E+00   1.354E+01  2.633E-01 
1.739E+00   1.362E+01  2.635E-01 
1.760E+00   1.370E+01  2.637E-01 
1.780E+00   1.378E+01  2.639E-01 
1.801E+00   1.386E+01  2.641E-01 
1.822E+00   1.394E+01  2.643E-01 
1.843E+00   1.402E+01  2.645E-01 
1.864E+00   1.410E+01  2.647E-01 
1.886E+00   1.418E+01  2.649E-01 
1.908E+00   1.427E+01  2.651E-01 
1.930E+00   1.435E+01  2.652E-01 
1.952E+00   1.443E+01  2.654E-01 
1.975E+00   1.451E+01  2.656E-01 
1.998E+00   1.460E+01  2.658E-01 
2.021E+00   1.468E+01  2.659E-01 
2.044E+00   1.474E+01  2.661E-01 
2.068E+00   1.481E+01  2.662E-01 
2.092E+00   1.488E+01  2.664E-01 
2.116E+00   1.494E+01  2.665E-01 
2.141E+00   1.501E+01  2.667E-01 
2.166E+00   1.508E+01  2.668E-01 
2.191E+00   1.515E+01  2.669E-01 
2.216E+00   1.521E+01  2.671E-01 
2.242E+00   1.528E+01  2.672E-01 
2.268E+00   1.535E+01  2.673E-01 
2.294E+00   1.542E+01  2.674E-01 
2.321E+00   1.549E+01  2.675E-01 
2.348E+00   1.556E+01  2.677E-01 
2.375E+00   1.563E+01  2.678E-01 
2.402E+00   1.570E+01  2.679E-01 
2.430E+00   1.577E+01  2.679E-01 
2.458E+00   1.584E+01  2.680E-01 
2.487E+00   1.591E+01  2.681E-01 
2.516E+00   1.598E+01  2.682E-01 
2.545E+00   1.605E+01  2.683E-01 
2.574E+00   1.612E+01  2.684E-01 
2.604E+00   1.620E+01  2.684E-01 
2.635E+00   1.627E+01  2.685E-01 
2.665E+00   1.634E+01  2.685E-01 
2.696E+00   1.641E+01  2.686E-01 
2.727E+00   1.649E+01  2.686E-01 
2.759E+00   1.656E+01  2.687E-01 
2.791E+00   1.664E+01  2.687E-01 
2.823E+00   1.671E+01  2.688E-01 
2.856E+00   1.679E+01  2.688E-01 
2.889E+00   1.686E+01  2.688E-01 
2.923E+00   1.694E+01  2.688E-01 
2.957E+00   1.701E+01  2.688E-01 
2.991E+00   1.709E+01  2.689E-01 
3.026E+00   1.716E+01  2.689E-01 
3.061E+00   1.724E+01  2.689E-01 
3.096E+00   1.732E+01  2.689E-01 
3.132E+00   1.740E+01  2.688E-01 
3.168E+00   1.747E+01  2.688E-01 
3.205E+00   1.755E+01  2.688E-01 
3.242E+00   1.763E+01  2.688E-01 
3.280E+00   1.771E+01  2.688E-01 
3.318E+00   1.779E+01  2.687E-01 
3.356E+00   1.787E+01  2.687E-01 
3.395E+00   1.795E+01  2.686E-01 
3.435E+00   1.803E+01  2.686E-01 
3.475E+00   1.811E+01  2.685E-01 
3.515E+00   1.819E+01  2.685E-01 
3.556E+00   1.827E+01  2.684E-01 
3.597E+00   1.835E+01  2.683E-01 
3.639E+00   1.843E+01  2.683E-01 
3.681E+00   1.852E+01  2.682E-01 
3.724E+00   1.860E+01  2.681E-01 
3.767E+00   1.868E+01  2.680E-01 
3.810E+00   1.877E+01  2.679E-01 
3.855E+00   1.885E+01  2.678E-01 
3.899E+00   1.893E+01  2.677E-01 
3.945E+00   1.902E+01  2.676E-01 
3.990E+00   1.910E+01  2.675E-01 
4.037E+00   1.919E+01  2.674E-01 
4.083E+00   1.927E+01  2.672E-01 
4.131E+00   1.936E+01  2.671E-01 
4.179E+00   1.945E+01  2.670E-01 
4.227E+00   1.953E+01  2.668E-01 
4.276E+00   1.962E+01  2.667E-01 
4.326E+00   1.971E+01  2.665E-01 
4.376E+00   1.979E+01  2.664E-01 
4.427E+00   1.988E+01  2.662E-01 
4.478E+00   1.997E+01  2.660E-01 
4.530E+00   2.006E+01  2.658E-01 
4.583E+00   2.015E+01  2.657E-01 
4.636E+00   2.024E+01  2.655E-01 
4.690E+00   2.033E+01  2.653E-01 
4.744E+00   2.042E+01  2.651E-01 
4.799E+00   2.051E+01  2.649E-01 
4.855E+00   2.060E+01  2.647E-01 
4.911E+00   2.069E+01  2.645E-01 
4.968E+00   2.078E+01  2.643E-01 
5.026E+00   2.088E+01  2.640E-01 
5.084E+00   2.097E+01  2.638E-01 
5.143E+00   2.106E+01  2.636E-01 
5.202E+00   2.116E+01  2.633E-01 
5.263E+00   2.125E+01  2.631E-01 
5.324E+00   2.134E+01  2.628E-01 
5.386E+00   2.144E+01  2.626E-01 
5.448E+00   2.153E+01  2.623E-01 
5.511E+00   2.163E+01  2.621E-01 
5.575E+00   2.173E+01  2.618E-01 
5.640E+00   2.182E+01  2.615E-01 
5.705E+00   2.192E+01  2.612E-01 
5.771E+00   2.202E+01  2.609E-01 
5.838E+00   2.211E+01  2.606E-01 
5.906E+00   2.221E+01  2.603E-01 
5.975E+00   2.231E+01  2.600E-01 
6.044E+00   2.241E+01  2.597E-01 
6.114E+00   2.251E+01  2.594E-01 
6.185E+00   2.261E+01  2.591E-01 
6.257E+00   2.271E+01  2.588E-01 
6.329E+00   2.281E+01  2.584E-01 
6.403E+00   2.291E+01  2.581E-01 
6.477E+00   2.301E+01  2.578E-01 
6.552E+00   2.311E+01  2.574E-01 
6.628E+00   2.321E+01  2.571E-01 
6.705E+00   2.331E+01  2.567E-01 
6.783E+00   2.342E+01  2.564E-01 
6.861E+00   2.352E+01  2.560E-01 
6.941E+00   2.362E+01  2.556E-01 
7.021E+00   2.373E+01  2.552E-01 
7.103E+00   2.383E+01  2.548E-01 
7.185E+00   2.394E+01  2.545E-01 
7.269E+00   2.404E+01  2.541E-01 
7.353E+00   2.415E+01  2.537E-01 
7.438E+00   2.425E+01  2.533E-01 
7.524E+00   2.436E+01  2.529E-01 
7.612E+00   2.447E+01  2.524E-01 
7.700E+00   2.458E+01  2.520E-01 
7.789E+00   2.468E+01  2.516E-01 
7.880E+00   2.479E+01  2.512E-01 
7.971E+00   2.490E+01  2.507E-01 
8.064E+00   2.501E+01  2.503E-01 
8.157E+00   2.512E+01  2.498E-01 
8.252E+00   2.523E+01  2.494E-01 
8.347E+00   2.534E+01  2.489E-01 
8.444E+00   2.545E+01  2.485E-01 
8.542E+00   2.556E+01  2.480E-01 
8.641E+00   2.567E+01  2.475E-01 
8.741E+00   2.578E+01  2.471E-01 
8.843E+00   2.590E+01  2.466E-01 
8.945E+00   2.601E+01  2.461E-01 
9.049E+00   2.612E+01  2.456E-01 
9.154E+00   2.624E+01  2.451E-01 
9.260E+00   2.635E+01  2.446E-01 
9.368E+00   2.646E+01  2.441E-01 
9.476E+00   2.658E+01  2.436E-01 
9.586E+00   2.669E+01  2.431E-01 
9.698E+00   2.681E+01  2.425E-01 
9.810E+00   2.693E+01  2.420E-01 
9.924E+00   2.704E+01  2.415E-01 
1.004E+01   2.716E+01  2.409E-01 
1.016E+01   2.728E+01  2.404E-01 
1.027E+01   2.740E+01  2.399E-01 
1.039E+01   2.751E+01  2.393E-01 
1.051E+01   2.763E+01  2.388E-01 
1.063E+01   2.775E+01  2.382E-01 
1.076E+01   2.787E+01  2.376E-01 
1.088E+01   2.799E+01  2.371E-01 
1.101E+01   2.811E+01  2.365E-01 
1.114E+01   2.823E+01  2.359E-01 
1.127E+01   2.835E+01  2.353E-01 
1.140E+01   2.847E+01  2.348E-01 
1.153E+01   2.860E+01  2.342E-01 
1.166E+01   2.872E+01  2.336E-01 
1.180E+01   2.884E+01  2.330E-01 
1.193E+01   2.897E+01  2.324E-01 
1.207E+01   2.909E+01  2.318E-01 
1.221E+01   2.921E+01  2.312E-01 
1.235E+01   2.934E+01  2.305E-01 
1.250E+01   2.946E+01  2.299E-01 
1.264E+01   2.959E+01  2.293E-01 
1.279E+01   2.971E+01  2.287E-01 
1.294E+01   2.984E+01  2.280E-01 
1.309E+01   2.997E+01  2.274E-01 
1.324E+01   3.009E+01  2.268E-01 
1.339E+01   3.022E+01  2.261E-01 
1.355E+01   3.035E+01  2.255E-01 
1.371E+01   3.048E+01  2.248E-01 
1.387E+01   3.060E+01  2.242E-01 
1.403E+01   3.073E+01  2.235E-01 
1.419E+01   3.086E+01  2.228E-01 
1.435E+01   3.099E+01  2.222E-01 
1.452E+01   3.112E+01  2.215E-01 
1.469E+01   3.125E+01  2.208E-01 
1.486E+01   3.138E+01  2.202E-01 
1.503E+01   3.151E+01  2.195E-01 
1.521E+01   3.164E+01  2.188E-01 
1.538E+01   3.178E+01  2.181E-01 
1.556E+01   3.191E+01  2.174E-01 
1.574E+01   3.204E+01  2.167E-01 
1.592E+01   3.217E+01  2.160E-01 
1.611E+01   3.231E+01  2.153E-01 
1.629E+01   3.244E+01  2.146E-01 
1.648E+01   3.257E+01  2.139E-01 
1.667E+01   3.271E+01  2.132E-01 
1.687E+01   3.284E+01  2.125E-01 
1.706E+01   3.298E+01  2.118E-01 
1.726E+01   3.311E+01  2.111E-01 
1.746E+01   3.325E+01  2.103E-01 
1.766E+01   3.338E+01  2.096E-01 
1.787E+01   3.352E+01  2.089E-01 
1.808E+01   3.366E+01  2.082E-01 
1.829E+01   3.379E+01  2.074E-01 
1.850E+01   3.393E+01  2.067E-01 
1.871E+01   3.407E+01  2.060E-01 
1.893E+01   3.421E+01  2.052E-01 
1.915E+01   3.434E+01  2.045E-01 
1.937E+01   3.448E+01  2.037E-01 
1.960E+01   3.462E+01  2.030E-01 
1.982E+01   3.476E+01  2.022E-01 
2.005E+01   3.490E+01  2.015E-01 
2.029E+01   3.504E+01  2.007E-01 
2.052E+01   3.518E+01  2.000E-01 
2.076E+01   3.531E+01  1.992E-01 
2.100E+01   3.545E+01  1.985E-01 
2.124E+01   3.559E+01  1.977E-01 
2.149E+01   3.574E+01  1.969E-01 
2.174E+01   3.588E+01  1.962E-01 
2.199E+01   3.602E+01  1.954E-01 
2.225E+01   3.616E+01  1.946E-01 
2.250E+01   3.630E+01  1.938E-01 
2.277E+01   3.644E+01  1.931E-01 
2.303E+01   3.658E+01  1.923E-01 
2.330E+01   3.672E+01  1.915E-01 
2.357E+01   3.686E+01  1.907E-01 
2.384E+01   3.701E+01  1.900E-01 
2.412E+01   3.715E+01  1.892E-01 
2.440E+01   3.729E+01  1.884E-01 
2.468E+01   3.743E+01  1.876E-01 
2.497E+01   3.757E+01  1.868E-01 
2.526E+01   3.772E+01  1.860E-01 
2.555E+01   3.786E+01  1.853E-01 
2.584E+01   3.800E+01  1.845E-01 
2.614E+01   3.814E+01  1.837E-01 
2.645E+01   3.829E+01  1.829E-01 
2.675E+01   3.843E+01  1.821E-01 
2.707E+01   3.857E+01  1.813E-01 
2.738E+01   3.871E+01  1.805E-01 
2.770E+01   3.886E+01  1.797E-01 
2.802E+01   3.900E+01  1.789E-01 
2.834E+01   3.914E+01  1.781E-01 
2.867E+01   3.928E+01  1.773E-01 
2.900E+01   3.943E+01  1.765E-01 
2.934E+01   3.957E+01  1.757E-01 
2.968E+01   3.971E+01  1.749E-01 
3.003E+01   3.985E+01  1.741E-01 
3.037E+01   4.000E+01  1.733E-01 
3.073E+01   4.014E+01  1.725E-01 
3.108E+01   4.028E+01  1.717E-01 
3.144E+01   4.042E+01  1.709E-01 
3.181E+01   4.056E+01  1.701E-01 
3.218E+01   4.070E+01  1.693E-01 
3.255E+01   4.085E+01  1.685E-01 
3.293E+01   4.099E+01  1.677E-01 
3.331E+01   4.113E+01  1.669E-01 
3.370E+01   4.127E+01  1.661E-01 
3.409E+01   4.141E+01  1.653E-01 
3.448E+01   4.155E+01  1.645E-01 
3.488E+01   4.169E+01  1.637E-01 
3.529E+01   4.183E+01  1.629E-01 
3.570E+01   4.197E+01  1.621E-01 
3.611E+01   4.210E+01  1.613E-01 
3.653E+01   4.224E+01  1.605E-01 
3.695E+01   4.238E+01  1.597E-01 
3.738E+01   4.252E+01  1.589E-01 
3.781E+01   4.266E+01  1.581E-01 
3.825E+01   4.279E+01  1.573E-01 
3.870E+01   4.293E+01  1.565E-01 
3.915E+01   4.306E+01  1.557E-01 
3.960E+01   4.320E+01  1.549E-01 
4.006E+01   4.333E+01  1.541E-01 
4.052E+01   4.347E+01  1.533E-01 
4.099E+01   4.360E+01  1.525E-01 
4.147E+01   4.373E+01  1.517E-01 
4.195E+01   4.387E+01  1.509E-01 
4.244E+01   4.400E+01  1.501E-01 
4.293E+01   4.413E+01  1.493E-01 
4.343E+01   4.426E+01  1.485E-01 
4.393E+01   4.439E+01  1.477E-01 
4.444E+01   4.452E+01  1.469E-01 
4.496E+01   4.464E+01  1.461E-01 
4.548E+01   4.477E+01  1.454E-01 
4.600E+01   4.490E+01  1.446E-01 
4.654E+01   4.502E+01  1.438E-01 
4.708E+01   4.515E+01  1.430E-01 
4.762E+01   4.527E+01  1.422E-01 
4.818E+01   4.539E+01  1.414E-01 
4.873E+01   4.552E+01  1.406E-01 
4.930E+01   4.564E+01  1.399E-01 
4.987E+01   4.576E+01  1.391E-01 
5.045E+01   4.588E+01  1.383E-01 
5.104E+01   4.599E+01  1.375E-01 
5.163E+01   4.611E+01  1.368E-01 
5.223E+01   4.623E+01  1.360E-01 
5.283E+01   4.634E+01  1.352E-01 
5.344E+01   4.645E+01  1.345E-01 
5.406E+01   4.657E+01  1.337E-01 
5.469E+01   4.668E+01  1.329E-01 
5.533E+01   4.679E+01  1.322E-01 
5.597E+01   4.690E+01  1.314E-01 
5.662E+01   4.700E+01  1.306E-01 
5.727E+01   4.711E+01  1.299E-01 
5.794E+01   4.721E+01  1.291E-01 
5.861E+01   4.732E+01  1.284E-01 
5.929E+01   4.742E+01  1.276E-01 
5.998E+01   4.752E+01  1.269E-01 
6.067E+01   4.762E+01  1.261E-01 
6.138E+01   4.772E+01  1.254E-01 
6.209E+01   4.781E+01  1.246E-01 
6.281E+01   4.791E+01  1.239E-01 
6.354E+01   4.800E+01  1.231E-01 
6.427E+01   4.809E+01  1.224E-01 
6.502E+01   4.818E+01  1.216E-01 
6.577E+01   4.827E+01  1.209E-01 
6.654E+01   4.835E+01  1.202E-01 
6.731E+01   4.844E+01  1.194E-01 
6.809E+01   4.852E+01  1.187E-01 
6.888E+01   4.860E+01  1.180E-01 
6.968E+01   4.868E+01  1.173E-01 
7.049E+01   4.876E+01  1.165E-01 
7.130E+01   4.883E+01  1.158E-01 
7.213E+01   4.891E+01  1.151E-01 
7.297E+01   4.898E+01  1.144E-01 
7.381E+01   4.905E+01  1.137E-01 
7.467E+01   4.911E+01  1.130E-01 
7.554E+01   4.918E+01  1.122E-01 
7.641E+01   4.924E+01  1.115E-01 
7.730E+01   4.930E+01  1.108E-01 
7.820E+01   4.936E+01  1.101E-01 
7.910E+01   4.942E+01  1.094E-01 
8.002E+01   4.947E+01  1.087E-01 
8.095E+01   4.953E+01  1.080E-01 
8.189E+01   4.958E+01  1.074E-01 
8.284E+01   4.963E+01  1.067E-01 
8.380E+01   4.967E+01  1.060E-01 
8.477E+01   4.972E+01  1.053E-01 
8.575E+01   4.976E+01  1.046E-01 
8.675E+01   4.980E+01  1.039E-01 
8.775E+01   4.983E+01  1.033E-01 
8.877E+01   4.987E+01  1.026E-01 
8.980E+01   4.990E+01  1.019E-01 
9.084E+01   4.993E+01  1.012E-01 
9.190E+01   4.996E+01  1.006E-01 
9.296E+01   4.998E+01  9.991E-02 
9.404E+01   5.000E+01  9.925E-02 
9.513E+01   5.002E+01  9.859E-02 
9.624E+01   5.004E+01  9.794E-02 
9.735E+01   5.006E+01  9.728E-02 
9.848E+01   5.007E+01  9.663E-02 
9.962E+01   5.008E+01  9.599E-02 
1.008E+02   5.008E+01  9.534E-02 
1.019E+02   5.009E+01  9.470E-02 
1.031E+02   5.009E+01  9.406E-02 
1.043E+02   5.009E+01  9.343E-02 
1.055E+02   5.009E+01  9.279E-02 
1.068E+02   5.008E+01  9.216E-02 
1.080E+02   5.007E+01  9.153E-02 
1.093E+02   5.006E+01  9.091E-02 
1.105E+02   5.005E+01  9.029E-02 
1.118E+02   5.003E+01  8.967E-02 
1.131E+02   5.001E+01  8.905E-02 
1.144E+02   4.999E+01  8.844E-02 
1.157E+02   4.996E+01  8.783E-02 
1.171E+02   4.994E+01  8.722E-02 
1.184E+02   4.991E+01  8.661E-02 
1.198E+02   4.988E+01  8.601E-02 
1.212E+02   4.984E+01  8.541E-02 
1.226E+02   4.980E+01  8.481E-02 
1.240E+02   4.976E+01  8.422E-02 
1.255E+02   4.972E+01  8.363E-02 
1.269E+02   4.967E+01  8.304E-02 
1.284E+02   4.962E+01  8.246E-02 
1.299E+02   4.957E+01  8.187E-02 
1.314E+02   4.952E+01  8.129E-02 
1.329E+02   4.946E+01  8.072E-02 
1.345E+02   4.940E+01  8.014E-02 
1.360E+02   4.934E+01  7.957E-02 
1.376E+02   4.928E+01  7.901E-02 
1.392E+02   4.921E+01  7.844E-02 
1.408E+02   4.914E+01  7.788E-02 
1.424E+02   4.907E+01  7.732E-02 
1.441E+02   4.899E+01  7.676E-02 
1.458E+02   4.891E+01  7.621E-02 
1.475E+02   4.883E+01  7.566E-02 
1.492E+02   4.875E+01  7.511E-02 
1.509E+02   4.867E+01  7.457E-02 
1.526E+02   4.858E+01  7.403E-02 
1.544E+02   4.849E+01  7.349E-02 
1.562E+02   4.840E+01  7.295E-02 
1.580E+02   4.830E+01  7.242E-02 
1.598E+02   4.821E+01  7.189E-02 
1.617E+02   4.811E+01  7.136E-02 
1.636E+02   4.801E+01  7.084E-02 
1.655E+02   4.790E+01  7.031E-02 
1.674E+02   4.779E+01  6.980E-02 
1.693E+02   4.769E+01  6.928E-02 
1.713E+02   4.757E+01  6.877E-02 
1.733E+02   4.746E+01  6.826E-02 
1.753E+02   4.735E+01  6.775E-02 
1.773E+02   4.723E+01  6.725E-02 
1.794E+02   4.711E+01  6.674E-02 
1.815E+02   4.699E+01  6.625E-02 
1.836E+02   4.686E+01  6.575E-02 
1.857E+02   4.674E+01  6.526E-02 
1.879E+02   4.661E+01  6.477E-02 
1.900E+02   4.648E+01  6.428E-02 
1.922E+02   4.635E+01  6.380E-02 
1.945E+02   4.621E+01  6.331E-02 
1.967E+02   4.608E+01  6.284E-02 
1.990E+02   4.594E+01  6.236E-02 
2.013E+02   4.580E+01  6.189E-02 
2.036E+02   4.566E+01  6.142E-02 
2.060E+02   4.552E+01  6.095E-02 
2.084E+02   4.537E+01  6.049E-02 
2.108E+02   4.523E+01  6.002E-02 
2.133E+02   4.508E+01  5.956E-02 
2.157E+02   4.493E+01  5.911E-02 
2.182E+02   4.478E+01  5.865E-02 
2.208E+02   4.463E+01  5.820E-02 
2.233E+02   4.447E+01  5.776E-02 
2.259E+02   4.432E+01  5.731E-02 
2.285E+02   4.416E+01  5.687E-02 
2.312E+02   4.400E+01  5.643E-02 
2.339E+02   4.384E+01  5.599E-02 
2.366E+02   4.368E+01  5.556E-02 
2.393E+02   4.352E+01  5.513E-02 
2.421E+02   4.335E+01  5.470E-02 
2.449E+02   4.319E+01  5.427E-02 
2.478E+02   4.302E+01  5.385E-02 
2.506E+02   4.285E+01  5.343E-02 
2.535E+02   4.269E+01  5.301E-02 
2.565E+02   4.252E+01  5.259E-02 
2.595E+02   4.234E+01  5.218E-02 
2.625E+02   4.217E+01  5.177E-02 
2.655E+02   4.200E+01  5.136E-02 
2.686E+02   4.183E+01  5.096E-02 
2.717E+02   4.165E+01  5.056E-02 
2.749E+02   4.147E+01  5.016E-02 
2.780E+02   4.130E+01  4.976E-02 
2.813E+02   4.112E+01  4.937E-02 
2.845E+02   4.094E+01  4.897E-02 
2.878E+02   4.076E+01  4.858E-02 
2.912E+02   4.058E+01  4.820E-02 
2.945E+02   4.040E+01  5.092E-02 
2.980E+02   4.022E+01  5.050E-02 
3.014E+02   4.004E+01  5.009E-02 
3.049E+02   3.985E+01  4.968E-02 
3.085E+02   3.967E+01  4.928E-02 
3.120E+02   3.949E+01  4.888E-02 
3.156E+02   3.930E+01  4.848E-02 
3.193E+02   3.912E+01  4.808E-02 
3.230E+02   3.893E+01  4.769E-02 
3.268E+02   3.874E+01  4.729E-02 
3.306E+02   3.856E+01  4.691E-02 
3.344E+02   3.837E+01  4.652E-02 
3.383E+02   3.818E+01  4.614E-02 
3.422E+02   3.799E+01  4.576E-02 
3.462E+02   3.781E+01  4.538E-02 
3.502E+02   3.762E+01  4.500E-02 
3.542E+02   3.743E+01  4.463E-02 
3.583E+02   3.724E+01  4.426E-02 
3.625E+02   3.705E+01  4.389E-02 
3.667E+02   3.686E+01  4.353E-02 
3.710E+02   3.667E+01  4.317E-02 
3.753E+02   3.648E+01  4.281E-02 
3.796E+02   3.629E+01  4.245E-02 
3.840E+02   3.609E+01  4.210E-02 
3.885E+02   3.590E+01  4.174E-02 
3.930E+02   3.571E+01  4.139E-02 
3.975E+02   3.552E+01  4.105E-02 
4.021E+02   3.533E+01  4.070E-02 
4.068E+02   3.514E+01  4.036E-02 
4.115E+02   3.495E+01  4.002E-02 
4.163E+02   3.475E+01  3.968E-02 
4.211E+02   3.456E+01  3.935E-02 
4.260E+02   3.437E+01  3.902E-02 
4.310E+02   3.418E+01  3.869E-02 
4.360E+02   3.399E+01  3.836E-02 
4.410E+02   3.380E+01  3.804E-02 
4.461E+02   3.360E+01  3.771E-02 
4.513E+02   3.341E+01  3.739E-02 
4.565E+02   3.322E+01  3.708E-02 
4.618E+02   3.303E+01  3.676E-02 
4.672E+02   3.284E+01  3.645E-02 
4.726E+02   3.265E+01  3.614E-02 
4.781E+02   3.246E+01  3.583E-02 
4.836E+02   3.227E+01  3.553E-02 
4.892E+02   3.207E+01  3.522E-02 
4.949E+02   3.188E+01  3.492E-02 
5.007E+02   3.169E+01  3.462E-02 
5.065E+02   3.150E+01  3.432E-02 
5.123E+02   3.131E+01  3.403E-02 
5.183E+02   3.113E+01  3.374E-02 
5.243E+02   3.094E+01  3.345E-02 
5.304E+02   3.075E+01  3.316E-02 
5.365E+02   3.056E+01  3.287E-02 
5.428E+02   3.037E+01  3.259E-02 
5.490E+02   3.018E+01  3.231E-02 
5.554E+02   3.000E+01  3.203E-02 
5.619E+02   2.981E+01  3.175E-02 
5.684E+02   2.962E+01  3.148E-02 
5.750E+02   2.943E+01  3.121E-02 
5.816E+02   2.925E+01  3.094E-02 
5.884E+02   2.906E+01  3.067E-02 
5.952E+02   2.888E+01  3.040E-02 
6.021E+02   2.869E+01  3.014E-02 
6.091E+02   2.851E+01  2.988E-02 
6.162E+02   2.832E+01  2.962E-02 
6.233E+02   2.814E+01  2.936E-02 
6.305E+02   2.796E+01  2.910E-02 
6.378E+02   2.778E+01  2.885E-02 
6.452E+02   2.759E+01  2.860E-02 
6.527E+02   2.741E+01  2.835E-02 
6.603E+02   2.723E+01  2.810E-02 
6.680E+02   2.705E+01  2.785E-02 
6.757E+02   2.687E+01  2.761E-02 
6.835E+02   2.669E+01  2.736E-02 
6.915E+02   2.651E+01  2.712E-02 
6.995E+02   2.633E+01  2.689E-02 
7.076E+02   2.616E+01  2.665E-02 
7.158E+02   2.598E+01  2.641E-02 
7.241E+02   2.580E+01  2.618E-02 
7.325E+02   2.563E+01  2.595E-02 
7.410E+02   2.545E+01  2.572E-02 
7.496E+02   2.527E+01  2.550E-02 
7.583E+02   2.510E+01  2.527E-02 
7.671E+02   2.493E+01  2.505E-02 
7.760E+02   2.475E+01  2.482E-02 
7.850E+02   2.458E+01  2.460E-02 
7.941E+02   2.441E+01  2.439E-02 
8.033E+02   2.424E+01  2.417E-02 
8.126E+02   2.407E+01  2.396E-02 
8.221E+02   2.390E+01  2.374E-02 
8.316E+02   2.373E+01  2.353E-02 
8.412E+02   2.356E+01  2.332E-02 
8.510E+02   2.339E+01  2.311E-02 
8.609E+02   2.323E+01  2.291E-02 
8.709E+02   2.306E+01  2.270E-02 
8.810E+02   2.289E+01  2.250E-02 
8.912E+02   2.273E+01  2.230E-02 
9.015E+02   2.256E+01  2.210E-02 
9.120E+02   2.240E+01  2.190E-02 
9.225E+02   2.224E+01  2.171E-02 
9.332E+02   2.207E+01  2.151E-02 
9.441E+02   2.191E+01  2.132E-02 
9.550E+02   2.175E+01  2.113E-02 
9.661E+02   2.159E+01  2.094E-02 
9.773E+02   2.143E+01  2.075E-02 
9.886E+02   2.127E+01  2.056E-02 
1.000E+03   2.112E+01  2.038E-02 
1.012E+03   2.098E+01  2.020E-02 
1.023E+03   2.090E+01  2.001E-02 
1.035E+03   2.082E+01  1.983E-02 
1.047E+03   2.074E+01  1.965E-02 
1.059E+03   2.066E+01  1.948E-02 
1.072E+03   2.058E+01  1.930E-02 
1.084E+03   2.049E+01  1.913E-02 
1.097E+03   2.041E+01  1.895E-02 
1.109E+03   2.032E+01  1.878E-02 
1.122E+03   2.023E+01  1.861E-02 
1.135E+03   2.014E+01  1.844E-02 
1.149E+03   2.005E+01  1.828E-02 
1.162E+03   1.996E+01  1.811E-02 
1.175E+03   1.987E+01  1.795E-02 
1.189E+03   1.978E+01  1.778E-02 
1.203E+03   1.968E+01  1.762E-02 
1.217E+03   1.959E+01  1.746E-02 
1.231E+03   1.950E+01  1.730E-02 
1.245E+03   1.941E+01  1.714E-02 
1.260E+03   1.932E+01  1.699E-02 
1.274E+03   1.922E+01  1.683E-02 
1.289E+03   1.913E+01  1.668E-02 
1.304E+03   1.904E+01  1.653E-02 
1.319E+03   1.895E+01  1.638E-02 
1.334E+03   1.885E+01  1.623E-02 
1.350E+03   1.876E+01  1.608E-02 
1.365E+03   1.867E+01  1.593E-02 
1.381E+03   1.857E+01  1.578E-02 
1.397E+03   1.848E+01  1.564E-02 
1.414E+03   1.838E+01  1.550E-02 
1.430E+03   1.829E+01  1.535E-02 
1.446E+03   1.820E+01  1.521E-02 
1.463E+03   1.810E+01  1.507E-02 
1.480E+03   1.801E+01  1.494E-02 
1.497E+03   1.791E+01  1.480E-02 
1.515E+03   1.782E+01  1.466E-02 
1.532E+03   1.773E+01  1.453E-02 
1.550E+03   1.763E+01  1.439E-02 
1.568E+03   1.754E+01  1.426E-02 
1.586E+03   1.745E+01  1.413E-02 
1.605E+03   1.735E+01  1.400E-02 
1.623E+03   1.726E+01  1.387E-02 
1.642E+03   1.717E+01  1.374E-02 
1.661E+03   1.707E+01  1.361E-02 
1.680E+03   1.698E+01  1.349E-02 
1.700E+03   1.689E+01  1.336E-02 
1.720E+03   1.679E+01  1.324E-02 
1.740E+03   1.670E+01  1.312E-02 
1.760E+03   1.661E+01  1.300E-02 
1.780E+03   1.652E+01  1.288E-02 
1.801E+03   1.643E+01  1.276E-02 
1.822E+03   1.633E+01  1.264E-02 
1.843E+03   1.624E+01  1.252E-02 
1.864E+03   1.615E+01  1.240E-02 
1.886E+03   1.606E+01  1.229E-02 
1.908E+03   1.597E+01  1.217E-02 
1.930E+03   1.588E+01  1.206E-02 
1.952E+03   1.579E+01  1.195E-02 
1.975E+03   1.570E+01  1.184E-02 
1.998E+03   1.561E+01  1.173E-02 
2.021E+03   1.552E+01  1.162E-02 
2.044E+03   1.543E+01  1.151E-02 
2.068E+03   1.534E+01  1.140E-02 
2.092E+03   1.525E+01  1.130E-02 
2.116E+03   1.516E+01  1.119E-02 
2.141E+03   1.508E+01  1.109E-02 
2.166E+03   1.499E+01  1.098E-02 
2.191E+03   1.490E+01  1.088E-02 
2.216E+03   1.481E+01  1.078E-02 
2.242E+03   1.473E+01  1.068E-02 
2.268E+03   1.464E+01  1.058E-02 
2.294E+03   1.455E+01  1.048E-02 
2.321E+03   1.447E+01  1.038E-02 
2.348E+03   1.438E+01  1.028E-02 
2.375E+03   1.430E+01  1.019E-02 
2.403E+03   1.421E+01  1.009E-02 
2.431E+03   1.413E+01  9.995E-03 
2.459E+03   1.404E+01  9.901E-03 
2.487E+03   1.396E+01  9.808E-03 
2.516E+03   1.388E+01  9.716E-03 
2.545E+03   1.379E+01  9.624E-03 
2.575E+03   1.371E+01  9.534E-03 
2.605E+03   1.363E+01  9.444E-03 
2.635E+03   1.354E+01  9.355E-03 
2.665E+03   1.346E+01  9.266E-03 
2.696E+03   1.338E+01  9.179E-03 
2.728E+03   1.330E+01  9.092E-03 
2.759E+03   1.322E+01  9.007E-03 
2.791E+03   1.314E+01  8.922E-03 
2.824E+03   1.306E+01  8.837E-03 
2.856E+03   1.297E+01  8.754E-03 
2.889E+03   1.289E+01  8.671E-03 
2.923E+03   1.282E+01  8.589E-03 
2.957E+03   1.274E+01  8.508E-03 
2.991E+03   1.266E+01  8.427E-03 
3.026E+03   1.258E+01  8.347E-03 
3.061E+03   1.250E+01  8.268E-03 
3.097E+03   1.242E+01  8.190E-03 
3.132E+03   1.234E+01  8.112E-03 
3.169E+03   1.227E+01  8.035E-03 
3.206E+03   1.219E+01  7.959E-03 
3.243E+03   1.211E+01  7.883E-03 
3.280E+03   1.204E+01  7.808E-03 
3.318E+03   1.196E+01  7.734E-03 
3.357E+03   1.189E+01  7.660E-03 
3.396E+03   1.181E+01  7.588E-03 
3.435E+03   1.174E+01  7.515E-03 
3.475E+03   1.166E+01  7.444E-03 
3.515E+03   1.159E+01  7.373E-03 
3.556E+03   1.151E+01  7.303E-03 
3.597E+03   1.144E+01  7.233E-03 
3.639E+03   1.137E+01  7.164E-03 
3.681E+03   1.129E+01  7.096E-03 
3.724E+03   1.122E+01  7.028E-03 
3.767E+03   1.115E+01  6.961E-03 
3.811E+03   1.108E+01  6.894E-03 
3.855E+03   1.100E+01  6.829E-03 
3.900E+03   1.093E+01  6.763E-03 
3.945E+03   1.086E+01  6.699E-03 
3.991E+03   1.079E+01  6.634E-03 
4.037E+03   1.072E+01  6.571E-03 
4.084E+03   1.065E+01  6.508E-03 
4.131E+03   1.058E+01  6.446E-03 
4.179E+03   1.051E+01  6.384E-03 
4.228E+03   1.044E+01  6.323E-03 
4.277E+03   1.037E+01  6.262E-03 
4.326E+03   1.031E+01  6.202E-03 
4.376E+03   1.024E+01  6.143E-03 
4.427E+03   1.017E+01  6.084E-03 
4.479E+03   1.010E+01  6.025E-03 
4.531E+03   1.003E+01  5.967E-03 
4.583E+03   9.968E+00  5.910E-03 
4.636E+03   9.901E+00  5.853E-03 
4.690E+03   9.835E+00  5.797E-03 
4.744E+03   9.770E+00  5.741E-03 
4.799E+03   9.704E+00  5.686E-03 
4.855E+03   9.639E+00  5.631E-03 
4.911E+03   9.574E+00  5.577E-03 
4.968E+03   9.510E+00  5.523E-03 
5.026E+03   9.445E+00  5.470E-03 
5.084E+03   9.381E+00  5.417E-03 
5.143E+03   9.318E+00  5.365E-03 
5.203E+03   9.255E+00  5.313E-03 
5.263E+03   9.192E+00  5.262E-03 
5.324E+03   9.129E+00  5.211E-03 
5.386E+03   9.067E+00  5.161E-03 
5.449E+03   9.005E+00  5.111E-03 
5.512E+03   8.943E+00  5.062E-03 
5.576E+03   8.882E+00  5.013E-03 
5.640E+03   8.821E+00  4.964E-03 
5.706E+03   8.760E+00  4.916E-03 
5.772E+03   8.700E+00  4.869E-03 
5.839E+03   8.640E+00  4.822E-03 
5.907E+03   8.580E+00  4.775E-03 
5.975E+03   8.521E+00  4.729E-03 
6.045E+03   8.461E+00  4.683E-03 
6.115E+03   8.403E+00  4.637E-03 
6.186E+03   8.344E+00  4.592E-03 
6.257E+03   8.286E+00  4.548E-03 
6.330E+03   8.228E+00  4.504E-03 
6.403E+03   8.170E+00  4.460E-03 
6.478E+03   8.113E+00  4.417E-03 
6.553E+03   8.056E+00  4.374E-03 
6.629E+03   8.000E+00  4.331E-03 
6.706E+03   7.943E+00  4.289E-03 
6.783E+03   7.887E+00  4.248E-03 
6.862E+03   7.831E+00  4.206E-03 
6.942E+03   7.776E+00  4.165E-03 
7.022E+03   7.721E+00  4.125E-03 
7.104E+03   7.666E+00  4.085E-03 
7.186E+03   7.611E+00  4.045E-03 
7.269E+03   7.557E+00  4.006E-03 
7.354E+03   7.503E+00  3.967E-03 
7.439E+03   7.450E+00  3.928E-03 
7.525E+03   7.396E+00  3.890E-03 
7.613E+03   7.343E+00  3.852E-03 
7.701E+03   7.291E+00  3.814E-03 
7.790E+03   7.238E+00  3.777E-03 
7.881E+03   7.186E+00  3.740E-03 
7.972E+03   7.134E+00  3.704E-03 
8.064E+03   7.083E+00  3.667E-03 
8.158E+03   7.032E+00  3.632E-03 
8.253E+03   6.981E+00  3.596E-03 
8.348E+03   6.930E+00  3.561E-03 
8.445E+03   6.880E+00  3.526E-03 
8.543E+03   6.830E+00  3.492E-03 
8.642E+03   6.780E+00  3.457E-03 
8.742E+03   6.730E+00  3.424E-03 
8.844E+03   6.681E+00  3.390E-03 
8.946E+03   6.632E+00  3.357E-03 
9.050E+03   6.584E+00  3.324E-03 
9.155E+03   6.535E+00  3.292E-03 
9.261E+03   6.487E+00  3.259E-03 
9.369E+03   6.439E+00  3.227E-03 
9.477E+03   6.392E+00  3.196E-03 
9.587E+03   6.345E+00  3.164E-03 
9.699E+03   6.298E+00  3.133E-03 
9.811E+03   6.251E+00  3.103E-03 
9.925E+03   6.205E+00  3.072E-03 
1.004E+04   6.159E+00  3.042E-03 
1.016E+04   6.113E+00  3.012E-03 
1.027E+04   6.068E+00  2.982E-03 
1.039E+04   6.022E+00  2.953E-03 
1.051E+04   5.977E+00  2.924E-03 
1.064E+04   5.933E+00  2.895E-03 
1.076E+04   5.888E+00  2.867E-03 
1.088E+04   5.844E+00  2.839E-03 
1.101E+04   5.800E+00  2.811E-03 
1.114E+04   5.757E+00  2.783E-03 
1.127E+04   5.714E+00  2.756E-03 
1.140E+04   5.671E+00  2.729E-03 
1.153E+04   5.628E+00  2.702E-03 
1.166E+04   5.585E+00  2.675E-03 
1.180E+04   5.543E+00  2.649E-03 
1.194E+04   5.501E+00  2.623E-03 
1.207E+04   5.459E+00  2.597E-03 
1.221E+04   5.418E+00  2.571E-03 
1.236E+04   5.377E+00  2.546E-03 
1.250E+04   5.336E+00  2.521E-03 
1.264E+04   5.295E+00  2.496E-03 
1.279E+04   5.255E+00  2.471E-03 
1.294E+04   5.215E+00  2.447E-03 
1.309E+04   5.175E+00  2.422E-03 
1.324E+04   5.135E+00  2.399E-03 
1.340E+04   5.096E+00  2.375E-03 
1.355E+04   5.057E+00  2.351E-03 
1.371E+04   5.018E+00  2.328E-03 
1.387E+04   4.980E+00  2.305E-03 
1.403E+04   4.941E+00  2.282E-03 
1.419E+04   4.903E+00  2.260E-03 
1.435E+04   4.865E+00  2.237E-03 
1.452E+04   4.828E+00  2.215E-03 
1.469E+04   4.791E+00  2.193E-03 
1.486E+04   4.754E+00  2.171E-03 
1.503E+04   4.717E+00  2.150E-03 
1.521E+04   4.680E+00  2.129E-03 
1.538E+04   4.644E+00  2.108E-03 
1.556E+04   4.608E+00  2.087E-03 
1.574E+04   4.572E+00  2.066E-03 
1.592E+04   4.536E+00  2.045E-03 
1.611E+04   4.501E+00  2.025E-03 
1.630E+04   4.466E+00  2.005E-03 
1.649E+04   4.431E+00  1.985E-03 
1.668E+04   4.396E+00  1.965E-03 
1.687E+04   4.362E+00  1.946E-03 
1.707E+04   4.328E+00  1.927E-03 
1.726E+04   4.294E+00  1.907E-03 
1.746E+04   4.260E+00  1.888E-03 
1.767E+04   4.227E+00  1.870E-03 
1.787E+04   4.194E+00  1.851E-03 
1.808E+04   4.161E+00  1.833E-03 
1.829E+04   4.128E+00  1.814E-03 
1.850E+04   4.095E+00  1.796E-03 
1.871E+04   4.063E+00  1.778E-03 
1.893E+04   4.031E+00  1.761E-03 
1.915E+04   3.999E+00  1.743E-03 
1.937E+04   3.967E+00  1.726E-03 
1.960E+04   3.936E+00  1.709E-03 
1.983E+04   3.905E+00  1.692E-03 
2.006E+04   3.874E+00  1.675E-03 
2.029E+04   3.843E+00  1.658E-03 
2.052E+04   3.813E+00  1.642E-03 
2.076E+04   3.782E+00  1.625E-03 
2.100E+04   3.752E+00  1.609E-03 
2.125E+04   3.722E+00  1.593E-03 
2.149E+04   3.693E+00  1.577E-03 
2.174E+04   3.663E+00  1.561E-03 
2.199E+04   3.634E+00  1.546E-03 
2.225E+04   3.605E+00  1.530E-03 
2.251E+04   3.576E+00  1.515E-03 
2.277E+04   3.548E+00  1.500E-03 
2.303E+04   3.519E+00  1.485E-03 
2.330E+04   3.491E+00  1.470E-03 
2.357E+04   3.463E+00  1.455E-03 
2.384E+04   3.435E+00  1.441E-03 
2.412E+04   3.408E+00  1.426E-03 
2.440E+04   3.381E+00  1.412E-03 
2.468E+04   3.353E+00  1.398E-03 
2.497E+04   3.326E+00  1.384E-03 
2.526E+04   3.300E+00  1.370E-03 
2.555E+04   3.273E+00  1.356E-03 
2.585E+04   3.247E+00  1.343E-03 
2.615E+04   3.221E+00  1.329E-03 
2.645E+04   3.195E+00  1.316E-03 
2.676E+04   3.169E+00  1.303E-03 
2.707E+04   3.143E+00  1.290E-03 
2.738E+04   3.118E+00  1.277E-03 
2.770E+04   3.093E+00  1.264E-03 
2.802E+04   3.068E+00  1.251E-03 
2.835E+04   3.043E+00  1.239E-03 
2.867E+04   3.018E+00  1.226E-03 
2.901E+04   2.994E+00  1.214E-03 
2.934E+04   2.970E+00  1.202E-03 
2.968E+04   2.946E+00  1.190E-03 
3.003E+04   2.922E+00  1.178E-03 
3.038E+04   2.898E+00  1.166E-03 
3.073E+04   2.875E+00  1.154E-03 
3.109E+04   2.851E+00  1.143E-03 
3.145E+04   2.828E+00  1.131E-03 
3.181E+04   2.805E+00  1.120E-03 
3.218E+04   2.782E+00  1.108E-03 
3.255E+04   2.760E+00  1.097E-03 
3.293E+04   2.737E+00  1.086E-03 
3.331E+04   2.715E+00  1.075E-03 
3.370E+04   2.693E+00  1.065E-03 
3.409E+04   2.671E+00  1.054E-03 
3.449E+04   2.649E+00  1.043E-03 
3.489E+04   2.628E+00  1.033E-03 
3.529E+04   2.606E+00  1.022E-03 
3.570E+04   2.585E+00  1.012E-03 
3.611E+04   2.564E+00  1.002E-03 
3.653E+04   2.543E+00  9.917E-04 
3.696E+04   2.522E+00  9.817E-04 
3.738E+04   2.502E+00  9.718E-04 
3.782E+04   2.481E+00  9.620E-04 
3.826E+04   2.461E+00  9.523E-04 
3.870E+04   2.441E+00  9.427E-04 
3.915E+04   2.421E+00  9.332E-04 
3.960E+04   2.401E+00  9.238E-04 
4.006E+04   2.382E+00  9.145E-04 
4.053E+04   2.362E+00  9.052E-04 
4.100E+04   2.343E+00  8.961E-04 
4.147E+04   2.324E+00  8.870E-04 
4.195E+04   2.305E+00  8.781E-04 
4.244E+04   2.286E+00  8.692E-04 
4.293E+04   2.267E+00  8.604E-04 
4.343E+04   2.249E+00  8.517E-04 
4.394E+04   2.230E+00  8.431E-04 
4.444E+04   2.212E+00  8.346E-04 
4.496E+04   2.194E+00  8.262E-04 
4.548E+04   2.176E+00  8.178E-04 
4.601E+04   2.158E+00  8.095E-04 
4.654E+04   2.141E+00  8.013E-04 
4.708E+04   2.123E+00  7.932E-04 
4.763E+04   2.106E+00  7.852E-04 
4.818E+04   2.089E+00  7.772E-04 
4.874E+04   2.072E+00  7.694E-04 
4.931E+04   2.055E+00  7.616E-04 
4.988E+04   2.038E+00  7.539E-04 
5.046E+04   2.021E+00  7.462E-04 
5.104E+04   2.005E+00  7.387E-04 
5.163E+04   1.989E+00  7.312E-04 
5.223E+04   1.972E+00  7.238E-04 
5.284E+04   1.956E+00  7.164E-04 
5.345E+04   1.940E+00  7.092E-04 
5.407E+04   1.924E+00  7.020E-04 
5.470E+04   1.909E+00  6.949E-04 
5.533E+04   1.893E+00  6.878E-04 
5.597E+04   1.878E+00  6.808E-04 
5.662E+04   1.863E+00  6.739E-04 
5.728E+04   1.847E+00  6.671E-04 
5.794E+04   1.832E+00  6.603E-04 
5.862E+04   1.817E+00  6.536E-04 
5.930E+04   1.803E+00  6.470E-04 
5.998E+04   1.788E+00  6.404E-04 
6.068E+04   1.773E+00  6.339E-04 
6.138E+04   1.759E+00  6.275E-04 
6.210E+04   1.745E+00  6.211E-04 
6.282E+04   1.731E+00  6.148E-04 
6.354E+04   1.717E+00  6.085E-04 
6.428E+04   1.703E+00  6.023E-04 
6.503E+04   1.689E+00  5.962E-04 
6.578E+04   1.675E+00  5.901E-04 
6.654E+04   1.662E+00  5.841E-04 
6.732E+04   1.648E+00  5.782E-04 
6.810E+04   1.635E+00  5.723E-04 
6.889E+04   1.622E+00  5.665E-04 
6.969E+04   1.608E+00  5.607E-04 
7.049E+04   1.595E+00  5.550E-04 
7.131E+04   1.583E+00  5.494E-04 
7.214E+04   1.570E+00  5.438E-04 
7.298E+04   1.557E+00  5.382E-04 
7.382E+04   1.545E+00  5.327E-04 
7.468E+04   1.532E+00  5.273E-04 
7.555E+04   1.520E+00  5.219E-04 
7.642E+04   1.508E+00  5.166E-04 
7.731E+04   1.496E+00  5.114E-04 
7.820E+04   1.484E+00  5.061E-04 
7.911E+04   1.472E+00  5.010E-04 
8.003E+04   1.460E+00  4.959E-04 
8.096E+04   1.448E+00  4.908E-04 
8.190E+04   1.437E+00  4.858E-04 
8.285E+04   1.425E+00  4.808E-04 
8.381E+04   1.414E+00  4.759E-04 
8.478E+04   1.403E+00  4.711E-04 
8.576E+04   1.391E+00  4.663E-04 
8.676E+04   1.380E+00  4.615E-04 
8.776E+04   1.369E+00  4.568E-04 
8.878E+04   1.358E+00  4.521E-04 
8.981E+04   1.348E+00  4.475E-04 
9.085E+04   1.337E+00  4.429E-04 
9.191E+04   1.326E+00  4.384E-04 
9.297E+04   1.316E+00  4.339E-04 
9.405E+04   1.305E+00  4.295E-04 
9.514E+04   1.295E+00  4.251E-04 
9.625E+04   1.285E+00  4.208E-04 
9.736E+04   1.275E+00  4.165E-04 
9.849E+04   1.265E+00  4.122E-04 
9.963E+04   1.255E+00  4.080E-04 
1.008E+05   1.245E+00  4.038E-04 
