Ion = Hydrogen    . Mass = 1.0079
Tgt = Li (Solid). Density = .534 g/cm3
Stopping Units =  eV/(1E15 atoms/cm2)
Energy(keV)  S(Elec)    S(Nuc)
1.000E+00   2.273E+00  2.926E-01 
1.012E+00   2.286E+00  2.910E-01 
1.023E+00   2.299E+00  2.893E-01 
1.035E+00   2.313E+00  2.876E-01 
1.047E+00   2.326E+00  2.859E-01 
1.059E+00   2.339E+00  2.843E-01 
1.072E+00   2.353E+00  2.826E-01 
1.084E+00   2.367E+00  2.810E-01 
1.097E+00   2.380E+00  2.793E-01 
1.109E+00   2.394E+00  2.777E-01 
1.122E+00   2.408E+00  2.760E-01 
1.135E+00   2.422E+00  2.744E-01 
1.148E+00   2.436E+00  2.727E-01 
1.162E+00   2.450E+00  2.711E-01 
1.175E+00   2.464E+00  2.695E-01 
1.189E+00   2.478E+00  2.678E-01 
1.203E+00   2.493E+00  2.662E-01 
1.217E+00   2.507E+00  2.646E-01 
1.231E+00   2.521E+00  2.630E-01 
1.245E+00   2.536E+00  2.614E-01 
1.259E+00   2.551E+00  2.598E-01 
1.274E+00   2.565E+00  2.582E-01 
1.289E+00   2.580E+00  2.566E-01 
1.304E+00   2.595E+00  2.550E-01 
1.319E+00   2.610E+00  2.534E-01 
1.334E+00   2.625E+00  2.519E-01 
1.350E+00   2.641E+00  2.503E-01 
1.365E+00   2.656E+00  2.487E-01 
1.381E+00   2.671E+00  2.472E-01 
1.397E+00   2.687E+00  2.456E-01 
1.413E+00   2.702E+00  2.440E-01 
1.430E+00   2.718E+00  2.425E-01 
1.446E+00   2.733E+00  2.410E-01 
1.463E+00   2.749E+00  2.394E-01 
1.480E+00   2.765E+00  2.379E-01 
1.497E+00   2.781E+00  2.364E-01 
1.515E+00   2.797E+00  2.348E-01 
1.532E+00   2.813E+00  2.333E-01 
1.550E+00   2.830E+00  2.318E-01 
1.568E+00   2.846E+00  2.303E-01 
1.586E+00   2.863E+00  2.288E-01 
1.605E+00   2.879E+00  2.273E-01 
1.623E+00   2.896E+00  2.259E-01 
1.642E+00   2.912E+00  2.244E-01 
1.661E+00   2.929E+00  2.229E-01 
1.680E+00   2.946E+00  2.214E-01 
1.700E+00   2.963E+00  2.200E-01 
1.719E+00   2.980E+00  2.185E-01 
1.739E+00   2.998E+00  2.171E-01 
1.760E+00   3.015E+00  2.156E-01 
1.780E+00   3.032E+00  2.142E-01 
1.801E+00   3.050E+00  2.127E-01 
1.822E+00   3.068E+00  2.113E-01 
1.843E+00   3.085E+00  2.099E-01 
1.864E+00   3.103E+00  2.085E-01 
1.886E+00   3.121E+00  2.071E-01 
1.908E+00   3.139E+00  2.057E-01 
1.930E+00   3.157E+00  2.043E-01 
1.952E+00   3.176E+00  2.029E-01 
1.975E+00   3.194E+00  2.015E-01 
1.998E+00   3.212E+00  2.001E-01 
2.021E+00   3.230E+00  1.987E-01 
2.044E+00   3.246E+00  1.974E-01 
2.068E+00   3.261E+00  1.960E-01 
2.092E+00   3.276E+00  1.947E-01 
2.116E+00   3.292E+00  1.933E-01 
2.141E+00   3.308E+00  1.920E-01 
2.166E+00   3.324E+00  1.906E-01 
2.191E+00   3.340E+00  1.893E-01 
2.216E+00   3.356E+00  1.880E-01 
2.242E+00   3.372E+00  1.867E-01 
2.268E+00   3.388E+00  1.854E-01 
2.294E+00   3.404E+00  1.841E-01 
2.321E+00   3.421E+00  1.828E-01 
2.348E+00   3.437E+00  1.815E-01 
2.375E+00   3.454E+00  1.802E-01 
2.402E+00   3.471E+00  1.789E-01 
2.430E+00   3.488E+00  1.776E-01 
2.458E+00   3.505E+00  1.764E-01 
2.487E+00   3.522E+00  1.751E-01 
2.516E+00   3.539E+00  1.739E-01 
2.545E+00   3.556E+00  1.726E-01 
2.574E+00   3.573E+00  1.714E-01 
2.604E+00   3.591E+00  1.702E-01 
2.635E+00   3.608E+00  1.689E-01 
2.665E+00   3.626E+00  1.677E-01 
2.696E+00   3.644E+00  1.665E-01 
2.727E+00   3.662E+00  1.653E-01 
2.759E+00   3.679E+00  1.641E-01 
2.791E+00   3.697E+00  1.629E-01 
2.823E+00   3.715E+00  1.617E-01 
2.856E+00   3.734E+00  1.605E-01 
2.889E+00   3.752E+00  1.593E-01 
2.923E+00   3.770E+00  1.582E-01 
2.957E+00   3.788E+00  1.570E-01 
2.991E+00   3.807E+00  1.559E-01 
3.026E+00   3.825E+00  1.547E-01 
3.061E+00   3.844E+00  1.536E-01 
3.096E+00   3.863E+00  1.524E-01 
3.132E+00   3.881E+00  1.513E-01 
3.168E+00   3.900E+00  1.502E-01 
3.205E+00   3.919E+00  1.491E-01 
3.242E+00   3.938E+00  1.479E-01 
3.280E+00   3.957E+00  1.468E-01 
3.318E+00   3.976E+00  1.457E-01 
3.356E+00   3.996E+00  1.446E-01 
3.395E+00   4.015E+00  1.436E-01 
3.435E+00   4.034E+00  1.425E-01 
3.475E+00   4.054E+00  1.414E-01 
3.515E+00   4.073E+00  1.403E-01 
3.556E+00   4.093E+00  1.393E-01 
3.597E+00   4.113E+00  1.382E-01 
3.639E+00   4.133E+00  1.372E-01 
3.681E+00   4.152E+00  1.361E-01 
3.724E+00   4.173E+00  1.351E-01 
3.767E+00   4.193E+00  1.341E-01 
3.810E+00   4.213E+00  1.330E-01 
3.855E+00   4.233E+00  1.320E-01 
3.899E+00   4.254E+00  1.310E-01 
3.945E+00   4.274E+00  1.300E-01 
3.990E+00   4.295E+00  1.290E-01 
4.037E+00   4.316E+00  1.280E-01 
4.083E+00   4.337E+00  1.270E-01 
4.131E+00   4.358E+00  1.260E-01 
4.179E+00   4.379E+00  1.251E-01 
4.227E+00   4.400E+00  1.241E-01 
4.276E+00   4.422E+00  1.231E-01 
4.326E+00   4.444E+00  1.222E-01 
4.376E+00   4.466E+00  1.212E-01 
4.427E+00   4.488E+00  1.203E-01 
4.478E+00   4.510E+00  1.193E-01 
4.530E+00   4.532E+00  1.184E-01 
4.583E+00   4.555E+00  1.175E-01 
4.636E+00   4.577E+00  1.166E-01 
4.690E+00   4.600E+00  1.156E-01 
4.744E+00   4.624E+00  1.147E-01 
4.799E+00   4.647E+00  1.138E-01 
4.855E+00   4.671E+00  1.129E-01 
4.911E+00   4.694E+00  1.120E-01 
4.968E+00   4.719E+00  1.111E-01 
5.026E+00   4.743E+00  1.103E-01 
5.084E+00   4.767E+00  1.094E-01 
5.143E+00   4.792E+00  1.085E-01 
5.202E+00   4.817E+00  1.077E-01 
5.263E+00   4.843E+00  1.068E-01 
5.324E+00   4.868E+00  1.060E-01 
5.386E+00   4.894E+00  1.051E-01 
5.448E+00   4.921E+00  1.043E-01 
5.511E+00   4.947E+00  1.034E-01 
5.575E+00   4.974E+00  1.026E-01 
5.640E+00   5.001E+00  1.018E-01 
5.705E+00   5.028E+00  1.010E-01 
5.771E+00   5.056E+00  1.001E-01 
5.838E+00   5.084E+00  9.934E-02 
5.906E+00   5.113E+00  9.853E-02 
5.975E+00   5.141E+00  9.774E-02 
6.044E+00   5.170E+00  9.695E-02 
6.114E+00   5.200E+00  9.616E-02 
6.185E+00   5.229E+00  9.538E-02 
6.257E+00   5.259E+00  9.461E-02 
6.329E+00   5.290E+00  9.384E-02 
6.403E+00   5.320E+00  9.307E-02 
6.477E+00   5.352E+00  9.231E-02 
6.552E+00   5.383E+00  9.156E-02 
6.628E+00   5.415E+00  9.081E-02 
6.705E+00   5.447E+00  9.007E-02 
6.783E+00   5.479E+00  8.933E-02 
6.861E+00   5.512E+00  8.860E-02 
6.941E+00   5.545E+00  8.787E-02 
7.021E+00   5.579E+00  8.715E-02 
7.103E+00   5.613E+00  8.643E-02 
7.185E+00   5.647E+00  8.572E-02 
7.269E+00   5.682E+00  7.961E-02 
7.353E+00   5.717E+00  7.896E-02 
7.438E+00   5.752E+00  7.832E-02 
7.524E+00   5.788E+00  7.768E-02 
7.612E+00   5.824E+00  7.705E-02 
7.700E+00   5.860E+00  7.642E-02 
7.789E+00   5.897E+00  7.579E-02 
7.880E+00   5.934E+00  7.517E-02 
7.971E+00   5.972E+00  7.456E-02 
8.064E+00   6.009E+00  7.395E-02 
8.157E+00   6.048E+00  7.334E-02 
8.252E+00   6.086E+00  7.274E-02 
8.347E+00   6.125E+00  7.214E-02 
8.444E+00   6.164E+00  7.154E-02 
8.542E+00   6.203E+00  7.095E-02 
8.641E+00   6.243E+00  7.036E-02 
8.741E+00   6.283E+00  6.978E-02 
8.843E+00   6.323E+00  6.920E-02 
8.945E+00   6.364E+00  6.863E-02 
9.049E+00   6.405E+00  6.806E-02 
9.154E+00   6.446E+00  6.749E-02 
9.260E+00   6.488E+00  6.693E-02 
9.368E+00   6.530E+00  6.637E-02 
9.476E+00   6.572E+00  6.582E-02 
9.586E+00   6.614E+00  6.527E-02 
9.698E+00   6.657E+00  6.472E-02 
9.810E+00   6.700E+00  6.418E-02 
9.924E+00   6.743E+00  6.364E-02 
1.004E+01   6.786E+00  6.311E-02 
1.016E+01   6.830E+00  6.258E-02 
1.027E+01   6.874E+00  6.205E-02 
1.039E+01   6.918E+00  6.153E-02 
1.051E+01   6.962E+00  6.101E-02 
1.063E+01   7.007E+00  6.049E-02 
1.076E+01   7.052E+00  5.998E-02 
1.088E+01   7.097E+00  5.947E-02 
1.101E+01   7.142E+00  5.897E-02 
1.114E+01   7.187E+00  5.847E-02 
1.127E+01   7.233E+00  5.797E-02 
1.140E+01   7.278E+00  5.748E-02 
1.153E+01   7.324E+00  5.699E-02 
1.166E+01   7.370E+00  5.650E-02 
1.180E+01   7.416E+00  5.602E-02 
1.193E+01   7.462E+00  5.555E-02 
1.207E+01   7.509E+00  5.507E-02 
1.221E+01   7.555E+00  5.460E-02 
1.235E+01   7.602E+00  5.413E-02 
1.250E+01   7.648E+00  5.367E-02 
1.264E+01   7.695E+00  5.321E-02 
1.279E+01   7.742E+00  5.275E-02 
1.294E+01   7.788E+00  5.230E-02 
1.309E+01   7.835E+00  5.185E-02 
1.324E+01   7.882E+00  5.140E-02 
1.339E+01   7.929E+00  5.096E-02 
1.355E+01   7.976E+00  5.052E-02 
1.371E+01   8.023E+00  5.008E-02 
1.387E+01   8.070E+00  4.965E-02 
1.403E+01   8.117E+00  4.922E-02 
1.419E+01   8.164E+00  4.879E-02 
1.435E+01   8.211E+00  4.837E-02 
1.452E+01   8.258E+00  4.795E-02 
1.469E+01   8.305E+00  4.754E-02 
1.486E+01   8.351E+00  4.712E-02 
1.503E+01   8.398E+00  4.671E-02 
1.521E+01   8.445E+00  4.631E-02 
1.538E+01   8.491E+00  4.590E-02 
1.556E+01   8.537E+00  4.550E-02 
1.574E+01   8.584E+00  4.510E-02 
1.592E+01   8.630E+00  4.471E-02 
1.611E+01   8.676E+00  4.432E-02 
1.629E+01   8.721E+00  4.393E-02 
1.648E+01   8.767E+00  4.355E-02 
1.667E+01   8.812E+00  4.317E-02 
1.687E+01   8.857E+00  4.279E-02 
1.706E+01   8.902E+00  4.241E-02 
1.726E+01   8.947E+00  4.204E-02 
1.746E+01   8.992E+00  4.167E-02 
1.766E+01   9.036E+00  4.130E-02 
1.787E+01   9.080E+00  4.094E-02 
1.808E+01   9.124E+00  4.058E-02 
1.829E+01   9.167E+00  4.022E-02 
1.850E+01   9.211E+00  3.986E-02 
1.871E+01   9.254E+00  3.951E-02 
1.893E+01   9.296E+00  3.916E-02 
1.915E+01   9.338E+00  3.881E-02 
1.937E+01   9.380E+00  3.847E-02 
1.960E+01   9.422E+00  3.813E-02 
1.982E+01   9.463E+00  3.779E-02 
2.005E+01   9.504E+00  3.746E-02 
2.029E+01   9.544E+00  3.712E-02 
2.052E+01   9.584E+00  3.679E-02 
2.076E+01   9.624E+00  3.647E-02 
2.100E+01   9.663E+00  3.614E-02 
2.124E+01   9.702E+00  3.582E-02 
2.149E+01   9.740E+00  3.550E-02 
2.174E+01   9.778E+00  3.518E-02 
2.199E+01   9.815E+00  3.487E-02 
2.225E+01   9.852E+00  3.456E-02 
2.250E+01   9.889E+00  3.425E-02 
2.277E+01   9.924E+00  3.394E-02 
2.303E+01   9.960E+00  3.364E-02 
2.330E+01   9.995E+00  3.334E-02 
2.357E+01   1.003E+01  3.304E-02 
2.384E+01   1.006E+01  3.274E-02 
2.412E+01   1.010E+01  3.245E-02 
2.440E+01   1.013E+01  3.215E-02 
2.468E+01   1.016E+01  3.186E-02 
2.497E+01   1.019E+01  3.158E-02 
2.526E+01   1.022E+01  3.129E-02 
2.555E+01   1.025E+01  3.101E-02 
2.584E+01   1.028E+01  3.073E-02 
2.614E+01   1.031E+01  3.045E-02 
2.645E+01   1.034E+01  3.018E-02 
2.675E+01   1.037E+01  2.991E-02 
2.707E+01   1.040E+01  2.964E-02 
2.738E+01   1.042E+01  2.937E-02 
2.770E+01   1.045E+01  2.910E-02 
2.802E+01   1.047E+01  2.884E-02 
2.834E+01   1.050E+01  2.858E-02 
2.867E+01   1.052E+01  2.832E-02 
2.900E+01   1.055E+01  2.806E-02 
2.934E+01   1.057E+01  2.781E-02 
2.968E+01   1.059E+01  2.755E-02 
3.003E+01   1.061E+01  2.730E-02 
3.037E+01   1.063E+01  2.705E-02 
3.073E+01   1.065E+01  2.681E-02 
3.108E+01   1.067E+01  2.656E-02 
3.144E+01   1.069E+01  2.632E-02 
3.181E+01   1.071E+01  2.608E-02 
3.218E+01   1.072E+01  2.584E-02 
3.255E+01   1.074E+01  2.561E-02 
3.293E+01   1.075E+01  2.537E-02 
3.331E+01   1.077E+01  2.514E-02 
3.370E+01   1.078E+01  2.491E-02 
3.409E+01   1.080E+01  2.468E-02 
3.448E+01   1.081E+01  2.446E-02 
3.488E+01   1.082E+01  2.423E-02 
3.529E+01   1.083E+01  2.401E-02 
3.570E+01   1.084E+01  2.379E-02 
3.611E+01   1.085E+01  2.357E-02 
3.653E+01   1.086E+01  2.335E-02 
3.695E+01   1.087E+01  2.314E-02 
3.738E+01   1.087E+01  2.293E-02 
3.781E+01   1.088E+01  2.271E-02 
3.825E+01   1.089E+01  2.251E-02 
3.870E+01   1.089E+01  2.230E-02 
3.915E+01   1.089E+01  2.209E-02 
3.960E+01   1.090E+01  2.189E-02 
4.006E+01   1.090E+01  2.169E-02 
4.052E+01   1.090E+01  2.149E-02 
4.099E+01   1.090E+01  2.129E-02 
4.147E+01   1.090E+01  2.109E-02 
4.195E+01   1.090E+01  2.090E-02 
4.244E+01   1.090E+01  2.070E-02 
4.293E+01   1.090E+01  2.051E-02 
4.343E+01   1.090E+01  2.032E-02 
4.393E+01   1.089E+01  2.013E-02 
4.444E+01   1.089E+01  1.995E-02 
4.496E+01   1.089E+01  1.976E-02 
4.548E+01   1.088E+01  1.958E-02 
4.600E+01   1.087E+01  1.940E-02 
4.654E+01   1.087E+01  1.922E-02 
4.708E+01   1.086E+01  1.904E-02 
4.762E+01   1.085E+01  1.886E-02 
4.818E+01   1.084E+01  1.868E-02 
4.873E+01   1.083E+01  1.851E-02 
4.930E+01   1.082E+01  1.834E-02 
4.987E+01   1.081E+01  1.817E-02 
5.045E+01   1.080E+01  1.800E-02 
5.104E+01   1.079E+01  1.783E-02 
5.163E+01   1.077E+01  1.766E-02 
5.223E+01   1.076E+01  1.750E-02 
5.283E+01   1.075E+01  1.733E-02 
5.344E+01   1.073E+01  1.717E-02 
5.406E+01   1.072E+01  1.701E-02 
5.469E+01   1.070E+01  1.685E-02 
5.533E+01   1.068E+01  1.669E-02 
5.597E+01   1.067E+01  1.654E-02 
5.662E+01   1.065E+01  1.638E-02 
5.727E+01   1.063E+01  1.623E-02 
5.794E+01   1.061E+01  1.608E-02 
5.861E+01   1.059E+01  1.593E-02 
5.929E+01   1.057E+01  1.578E-02 
5.998E+01   1.055E+01  1.563E-02 
6.067E+01   1.053E+01  1.548E-02 
6.138E+01   1.050E+01  1.534E-02 
6.209E+01   1.048E+01  1.519E-02 
6.281E+01   1.046E+01  1.505E-02 
6.354E+01   1.044E+01  1.491E-02 
6.427E+01   1.041E+01  1.477E-02 
6.502E+01   1.039E+01  1.463E-02 
6.577E+01   1.036E+01  1.449E-02 
6.654E+01   1.034E+01  1.435E-02 
6.731E+01   1.031E+01  1.422E-02 
6.809E+01   1.028E+01  1.408E-02 
6.888E+01   1.026E+01  1.395E-02 
6.968E+01   1.023E+01  1.382E-02 
7.049E+01   1.020E+01  1.369E-02 
7.130E+01   1.017E+01  1.356E-02 
7.213E+01   1.014E+01  1.343E-02 
7.297E+01   1.011E+01  1.330E-02 
7.381E+01   1.008E+01  1.318E-02 
7.467E+01   1.005E+01  1.305E-02 
7.554E+01   1.002E+01  1.293E-02 
7.641E+01   9.992E+00  1.281E-02 
7.730E+01   9.961E+00  1.268E-02 
7.820E+01   9.929E+00  1.256E-02 
7.910E+01   9.897E+00  1.244E-02 
8.002E+01   9.865E+00  1.233E-02 
8.095E+01   9.832E+00  1.221E-02 
8.189E+01   9.799E+00  1.209E-02 
8.284E+01   9.766E+00  1.198E-02 
8.380E+01   9.732E+00  1.186E-02 
8.477E+01   9.698E+00  1.175E-02 
8.575E+01   9.664E+00  1.164E-02 
8.675E+01   9.629E+00  1.153E-02 
8.775E+01   9.595E+00  1.142E-02 
8.877E+01   9.559E+00  1.131E-02 
8.980E+01   9.524E+00  1.120E-02 
9.084E+01   9.488E+00  1.110E-02 
9.190E+01   9.452E+00  1.099E-02 
9.296E+01   9.416E+00  1.088E-02 
9.404E+01   9.380E+00  1.078E-02 
9.513E+01   9.343E+00  1.068E-02 
9.624E+01   9.306E+00  1.058E-02 
9.735E+01   9.269E+00  1.047E-02 
9.848E+01   9.232E+00  1.037E-02 
9.962E+01   9.194E+00  1.027E-02 
1.008E+02   9.157E+00  1.018E-02 
1.019E+02   9.119E+00  1.008E-02 
1.031E+02   9.081E+00  9.982E-03 
1.043E+02   9.042E+00  9.887E-03 
1.055E+02   9.004E+00  9.792E-03 
1.068E+02   8.965E+00  9.698E-03 
1.080E+02   8.927E+00  9.605E-03 
1.093E+02   8.888E+00  9.513E-03 
1.105E+02   8.849E+00  9.421E-03 
1.118E+02   8.810E+00  9.331E-03 
1.131E+02   8.770E+00  9.241E-03 
1.144E+02   8.731E+00  9.152E-03 
1.157E+02   8.692E+00  9.064E-03 
1.171E+02   8.652E+00  8.977E-03 
1.184E+02   8.612E+00  8.891E-03 
1.198E+02   8.573E+00  8.805E-03 
1.212E+02   8.533E+00  8.720E-03 
1.226E+02   8.493E+00  8.636E-03 
1.240E+02   8.453E+00  8.553E-03 
1.255E+02   8.413E+00  8.471E-03 
1.269E+02   8.372E+00  8.389E-03 
1.284E+02   8.332E+00  8.308E-03 
1.299E+02   8.292E+00  8.228E-03 
1.314E+02   8.252E+00  8.149E-03 
1.329E+02   8.211E+00  8.070E-03 
1.345E+02   8.171E+00  7.992E-03 
1.360E+02   8.131E+00  7.915E-03 
1.376E+02   8.090E+00  7.838E-03 
1.392E+02   8.050E+00  7.762E-03 
1.408E+02   8.009E+00  7.687E-03 
1.424E+02   7.969E+00  7.613E-03 
1.441E+02   7.928E+00  7.539E-03 
1.458E+02   7.888E+00  7.466E-03 
1.475E+02   7.847E+00  7.394E-03 
1.492E+02   7.807E+00  7.322E-03 
1.509E+02   7.766E+00  7.251E-03 
1.526E+02   7.726E+00  7.181E-03 
1.544E+02   7.685E+00  7.111E-03 
1.562E+02   7.645E+00  7.042E-03 
1.580E+02   7.604E+00  6.974E-03 
1.598E+02   7.564E+00  6.906E-03 
1.617E+02   7.524E+00  6.839E-03 
1.636E+02   7.483E+00  6.773E-03 
1.655E+02   7.443E+00  6.707E-03 
1.674E+02   7.403E+00  6.642E-03 
1.693E+02   7.363E+00  6.577E-03 
1.713E+02   7.323E+00  6.513E-03 
1.733E+02   7.283E+00  6.450E-03 
1.753E+02   7.243E+00  6.387E-03 
1.773E+02   7.203E+00  6.325E-03 
1.794E+02   7.163E+00  6.263E-03 
1.815E+02   7.123E+00  6.202E-03 
1.836E+02   7.083E+00  6.142E-03 
1.857E+02   7.044E+00  6.082E-03 
1.879E+02   7.004E+00  6.023E-03 
1.900E+02   6.965E+00  5.964E-03 
1.922E+02   6.925E+00  5.906E-03 
1.945E+02   6.886E+00  5.848E-03 
1.967E+02   6.847E+00  5.791E-03 
1.990E+02   6.808E+00  5.735E-03 
2.013E+02   6.769E+00  5.679E-03 
2.036E+02   6.730E+00  5.623E-03 
2.060E+02   6.691E+00  5.568E-03 
2.084E+02   6.652E+00  5.514E-03 
2.108E+02   6.614E+00  5.460E-03 
2.133E+02   6.575E+00  5.406E-03 
2.157E+02   6.537E+00  5.353E-03 
2.182E+02   6.498E+00  5.301E-03 
2.208E+02   6.460E+00  5.249E-03 
2.233E+02   6.422E+00  5.198E-03 
2.259E+02   6.384E+00  5.147E-03 
2.285E+02   6.346E+00  5.096E-03 
2.312E+02   6.308E+00  5.046E-03 
2.339E+02   6.271E+00  4.997E-03 
2.366E+02   6.233E+00  4.948E-03 
2.393E+02   6.196E+00  4.899E-03 
2.421E+02   6.159E+00  4.851E-03 
2.449E+02   6.122E+00  4.804E-03 
2.478E+02   6.085E+00  4.757E-03 
2.506E+02   6.048E+00  4.710E-03 
2.535E+02   6.011E+00  4.664E-03 
2.565E+02   5.974E+00  4.618E-03 
2.595E+02   5.938E+00  4.572E-03 
2.625E+02   5.902E+00  4.527E-03 
2.655E+02   5.865E+00  4.483E-03 
2.686E+02   5.829E+00  4.439E-03 
2.717E+02   5.793E+00  4.395E-03 
2.749E+02   5.758E+00  4.352E-03 
2.780E+02   5.722E+00  4.309E-03 
2.813E+02   5.687E+00  4.266E-03 
2.845E+02   5.651E+00  4.224E-03 
2.878E+02   5.616E+00  4.183E-03 
2.912E+02   5.581E+00  4.142E-03 
2.945E+02   5.546E+00  4.101E-03 
2.980E+02   5.511E+00  4.060E-03 
3.014E+02   5.477E+00  4.020E-03 
3.049E+02   5.442E+00  3.981E-03 
3.085E+02   5.408E+00  3.941E-03 
3.120E+02   5.374E+00  3.902E-03 
3.156E+02   5.340E+00  3.864E-03 
3.193E+02   5.306E+00  3.826E-03 
3.230E+02   5.272E+00  3.788E-03 
3.268E+02   5.238E+00  3.750E-03 
3.306E+02   5.205E+00  3.713E-03 
3.344E+02   5.172E+00  3.677E-03 
3.383E+02   5.139E+00  3.640E-03 
3.422E+02   5.106E+00  3.604E-03 
3.462E+02   5.073E+00  3.569E-03 
3.502E+02   5.040E+00  3.533E-03 
3.542E+02   5.008E+00  3.498E-03 
3.583E+02   4.975E+00  3.464E-03 
3.625E+02   4.943E+00  3.429E-03 
3.667E+02   4.911E+00  3.395E-03 
3.710E+02   4.879E+00  3.362E-03 
3.753E+02   4.847E+00  3.328E-03 
3.796E+02   4.816E+00  3.295E-03 
3.840E+02   4.784E+00  3.263E-03 
3.885E+02   4.753E+00  3.230E-03 
3.930E+02   4.722E+00  3.198E-03 
3.975E+02   4.691E+00  3.167E-03 
4.021E+02   4.660E+00  3.135E-03 
4.068E+02   4.629E+00  3.104E-03 
4.115E+02   4.599E+00  3.073E-03 
4.163E+02   4.569E+00  3.043E-03 
4.211E+02   4.538E+00  3.012E-03 
4.260E+02   4.508E+00  2.983E-03 
4.310E+02   4.478E+00  2.953E-03 
4.360E+02   4.449E+00  2.924E-03 
4.410E+02   4.419E+00  2.894E-03 
4.461E+02   4.390E+00  2.866E-03 
4.513E+02   4.360E+00  2.837E-03 
4.565E+02   4.331E+00  2.809E-03 
4.618E+02   4.302E+00  2.781E-03 
4.672E+02   4.274E+00  2.753E-03 
4.726E+02   4.245E+00  2.726E-03 
4.781E+02   4.216E+00  2.699E-03 
4.836E+02   4.188E+00  2.672E-03 
4.892E+02   4.160E+00  2.645E-03 
4.949E+02   4.132E+00  2.619E-03 
5.007E+02   4.104E+00  2.593E-03 
5.065E+02   4.076E+00  2.567E-03 
5.123E+02   4.049E+00  2.541E-03 
5.183E+02   4.021E+00  2.516E-03 
5.243E+02   3.994E+00  2.491E-03 
5.304E+02   3.967E+00  2.466E-03 
5.365E+02   3.940E+00  2.441E-03 
5.428E+02   3.913E+00  2.417E-03 
5.490E+02   3.887E+00  2.393E-03 
5.554E+02   3.860E+00  2.369E-03 
5.619E+02   3.834E+00  2.345E-03 
5.684E+02   3.808E+00  2.322E-03 
5.750E+02   3.781E+00  2.299E-03 
5.816E+02   3.756E+00  2.276E-03 
5.884E+02   3.730E+00  2.253E-03 
5.952E+02   3.704E+00  2.230E-03 
6.021E+02   3.679E+00  2.208E-03 
6.091E+02   3.653E+00  2.186E-03 
6.162E+02   3.628E+00  2.164E-03 
6.233E+02   3.603E+00  2.142E-03 
6.305E+02   3.578E+00  2.121E-03 
6.378E+02   3.554E+00  2.100E-03 
6.452E+02   3.529E+00  2.079E-03 
6.527E+02   3.505E+00  2.058E-03 
6.603E+02   3.480E+00  2.037E-03 
6.680E+02   3.456E+00  2.017E-03 
6.757E+02   3.432E+00  1.996E-03 
6.835E+02   3.408E+00  1.976E-03 
6.915E+02   3.385E+00  1.957E-03 
6.995E+02   3.361E+00  1.937E-03 
7.076E+02   3.338E+00  1.918E-03 
7.158E+02   3.314E+00  1.898E-03 
7.241E+02   3.291E+00  1.879E-03 
7.325E+02   3.268E+00  1.860E-03 
7.410E+02   3.245E+00  1.842E-03 
7.496E+02   3.223E+00  1.823E-03 
7.583E+02   3.200E+00  1.805E-03 
7.671E+02   3.177E+00  1.787E-03 
7.760E+02   3.155E+00  1.769E-03 
7.850E+02   3.133E+00  1.751E-03 
7.941E+02   3.111E+00  1.733E-03 
8.033E+02   3.089E+00  1.716E-03 
8.126E+02   3.067E+00  1.699E-03 
8.221E+02   3.046E+00  1.682E-03 
8.316E+02   3.024E+00  1.665E-03 
8.412E+02   3.003E+00  1.648E-03 
8.510E+02   2.981E+00  1.631E-03 
8.609E+02   2.960E+00  1.615E-03 
8.709E+02   2.939E+00  1.599E-03 
8.810E+02   2.919E+00  1.582E-03 
8.912E+02   2.898E+00  1.567E-03 
9.015E+02   2.877E+00  1.551E-03 
9.120E+02   2.857E+00  1.535E-03 
9.225E+02   2.836E+00  1.520E-03 
9.332E+02   2.816E+00  1.504E-03 
9.441E+02   2.796E+00  1.489E-03 
9.550E+02   2.776E+00  1.474E-03 
9.661E+02   2.756E+00  1.459E-03 
9.773E+02   2.737E+00  1.445E-03 
9.886E+02   2.717E+00  1.430E-03 
1.000E+03   2.698E+00  1.416E-03 
1.012E+03   2.678E+00  1.401E-03 
1.023E+03   2.658E+00  1.387E-03 
1.035E+03   2.638E+00  1.373E-03 
1.047E+03   2.618E+00  1.359E-03 
1.059E+03   2.598E+00  1.345E-03 
1.072E+03   2.577E+00  1.332E-03 
1.084E+03   2.556E+00  1.318E-03 
1.097E+03   2.535E+00  1.305E-03 
1.109E+03   2.513E+00  1.292E-03 
1.122E+03   2.491E+00  1.279E-03 
1.135E+03   2.469E+00  1.266E-03 
1.149E+03   2.447E+00  1.253E-03 
1.162E+03   2.424E+00  1.240E-03 
1.175E+03   2.402E+00  1.228E-03 
1.189E+03   2.379E+00  1.215E-03 
1.203E+03   2.355E+00  1.203E-03 
1.217E+03   2.334E+00  1.191E-03 
1.231E+03   2.314E+00  1.179E-03 
1.245E+03   2.294E+00  1.167E-03 
1.260E+03   2.274E+00  1.155E-03 
1.274E+03   2.254E+00  1.143E-03 
1.289E+03   2.235E+00  1.132E-03 
1.304E+03   2.216E+00  1.120E-03 
1.319E+03   2.196E+00  1.109E-03 
1.334E+03   2.177E+00  1.098E-03 
1.350E+03   2.159E+00  1.087E-03 
1.365E+03   2.140E+00  1.076E-03 
1.381E+03   2.121E+00  1.065E-03 
1.397E+03   2.103E+00  1.054E-03 
1.414E+03   2.084E+00  1.043E-03 
1.430E+03   2.066E+00  1.033E-03 
1.446E+03   2.048E+00  1.022E-03 
1.463E+03   2.030E+00  1.012E-03 
1.480E+03   2.012E+00  1.001E-03 
1.497E+03   1.994E+00  9.912E-04 
1.515E+03   1.977E+00  9.811E-04 
1.532E+03   1.959E+00  9.712E-04 
1.550E+03   1.942E+00  9.613E-04 
1.568E+03   1.925E+00  9.515E-04 
1.586E+03   1.908E+00  9.419E-04 
1.605E+03   1.891E+00  9.323E-04 
1.623E+03   1.874E+00  9.228E-04 
1.642E+03   1.858E+00  9.134E-04 
1.661E+03   1.841E+00  9.041E-04 
1.680E+03   1.825E+00  8.949E-04 
1.700E+03   1.809E+00  8.858E-04 
1.720E+03   1.793E+00  8.768E-04 
1.740E+03   1.777E+00  8.679E-04 
1.760E+03   1.761E+00  8.590E-04 
1.780E+03   1.745E+00  8.503E-04 
1.801E+03   1.730E+00  8.416E-04 
1.822E+03   1.714E+00  8.330E-04 
1.843E+03   1.699E+00  8.246E-04 
1.864E+03   1.684E+00  8.162E-04 
1.886E+03   1.669E+00  8.078E-04 
1.908E+03   1.654E+00  7.996E-04 
1.930E+03   1.639E+00  7.914E-04 
1.952E+03   1.625E+00  7.834E-04 
1.975E+03   1.610E+00  7.754E-04 
1.998E+03   1.596E+00  7.675E-04 
2.021E+03   1.582E+00  7.596E-04 
2.044E+03   1.567E+00  7.519E-04 
2.068E+03   1.553E+00  7.442E-04 
2.092E+03   1.539E+00  7.366E-04 
2.116E+03   1.526E+00  7.291E-04 
2.141E+03   1.512E+00  7.217E-04 
2.166E+03   1.498E+00  7.143E-04 
2.191E+03   1.485E+00  7.070E-04 
2.216E+03   1.472E+00  6.998E-04 
2.242E+03   1.458E+00  6.926E-04 
2.268E+03   1.445E+00  6.855E-04 
2.294E+03   1.432E+00  6.785E-04 
2.321E+03   1.420E+00  6.716E-04 
2.348E+03   1.407E+00  6.647E-04 
2.375E+03   1.394E+00  6.579E-04 
2.403E+03   1.382E+00  6.512E-04 
2.431E+03   1.369E+00  6.446E-04 
2.459E+03   1.357E+00  6.380E-04 
2.487E+03   1.345E+00  6.314E-04 
2.516E+03   1.333E+00  6.250E-04 
2.545E+03   1.321E+00  6.186E-04 
2.575E+03   1.309E+00  6.122E-04 
2.605E+03   1.297E+00  6.060E-04 
2.635E+03   1.285E+00  5.998E-04 
2.665E+03   1.274E+00  5.936E-04 
2.696E+03   1.262E+00  5.876E-04 
2.728E+03   1.251E+00  5.815E-04 
2.759E+03   1.240E+00  5.756E-04 
2.791E+03   1.228E+00  5.697E-04 
2.824E+03   1.217E+00  5.638E-04 
2.856E+03   1.206E+00  5.581E-04 
2.889E+03   1.195E+00  5.523E-04 
2.923E+03   1.185E+00  5.467E-04 
2.957E+03   1.174E+00  5.411E-04 
2.991E+03   1.163E+00  5.355E-04 
3.026E+03   1.153E+00  5.300E-04 
3.061E+03   1.142E+00  5.246E-04 
3.097E+03   1.132E+00  5.192E-04 
3.132E+03   1.122E+00  5.139E-04 
3.169E+03   1.112E+00  5.086E-04 
3.206E+03   1.102E+00  5.034E-04 
3.243E+03   1.092E+00  4.982E-04 
3.280E+03   1.082E+00  4.931E-04 
3.318E+03   1.072E+00  4.880E-04 
3.357E+03   1.062E+00  4.830E-04 
3.396E+03   1.053E+00  4.781E-04 
3.435E+03   1.043E+00  4.732E-04 
3.475E+03   1.034E+00  4.683E-04 
3.515E+03   1.024E+00  4.635E-04 
3.556E+03   1.015E+00  4.587E-04 
3.597E+03   1.006E+00  4.540E-04 
3.639E+03   9.965E-01  4.493E-04 
3.681E+03   9.875E-01  4.447E-04 
3.724E+03   9.785E-01  4.402E-04 
3.767E+03   9.696E-01  4.356E-04 
3.811E+03   9.608E-01  4.311E-04 
3.855E+03   9.520E-01  4.267E-04 
3.900E+03   9.433E-01  4.223E-04 
3.945E+03   9.347E-01  4.180E-04 
3.991E+03   9.262E-01  4.137E-04 
4.037E+03   9.178E-01  4.094E-04 
4.084E+03   9.094E-01  4.052E-04 
4.131E+03   9.011E-01  4.010E-04 
4.179E+03   8.929E-01  3.969E-04 
4.228E+03   8.847E-01  3.928E-04 
4.277E+03   8.767E-01  3.888E-04 
4.326E+03   8.686E-01  3.848E-04 
4.376E+03   8.607E-01  3.808E-04 
4.427E+03   8.528E-01  3.769E-04 
4.479E+03   8.450E-01  3.730E-04 
4.531E+03   8.373E-01  3.691E-04 
4.583E+03   8.296E-01  3.653E-04 
4.636E+03   8.220E-01  3.616E-04 
4.690E+03   8.145E-01  3.579E-04 
4.744E+03   8.070E-01  3.542E-04 
4.799E+03   7.996E-01  3.505E-04 
4.855E+03   7.923E-01  3.469E-04 
4.911E+03   7.850E-01  3.433E-04 
4.968E+03   7.778E-01  3.398E-04 
5.026E+03   7.707E-01  3.363E-04 
5.084E+03   7.636E-01  3.328E-04 
5.143E+03   7.566E-01  3.294E-04 
5.203E+03   7.496E-01  3.260E-04 
5.263E+03   7.427E-01  3.226E-04 
5.324E+03   7.359E-01  3.193E-04 
5.386E+03   7.291E-01  3.160E-04 
5.449E+03   7.224E-01  3.127E-04 
5.512E+03   7.157E-01  3.095E-04 
5.576E+03   7.091E-01  3.063E-04 
5.640E+03   7.026E-01  3.031E-04 
5.706E+03   6.961E-01  3.000E-04 
5.772E+03   6.897E-01  2.969E-04 
5.839E+03   6.833E-01  2.938E-04 
5.907E+03   6.770E-01  2.908E-04 
5.975E+03   6.708E-01  2.878E-04 
6.045E+03   6.646E-01  2.848E-04 
6.115E+03   6.584E-01  2.819E-04 
6.186E+03   6.523E-01  2.789E-04 
6.257E+03   6.463E-01  2.761E-04 
6.330E+03   6.403E-01  2.732E-04 
6.403E+03   6.344E-01  2.704E-04 
6.478E+03   6.285E-01  2.676E-04 
6.553E+03   6.227E-01  2.648E-04 
6.629E+03   6.169E-01  2.621E-04 
6.706E+03   6.112E-01  2.594E-04 
6.783E+03   6.055E-01  2.567E-04 
6.862E+03   5.999E-01  2.540E-04 
6.942E+03   5.943E-01  2.514E-04 
7.022E+03   5.888E-01  2.488E-04 
7.104E+03   5.833E-01  2.462E-04 
7.186E+03   5.779E-01  2.436E-04 
7.269E+03   5.725E-01  2.411E-04 
7.354E+03   5.672E-01  2.386E-04 
7.439E+03   5.619E-01  2.362E-04 
7.525E+03   5.567E-01  2.337E-04 
7.613E+03   5.515E-01  2.313E-04 
7.701E+03   5.464E-01  2.289E-04 
7.790E+03   5.413E-01  2.265E-04 
7.881E+03   5.363E-01  2.242E-04 
7.972E+03   5.313E-01  2.218E-04 
8.064E+03   5.263E-01  2.195E-04 
8.158E+03   5.214E-01  2.173E-04 
8.253E+03   5.165E-01  2.150E-04 
8.348E+03   5.117E-01  2.128E-04 
8.445E+03   5.069E-01  2.106E-04 
8.543E+03   5.022E-01  2.084E-04 
8.642E+03   4.975E-01  2.062E-04 
8.742E+03   4.928E-01  2.041E-04 
8.844E+03   4.882E-01  2.020E-04 
8.946E+03   4.837E-01  1.999E-04 
9.050E+03   4.791E-01  1.978E-04 
9.155E+03   4.747E-01  1.957E-04 
9.261E+03   4.702E-01  1.937E-04 
9.369E+03   4.658E-01  1.917E-04 
9.477E+03   4.615E-01  1.897E-04 
9.587E+03   4.571E-01  1.877E-04 
9.699E+03   4.528E-01  1.858E-04 
9.811E+03   4.486E-01  1.839E-04 
9.925E+03   4.444E-01  1.819E-04 
1.004E+04   4.402E-01  1.801E-04 
1.016E+04   4.361E-01  1.782E-04 
1.027E+04   4.320E-01  1.763E-04 
1.039E+04   4.279E-01  1.745E-04 
1.051E+04   4.239E-01  1.727E-04 
1.064E+04   4.199E-01  1.709E-04 
1.076E+04   4.160E-01  1.691E-04 
1.088E+04   4.121E-01  1.673E-04 
1.101E+04   4.082E-01  1.656E-04 
1.114E+04   4.044E-01  1.639E-04 
1.127E+04   4.006E-01  1.622E-04 
1.140E+04   3.968E-01  1.605E-04 
1.153E+04   3.931E-01  1.588E-04 
1.166E+04   3.894E-01  1.572E-04 
1.180E+04   3.857E-01  1.555E-04 
1.194E+04   3.821E-01  1.539E-04 
1.207E+04   3.785E-01  1.523E-04 
1.221E+04   3.749E-01  1.507E-04 
1.236E+04   3.714E-01  1.492E-04 
1.250E+04   3.679E-01  1.476E-04 
1.264E+04   3.644E-01  1.461E-04 
1.279E+04   3.610E-01  1.445E-04 
1.294E+04   3.576E-01  1.430E-04 
1.309E+04   3.542E-01  1.415E-04 
1.324E+04   3.509E-01  1.401E-04 
1.340E+04   3.476E-01  1.386E-04 
1.355E+04   3.443E-01  1.372E-04 
1.371E+04   3.411E-01  1.357E-04 
1.387E+04   3.378E-01  1.343E-04 
1.403E+04   3.347E-01  1.329E-04 
1.419E+04   3.315E-01  1.315E-04 
1.435E+04   3.284E-01  1.302E-04 
1.452E+04   3.253E-01  1.288E-04 
1.469E+04   3.222E-01  1.275E-04 
1.486E+04   3.192E-01  1.261E-04 
1.503E+04   3.162E-01  1.248E-04 
1.521E+04   3.132E-01  1.235E-04 
1.538E+04   3.102E-01  1.222E-04 
1.556E+04   3.073E-01  1.210E-04 
1.574E+04   3.044E-01  1.197E-04 
1.592E+04   3.015E-01  1.184E-04 
1.611E+04   2.987E-01  1.172E-04 
1.630E+04   2.958E-01  1.160E-04 
1.649E+04   2.930E-01  1.148E-04 
1.668E+04   2.903E-01  1.136E-04 
1.687E+04   2.875E-01  1.124E-04 
1.707E+04   2.848E-01  1.112E-04 
1.726E+04   2.821E-01  1.100E-04 
1.746E+04   2.795E-01  1.089E-04 
1.767E+04   2.768E-01  1.078E-04 
1.787E+04   2.742E-01  1.066E-04 
1.808E+04   2.716E-01  1.055E-04 
1.829E+04   2.691E-01  1.044E-04 
1.850E+04   2.665E-01  1.033E-04 
1.871E+04   2.640E-01  1.022E-04 
1.893E+04   2.615E-01  1.012E-04 
1.915E+04   2.590E-01  1.001E-04 
1.937E+04   2.566E-01  9.907E-05 
1.960E+04   2.542E-01  9.804E-05 
1.983E+04   2.518E-01  9.701E-05 
2.006E+04   2.494E-01  9.600E-05 
2.029E+04   2.470E-01  9.499E-05 
2.052E+04   2.447E-01  9.400E-05 
2.076E+04   2.424E-01  9.302E-05 
2.100E+04   2.401E-01  9.204E-05 
2.125E+04   2.378E-01  9.108E-05 
2.149E+04   2.356E-01  9.013E-05 
2.174E+04   2.334E-01  8.918E-05 
2.199E+04   2.312E-01  8.825E-05 
2.225E+04   2.290E-01  8.733E-05 
2.251E+04   2.268E-01  8.641E-05 
2.277E+04   2.247E-01  8.551E-05 
2.303E+04   2.226E-01  8.461E-05 
2.330E+04   2.205E-01  8.373E-05 
2.357E+04   2.184E-01  8.285E-05 
2.384E+04   2.163E-01  8.198E-05 
2.412E+04   2.143E-01  8.112E-05 
2.440E+04   2.123E-01  8.027E-05 
2.468E+04   2.103E-01  7.943E-05 
2.497E+04   2.083E-01  7.860E-05 
2.526E+04   2.063E-01  7.778E-05 
2.555E+04   2.044E-01  7.696E-05 
2.585E+04   2.025E-01  7.616E-05 
2.615E+04   2.006E-01  7.536E-05 
2.645E+04   1.987E-01  7.457E-05 
2.676E+04   1.968E-01  7.379E-05 
2.707E+04   1.950E-01  7.301E-05 
2.738E+04   1.931E-01  7.225E-05 
2.770E+04   1.913E-01  7.149E-05 
2.802E+04   1.895E-01  7.074E-05 
2.835E+04   1.877E-01  7.000E-05 
2.867E+04   1.860E-01  6.926E-05 
2.901E+04   1.842E-01  6.854E-05 
2.934E+04   1.825E-01  6.782E-05 
2.968E+04   1.808E-01  6.711E-05 
3.003E+04   1.791E-01  6.640E-05 
3.038E+04   1.774E-01  6.570E-05 
3.073E+04   1.758E-01  6.502E-05 
3.109E+04   1.741E-01  6.433E-05 
3.145E+04   1.725E-01  6.366E-05 
3.181E+04   1.709E-01  6.299E-05 
3.218E+04   1.693E-01  6.233E-05 
3.255E+04   1.677E-01  6.167E-05 
3.293E+04   1.661E-01  6.103E-05 
3.331E+04   1.646E-01  6.038E-05 
3.370E+04   1.630E-01  5.975E-05 
3.409E+04   1.615E-01  5.912E-05 
3.449E+04   1.600E-01  5.850E-05 
3.489E+04   1.585E-01  5.789E-05 
3.529E+04   1.570E-01  5.728E-05 
3.570E+04   1.556E-01  5.668E-05 
3.611E+04   1.541E-01  5.608E-05 
3.653E+04   1.527E-01  5.549E-05 
3.696E+04   1.512E-01  5.491E-05 
3.738E+04   1.498E-01  5.433E-05 
3.782E+04   1.484E-01  5.376E-05 
3.826E+04   1.471E-01  5.320E-05 
3.870E+04   1.457E-01  5.264E-05 
3.915E+04   1.443E-01  5.208E-05 
3.960E+04   1.430E-01  5.154E-05 
4.006E+04   1.417E-01  5.099E-05 
4.053E+04   1.404E-01  5.046E-05 
4.100E+04   1.391E-01  4.993E-05 
4.147E+04   1.378E-01  4.940E-05 
4.195E+04   1.365E-01  4.888E-05 
4.244E+04   1.352E-01  4.837E-05 
4.293E+04   1.340E-01  4.786E-05 
4.343E+04   1.327E-01  4.735E-05 
4.394E+04   1.315E-01  4.686E-05 
4.444E+04   1.303E-01  4.636E-05 
4.496E+04   1.291E-01  4.587E-05 
4.548E+04   1.279E-01  4.539E-05 
4.601E+04   1.267E-01  4.491E-05 
4.654E+04   1.256E-01  4.444E-05 
4.708E+04   1.244E-01  4.397E-05 
4.763E+04   1.233E-01  4.351E-05 
4.818E+04   1.221E-01  4.305E-05 
4.874E+04   1.210E-01  4.260E-05 
4.931E+04   1.199E-01  4.215E-05 
4.988E+04   1.188E-01  4.171E-05 
5.046E+04   1.177E-01  4.127E-05 
5.104E+04   1.166E-01  4.083E-05 
5.163E+04   1.156E-01  4.040E-05 
5.223E+04   1.145E-01  3.998E-05 
5.284E+04   1.134E-01  3.955E-05 
5.345E+04   1.124E-01  3.914E-05 
5.407E+04   1.114E-01  3.873E-05 
5.470E+04   1.104E-01  3.832E-05 
5.533E+04   1.094E-01  3.791E-05 
5.597E+04   1.084E-01  3.751E-05 
5.662E+04   1.074E-01  3.712E-05 
5.728E+04   1.064E-01  3.673E-05 
5.794E+04   1.054E-01  3.634E-05 
5.862E+04   1.045E-01  3.596E-05 
5.930E+04   1.035E-01  3.558E-05 
5.998E+04   1.026E-01  3.520E-05 
6.068E+04   1.017E-01  3.483E-05 
6.138E+04   1.007E-01  3.446E-05 
6.210E+04   9.984E-02  3.410E-05 
6.282E+04   9.894E-02  3.374E-05 
6.354E+04   9.805E-02  3.338E-05 
6.428E+04   9.716E-02  3.303E-05 
6.503E+04   9.629E-02  3.268E-05 
6.578E+04   9.542E-02  3.234E-05 
6.654E+04   9.457E-02  3.200E-05 
6.732E+04   9.372E-02  3.166E-05 
6.810E+04   9.288E-02  3.132E-05 
6.889E+04   9.205E-02  3.099E-05 
6.969E+04   9.122E-02  3.067E-05 
7.049E+04   9.041E-02  3.034E-05 
7.131E+04   8.960E-02  3.002E-05 
7.214E+04   8.880E-02  2.971E-05 
7.298E+04   8.801E-02  2.939E-05 
7.382E+04   8.723E-02  2.908E-05 
7.468E+04   8.645E-02  2.877E-05 
7.555E+04   8.569E-02  2.847E-05 
7.642E+04   8.493E-02  2.817E-05 
7.731E+04   8.417E-02  2.787E-05 
7.820E+04   8.343E-02  2.758E-05 
7.911E+04   8.269E-02  2.729E-05 
8.003E+04   8.196E-02  2.700E-05 
8.096E+04   8.124E-02  2.671E-05 
8.190E+04   8.053E-02  2.643E-05 
8.285E+04   7.982E-02  2.615E-05 
8.381E+04   7.912E-02  2.587E-05 
8.478E+04   7.843E-02  2.560E-05 
8.576E+04   7.774E-02  2.533E-05 
8.676E+04   7.706E-02  2.506E-05 
8.776E+04   7.639E-02  2.480E-05 
8.878E+04   7.572E-02  2.453E-05 
8.981E+04   7.506E-02  2.427E-05 
9.085E+04   7.441E-02  2.402E-05 
9.191E+04   7.376E-02  2.376E-05 
9.297E+04   7.313E-02  2.351E-05 
9.405E+04   7.249E-02  2.326E-05 
9.514E+04   7.187E-02  2.302E-05 
9.625E+04   7.125E-02  2.277E-05 
9.736E+04   7.063E-02  2.253E-05 
9.849E+04   7.003E-02  2.229E-05 
9.963E+04   6.942E-02  2.206E-05 
1.008E+05   6.883E-02  2.183E-05 
