Ion = Hydrogen    . Mass = 1.0079
Tgt = Dy (Solid). Density = 8.551 g/cm3
Stopping Units =  eV/(1E15 atoms/cm2)
Energy(keV)  S(Elec)    S(Nuc)
1.000E+00   5.968E+00  2.824E-01 
1.012E+00   6.003E+00  2.827E-01 
1.023E+00   6.037E+00  2.831E-01 
1.035E+00   6.072E+00  2.834E-01 
1.047E+00   6.108E+00  2.838E-01 
1.059E+00   6.143E+00  2.841E-01 
1.072E+00   6.178E+00  2.844E-01 
1.084E+00   6.214E+00  2.848E-01 
1.097E+00   6.250E+00  2.851E-01 
1.109E+00   6.286E+00  2.854E-01 
1.122E+00   6.323E+00  2.857E-01 
1.135E+00   6.359E+00  2.860E-01 
1.148E+00   6.396E+00  2.863E-01 
1.162E+00   6.433E+00  2.866E-01 
1.175E+00   6.470E+00  2.869E-01 
1.189E+00   6.507E+00  2.872E-01 
1.203E+00   6.545E+00  2.875E-01 
1.217E+00   6.583E+00  2.878E-01 
1.231E+00   6.621E+00  2.881E-01 
1.245E+00   6.659E+00  2.884E-01 
1.259E+00   6.698E+00  2.887E-01 
1.274E+00   6.737E+00  2.889E-01 
1.289E+00   6.775E+00  2.892E-01 
1.304E+00   6.815E+00  2.894E-01 
1.319E+00   6.854E+00  2.897E-01 
1.334E+00   6.894E+00  2.900E-01 
1.350E+00   6.934E+00  2.902E-01 
1.365E+00   6.974E+00  2.904E-01 
1.381E+00   7.014E+00  2.907E-01 
1.397E+00   7.055E+00  2.909E-01 
1.413E+00   7.095E+00  2.911E-01 
1.430E+00   7.136E+00  2.914E-01 
1.446E+00   7.178E+00  2.916E-01 
1.463E+00   7.219E+00  2.918E-01 
1.480E+00   7.261E+00  2.920E-01 
1.497E+00   7.303E+00  2.922E-01 
1.515E+00   7.345E+00  2.924E-01 
1.532E+00   7.388E+00  2.926E-01 
1.550E+00   7.430E+00  2.928E-01 
1.568E+00   7.473E+00  2.930E-01 
1.586E+00   7.516E+00  2.932E-01 
1.605E+00   7.560E+00  2.933E-01 
1.623E+00   7.604E+00  2.935E-01 
1.642E+00   7.648E+00  2.937E-01 
1.661E+00   7.692E+00  2.938E-01 
1.680E+00   7.736E+00  2.940E-01 
1.700E+00   7.781E+00  2.941E-01 
1.719E+00   7.826E+00  2.943E-01 
1.739E+00   7.871E+00  2.944E-01 
1.760E+00   7.917E+00  2.946E-01 
1.780E+00   7.963E+00  2.947E-01 
1.801E+00   8.009E+00  2.948E-01 
1.822E+00   8.055E+00  2.949E-01 
1.843E+00   8.102E+00  2.950E-01 
1.864E+00   8.148E+00  2.952E-01 
1.886E+00   8.196E+00  2.953E-01 
1.908E+00   8.243E+00  2.954E-01 
1.930E+00   8.291E+00  2.954E-01 
1.952E+00   8.339E+00  2.955E-01 
1.975E+00   8.387E+00  2.956E-01 
1.998E+00   8.435E+00  2.957E-01 
2.021E+00   8.482E+00  2.958E-01 
2.044E+00   8.524E+00  2.958E-01 
2.068E+00   8.566E+00  2.959E-01 
2.092E+00   8.608E+00  2.959E-01 
2.116E+00   8.650E+00  2.960E-01 
2.141E+00   8.693E+00  2.960E-01 
2.166E+00   8.735E+00  2.961E-01 
2.191E+00   8.778E+00  2.961E-01 
2.216E+00   8.822E+00  2.961E-01 
2.242E+00   8.865E+00  2.962E-01 
2.268E+00   8.909E+00  2.962E-01 
2.294E+00   8.953E+00  2.962E-01 
2.321E+00   8.997E+00  2.962E-01 
2.348E+00   9.041E+00  2.962E-01 
2.375E+00   9.086E+00  2.962E-01 
2.402E+00   9.131E+00  2.962E-01 
2.430E+00   9.176E+00  2.962E-01 
2.458E+00   9.222E+00  2.961E-01 
2.487E+00   9.267E+00  2.961E-01 
2.516E+00   9.313E+00  2.961E-01 
2.545E+00   9.360E+00  2.960E-01 
2.574E+00   9.406E+00  2.960E-01 
2.604E+00   9.453E+00  2.959E-01 
2.635E+00   9.500E+00  2.959E-01 
2.665E+00   9.547E+00  2.958E-01 
2.696E+00   9.594E+00  2.957E-01 
2.727E+00   9.642E+00  2.957E-01 
2.759E+00   9.690E+00  2.956E-01 
2.791E+00   9.739E+00  2.955E-01 
2.823E+00   9.787E+00  2.954E-01 
2.856E+00   9.836E+00  2.953E-01 
2.889E+00   9.885E+00  2.952E-01 
2.923E+00   9.934E+00  2.951E-01 
2.957E+00   9.984E+00  2.950E-01 
2.991E+00   1.003E+01  2.949E-01 
3.026E+00   1.008E+01  2.947E-01 
3.061E+00   1.013E+01  2.946E-01 
3.096E+00   1.019E+01  2.944E-01 
3.132E+00   1.024E+01  2.943E-01 
3.168E+00   1.029E+01  2.941E-01 
3.205E+00   1.034E+01  2.940E-01 
3.242E+00   1.039E+01  2.938E-01 
3.280E+00   1.044E+01  2.936E-01 
3.318E+00   1.050E+01  2.935E-01 
3.356E+00   1.055E+01  2.933E-01 
3.395E+00   1.060E+01  2.931E-01 
3.435E+00   1.065E+01  2.929E-01 
3.475E+00   1.071E+01  2.927E-01 
3.515E+00   1.076E+01  2.925E-01 
3.556E+00   1.082E+01  2.923E-01 
3.597E+00   1.087E+01  2.921E-01 
3.639E+00   1.093E+01  2.918E-01 
3.681E+00   1.098E+01  2.916E-01 
3.724E+00   1.104E+01  2.914E-01 
3.767E+00   1.109E+01  2.911E-01 
3.810E+00   1.115E+01  2.909E-01 
3.855E+00   1.120E+01  2.906E-01 
3.899E+00   1.126E+01  2.903E-01 
3.945E+00   1.132E+01  2.901E-01 
3.990E+00   1.138E+01  2.898E-01 
4.037E+00   1.143E+01  2.895E-01 
4.083E+00   1.149E+01  2.892E-01 
4.131E+00   1.155E+01  2.889E-01 
4.179E+00   1.161E+01  2.886E-01 
4.227E+00   1.167E+01  2.883E-01 
4.276E+00   1.173E+01  2.880E-01 
4.326E+00   1.178E+01  2.877E-01 
4.376E+00   1.184E+01  2.874E-01 
4.427E+00   1.190E+01  2.870E-01 
4.478E+00   1.196E+01  2.867E-01 
4.530E+00   1.203E+01  2.863E-01 
4.583E+00   1.209E+01  2.860E-01 
4.636E+00   1.215E+01  2.856E-01 
4.690E+00   1.221E+01  2.853E-01 
4.744E+00   1.227E+01  2.849E-01 
4.799E+00   1.233E+01  2.845E-01 
4.855E+00   1.240E+01  2.841E-01 
4.911E+00   1.246E+01  2.838E-01 
4.968E+00   1.252E+01  2.834E-01 
5.026E+00   1.259E+01  2.830E-01 
5.084E+00   1.265E+01  2.826E-01 
5.143E+00   1.272E+01  2.821E-01 
5.202E+00   1.278E+01  2.817E-01 
5.263E+00   1.285E+01  2.813E-01 
5.324E+00   1.291E+01  2.809E-01 
5.386E+00   1.298E+01  2.804E-01 
5.448E+00   1.304E+01  2.800E-01 
5.511E+00   1.311E+01  2.795E-01 
5.575E+00   1.318E+01  2.791E-01 
5.640E+00   1.324E+01  2.786E-01 
5.705E+00   1.331E+01  2.782E-01 
5.771E+00   1.338E+01  2.777E-01 
5.838E+00   1.345E+01  2.772E-01 
5.906E+00   1.352E+01  2.767E-01 
5.975E+00   1.359E+01  2.762E-01 
6.044E+00   1.366E+01  2.757E-01 
6.114E+00   1.373E+01  2.752E-01 
6.185E+00   1.380E+01  2.747E-01 
6.257E+00   1.387E+01  2.742E-01 
6.329E+00   1.394E+01  2.737E-01 
6.403E+00   1.401E+01  2.732E-01 
6.477E+00   1.408E+01  2.727E-01 
6.552E+00   1.415E+01  2.721E-01 
6.628E+00   1.423E+01  2.716E-01 
6.705E+00   1.430E+01  2.710E-01 
6.783E+00   1.437E+01  2.705E-01 
6.861E+00   1.445E+01  2.699E-01 
6.941E+00   1.452E+01  2.694E-01 
7.021E+00   1.459E+01  2.688E-01 
7.103E+00   1.467E+01  2.682E-01 
7.185E+00   1.474E+01  2.676E-01 
7.269E+00   1.482E+01  2.670E-01 
7.353E+00   1.490E+01  2.665E-01 
7.438E+00   1.497E+01  2.659E-01 
7.524E+00   1.505E+01  2.653E-01 
7.612E+00   1.513E+01  2.647E-01 
7.700E+00   1.520E+01  2.640E-01 
7.789E+00   1.528E+01  2.634E-01 
7.880E+00   1.536E+01  2.628E-01 
7.971E+00   1.544E+01  2.622E-01 
8.064E+00   1.552E+01  2.615E-01 
8.157E+00   1.560E+01  2.609E-01 
8.252E+00   1.568E+01  2.603E-01 
8.347E+00   1.576E+01  2.596E-01 
8.444E+00   1.584E+01  2.590E-01 
8.542E+00   1.592E+01  2.583E-01 
8.641E+00   1.600E+01  2.576E-01 
8.741E+00   1.608E+01  2.570E-01 
8.843E+00   1.617E+01  2.563E-01 
8.945E+00   1.625E+01  2.556E-01 
9.049E+00   1.633E+01  2.549E-01 
9.154E+00   1.642E+01  2.543E-01 
9.260E+00   1.650E+01  2.536E-01 
9.368E+00   1.659E+01  2.529E-01 
9.476E+00   1.667E+01  2.522E-01 
9.586E+00   1.676E+01  2.515E-01 
9.698E+00   1.684E+01  2.508E-01 
9.810E+00   1.693E+01  2.500E-01 
9.924E+00   1.701E+01  2.493E-01 
1.004E+01   1.710E+01  2.486E-01 
1.016E+01   1.719E+01  2.479E-01 
1.027E+01   1.728E+01  2.471E-01 
1.039E+01   1.737E+01  2.464E-01 
1.051E+01   1.746E+01  2.457E-01 
1.063E+01   1.754E+01  2.449E-01 
1.076E+01   1.763E+01  2.442E-01 
1.088E+01   1.772E+01  2.434E-01 
1.101E+01   1.782E+01  2.427E-01 
1.114E+01   1.791E+01  2.419E-01 
1.127E+01   1.800E+01  2.412E-01 
1.140E+01   1.809E+01  2.404E-01 
1.153E+01   1.818E+01  2.396E-01 
1.166E+01   1.828E+01  2.388E-01 
1.180E+01   1.837E+01  2.381E-01 
1.193E+01   1.846E+01  2.373E-01 
1.207E+01   1.856E+01  2.365E-01 
1.221E+01   1.865E+01  2.357E-01 
1.235E+01   1.875E+01  2.349E-01 
1.250E+01   1.884E+01  2.341E-01 
1.264E+01   1.894E+01  2.333E-01 
1.279E+01   1.903E+01  2.325E-01 
1.294E+01   1.913E+01  2.317E-01 
1.309E+01   1.923E+01  2.309E-01 
1.324E+01   1.933E+01  2.301E-01 
1.339E+01   1.943E+01  2.293E-01 
1.355E+01   1.952E+01  2.285E-01 
1.371E+01   1.962E+01  2.277E-01 
1.387E+01   1.972E+01  2.268E-01 
1.403E+01   1.982E+01  2.260E-01 
1.419E+01   1.992E+01  2.252E-01 
1.435E+01   2.002E+01  2.244E-01 
1.452E+01   2.013E+01  2.235E-01 
1.469E+01   2.023E+01  2.227E-01 
1.486E+01   2.033E+01  2.219E-01 
1.503E+01   2.043E+01  2.210E-01 
1.521E+01   2.054E+01  2.202E-01 
1.538E+01   2.064E+01  2.193E-01 
1.556E+01   2.074E+01  2.185E-01 
1.574E+01   2.085E+01  2.176E-01 
1.592E+01   2.095E+01  2.168E-01 
1.611E+01   2.106E+01  2.159E-01 
1.629E+01   2.117E+01  2.151E-01 
1.648E+01   2.127E+01  2.142E-01 
1.667E+01   2.138E+01  2.133E-01 
1.687E+01   2.149E+01  2.125E-01 
1.706E+01   2.159E+01  2.116E-01 
1.726E+01   2.170E+01  2.108E-01 
1.746E+01   2.181E+01  2.099E-01 
1.766E+01   2.192E+01  2.090E-01 
1.787E+01   2.203E+01  2.081E-01 
1.808E+01   2.214E+01  2.073E-01 
1.829E+01   2.225E+01  2.064E-01 
1.850E+01   2.236E+01  2.055E-01 
1.871E+01   2.247E+01  2.047E-01 
1.893E+01   2.258E+01  2.038E-01 
1.915E+01   2.270E+01  2.029E-01 
1.937E+01   2.281E+01  2.020E-01 
1.960E+01   2.292E+01  2.011E-01 
1.982E+01   2.304E+01  2.003E-01 
2.005E+01   2.315E+01  1.994E-01 
2.029E+01   2.326E+01  1.985E-01 
2.052E+01   2.338E+01  1.976E-01 
2.076E+01   2.349E+01  1.967E-01 
2.100E+01   2.361E+01  1.958E-01 
2.124E+01   2.373E+01  1.949E-01 
2.149E+01   2.384E+01  1.941E-01 
2.174E+01   2.396E+01  1.932E-01 
2.199E+01   2.408E+01  1.923E-01 
2.225E+01   2.419E+01  1.914E-01 
2.250E+01   2.431E+01  1.905E-01 
2.277E+01   2.443E+01  1.896E-01 
2.303E+01   2.455E+01  1.887E-01 
2.330E+01   2.467E+01  1.878E-01 
2.357E+01   2.479E+01  1.869E-01 
2.384E+01   2.491E+01  1.860E-01 
2.412E+01   2.503E+01  1.852E-01 
2.440E+01   2.515E+01  1.843E-01 
2.468E+01   2.527E+01  1.834E-01 
2.497E+01   2.539E+01  1.825E-01 
2.526E+01   2.551E+01  1.816E-01 
2.555E+01   2.563E+01  1.807E-01 
2.584E+01   2.576E+01  1.798E-01 
2.614E+01   2.588E+01  1.789E-01 
2.645E+01   2.600E+01  1.780E-01 
2.675E+01   2.613E+01  1.771E-01 
2.707E+01   2.625E+01  1.762E-01 
2.738E+01   2.637E+01  1.754E-01 
2.770E+01   2.650E+01  1.745E-01 
2.802E+01   2.662E+01  1.736E-01 
2.834E+01   2.675E+01  1.727E-01 
2.867E+01   2.687E+01  1.718E-01 
2.900E+01   2.700E+01  1.709E-01 
2.934E+01   2.713E+01  1.700E-01 
2.968E+01   2.725E+01  1.692E-01 
3.003E+01   2.738E+01  1.683E-01 
3.037E+01   2.751E+01  1.674E-01 
3.073E+01   2.763E+01  1.665E-01 
3.108E+01   2.776E+01  1.656E-01 
3.144E+01   2.789E+01  1.647E-01 
3.181E+01   2.801E+01  1.639E-01 
3.218E+01   2.814E+01  1.630E-01 
3.255E+01   2.827E+01  1.621E-01 
3.293E+01   2.840E+01  1.612E-01 
3.331E+01   2.853E+01  1.604E-01 
3.370E+01   2.866E+01  1.595E-01 
3.409E+01   2.878E+01  1.586E-01 
3.448E+01   2.891E+01  1.577E-01 
3.488E+01   2.904E+01  1.569E-01 
3.529E+01   2.917E+01  1.560E-01 
3.570E+01   2.930E+01  1.551E-01 
3.611E+01   2.943E+01  1.543E-01 
3.653E+01   2.956E+01  1.534E-01 
3.695E+01   2.969E+01  1.526E-01 
3.738E+01   2.982E+01  1.517E-01 
3.781E+01   2.995E+01  1.508E-01 
3.825E+01   3.008E+01  1.500E-01 
3.870E+01   3.021E+01  1.491E-01 
3.915E+01   3.034E+01  1.483E-01 
3.960E+01   3.047E+01  1.474E-01 
4.006E+01   3.060E+01  1.466E-01 
4.052E+01   3.073E+01  1.457E-01 
4.099E+01   3.086E+01  1.449E-01 
4.147E+01   3.099E+01  1.440E-01 
4.195E+01   3.112E+01  1.432E-01 
4.244E+01   3.125E+01  1.424E-01 
4.293E+01   3.138E+01  1.415E-01 
4.343E+01   3.150E+01  1.407E-01 
4.393E+01   3.163E+01  1.399E-01 
4.444E+01   3.176E+01  1.390E-01 
4.496E+01   3.189E+01  1.382E-01 
4.548E+01   3.202E+01  1.374E-01 
4.600E+01   3.215E+01  1.365E-01 
4.654E+01   3.228E+01  1.357E-01 
4.708E+01   3.241E+01  1.349E-01 
4.762E+01   3.253E+01  1.341E-01 
4.818E+01   3.266E+01  1.333E-01 
4.873E+01   3.279E+01  1.325E-01 
4.930E+01   3.291E+01  1.316E-01 
4.987E+01   3.304E+01  1.308E-01 
5.045E+01   3.317E+01  1.300E-01 
5.104E+01   3.329E+01  1.292E-01 
5.163E+01   3.342E+01  1.284E-01 
5.223E+01   3.354E+01  1.276E-01 
5.283E+01   3.367E+01  1.268E-01 
5.344E+01   3.379E+01  1.260E-01 
5.406E+01   3.392E+01  1.253E-01 
5.469E+01   3.404E+01  1.245E-01 
5.533E+01   3.416E+01  1.237E-01 
5.597E+01   3.428E+01  1.229E-01 
5.662E+01   3.441E+01  1.221E-01 
5.727E+01   3.453E+01  1.213E-01 
5.794E+01   3.465E+01  1.206E-01 
5.861E+01   3.477E+01  1.198E-01 
5.929E+01   3.488E+01  1.190E-01 
5.998E+01   3.500E+01  1.183E-01 
6.067E+01   3.512E+01  1.175E-01 
6.138E+01   3.524E+01  1.167E-01 
6.209E+01   3.535E+01  1.160E-01 
6.281E+01   3.547E+01  1.152E-01 
6.354E+01   3.558E+01  1.145E-01 
6.427E+01   3.569E+01  1.137E-01 
6.502E+01   3.581E+01  1.130E-01 
6.577E+01   3.592E+01  1.122E-01 
6.654E+01   3.603E+01  1.115E-01 
6.731E+01   3.614E+01  1.108E-01 
6.809E+01   3.625E+01  1.100E-01 
6.888E+01   3.635E+01  1.093E-01 
6.968E+01   3.646E+01  1.086E-01 
7.049E+01   3.657E+01  1.079E-01 
7.130E+01   3.667E+01  1.071E-01 
7.213E+01   3.677E+01  1.064E-01 
7.297E+01   3.687E+01  1.057E-01 
7.381E+01   3.698E+01  1.050E-01 
7.467E+01   3.707E+01  1.043E-01 
7.554E+01   3.717E+01  1.036E-01 
7.641E+01   3.727E+01  1.029E-01 
7.730E+01   3.736E+01  1.022E-01 
7.820E+01   3.746E+01  1.015E-01 
7.910E+01   3.755E+01  1.008E-01 
8.002E+01   3.764E+01  1.001E-01 
8.095E+01   3.773E+01  9.940E-02 
8.189E+01   3.782E+01  9.871E-02 
8.284E+01   3.791E+01  9.803E-02 
8.380E+01   3.799E+01  9.735E-02 
8.477E+01   3.808E+01  9.668E-02 
8.575E+01   3.816E+01  9.601E-02 
8.675E+01   3.824E+01  9.534E-02 
8.775E+01   3.832E+01  9.467E-02 
8.877E+01   3.839E+01  9.401E-02 
8.980E+01   3.847E+01  9.335E-02 
9.084E+01   3.854E+01  9.270E-02 
9.190E+01   3.861E+01  9.204E-02 
9.296E+01   3.868E+01  9.140E-02 
9.404E+01   3.875E+01  9.075E-02 
9.513E+01   3.882E+01  9.011E-02 
9.624E+01   3.888E+01  8.947E-02 
9.735E+01   3.894E+01  8.883E-02 
9.848E+01   3.900E+01  8.820E-02 
9.962E+01   3.906E+01  8.757E-02 
1.008E+02   3.911E+01  8.694E-02 
1.019E+02   3.917E+01  8.632E-02 
1.031E+02   3.922E+01  8.570E-02 
1.043E+02   3.927E+01  8.508E-02 
1.055E+02   3.932E+01  8.446E-02 
1.068E+02   3.936E+01  8.385E-02 
1.080E+02   3.940E+01  8.325E-02 
1.093E+02   3.945E+01  8.264E-02 
1.105E+02   3.948E+01  8.204E-02 
1.118E+02   3.952E+01  8.144E-02 
1.131E+02   3.955E+01  8.085E-02 
1.144E+02   3.958E+01  8.026E-02 
1.157E+02   3.961E+01  7.967E-02 
1.171E+02   3.964E+01  7.908E-02 
1.184E+02   3.966E+01  7.850E-02 
1.198E+02   3.969E+01  7.792E-02 
1.212E+02   3.971E+01  7.735E-02 
1.226E+02   3.972E+01  7.678E-02 
1.240E+02   3.974E+01  7.621E-02 
1.255E+02   3.975E+01  7.564E-02 
1.269E+02   3.976E+01  7.508E-02 
1.284E+02   3.977E+01  7.452E-02 
1.299E+02   3.977E+01  7.396E-02 
1.314E+02   3.977E+01  7.341E-02 
1.329E+02   3.977E+01  7.286E-02 
1.345E+02   3.977E+01  7.231E-02 
1.360E+02   3.976E+01  7.177E-02 
1.376E+02   3.975E+01  7.123E-02 
1.392E+02   3.974E+01  7.069E-02 
1.408E+02   3.973E+01  7.016E-02 
1.424E+02   3.971E+01  6.963E-02 
1.441E+02   3.969E+01  6.910E-02 
1.458E+02   3.967E+01  6.857E-02 
1.475E+02   3.965E+01  6.805E-02 
1.492E+02   3.962E+01  6.753E-02 
1.509E+02   3.959E+01  6.702E-02 
1.526E+02   3.956E+01  6.651E-02 
1.544E+02   3.953E+01  6.600E-02 
1.562E+02   3.949E+01  6.549E-02 
1.580E+02   3.945E+01  6.499E-02 
1.598E+02   3.941E+01  6.449E-02 
1.617E+02   3.936E+01  6.399E-02 
1.636E+02   3.932E+01  6.350E-02 
1.655E+02   3.927E+01  6.301E-02 
1.674E+02   3.921E+01  6.252E-02 
1.693E+02   3.916E+01  6.204E-02 
1.713E+02   3.910E+01  6.155E-02 
1.733E+02   3.904E+01  6.108E-02 
1.753E+02   3.898E+01  6.060E-02 
1.773E+02   3.891E+01  6.013E-02 
1.794E+02   3.885E+01  5.966E-02 
1.815E+02   3.878E+01  5.919E-02 
1.836E+02   3.870E+01  5.873E-02 
1.857E+02   3.863E+01  5.827E-02 
1.879E+02   3.855E+01  5.781E-02 
1.900E+02   3.847E+01  5.735E-02 
1.922E+02   3.839E+01  5.690E-02 
1.945E+02   3.831E+01  5.645E-02 
1.967E+02   3.822E+01  5.601E-02 
1.990E+02   3.813E+01  5.556E-02 
2.013E+02   3.804E+01  5.512E-02 
2.036E+02   3.795E+01  5.469E-02 
2.060E+02   3.786E+01  5.425E-02 
2.084E+02   3.776E+01  5.382E-02 
2.108E+02   3.766E+01  5.339E-02 
2.133E+02   3.756E+01  5.297E-02 
2.157E+02   3.746E+01  5.254E-02 
2.182E+02   3.735E+01  5.212E-02 
2.208E+02   3.725E+01  5.171E-02 
2.233E+02   3.714E+01  5.363E-02 
2.259E+02   3.703E+01  5.319E-02 
2.285E+02   3.692E+01  5.276E-02 
2.312E+02   3.680E+01  5.233E-02 
2.339E+02   3.669E+01  5.190E-02 
2.366E+02   3.657E+01  5.148E-02 
2.393E+02   3.645E+01  5.106E-02 
2.421E+02   3.633E+01  5.064E-02 
2.449E+02   3.621E+01  5.022E-02 
2.478E+02   3.609E+01  4.981E-02 
2.506E+02   3.596E+01  4.940E-02 
2.535E+02   3.584E+01  4.900E-02 
2.565E+02   3.571E+01  4.859E-02 
2.595E+02   3.558E+01  4.819E-02 
2.625E+02   3.545E+01  4.779E-02 
2.655E+02   3.532E+01  4.740E-02 
2.686E+02   3.519E+01  4.701E-02 
2.717E+02   3.506E+01  4.662E-02 
2.749E+02   3.492E+01  4.623E-02 
2.780E+02   3.479E+01  4.584E-02 
2.813E+02   3.465E+01  4.546E-02 
2.845E+02   3.452E+01  4.508E-02 
2.878E+02   3.438E+01  4.471E-02 
2.912E+02   3.424E+01  4.433E-02 
2.945E+02   3.410E+01  4.396E-02 
2.980E+02   3.396E+01  4.360E-02 
3.014E+02   3.382E+01  4.323E-02 
3.049E+02   3.368E+01  4.287E-02 
3.085E+02   3.354E+01  4.251E-02 
3.120E+02   3.340E+01  4.215E-02 
3.156E+02   3.325E+01  4.179E-02 
3.193E+02   3.311E+01  4.144E-02 
3.230E+02   3.297E+01  4.109E-02 
3.268E+02   3.282E+01  4.075E-02 
3.306E+02   3.268E+01  4.040E-02 
3.344E+02   3.253E+01  4.006E-02 
3.383E+02   3.239E+01  3.972E-02 
3.422E+02   3.225E+01  3.938E-02 
3.462E+02   3.210E+01  3.905E-02 
3.502E+02   3.195E+01  3.872E-02 
3.542E+02   3.181E+01  3.839E-02 
3.583E+02   3.166E+01  3.806E-02 
3.625E+02   3.152E+01  3.773E-02 
3.667E+02   3.137E+01  3.741E-02 
3.710E+02   3.123E+01  3.709E-02 
3.753E+02   3.108E+01  3.678E-02 
3.796E+02   3.094E+01  3.646E-02 
3.840E+02   3.079E+01  3.615E-02 
3.885E+02   3.065E+01  3.584E-02 
3.930E+02   3.050E+01  3.553E-02 
3.975E+02   3.036E+01  3.522E-02 
4.021E+02   3.021E+01  3.492E-02 
4.068E+02   3.007E+01  3.462E-02 
4.115E+02   2.992E+01  3.432E-02 
4.163E+02   2.978E+01  3.403E-02 
4.211E+02   2.964E+01  3.373E-02 
4.260E+02   2.949E+01  3.344E-02 
4.310E+02   2.935E+01  3.315E-02 
4.360E+02   2.921E+01  3.286E-02 
4.410E+02   2.907E+01  3.258E-02 
4.461E+02   2.892E+01  3.230E-02 
4.513E+02   2.878E+01  3.202E-02 
4.565E+02   2.864E+01  3.174E-02 
4.618E+02   2.850E+01  3.146E-02 
4.672E+02   2.836E+01  3.119E-02 
4.726E+02   2.822E+01  3.092E-02 
4.781E+02   2.809E+01  3.065E-02 
4.836E+02   2.795E+01  3.038E-02 
4.892E+02   2.781E+01  3.011E-02 
4.949E+02   2.767E+01  2.985E-02 
5.007E+02   2.753E+01  2.959E-02 
5.065E+02   2.740E+01  2.933E-02 
5.123E+02   2.726E+01  2.907E-02 
5.183E+02   2.713E+01  2.882E-02 
5.243E+02   2.699E+01  2.856E-02 
5.304E+02   2.686E+01  2.831E-02 
5.365E+02   2.673E+01  2.806E-02 
5.428E+02   2.659E+01  2.782E-02 
5.490E+02   2.646E+01  2.757E-02 
5.554E+02   2.633E+01  2.733E-02 
5.619E+02   2.620E+01  2.709E-02 
5.684E+02   2.607E+01  2.685E-02 
5.750E+02   2.594E+01  2.661E-02 
5.816E+02   2.581E+01  2.637E-02 
5.884E+02   2.568E+01  2.614E-02 
5.952E+02   2.555E+01  2.591E-02 
6.021E+02   2.542E+01  2.568E-02 
6.091E+02   2.530E+01  2.545E-02 
6.162E+02   2.517E+01  2.523E-02 
6.233E+02   2.504E+01  2.500E-02 
6.305E+02   2.492E+01  2.478E-02 
6.378E+02   2.479E+01  2.456E-02 
6.452E+02   2.467E+01  2.434E-02 
6.527E+02   2.455E+01  2.412E-02 
6.603E+02   2.442E+01  2.391E-02 
6.680E+02   2.430E+01  2.369E-02 
6.757E+02   2.418E+01  2.348E-02 
6.835E+02   2.406E+01  2.327E-02 
6.915E+02   2.394E+01  2.306E-02 
6.995E+02   2.382E+01  2.286E-02 
7.076E+02   2.370E+01  2.265E-02 
7.158E+02   2.358E+01  2.245E-02 
7.241E+02   2.346E+01  2.225E-02 
7.325E+02   2.334E+01  2.205E-02 
7.410E+02   2.323E+01  2.185E-02 
7.496E+02   2.311E+01  2.165E-02 
7.583E+02   2.299E+01  2.146E-02 
7.671E+02   2.288E+01  2.127E-02 
7.760E+02   2.276E+01  2.107E-02 
7.850E+02   2.265E+01  2.088E-02 
7.941E+02   2.253E+01  2.070E-02 
8.033E+02   2.242E+01  2.051E-02 
8.126E+02   2.230E+01  2.032E-02 
8.221E+02   2.219E+01  2.014E-02 
8.316E+02   2.208E+01  1.996E-02 
8.412E+02   2.197E+01  1.978E-02 
8.510E+02   2.186E+01  1.960E-02 
8.609E+02   2.174E+01  1.942E-02 
8.709E+02   2.163E+01  1.924E-02 
8.810E+02   2.152E+01  1.907E-02 
8.912E+02   2.141E+01  1.890E-02 
9.015E+02   2.131E+01  1.872E-02 
9.120E+02   2.120E+01  1.855E-02 
9.225E+02   2.109E+01  1.839E-02 
9.332E+02   2.098E+01  1.822E-02 
9.441E+02   2.087E+01  1.805E-02 
9.550E+02   2.077E+01  1.789E-02 
9.661E+02   2.066E+01  1.772E-02 
9.773E+02   2.055E+01  1.756E-02 
9.886E+02   2.045E+01  1.740E-02 
1.000E+03   2.034E+01  1.724E-02 
1.012E+03   2.024E+01  1.709E-02 
1.023E+03   2.014E+01  1.693E-02 
1.035E+03   2.004E+01  1.677E-02 
1.047E+03   1.994E+01  1.662E-02 
1.059E+03   1.984E+01  1.647E-02 
1.072E+03   1.973E+01  1.632E-02 
1.084E+03   1.963E+01  1.617E-02 
1.097E+03   1.952E+01  1.602E-02 
1.109E+03   1.942E+01  1.587E-02 
1.122E+03   1.931E+01  1.573E-02 
1.135E+03   1.920E+01  1.558E-02 
1.149E+03   1.909E+01  1.544E-02 
1.162E+03   1.898E+01  1.530E-02 
1.175E+03   1.886E+01  1.515E-02 
1.189E+03   1.875E+01  1.502E-02 
1.203E+03   1.863E+01  1.488E-02 
1.217E+03   1.852E+01  1.474E-02 
1.231E+03   1.842E+01  1.460E-02 
1.245E+03   1.832E+01  1.447E-02 
1.260E+03   1.821E+01  1.433E-02 
1.274E+03   1.811E+01  1.420E-02 
1.289E+03   1.801E+01  1.407E-02 
1.304E+03   1.791E+01  1.394E-02 
1.319E+03   1.781E+01  1.381E-02 
1.334E+03   1.770E+01  1.368E-02 
1.350E+03   1.760E+01  1.356E-02 
1.365E+03   1.750E+01  1.343E-02 
1.381E+03   1.740E+01  1.331E-02 
1.397E+03   1.730E+01  1.318E-02 
1.414E+03   1.720E+01  1.306E-02 
1.430E+03   1.711E+01  1.294E-02 
1.446E+03   1.701E+01  1.282E-02 
1.463E+03   1.691E+01  1.270E-02 
1.480E+03   1.681E+01  1.258E-02 
1.497E+03   1.671E+01  1.246E-02 
1.515E+03   1.662E+01  1.235E-02 
1.532E+03   1.652E+01  1.223E-02 
1.550E+03   1.642E+01  1.212E-02 
1.568E+03   1.633E+01  1.201E-02 
1.586E+03   1.623E+01  1.189E-02 
1.605E+03   1.614E+01  1.178E-02 
1.623E+03   1.604E+01  1.167E-02 
1.642E+03   1.595E+01  1.156E-02 
1.661E+03   1.585E+01  1.145E-02 
1.680E+03   1.576E+01  1.135E-02 
1.700E+03   1.566E+01  1.124E-02 
1.720E+03   1.557E+01  1.114E-02 
1.740E+03   1.548E+01  1.103E-02 
1.760E+03   1.538E+01  1.093E-02 
1.780E+03   1.529E+01  1.083E-02 
1.801E+03   1.520E+01  1.072E-02 
1.822E+03   1.511E+01  1.062E-02 
1.843E+03   1.502E+01  1.052E-02 
1.864E+03   1.492E+01  1.042E-02 
1.886E+03   1.483E+01  1.033E-02 
1.908E+03   1.474E+01  1.023E-02 
1.930E+03   1.465E+01  1.013E-02 
1.952E+03   1.456E+01  1.004E-02 
1.975E+03   1.447E+01  9.943E-03 
1.998E+03   1.439E+01  9.849E-03 
2.021E+03   1.430E+01  9.756E-03 
2.044E+03   1.421E+01  9.664E-03 
2.068E+03   1.412E+01  9.573E-03 
2.092E+03   1.403E+01  9.483E-03 
2.116E+03   1.395E+01  9.393E-03 
2.141E+03   1.386E+01  9.304E-03 
2.166E+03   1.377E+01  9.216E-03 
2.191E+03   1.369E+01  9.129E-03 
2.216E+03   1.360E+01  9.043E-03 
2.242E+03   1.351E+01  8.957E-03 
2.268E+03   1.343E+01  8.872E-03 
2.294E+03   1.334E+01  8.788E-03 
2.321E+03   1.326E+01  8.705E-03 
2.348E+03   1.318E+01  8.622E-03 
2.375E+03   1.309E+01  8.540E-03 
2.403E+03   1.301E+01  8.459E-03 
2.431E+03   1.293E+01  8.379E-03 
2.459E+03   1.284E+01  8.299E-03 
2.487E+03   1.276E+01  8.221E-03 
2.516E+03   1.268E+01  8.142E-03 
2.545E+03   1.260E+01  8.065E-03 
2.575E+03   1.252E+01  7.988E-03 
2.605E+03   1.243E+01  7.912E-03 
2.635E+03   1.235E+01  7.837E-03 
2.665E+03   1.227E+01  7.762E-03 
2.696E+03   1.219E+01  7.688E-03 
2.728E+03   1.211E+01  7.615E-03 
2.759E+03   1.203E+01  7.542E-03 
2.791E+03   1.196E+01  7.470E-03 
2.824E+03   1.188E+01  7.399E-03 
2.856E+03   1.180E+01  7.328E-03 
2.889E+03   1.172E+01  7.258E-03 
2.923E+03   1.164E+01  7.189E-03 
2.957E+03   1.157E+01  7.120E-03 
2.991E+03   1.149E+01  7.052E-03 
3.026E+03   1.141E+01  6.985E-03 
3.061E+03   1.134E+01  6.918E-03 
3.097E+03   1.126E+01  6.852E-03 
3.132E+03   1.119E+01  6.786E-03 
3.169E+03   1.111E+01  6.721E-03 
3.206E+03   1.104E+01  6.657E-03 
3.243E+03   1.096E+01  6.593E-03 
3.280E+03   1.089E+01  6.530E-03 
3.318E+03   1.082E+01  6.467E-03 
3.357E+03   1.074E+01  6.405E-03 
3.396E+03   1.067E+01  6.343E-03 
3.435E+03   1.060E+01  6.282E-03 
3.475E+03   1.053E+01  6.222E-03 
3.515E+03   1.045E+01  6.162E-03 
3.556E+03   1.038E+01  6.103E-03 
3.597E+03   1.031E+01  6.044E-03 
3.639E+03   1.024E+01  5.986E-03 
3.681E+03   1.017E+01  5.928E-03 
3.724E+03   1.010E+01  5.871E-03 
3.767E+03   1.003E+01  5.815E-03 
3.811E+03   9.962E+00  5.759E-03 
3.855E+03   9.894E+00  5.703E-03 
3.900E+03   9.825E+00  5.648E-03 
3.945E+03   9.757E+00  5.594E-03 
3.991E+03   9.689E+00  5.540E-03 
4.037E+03   9.622E+00  5.486E-03 
4.084E+03   9.555E+00  5.433E-03 
4.131E+03   9.488E+00  5.381E-03 
4.179E+03   9.422E+00  5.329E-03 
4.228E+03   9.356E+00  5.277E-03 
4.277E+03   9.290E+00  5.226E-03 
4.326E+03   9.225E+00  5.176E-03 
4.376E+03   9.160E+00  5.126E-03 
4.427E+03   9.096E+00  5.076E-03 
4.479E+03   9.031E+00  5.027E-03 
4.531E+03   8.967E+00  4.978E-03 
4.583E+03   8.904E+00  4.930E-03 
4.636E+03   8.841E+00  4.882E-03 
4.690E+03   8.778E+00  4.835E-03 
4.744E+03   8.716E+00  4.788E-03 
4.799E+03   8.653E+00  4.741E-03 
4.855E+03   8.592E+00  4.695E-03 
4.911E+03   8.530E+00  4.650E-03 
4.968E+03   8.469E+00  4.605E-03 
5.026E+03   8.408E+00  4.560E-03 
5.084E+03   8.348E+00  4.516E-03 
5.143E+03   8.288E+00  4.472E-03 
5.203E+03   8.228E+00  4.428E-03 
5.263E+03   8.169E+00  4.385E-03 
5.324E+03   8.110E+00  4.343E-03 
5.386E+03   8.051E+00  4.300E-03 
5.449E+03   7.993E+00  4.258E-03 
5.512E+03   7.935E+00  4.217E-03 
5.576E+03   7.877E+00  4.176E-03 
5.640E+03   7.820E+00  4.135E-03 
5.706E+03   7.763E+00  4.095E-03 
5.772E+03   7.706E+00  4.055E-03 
5.839E+03   7.650E+00  4.015E-03 
5.907E+03   7.594E+00  3.976E-03 
5.975E+03   7.538E+00  3.937E-03 
6.045E+03   7.483E+00  3.899E-03 
6.115E+03   7.428E+00  3.861E-03 
6.186E+03   7.373E+00  3.823E-03 
6.257E+03   7.319E+00  3.786E-03 
6.330E+03   7.265E+00  3.749E-03 
6.403E+03   7.211E+00  3.712E-03 
6.478E+03   7.157E+00  3.676E-03 
6.553E+03   7.104E+00  3.640E-03 
6.629E+03   7.052E+00  3.604E-03 
6.706E+03   6.999E+00  3.569E-03 
6.783E+03   6.947E+00  3.534E-03 
6.862E+03   6.895E+00  3.499E-03 
6.942E+03   6.844E+00  3.465E-03 
7.022E+03   6.793E+00  3.431E-03 
7.104E+03   6.742E+00  3.397E-03 
7.186E+03   6.691E+00  3.364E-03 
7.269E+03   6.641E+00  3.331E-03 
7.354E+03   6.591E+00  3.298E-03 
7.439E+03   6.542E+00  3.266E-03 
7.525E+03   6.492E+00  3.234E-03 
7.613E+03   6.444E+00  3.202E-03 
7.701E+03   6.395E+00  3.171E-03 
7.790E+03   6.347E+00  3.140E-03 
7.881E+03   6.298E+00  3.109E-03 
7.972E+03   6.251E+00  3.078E-03 
8.064E+03   6.203E+00  3.048E-03 
8.158E+03   6.156E+00  3.018E-03 
8.253E+03   6.109E+00  2.988E-03 
8.348E+03   6.063E+00  2.959E-03 
8.445E+03   6.017E+00  2.930E-03 
8.543E+03   5.971E+00  2.901E-03 
8.642E+03   5.925E+00  2.872E-03 
8.742E+03   5.880E+00  2.844E-03 
8.844E+03   5.835E+00  2.816E-03 
8.946E+03   5.790E+00  2.788E-03 
9.050E+03   5.745E+00  2.761E-03 
9.155E+03   5.701E+00  2.734E-03 
9.261E+03   5.657E+00  2.707E-03 
9.369E+03   5.614E+00  2.680E-03 
9.477E+03   5.570E+00  2.653E-03 
9.587E+03   5.527E+00  2.627E-03 
9.699E+03   5.485E+00  2.601E-03 
9.811E+03   5.442E+00  2.576E-03 
9.925E+03   5.400E+00  2.550E-03 
1.004E+04   5.358E+00  2.525E-03 
1.016E+04   5.317E+00  2.500E-03 
1.027E+04   5.275E+00  2.475E-03 
1.039E+04   5.234E+00  2.451E-03 
1.051E+04   5.193E+00  2.427E-03 
1.064E+04   5.153E+00  2.402E-03 
1.076E+04   5.113E+00  2.379E-03 
1.088E+04   5.073E+00  2.355E-03 
1.101E+04   5.033E+00  2.332E-03 
1.114E+04   4.994E+00  2.309E-03 
1.127E+04   4.955E+00  2.286E-03 
1.140E+04   4.916E+00  2.263E-03 
1.153E+04   4.877E+00  2.241E-03 
1.166E+04   4.839E+00  2.219E-03 
1.180E+04   4.801E+00  2.197E-03 
1.194E+04   4.763E+00  2.175E-03 
1.207E+04   4.725E+00  2.153E-03 
1.221E+04   4.688E+00  2.132E-03 
1.236E+04   4.651E+00  2.111E-03 
1.250E+04   4.614E+00  2.090E-03 
1.264E+04   4.578E+00  2.069E-03 
1.279E+04   4.541E+00  2.048E-03 
1.294E+04   4.505E+00  2.028E-03 
1.309E+04   4.469E+00  2.008E-03 
1.324E+04   4.434E+00  1.988E-03 
1.340E+04   4.399E+00  1.968E-03 
1.355E+04   4.364E+00  1.949E-03 
1.371E+04   4.329E+00  1.929E-03 
1.387E+04   4.294E+00  1.910E-03 
1.403E+04   4.260E+00  1.891E-03 
1.419E+04   4.226E+00  1.872E-03 
1.435E+04   4.192E+00  1.853E-03 
1.452E+04   4.159E+00  1.835E-03 
1.469E+04   4.125E+00  1.817E-03 
1.486E+04   4.092E+00  1.799E-03 
1.503E+04   4.059E+00  1.781E-03 
1.521E+04   4.027E+00  1.763E-03 
1.538E+04   3.995E+00  1.745E-03 
1.556E+04   3.962E+00  1.728E-03 
1.574E+04   3.931E+00  1.711E-03 
1.592E+04   3.899E+00  1.694E-03 
1.611E+04   3.867E+00  1.677E-03 
1.630E+04   3.836E+00  1.660E-03 
1.649E+04   3.805E+00  1.643E-03 
1.668E+04   3.774E+00  1.627E-03 
1.687E+04   3.744E+00  1.611E-03 
1.707E+04   3.714E+00  1.595E-03 
1.726E+04   3.684E+00  1.579E-03 
1.746E+04   3.654E+00  1.563E-03 
1.767E+04   3.624E+00  1.547E-03 
1.787E+04   3.595E+00  1.532E-03 
1.808E+04   3.565E+00  1.517E-03 
1.829E+04   3.536E+00  1.501E-03 
1.850E+04   3.508E+00  1.486E-03 
1.871E+04   3.479E+00  1.471E-03 
1.893E+04   3.451E+00  1.457E-03 
1.915E+04   3.423E+00  1.442E-03 
1.937E+04   3.395E+00  1.428E-03 
1.960E+04   3.367E+00  1.413E-03 
1.983E+04   3.339E+00  1.399E-03 
2.006E+04   3.312E+00  1.385E-03 
2.029E+04   3.285E+00  1.371E-03 
2.052E+04   3.258E+00  1.358E-03 
2.076E+04   3.232E+00  1.344E-03 
2.100E+04   3.205E+00  1.330E-03 
2.125E+04   3.179E+00  1.317E-03 
2.149E+04   3.153E+00  1.304E-03 
2.174E+04   3.127E+00  1.291E-03 
2.199E+04   3.101E+00  1.278E-03 
2.225E+04   3.076E+00  1.265E-03 
2.251E+04   3.050E+00  1.252E-03 
2.277E+04   3.025E+00  1.240E-03 
2.303E+04   3.000E+00  1.227E-03 
2.330E+04   2.976E+00  1.215E-03 
2.357E+04   2.951E+00  1.203E-03 
2.384E+04   2.927E+00  1.191E-03 
2.412E+04   2.903E+00  1.179E-03 
2.440E+04   2.879E+00  1.167E-03 
2.468E+04   2.855E+00  1.155E-03 
2.497E+04   2.831E+00  1.143E-03 
2.526E+04   2.808E+00  1.132E-03 
2.555E+04   2.785E+00  1.121E-03 
2.585E+04   2.762E+00  1.109E-03 
2.615E+04   2.739E+00  1.098E-03 
2.645E+04   2.716E+00  1.087E-03 
2.676E+04   2.694E+00  1.076E-03 
2.707E+04   2.671E+00  1.065E-03 
2.738E+04   2.649E+00  1.055E-03 
2.770E+04   2.627E+00  1.044E-03 
2.802E+04   2.605E+00  1.033E-03 
2.835E+04   2.584E+00  1.023E-03 
2.867E+04   2.562E+00  1.013E-03 
2.901E+04   2.541E+00  1.002E-03 
2.934E+04   2.520E+00  9.923E-04 
2.968E+04   2.499E+00  9.823E-04 
3.003E+04   2.478E+00  9.724E-04 
3.038E+04   2.458E+00  9.626E-04 
3.073E+04   2.437E+00  9.529E-04 
3.109E+04   2.417E+00  9.433E-04 
3.145E+04   2.397E+00  9.337E-04 
3.181E+04   2.377E+00  9.243E-04 
3.218E+04   2.357E+00  9.150E-04 
3.255E+04   2.337E+00  9.057E-04 
3.293E+04   2.318E+00  8.966E-04 
3.331E+04   2.299E+00  8.875E-04 
3.370E+04   2.279E+00  8.785E-04 
3.409E+04   2.260E+00  8.696E-04 
3.449E+04   2.242E+00  8.608E-04 
3.489E+04   2.223E+00  8.521E-04 
3.529E+04   2.204E+00  8.435E-04 
3.570E+04   2.186E+00  8.350E-04 
3.611E+04   2.168E+00  8.265E-04 
3.653E+04   2.150E+00  8.182E-04 
3.696E+04   2.132E+00  8.099E-04 
3.738E+04   2.114E+00  8.017E-04 
3.782E+04   2.096E+00  7.935E-04 
3.826E+04   2.079E+00  7.855E-04 
3.870E+04   2.061E+00  7.775E-04 
3.915E+04   2.044E+00  7.697E-04 
3.960E+04   2.027E+00  7.619E-04 
4.006E+04   2.010E+00  7.541E-04 
4.053E+04   1.993E+00  7.465E-04 
4.100E+04   1.977E+00  7.389E-04 
4.147E+04   1.960E+00  7.314E-04 
4.195E+04   1.944E+00  7.240E-04 
4.244E+04   1.928E+00  7.167E-04 
4.293E+04   1.912E+00  7.094E-04 
4.343E+04   1.896E+00  7.022E-04 
4.394E+04   1.880E+00  6.951E-04 
4.444E+04   1.864E+00  6.880E-04 
4.496E+04   1.848E+00  6.810E-04 
4.548E+04   1.833E+00  6.741E-04 
4.601E+04   1.818E+00  6.672E-04 
4.654E+04   1.803E+00  6.605E-04 
4.708E+04   1.788E+00  6.538E-04 
4.763E+04   1.773E+00  6.471E-04 
4.818E+04   1.758E+00  6.405E-04 
4.874E+04   1.743E+00  6.340E-04 
4.931E+04   1.729E+00  6.276E-04 
4.988E+04   1.714E+00  6.212E-04 
5.046E+04   1.700E+00  6.149E-04 
5.104E+04   1.686E+00  6.086E-04 
5.163E+04   1.672E+00  6.024E-04 
5.223E+04   1.658E+00  5.963E-04 
5.284E+04   1.644E+00  5.902E-04 
5.345E+04   1.630E+00  5.842E-04 
5.407E+04   1.617E+00  5.783E-04 
5.470E+04   1.603E+00  5.724E-04 
5.533E+04   1.590E+00  5.665E-04 
5.597E+04   1.577E+00  5.608E-04 
5.662E+04   1.564E+00  5.551E-04 
5.728E+04   1.551E+00  5.494E-04 
5.794E+04   1.538E+00  5.438E-04 
5.862E+04   1.525E+00  5.382E-04 
5.930E+04   1.512E+00  5.328E-04 
5.998E+04   1.500E+00  5.273E-04 
6.068E+04   1.487E+00  5.219E-04 
6.138E+04   1.475E+00  5.166E-04 
6.210E+04   1.463E+00  5.114E-04 
6.282E+04   1.451E+00  5.061E-04 
6.354E+04   1.439E+00  5.010E-04 
6.428E+04   1.427E+00  4.959E-04 
6.503E+04   1.415E+00  4.908E-04 
6.578E+04   1.403E+00  4.858E-04 
6.654E+04   1.392E+00  4.808E-04 
6.732E+04   1.380E+00  4.759E-04 
6.810E+04   1.369E+00  4.710E-04 
6.889E+04   1.358E+00  4.662E-04 
6.969E+04   1.346E+00  4.615E-04 
7.049E+04   1.335E+00  4.568E-04 
7.131E+04   1.324E+00  4.521E-04 
7.214E+04   1.313E+00  4.475E-04 
7.298E+04   1.303E+00  4.429E-04 
7.382E+04   1.292E+00  4.384E-04 
7.468E+04   1.281E+00  4.339E-04 
7.555E+04   1.271E+00  4.294E-04 
7.642E+04   1.261E+00  4.250E-04 
7.731E+04   1.250E+00  4.207E-04 
7.820E+04   1.240E+00  4.164E-04 
7.911E+04   1.230E+00  4.121E-04 
8.003E+04   1.220E+00  4.079E-04 
8.096E+04   1.210E+00  4.037E-04 
8.190E+04   1.200E+00  3.996E-04 
8.285E+04   1.190E+00  3.955E-04 
8.381E+04   1.181E+00  3.915E-04 
8.478E+04   1.171E+00  3.874E-04 
8.576E+04   1.162E+00  3.835E-04 
8.676E+04   1.152E+00  3.795E-04 
8.776E+04   1.143E+00  3.757E-04 
8.878E+04   1.134E+00  3.718E-04 
8.981E+04   1.124E+00  3.680E-04 
9.085E+04   1.115E+00  3.642E-04 
9.191E+04   1.106E+00  3.605E-04 
9.297E+04   1.097E+00  3.568E-04 
9.405E+04   1.089E+00  3.531E-04 
9.514E+04   1.080E+00  3.495E-04 
9.625E+04   1.071E+00  3.459E-04 
9.736E+04   1.063E+00  3.424E-04 
9.849E+04   1.054E+00  3.389E-04 
9.963E+04   1.046E+00  3.354E-04 
1.008E+05   1.037E+00  3.319E-04 
