Ion = Helium      . Mass = 4.0026
Tgt = Mn (Solid). Density = 7.4341 g/cm3
Stopping Units =  eV/(1E15 atoms/cm2)
Energy(keV)  S(Elec)    S(Nuc)
1.000E+00   3.951E+00  3.247E+00 
1.013E+00   3.977E+00  3.250E+00 
1.026E+00   4.002E+00  3.253E+00 
1.039E+00   4.028E+00  3.256E+00 
1.053E+00   4.055E+00  3.259E+00 
1.067E+00   4.081E+00  3.262E+00 
1.081E+00   4.107E+00  3.265E+00 
1.095E+00   4.134E+00  3.267E+00 
1.109E+00   4.161E+00  3.270E+00 
1.123E+00   4.188E+00  3.272E+00 
1.138E+00   4.215E+00  3.275E+00 
1.153E+00   4.242E+00  3.277E+00 
1.168E+00   4.269E+00  3.279E+00 
1.183E+00   4.297E+00  3.282E+00 
1.198E+00   4.325E+00  3.284E+00 
1.214E+00   4.353E+00  3.286E+00 
1.229E+00   4.381E+00  3.288E+00 
1.245E+00   4.410E+00  3.289E+00 
1.262E+00   4.438E+00  3.291E+00 
1.278E+00   4.467E+00  3.293E+00 
1.295E+00   4.496E+00  3.294E+00 
1.311E+00   4.525E+00  3.296E+00 
1.329E+00   4.554E+00  3.297E+00 
1.346E+00   4.584E+00  3.298E+00 
1.363E+00   4.613E+00  3.300E+00 
1.381E+00   4.643E+00  3.301E+00 
1.399E+00   4.673E+00  3.302E+00 
1.417E+00   4.704E+00  3.303E+00 
1.436E+00   4.734E+00  3.304E+00 
1.454E+00   4.765E+00  3.305E+00 
1.473E+00   4.796E+00  3.305E+00 
1.492E+00   4.827E+00  3.306E+00 
1.512E+00   4.858E+00  3.306E+00 
1.531E+00   4.889E+00  3.307E+00 
1.551E+00   4.921E+00  3.307E+00 
1.571E+00   4.953E+00  3.307E+00 
1.592E+00   4.985E+00  3.307E+00 
1.612E+00   5.017E+00  3.308E+00 
1.633E+00   5.050E+00  3.308E+00 
1.655E+00   5.083E+00  3.307E+00 
1.676E+00   5.115E+00  3.307E+00 
1.698E+00   5.149E+00  3.307E+00 
1.720E+00   5.182E+00  3.306E+00 
1.742E+00   5.215E+00  3.306E+00 
1.765E+00   5.249E+00  3.305E+00 
1.788E+00   5.283E+00  3.305E+00 
1.811E+00   5.317E+00  3.304E+00 
1.835E+00   5.352E+00  3.303E+00 
1.859E+00   5.387E+00  3.302E+00 
1.883E+00   5.421E+00  3.301E+00 
1.907E+00   5.457E+00  3.300E+00 
1.932E+00   5.492E+00  3.299E+00 
1.957E+00   5.528E+00  3.297E+00 
1.983E+00   5.563E+00  3.296E+00 
2.008E+00   5.599E+00  3.294E+00 
2.034E+00   5.636E+00  3.293E+00 
2.061E+00   5.672E+00  3.291E+00 
2.088E+00   5.709E+00  3.289E+00 
2.115E+00   5.746E+00  3.287E+00 
2.142E+00   5.783E+00  3.285E+00 
2.170E+00   5.821E+00  3.283E+00 
2.198E+00   5.858E+00  3.281E+00 
2.227E+00   5.896E+00  3.279E+00 
2.256E+00   5.934E+00  3.276E+00 
2.285E+00   5.973E+00  3.274E+00 
2.315E+00   6.011E+00  3.271E+00 
2.345E+00   6.050E+00  3.269E+00 
2.375E+00   6.090E+00  3.266E+00 
2.406E+00   6.129E+00  3.263E+00 
2.438E+00   6.169E+00  3.260E+00 
2.469E+00   6.209E+00  3.257E+00 
2.501E+00   6.249E+00  3.254E+00 
2.534E+00   6.289E+00  3.251E+00 
2.567E+00   6.330E+00  3.247E+00 
2.600E+00   6.371E+00  3.244E+00 
2.634E+00   6.412E+00  3.240E+00 
2.668E+00   6.454E+00  3.237E+00 
2.703E+00   6.496E+00  3.233E+00 
2.738E+00   6.538E+00  3.229E+00 
2.773E+00   6.580E+00  3.225E+00 
2.810E+00   6.623E+00  3.221E+00 
2.846E+00   6.666E+00  3.217E+00 
2.883E+00   6.709E+00  3.213E+00 
2.921E+00   6.752E+00  3.209E+00 
2.958E+00   6.796E+00  3.204E+00 
2.997E+00   6.840E+00  3.200E+00 
3.036E+00   6.884E+00  3.195E+00 
3.075E+00   6.929E+00  3.190E+00 
3.115E+00   6.974E+00  3.186E+00 
3.156E+00   7.019E+00  3.181E+00 
3.197E+00   7.064E+00  3.176E+00 
3.238E+00   7.110E+00  3.171E+00 
3.280E+00   7.156E+00  3.166E+00 
3.323E+00   7.203E+00  3.160E+00 
3.366E+00   7.249E+00  3.155E+00 
3.410E+00   7.296E+00  3.150E+00 
3.454E+00   7.344E+00  3.144E+00 
3.499E+00   7.391E+00  3.138E+00 
3.545E+00   7.439E+00  3.133E+00 
3.591E+00   7.487E+00  3.127E+00 
3.637E+00   7.536E+00  3.121E+00 
3.685E+00   7.584E+00  3.115E+00 
3.733E+00   7.634E+00  3.109E+00 
3.781E+00   7.683E+00  3.103E+00 
3.830E+00   7.733E+00  3.097E+00 
3.880E+00   7.783E+00  3.090E+00 
3.930E+00   7.833E+00  3.084E+00 
3.982E+00   7.884E+00  3.077E+00 
4.033E+00   7.935E+00  3.071E+00 
4.086E+00   7.986E+00  3.064E+00 
4.139E+00   8.038E+00  3.057E+00 
4.193E+00   8.090E+00  3.050E+00 
4.247E+00   8.143E+00  3.044E+00 
4.302E+00   8.195E+00  3.037E+00 
4.358E+00   8.249E+00  3.029E+00 
4.415E+00   8.302E+00  3.022E+00 
4.472E+00   8.356E+00  3.015E+00 
4.530E+00   8.410E+00  3.008E+00 
4.589E+00   8.464E+00  3.000E+00 
4.649E+00   8.519E+00  2.993E+00 
4.709E+00   8.574E+00  2.985E+00 
4.770E+00   8.630E+00  2.977E+00 
4.832E+00   8.686E+00  2.970E+00 
4.895E+00   8.742E+00  2.962E+00 
4.959E+00   8.799E+00  2.954E+00 
5.023E+00   8.856E+00  2.946E+00 
5.089E+00   8.913E+00  2.938E+00 
5.155E+00   8.971E+00  2.930E+00 
5.222E+00   9.029E+00  2.921E+00 
5.290E+00   9.087E+00  2.913E+00 
5.358E+00   9.146E+00  2.905E+00 
5.428E+00   9.205E+00  2.896E+00 
5.499E+00   9.265E+00  2.888E+00 
5.570E+00   9.325E+00  2.879E+00 
5.642E+00   9.385E+00  2.871E+00 
5.716E+00   9.446E+00  2.862E+00 
5.790E+00   9.507E+00  2.853E+00 
5.865E+00   9.569E+00  2.844E+00 
5.942E+00   9.631E+00  2.835E+00 
6.019E+00   9.693E+00  2.826E+00 
6.097E+00   9.756E+00  2.817E+00 
6.176E+00   9.819E+00  2.808E+00 
6.256E+00   9.883E+00  2.799E+00 
6.338E+00   9.947E+00  2.790E+00 
6.420E+00   1.001E+01  2.780E+00 
6.504E+00   1.008E+01  2.771E+00 
6.588E+00   1.014E+01  2.762E+00 
6.674E+00   1.021E+01  2.752E+00 
6.760E+00   1.027E+01  2.743E+00 
6.848E+00   1.034E+01  2.733E+00 
6.937E+00   1.041E+01  2.723E+00 
7.027E+00   1.047E+01  2.713E+00 
7.119E+00   1.054E+01  2.704E+00 
7.211E+00   1.061E+01  2.694E+00 
7.305E+00   1.068E+01  2.684E+00 
7.400E+00   1.075E+01  2.674E+00 
7.496E+00   1.082E+01  2.664E+00 
7.594E+00   1.089E+01  2.654E+00 
7.692E+00   1.096E+01  2.644E+00 
7.792E+00   1.103E+01  2.634E+00 
7.894E+00   1.110E+01  2.624E+00 
7.996E+00   1.117E+01  2.613E+00 
8.100E+00   1.125E+01  2.603E+00 
8.205E+00   1.133E+01  2.593E+00 
8.312E+00   1.141E+01  2.582E+00 
8.420E+00   1.149E+01  2.572E+00 
8.529E+00   1.157E+01  2.561E+00 
8.640E+00   1.166E+01  2.551E+00 
8.753E+00   1.174E+01  2.540E+00 
8.866E+00   1.182E+01  2.530E+00 
8.982E+00   1.191E+01  2.519E+00 
9.098E+00   1.199E+01  2.508E+00 
9.217E+00   1.208E+01  2.498E+00 
9.336E+00   1.216E+01  2.487E+00 
9.458E+00   1.225E+01  2.476E+00 
9.581E+00   1.234E+01  2.465E+00 
9.705E+00   1.243E+01  2.455E+00 
9.831E+00   1.252E+01  2.444E+00 
9.959E+00   1.261E+01  2.433E+00 
1.009E+01   1.270E+01  2.422E+00 
1.022E+01   1.279E+01  2.411E+00 
1.035E+01   1.288E+01  2.400E+00 
1.049E+01   1.297E+01  2.389E+00 
1.062E+01   1.307E+01  2.378E+00 
1.076E+01   1.316E+01  2.367E+00 
1.090E+01   1.326E+01  2.356E+00 
1.104E+01   1.335E+01  2.345E+00 
1.119E+01   1.345E+01  2.334E+00 
1.133E+01   1.355E+01  2.323E+00 
1.148E+01   1.365E+01  2.311E+00 
1.163E+01   1.375E+01  2.300E+00 
1.178E+01   1.385E+01  2.289E+00 
1.193E+01   1.395E+01  2.278E+00 
1.209E+01   1.405E+01  2.266E+00 
1.224E+01   1.415E+01  2.255E+00 
1.240E+01   1.426E+01  2.244E+00 
1.256E+01   1.436E+01  2.233E+00 
1.273E+01   1.447E+01  2.221E+00 
1.289E+01   1.457E+01  2.210E+00 
1.306E+01   1.468E+01  2.199E+00 
1.323E+01   1.479E+01  2.187E+00 
1.340E+01   1.490E+01  2.176E+00 
1.358E+01   1.500E+01  2.165E+00 
1.375E+01   1.512E+01  2.153E+00 
1.393E+01   1.523E+01  2.142E+00 
1.411E+01   1.534E+01  2.131E+00 
1.430E+01   1.545E+01  2.119E+00 
1.448E+01   1.557E+01  2.108E+00 
1.467E+01   1.568E+01  2.097E+00 
1.486E+01   1.580E+01  2.085E+00 
1.505E+01   1.592E+01  2.074E+00 
1.525E+01   1.603E+01  2.063E+00 
1.545E+01   1.615E+01  2.051E+00 
1.565E+01   1.627E+01  2.040E+00 
1.585E+01   1.639E+01  2.029E+00 
1.606E+01   1.652E+01  2.017E+00 
1.627E+01   1.664E+01  2.006E+00 
1.648E+01   1.676E+01  1.995E+00 
1.669E+01   1.689E+01  1.983E+00 
1.691E+01   1.701E+01  1.972E+00 
1.713E+01   1.714E+01  1.961E+00 
1.735E+01   1.727E+01  1.949E+00 
1.758E+01   1.740E+01  1.938E+00 
1.781E+01   1.753E+01  1.927E+00 
1.804E+01   1.766E+01  1.915E+00 
1.827E+01   1.779E+01  1.904E+00 
1.851E+01   1.792E+01  1.893E+00 
1.875E+01   1.806E+01  1.882E+00 
1.899E+01   1.820E+01  1.870E+00 
1.924E+01   1.833E+01  1.859E+00 
1.949E+01   1.847E+01  1.848E+00 
1.974E+01   1.861E+01  1.837E+00 
2.000E+01   1.875E+01  1.826E+00 
2.026E+01   1.889E+01  1.814E+00 
2.052E+01   1.903E+01  1.803E+00 
2.079E+01   1.918E+01  1.792E+00 
2.106E+01   1.932E+01  1.781E+00 
2.133E+01   1.947E+01  1.770E+00 
2.161E+01   1.961E+01  1.759E+00 
2.189E+01   1.976E+01  1.748E+00 
2.218E+01   1.991E+01  1.737E+00 
2.247E+01   2.006E+01  1.726E+00 
2.276E+01   2.021E+01  1.715E+00 
2.305E+01   2.037E+01  1.704E+00 
2.335E+01   2.052E+01  1.693E+00 
2.366E+01   2.068E+01  1.682E+00 
2.396E+01   2.083E+01  1.672E+00 
2.428E+01   2.099E+01  1.661E+00 
2.459E+01   2.115E+01  1.650E+00 
2.491E+01   2.131E+01  1.639E+00 
2.523E+01   2.147E+01  1.628E+00 
2.556E+01   2.163E+01  1.618E+00 
2.589E+01   2.180E+01  1.607E+00 
2.623E+01   2.196E+01  1.596E+00 
2.657E+01   2.213E+01  1.586E+00 
2.692E+01   2.230E+01  1.575E+00 
2.727E+01   2.247E+01  1.565E+00 
2.762E+01   2.264E+01  1.554E+00 
2.798E+01   2.281E+01  1.544E+00 
2.834E+01   2.299E+01  1.533E+00 
2.871E+01   2.316E+01  1.523E+00 
2.909E+01   2.334E+01  1.512E+00 
2.946E+01   2.351E+01  1.502E+00 
2.985E+01   2.369E+01  1.492E+00 
3.023E+01   2.387E+01  1.481E+00 
3.063E+01   2.405E+01  1.471E+00 
3.103E+01   2.424E+01  1.461E+00 
3.143E+01   2.442E+01  1.451E+00 
3.184E+01   2.461E+01  1.441E+00 
3.225E+01   2.479E+01  1.430E+00 
3.267E+01   2.498E+01  1.420E+00 
3.309E+01   2.517E+01  1.410E+00 
3.352E+01   2.536E+01  1.400E+00 
3.396E+01   2.556E+01  1.390E+00 
3.440E+01   2.575E+01  1.380E+00 
3.485E+01   2.595E+01  1.371E+00 
3.530E+01   2.614E+01  1.361E+00 
3.576E+01   2.634E+01  1.351E+00 
3.623E+01   2.654E+01  1.341E+00 
3.670E+01   2.674E+01  1.331E+00 
3.717E+01   2.694E+01  1.322E+00 
3.766E+01   2.715E+01  1.312E+00 
3.815E+01   2.735E+01  1.303E+00 
3.864E+01   2.756E+01  1.293E+00 
3.914E+01   2.777E+01  1.284E+00 
3.965E+01   2.798E+01  1.274E+00 
4.017E+01   2.819E+01  1.265E+00 
4.069E+01   2.840E+01  1.255E+00 
4.122E+01   2.861E+01  1.246E+00 
4.175E+01   2.883E+01  1.237E+00 
4.230E+01   2.904E+01  1.227E+00 
4.285E+01   2.926E+01  1.218E+00 
4.340E+01   2.948E+01  1.209E+00 
4.397E+01   2.970E+01  1.200E+00 
4.454E+01   2.992E+01  1.191E+00 
4.512E+01   3.015E+01  1.182E+00 
4.570E+01   3.037E+01  1.173E+00 
4.630E+01   3.060E+01  1.164E+00 
4.690E+01   3.082E+01  1.155E+00 
4.751E+01   3.105E+01  1.146E+00 
4.813E+01   3.128E+01  1.137E+00 
4.875E+01   3.151E+01  1.128E+00 
4.939E+01   3.175E+01  1.120E+00 
5.003E+01   3.198E+01  1.111E+00 
5.068E+01   3.222E+01  1.102E+00 
5.134E+01   3.245E+01  1.094E+00 
5.200E+01   3.269E+01  1.085E+00 
5.268E+01   3.293E+01  1.077E+00 
5.336E+01   3.317E+01  1.068E+00 
5.406E+01   3.341E+01  1.060E+00 
5.476E+01   3.365E+01  1.052E+00 
5.547E+01   3.389E+01  1.043E+00 
5.619E+01   3.414E+01  1.035E+00 
5.692E+01   3.438E+01  1.027E+00 
5.766E+01   3.463E+01  1.019E+00 
5.841E+01   3.488E+01  1.011E+00 
5.917E+01   3.513E+01  1.002E+00 
5.994E+01   3.538E+01  9.944E-01 
6.072E+01   3.563E+01  9.864E-01 
6.151E+01   3.588E+01  9.785E-01 
6.231E+01   3.613E+01  9.706E-01 
6.312E+01   3.638E+01  9.627E-01 
6.394E+01   3.664E+01  9.549E-01 
6.477E+01   3.689E+01  9.472E-01 
6.561E+01   3.715E+01  9.395E-01 
6.646E+01   3.740E+01  9.318E-01 
6.733E+01   3.766E+01  9.242E-01 
6.820E+01   3.792E+01  9.166E-01 
6.909E+01   3.818E+01  9.091E-01 
6.999E+01   3.844E+01  9.016E-01 
7.090E+01   3.870E+01  8.942E-01 
7.182E+01   3.896E+01  8.868E-01 
7.275E+01   3.922E+01  8.794E-01 
7.370E+01   3.948E+01  8.721E-01 
7.465E+01   3.974E+01  8.649E-01 
7.562E+01   4.000E+01  8.577E-01 
7.661E+01   4.026E+01  8.505E-01 
7.760E+01   4.053E+01  8.434E-01 
7.861E+01   4.079E+01  8.363E-01 
7.963E+01   4.105E+01  8.293E-01 
8.067E+01   4.132E+01  8.223E-01 
8.172E+01   4.158E+01  8.154E-01 
8.278E+01   4.185E+01  8.085E-01 
8.385E+01   4.211E+01  8.017E-01 
8.494E+01   4.238E+01  7.949E-01 
8.605E+01   4.264E+01  7.881E-01 
8.717E+01   4.290E+01  7.814E-01 
8.830E+01   4.317E+01  7.748E-01 
8.945E+01   4.343E+01  7.681E-01 
9.061E+01   4.370E+01  7.616E-01 
9.179E+01   4.396E+01  7.550E-01 
9.298E+01   4.423E+01  7.486E-01 
9.419E+01   4.449E+01  7.421E-01 
9.541E+01   4.476E+01  7.357E-01 
9.665E+01   4.502E+01  7.294E-01 
9.791E+01   4.529E+01  7.231E-01 
9.918E+01   4.555E+01  7.168E-01 
1.005E+02   4.582E+01  7.106E-01 
1.018E+02   4.608E+01  7.044E-01 
1.031E+02   4.634E+01  6.983E-01 
1.044E+02   4.661E+01  6.922E-01 
1.058E+02   4.687E+01  6.861E-01 
1.072E+02   4.714E+01  6.801E-01 
1.086E+02   4.740E+01  6.742E-01 
1.100E+02   4.766E+01  6.683E-01 
1.114E+02   4.793E+01  6.624E-01 
1.129E+02   4.819E+01  6.565E-01 
1.143E+02   4.845E+01  6.508E-01 
1.158E+02   4.872E+01  6.450E-01 
1.173E+02   4.898E+01  6.393E-01 
1.188E+02   4.925E+01  6.336E-01 
1.204E+02   4.951E+01  6.280E-01 
1.219E+02   4.977E+01  6.224E-01 
1.235E+02   5.004E+01  6.169E-01 
1.251E+02   5.030E+01  6.114E-01 
1.268E+02   5.056E+01  6.059E-01 
1.284E+02   5.083E+01  6.005E-01 
1.301E+02   5.109E+01  5.951E-01 
1.318E+02   5.136E+01  5.898E-01 
1.335E+02   5.162E+01  5.845E-01 
1.352E+02   5.189E+01  5.792E-01 
1.370E+02   5.215E+01  5.740E-01 
1.388E+02   5.242E+01  5.688E-01 
1.406E+02   5.268E+01  5.637E-01 
1.424E+02   5.295E+01  5.586E-01 
1.442E+02   5.322E+01  5.535E-01 
1.461E+02   5.348E+01  5.485E-01 
1.480E+02   5.375E+01  5.435E-01 
1.499E+02   5.402E+01  5.386E-01 
1.519E+02   5.429E+01  5.337E-01 
1.539E+02   5.456E+01  5.288E-01 
1.559E+02   5.483E+01  5.240E-01 
1.579E+02   5.510E+01  5.192E-01 
1.599E+02   5.537E+01  5.144E-01 
1.620E+02   5.564E+01  4.976E-01 
1.641E+02   5.592E+01  4.931E-01 
1.662E+02   5.619E+01  4.886E-01 
1.684E+02   5.646E+01  4.841E-01 
1.706E+02   5.674E+01  4.797E-01 
1.728E+02   5.701E+01  4.753E-01 
1.751E+02   5.729E+01  4.710E-01 
1.773E+02   5.757E+01  4.667E-01 
1.796E+02   5.785E+01  4.624E-01 
1.820E+02   5.812E+01  4.581E-01 
1.843E+02   5.840E+01  4.539E-01 
1.867E+02   5.868E+01  4.497E-01 
1.892E+02   5.896E+01  4.456E-01 
1.916E+02   5.925E+01  4.415E-01 
1.941E+02   5.953E+01  4.374E-01 
1.966E+02   5.981E+01  4.333E-01 
1.992E+02   6.010E+01  4.293E-01 
2.018E+02   6.038E+01  4.253E-01 
2.044E+02   6.067E+01  4.213E-01 
2.071E+02   6.095E+01  4.174E-01 
2.097E+02   6.124E+01  4.135E-01 
2.125E+02   6.153E+01  4.096E-01 
2.152E+02   6.181E+01  4.058E-01 
2.180E+02   6.210E+01  4.020E-01 
2.209E+02   6.239E+01  3.982E-01 
2.237E+02   6.268E+01  3.945E-01 
2.266E+02   6.297E+01  3.908E-01 
2.296E+02   6.326E+01  3.871E-01 
2.326E+02   6.355E+01  3.834E-01 
2.356E+02   6.384E+01  3.798E-01 
2.387E+02   6.413E+01  3.762E-01 
2.418E+02   6.442E+01  3.727E-01 
2.449E+02   6.471E+01  3.691E-01 
2.481E+02   6.500E+01  3.656E-01 
2.513E+02   6.529E+01  3.622E-01 
2.546E+02   6.558E+01  3.587E-01 
2.579E+02   6.587E+01  3.553E-01 
2.612E+02   6.616E+01  3.519E-01 
2.646E+02   6.646E+01  3.486E-01 
2.681E+02   6.675E+01  3.452E-01 
2.716E+02   6.704E+01  3.419E-01 
2.751E+02   6.732E+01  3.386E-01 
2.787E+02   6.761E+01  3.354E-01 
2.823E+02   6.790E+01  3.322E-01 
2.859E+02   6.819E+01  3.290E-01 
2.897E+02   6.848E+01  3.258E-01 
2.934E+02   6.876E+01  3.227E-01 
2.972E+02   6.905E+01  3.196E-01 
3.011E+02   6.933E+01  3.165E-01 
3.050E+02   6.961E+01  3.134E-01 
3.090E+02   6.990E+01  3.104E-01 
3.130E+02   7.018E+01  3.074E-01 
3.171E+02   7.046E+01  3.044E-01 
3.212E+02   7.073E+01  3.015E-01 
3.254E+02   7.101E+01  2.985E-01 
3.296E+02   7.129E+01  2.956E-01 
3.339E+02   7.156E+01  2.928E-01 
3.382E+02   7.183E+01  2.899E-01 
3.426E+02   7.210E+01  2.871E-01 
3.471E+02   7.237E+01  2.843E-01 
3.516E+02   7.264E+01  2.815E-01 
3.561E+02   7.290E+01  2.788E-01 
3.608E+02   7.316E+01  2.760E-01 
3.655E+02   7.342E+01  2.733E-01 
3.702E+02   7.368E+01  2.706E-01 
3.750E+02   7.394E+01  2.680E-01 
3.799E+02   7.419E+01  2.653E-01 
3.848E+02   7.444E+01  2.627E-01 
3.898E+02   7.469E+01  2.602E-01 
3.949E+02   7.493E+01  2.576E-01 
4.000E+02   7.518E+01  2.551E-01 
4.052E+02   7.542E+01  2.525E-01 
4.105E+02   7.565E+01  2.500E-01 
4.158E+02   7.589E+01  2.476E-01 
4.212E+02   7.612E+01  2.451E-01 
4.267E+02   7.635E+01  2.427E-01 
4.323E+02   7.657E+01  2.403E-01 
4.379E+02   7.679E+01  2.379E-01 
4.436E+02   7.701E+01  2.355E-01 
4.493E+02   7.722E+01  2.332E-01 
4.552E+02   7.743E+01  2.309E-01 
4.611E+02   7.764E+01  2.286E-01 
4.671E+02   7.784E+01  2.263E-01 
4.731E+02   7.804E+01  2.240E-01 
4.793E+02   7.824E+01  2.218E-01 
4.855E+02   7.843E+01  2.196E-01 
4.918E+02   7.862E+01  2.174E-01 
4.982E+02   7.880E+01  2.152E-01 
5.047E+02   7.898E+01  2.131E-01 
5.113E+02   7.915E+01  2.109E-01 
5.179E+02   7.932E+01  2.088E-01 
5.246E+02   7.949E+01  2.067E-01 
5.315E+02   7.965E+01  2.046E-01 
5.384E+02   7.981E+01  2.026E-01 
5.454E+02   7.996E+01  2.005E-01 
5.524E+02   8.011E+01  1.985E-01 
5.596E+02   8.025E+01  1.965E-01 
5.669E+02   8.039E+01  1.945E-01 
5.743E+02   8.052E+01  1.926E-01 
5.817E+02   8.065E+01  1.906E-01 
5.893E+02   8.077E+01  1.887E-01 
5.969E+02   8.089E+01  1.868E-01 
6.047E+02   8.100E+01  1.849E-01 
6.126E+02   8.111E+01  1.830E-01 
6.205E+02   8.122E+01  1.812E-01 
6.286E+02   8.131E+01  1.793E-01 
6.368E+02   8.141E+01  1.775E-01 
6.450E+02   8.149E+01  1.757E-01 
6.534E+02   8.157E+01  1.739E-01 
6.619E+02   8.165E+01  1.722E-01 
6.705E+02   8.172E+01  1.704E-01 
6.792E+02   8.179E+01  1.687E-01 
6.881E+02   8.185E+01  1.670E-01 
6.970E+02   8.190E+01  1.653E-01 
7.061E+02   8.195E+01  1.636E-01 
7.152E+02   8.199E+01  1.619E-01 
7.245E+02   8.203E+01  1.602E-01 
7.339E+02   8.206E+01  1.586E-01 
7.435E+02   8.209E+01  1.570E-01 
7.531E+02   8.211E+01  1.554E-01 
7.629E+02   8.212E+01  1.538E-01 
7.728E+02   8.213E+01  1.522E-01 
7.829E+02   8.214E+01  1.506E-01 
7.931E+02   8.213E+01  1.491E-01 
8.034E+02   8.213E+01  1.476E-01 
8.138E+02   8.211E+01  1.460E-01 
8.244E+02   8.209E+01  1.445E-01 
8.351E+02   8.207E+01  1.431E-01 
8.460E+02   8.203E+01  1.416E-01 
8.570E+02   8.200E+01  1.401E-01 
8.681E+02   8.195E+01  1.387E-01 
8.794E+02   8.190E+01  1.372E-01 
8.908E+02   8.185E+01  1.358E-01 
9.024E+02   8.179E+01  1.344E-01 
9.141E+02   8.172E+01  1.330E-01 
9.260E+02   8.165E+01  1.317E-01 
9.380E+02   8.157E+01  1.303E-01 
9.502E+02   8.149E+01  1.289E-01 
9.626E+02   8.140E+01  1.276E-01 
9.751E+02   8.130E+01  1.263E-01 
9.877E+02   8.120E+01  1.250E-01 
1.001E+03   8.110E+01  1.237E-01 
1.014E+03   8.099E+01  1.224E-01 
1.027E+03   8.087E+01  1.211E-01 
1.040E+03   8.075E+01  1.199E-01 
1.054E+03   8.062E+01  1.186E-01 
1.067E+03   8.048E+01  1.174E-01 
1.081E+03   8.034E+01  1.162E-01 
1.095E+03   8.020E+01  1.149E-01 
1.109E+03   8.005E+01  1.137E-01 
1.124E+03   7.989E+01  1.126E-01 
1.138E+03   7.973E+01  1.114E-01 
1.153E+03   7.956E+01  1.102E-01 
1.168E+03   7.939E+01  1.091E-01 
1.183E+03   7.922E+01  1.079E-01 
1.199E+03   7.903E+01  1.068E-01 
1.214E+03   7.885E+01  1.057E-01 
1.230E+03   7.866E+01  1.046E-01 
1.246E+03   7.846E+01  1.035E-01 
1.262E+03   7.826E+01  1.024E-01 
1.279E+03   7.805E+01  1.013E-01 
1.295E+03   7.784E+01  1.002E-01 
1.312E+03   7.763E+01  9.920E-02 
1.329E+03   7.741E+01  9.815E-02 
1.347E+03   7.718E+01  9.712E-02 
1.364E+03   7.695E+01  9.610E-02 
1.382E+03   7.672E+01  9.509E-02 
1.400E+03   7.648E+01  9.409E-02 
1.418E+03   7.624E+01  9.309E-02 
1.436E+03   7.599E+01  9.211E-02 
1.455E+03   7.574E+01  9.114E-02 
1.474E+03   7.548E+01  9.018E-02 
1.493E+03   7.522E+01  8.923E-02 
1.513E+03   7.496E+01  8.829E-02 
1.532E+03   7.469E+01  8.735E-02 
1.552E+03   7.442E+01  8.643E-02 
1.572E+03   7.415E+01  8.551E-02 
1.593E+03   7.387E+01  8.461E-02 
1.613E+03   7.359E+01  8.371E-02 
1.634E+03   7.330E+01  8.283E-02 
1.656E+03   7.301E+01  8.195E-02 
1.677E+03   7.272E+01  8.108E-02 
1.699E+03   7.243E+01  8.022E-02 
1.721E+03   7.213E+01  7.937E-02 
1.743E+03   7.183E+01  7.853E-02 
1.766E+03   7.152E+01  7.769E-02 
1.789E+03   7.121E+01  7.687E-02 
1.812E+03   7.090E+01  7.605E-02 
1.836E+03   7.059E+01  7.524E-02 
1.860E+03   7.027E+01  7.444E-02 
1.884E+03   6.995E+01  7.365E-02 
1.908E+03   6.963E+01  7.286E-02 
1.933E+03   6.931E+01  7.208E-02 
1.958E+03   6.898E+01  7.132E-02 
1.984E+03   6.865E+01  7.055E-02 
2.009E+03   6.832E+01  6.980E-02 
2.036E+03   6.799E+01  6.906E-02 
2.062E+03   6.765E+01  6.832E-02 
2.089E+03   6.731E+01  6.759E-02 
2.116E+03   6.697E+01  6.687E-02 
2.143E+03   6.663E+01  6.615E-02 
2.171E+03   6.629E+01  6.544E-02 
2.200E+03   6.594E+01  6.474E-02 
2.228E+03   6.560E+01  6.405E-02 
2.257E+03   6.525E+01  6.336E-02 
2.286E+03   6.490E+01  6.268E-02 
2.316E+03   6.455E+01  6.201E-02 
2.346E+03   6.419E+01  6.135E-02 
2.377E+03   6.384E+01  6.069E-02 
2.408E+03   6.348E+01  6.004E-02 
2.439E+03   6.313E+01  5.939E-02 
2.471E+03   6.277E+01  5.875E-02 
2.503E+03   6.241E+01  5.812E-02 
2.535E+03   6.205E+01  5.750E-02 
2.568E+03   6.169E+01  5.688E-02 
2.602E+03   6.133E+01  5.627E-02 
2.635E+03   6.097E+01  5.566E-02 
2.670E+03   6.060E+01  5.506E-02 
2.704E+03   6.024E+01  5.447E-02 
2.740E+03   5.987E+01  5.388E-02 
2.775E+03   5.951E+01  5.330E-02 
2.811E+03   5.914E+01  5.272E-02 
2.848E+03   5.878E+01  5.216E-02 
2.885E+03   5.841E+01  5.159E-02 
2.922E+03   5.805E+01  5.104E-02 
2.960E+03   5.768E+01  5.048E-02 
2.999E+03   5.731E+01  4.994E-02 
3.038E+03   5.695E+01  4.940E-02 
3.077E+03   5.658E+01  4.886E-02 
3.117E+03   5.621E+01  4.834E-02 
3.158E+03   5.584E+01  4.781E-02 
3.199E+03   5.548E+01  4.729E-02 
3.240E+03   5.511E+01  4.678E-02 
3.282E+03   5.474E+01  4.627E-02 
3.325E+03   5.438E+01  4.577E-02 
3.368E+03   5.401E+01  4.528E-02 
3.412E+03   5.365E+01  4.479E-02 
3.456E+03   5.328E+01  4.430E-02 
3.501E+03   5.292E+01  4.382E-02 
3.547E+03   5.255E+01  4.334E-02 
3.593E+03   5.219E+01  4.287E-02 
3.640E+03   5.183E+01  4.241E-02 
3.687E+03   5.146E+01  4.194E-02 
3.735E+03   5.110E+01  4.149E-02 
3.783E+03   5.074E+01  4.104E-02 
3.832E+03   5.038E+01  4.059E-02 
3.882E+03   5.002E+01  4.015E-02 
3.933E+03   4.966E+01  3.971E-02 
3.984E+03   4.930E+01  3.928E-02 
4.036E+03   4.895E+01  3.885E-02 
4.088E+03   4.859E+01  3.843E-02 
4.141E+03   4.824E+01  3.801E-02 
4.195E+03   4.788E+01  3.759E-02 
4.250E+03   4.753E+01  3.718E-02 
4.305E+03   4.718E+01  3.678E-02 
4.361E+03   4.683E+01  3.637E-02 
4.417E+03   4.648E+01  3.598E-02 
4.475E+03   4.613E+01  3.558E-02 
4.533E+03   4.578E+01  3.519E-02 
4.592E+03   4.544E+01  3.481E-02 
4.652E+03   4.509E+01  3.443E-02 
4.712E+03   4.475E+01  3.405E-02 
4.773E+03   4.440E+01  3.368E-02 
4.835E+03   4.406E+01  3.331E-02 
4.898E+03   4.372E+01  3.295E-02 
4.962E+03   4.339E+01  3.258E-02 
5.026E+03   4.305E+01  3.223E-02 
5.092E+03   4.271E+01  3.187E-02 
5.158E+03   4.238E+01  3.152E-02 
5.225E+03   4.205E+01  3.118E-02 
5.293E+03   4.172E+01  3.084E-02 
5.362E+03   4.139E+01  3.050E-02 
5.431E+03   4.106E+01  3.016E-02 
5.502E+03   4.073E+01  2.983E-02 
5.573E+03   4.041E+01  2.950E-02 
5.646E+03   4.008E+01  2.918E-02 
5.719E+03   3.976E+01  2.886E-02 
5.793E+03   3.944E+01  2.854E-02 
5.869E+03   3.912E+01  2.823E-02 
5.945E+03   3.880E+01  2.792E-02 
6.022E+03   3.849E+01  2.761E-02 
6.101E+03   3.818E+01  2.730E-02 
6.180E+03   3.786E+01  2.700E-02 
6.260E+03   3.755E+01  2.671E-02 
6.341E+03   3.724E+01  2.641E-02 
6.424E+03   3.694E+01  2.612E-02 
6.507E+03   3.663E+01  2.583E-02 
6.592E+03   3.633E+01  2.555E-02 
6.678E+03   3.603E+01  2.527E-02 
6.764E+03   3.573E+01  2.499E-02 
6.852E+03   3.543E+01  2.471E-02 
6.941E+03   3.513E+01  2.444E-02 
7.032E+03   3.484E+01  2.417E-02 
7.123E+03   3.454E+01  2.390E-02 
7.216E+03   3.425E+01  2.364E-02 
7.309E+03   3.396E+01  2.338E-02 
7.404E+03   3.367E+01  2.312E-02 
7.501E+03   3.339E+01  2.286E-02 
7.598E+03   3.310E+01  2.261E-02 
7.697E+03   3.282E+01  2.236E-02 
7.797E+03   3.254E+01  2.211E-02 
7.898E+03   3.226E+01  2.186E-02 
8.001E+03   3.198E+01  2.162E-02 
8.105E+03   3.175E+01  2.138E-02 
8.210E+03   3.151E+01  2.115E-02 
8.317E+03   3.127E+01  2.091E-02 
8.425E+03   3.103E+01  2.068E-02 
8.534E+03   3.079E+01  2.045E-02 
8.645E+03   3.054E+01  2.022E-02 
8.758E+03   3.029E+01  2.000E-02 
8.871E+03   3.003E+01  1.978E-02 
8.987E+03   2.978E+01  1.956E-02 
9.104E+03   2.951E+01  1.934E-02 
9.222E+03   2.925E+01  1.912E-02 
9.342E+03   2.898E+01  1.891E-02 
9.463E+03   2.871E+01  1.870E-02 
9.586E+03   2.844E+01  1.849E-02 
9.711E+03   2.819E+01  1.829E-02 
9.837E+03   2.795E+01  1.808E-02 
9.965E+03   2.771E+01  1.788E-02 
1.009E+04   2.748E+01  1.768E-02 
1.023E+04   2.725E+01  1.749E-02 
1.036E+04   2.702E+01  1.729E-02 
1.049E+04   2.679E+01  1.710E-02 
1.063E+04   2.656E+01  1.691E-02 
1.077E+04   2.633E+01  1.672E-02 
1.091E+04   2.610E+01  1.653E-02 
1.105E+04   2.588E+01  1.635E-02 
1.119E+04   2.566E+01  1.617E-02 
1.134E+04   2.544E+01  1.599E-02 
1.149E+04   2.522E+01  1.581E-02 
1.163E+04   2.500E+01  1.563E-02 
1.179E+04   2.479E+01  1.546E-02 
1.194E+04   2.457E+01  1.528E-02 
1.209E+04   2.436E+01  1.511E-02 
1.225E+04   2.415E+01  1.494E-02 
1.241E+04   2.394E+01  1.478E-02 
1.257E+04   2.373E+01  1.461E-02 
1.274E+04   2.352E+01  1.445E-02 
1.290E+04   2.332E+01  1.429E-02 
1.307E+04   2.311E+01  1.413E-02 
1.324E+04   2.291E+01  1.397E-02 
1.341E+04   2.271E+01  1.381E-02 
1.358E+04   2.251E+01  1.366E-02 
1.376E+04   2.231E+01  1.350E-02 
1.394E+04   2.212E+01  1.335E-02 
1.412E+04   2.192E+01  1.320E-02 
1.431E+04   2.173E+01  1.306E-02 
1.449E+04   2.154E+01  1.291E-02 
1.468E+04   2.135E+01  1.276E-02 
1.487E+04   2.116E+01  1.262E-02 
1.506E+04   2.097E+01  1.248E-02 
1.526E+04   2.078E+01  1.234E-02 
1.546E+04   2.060E+01  1.220E-02 
1.566E+04   2.042E+01  1.206E-02 
1.586E+04   2.023E+01  1.193E-02 
1.607E+04   2.005E+01  1.179E-02 
1.628E+04   1.987E+01  1.166E-02 
1.649E+04   1.970E+01  1.153E-02 
1.670E+04   1.952E+01  1.140E-02 
1.692E+04   1.935E+01  1.127E-02 
1.714E+04   1.917E+01  1.115E-02 
1.736E+04   1.900E+01  1.102E-02 
1.759E+04   1.883E+01  1.090E-02 
1.782E+04   1.866E+01  1.077E-02 
1.805E+04   1.849E+01  1.065E-02 
1.828E+04   1.832E+01  1.053E-02 
1.852E+04   1.816E+01  1.041E-02 
1.876E+04   1.799E+01  1.030E-02 
1.900E+04   1.783E+01  1.018E-02 
1.925E+04   1.767E+01  1.007E-02 
1.950E+04   1.751E+01  9.953E-03 
1.976E+04   1.735E+01  9.841E-03 
2.001E+04   1.719E+01  9.730E-03 
2.027E+04   1.703E+01  9.620E-03 
2.054E+04   1.688E+01  9.512E-03 
2.080E+04   1.672E+01  9.404E-03 
2.107E+04   1.657E+01  9.298E-03 
2.135E+04   1.642E+01  9.193E-03 
2.162E+04   1.627E+01  9.089E-03 
2.191E+04   1.612E+01  8.987E-03 
2.219E+04   1.597E+01  8.885E-03 
2.248E+04   1.582E+01  8.785E-03 
2.277E+04   1.568E+01  8.686E-03 
2.307E+04   1.553E+01  8.587E-03 
2.337E+04   1.539E+01  8.490E-03 
2.367E+04   1.525E+01  8.394E-03 
2.398E+04   1.511E+01  8.299E-03 
2.429E+04   1.497E+01  8.205E-03 
2.461E+04   1.483E+01  8.113E-03 
2.492E+04   1.469E+01  8.021E-03 
2.525E+04   1.455E+01  7.930E-03 
2.558E+04   1.442E+01  7.840E-03 
2.591E+04   1.428E+01  7.751E-03 
2.625E+04   1.415E+01  7.664E-03 
2.659E+04   1.402E+01  7.577E-03 
2.693E+04   1.389E+01  7.491E-03 
2.728E+04   1.376E+01  7.406E-03 
2.764E+04   1.363E+01  7.322E-03 
2.800E+04   1.350E+01  7.239E-03 
2.836E+04   1.337E+01  7.157E-03 
2.873E+04   1.325E+01  7.076E-03 
2.910E+04   1.312E+01  6.996E-03 
2.948E+04   1.300E+01  6.916E-03 
2.986E+04   1.288E+01  6.838E-03 
3.025E+04   1.276E+01  6.760E-03 
3.065E+04   1.264E+01  6.683E-03 
3.104E+04   1.252E+01  6.607E-03 
3.145E+04   1.240E+01  6.532E-03 
3.186E+04   1.228E+01  6.458E-03 
3.227E+04   1.217E+01  6.385E-03 
3.269E+04   1.205E+01  6.312E-03 
3.311E+04   1.194E+01  6.241E-03 
3.354E+04   1.182E+01  6.170E-03 
3.398E+04   1.171E+01  6.099E-03 
3.442E+04   1.160E+01  6.030E-03 
3.487E+04   1.149E+01  5.961E-03 
3.532E+04   1.138E+01  5.894E-03 
3.578E+04   1.127E+01  5.827E-03 
3.625E+04   1.116E+01  5.760E-03 
3.672E+04   1.106E+01  5.695E-03 
3.719E+04   1.095E+01  5.630E-03 
3.768E+04   1.085E+01  5.566E-03 
3.817E+04   1.074E+01  5.502E-03 
3.866E+04   1.064E+01  5.440E-03 
3.917E+04   1.054E+01  5.378E-03 
3.968E+04   1.044E+01  5.316E-03 
4.019E+04   1.034E+01  5.256E-03 
4.071E+04   1.024E+01  5.196E-03 
4.124E+04   1.014E+01  5.137E-03 
4.178E+04   1.004E+01  5.078E-03 
4.232E+04   9.947E+00  5.020E-03 
4.287E+04   9.851E+00  4.963E-03 
4.343E+04   9.756E+00  4.906E-03 
4.399E+04   9.662E+00  4.850E-03 
4.456E+04   9.569E+00  4.795E-03 
4.514E+04   9.477E+00  4.740E-03 
4.573E+04   9.385E+00  4.686E-03 
4.632E+04   9.295E+00  4.633E-03 
4.693E+04   9.205E+00  4.580E-03 
4.754E+04   9.116E+00  4.527E-03 
4.815E+04   9.027E+00  4.476E-03 
4.878E+04   8.940E+00  4.424E-03 
4.941E+04   8.853E+00  4.374E-03 
5.006E+04   8.767E+00  4.324E-03 
5.071E+04   8.682E+00  4.274E-03 
5.137E+04   8.598E+00  4.225E-03 
5.203E+04   8.515E+00  4.177E-03 
5.271E+04   8.432E+00  4.129E-03 
5.340E+04   8.350E+00  4.082E-03 
5.409E+04   8.269E+00  4.035E-03 
5.479E+04   8.188E+00  3.989E-03 
5.550E+04   8.108E+00  3.944E-03 
5.623E+04   8.029E+00  3.898E-03 
5.696E+04   7.951E+00  3.854E-03 
5.770E+04   7.873E+00  3.810E-03 
5.845E+04   7.796E+00  3.766E-03 
5.921E+04   7.720E+00  3.723E-03 
5.998E+04   7.645E+00  3.680E-03 
6.075E+04   7.570E+00  3.638E-03 
6.154E+04   7.496E+00  3.596E-03 
6.234E+04   7.423E+00  3.555E-03 
6.315E+04   7.350E+00  3.514E-03 
6.398E+04   7.278E+00  3.474E-03 
6.481E+04   7.207E+00  3.434E-03 
6.565E+04   7.136E+00  3.395E-03 
6.650E+04   7.066E+00  3.356E-03 
6.737E+04   6.997E+00  3.317E-03 
6.824E+04   6.928E+00  3.279E-03 
6.913E+04   6.860E+00  3.242E-03 
7.003E+04   6.793E+00  3.204E-03 
7.094E+04   6.726E+00  3.168E-03 
7.186E+04   6.660E+00  3.131E-03 
7.279E+04   6.594E+00  3.095E-03 
7.374E+04   6.529E+00  3.060E-03 
7.470E+04   6.465E+00  3.024E-03 
7.567E+04   6.401E+00  2.990E-03 
7.665E+04   6.338E+00  2.955E-03 
7.765E+04   6.276E+00  2.921E-03 
7.866E+04   6.214E+00  2.888E-03 
7.968E+04   6.153E+00  2.855E-03 
8.072E+04   6.092E+00  2.822E-03 
8.176E+04   6.032E+00  2.789E-03 
8.283E+04   5.972E+00  2.757E-03 
8.390E+04   5.913E+00  2.725E-03 
8.499E+04   5.855E+00  2.694E-03 
8.610E+04   5.797E+00  2.663E-03 
8.722E+04   5.740E+00  2.632E-03 
8.835E+04   5.683E+00  2.602E-03 
8.950E+04   5.627E+00  2.572E-03 
9.066E+04   5.571E+00  2.542E-03 
9.184E+04   5.516E+00  2.513E-03 
9.303E+04   5.462E+00  2.484E-03 
9.424E+04   5.408E+00  2.456E-03 
9.547E+04   5.354E+00  2.427E-03 
9.671E+04   5.301E+00  2.399E-03 
9.797E+04   5.249E+00  2.372E-03 
9.924E+04   5.197E+00  2.344E-03 
1.005E+05   5.146E+00  2.317E-03 
1.018E+05   5.095E+00  2.291E-03 
1.032E+05   5.044E+00  2.264E-03 
1.045E+05   4.994E+00  2.238E-03 
1.059E+05   4.945E+00  2.212E-03 
1.072E+05   4.896E+00  2.187E-03 
1.086E+05   4.847E+00  2.161E-03 
1.100E+05   4.799E+00  2.136E-03 
1.115E+05   4.752E+00  2.112E-03 
1.129E+05   4.705E+00  2.087E-03 
1.144E+05   4.658E+00  2.063E-03 
1.159E+05   4.612E+00  2.039E-03 
1.174E+05   4.566E+00  2.016E-03 
1.189E+05   4.521E+00  1.993E-03 
1.204E+05   4.476E+00  1.970E-03 
1.220E+05   4.432E+00  1.947E-03 
1.236E+05   4.388E+00  1.924E-03 
1.252E+05   4.345E+00  1.902E-03 
1.268E+05   4.302E+00  1.880E-03 
1.285E+05   4.259E+00  1.858E-03 
1.302E+05   4.217E+00  1.837E-03 
1.318E+05   4.175E+00  1.816E-03 
1.336E+05   4.134E+00  1.795E-03 
1.353E+05   4.093E+00  1.774E-03 
1.371E+05   4.052E+00  1.753E-03 
1.388E+05   4.012E+00  1.733E-03 
1.406E+05   3.972E+00  1.713E-03 
1.425E+05   3.933E+00  1.693E-03 
1.443E+05   3.894E+00  1.674E-03 
1.462E+05   3.856E+00  1.654E-03 
1.481E+05   3.818E+00  1.635E-03 
1.500E+05   3.780E+00  1.616E-03 
1.520E+05   3.742E+00  1.597E-03 
1.539E+05   3.705E+00  1.579E-03 
1.559E+05   3.669E+00  1.561E-03 
1.580E+05   3.633E+00  1.542E-03 
1.600E+05   3.597E+00  1.525E-03 
1.621E+05   3.561E+00  1.507E-03 
1.642E+05   3.526E+00  1.489E-03 
1.663E+05   3.491E+00  1.472E-03 
1.685E+05   3.457E+00  1.455E-03 
1.707E+05   3.423E+00  1.438E-03 
1.729E+05   3.389E+00  1.422E-03 
1.752E+05   3.356E+00  1.405E-03 
1.774E+05   3.323E+00  1.389E-03 
1.797E+05   3.290E+00  1.373E-03 
1.821E+05   3.258E+00  1.357E-03 
1.844E+05   3.226E+00  1.341E-03 
1.868E+05   3.194E+00  1.325E-03 
1.893E+05   3.162E+00  1.310E-03 
1.917E+05   3.131E+00  1.295E-03 
1.942E+05   3.101E+00  1.280E-03 
1.967E+05   3.070E+00  1.265E-03 
1.993E+05   3.040E+00  1.250E-03 
2.019E+05   3.010E+00  1.236E-03 
2.045E+05   2.981E+00  1.221E-03 
2.072E+05   2.952E+00  1.207E-03 
2.099E+05   2.923E+00  1.193E-03 
2.126E+05   2.894E+00  1.179E-03 
2.154E+05   2.866E+00  1.166E-03 
2.182E+05   2.838E+00  1.152E-03 
2.210E+05   2.810E+00  1.139E-03 
2.239E+05   2.783E+00  1.125E-03 
2.268E+05   2.756E+00  1.112E-03 
2.297E+05   2.729E+00  1.099E-03 
2.327E+05   2.702E+00  1.087E-03 
2.357E+05   2.676E+00  1.074E-03 
2.388E+05   2.650E+00  1.061E-03 
2.419E+05   2.624E+00  1.049E-03 
2.450E+05   2.599E+00  1.037E-03 
2.482E+05   2.574E+00  1.025E-03 
2.515E+05   2.549E+00  1.013E-03 
2.547E+05   2.524E+00  1.001E-03 
2.580E+05   2.500E+00  9.894E-04 
2.614E+05   2.475E+00  9.778E-04 
2.648E+05   2.452E+00  9.664E-04 
2.682E+05   2.428E+00  9.552E-04 
2.717E+05   2.405E+00  9.441E-04 
2.752E+05   2.381E+00  9.331E-04 
2.788E+05   2.359E+00  9.222E-04 
2.824E+05   2.336E+00  9.114E-04 
2.861E+05   2.313E+00  9.008E-04 
2.898E+05   2.291E+00  8.903E-04 
2.936E+05   2.269E+00  8.799E-04 
2.974E+05   2.248E+00  8.697E-04 
3.013E+05   2.226E+00  8.595E-04 
3.052E+05   2.205E+00  8.495E-04 
3.092E+05   2.184E+00  8.396E-04 
3.132E+05   2.163E+00  8.298E-04 
3.172E+05   2.142E+00  8.201E-04 
3.214E+05   2.122E+00  8.105E-04 
3.255E+05   2.102E+00  8.011E-04 
3.298E+05   2.082E+00  7.917E-04 
3.341E+05   2.062E+00  7.825E-04 
3.384E+05   2.043E+00  7.734E-04 
3.428E+05   2.024E+00  7.643E-04 
3.473E+05   2.005E+00  7.554E-04 
3.518E+05   1.986E+00  7.466E-04 
3.563E+05   1.967E+00  7.379E-04 
3.610E+05   1.949E+00  7.292E-04 
3.657E+05   1.930E+00  7.207E-04 
3.704E+05   1.912E+00  7.123E-04 
3.752E+05   1.894E+00  7.040E-04 
3.801E+05   1.877E+00  6.958E-04 
3.851E+05   1.859E+00  6.876E-04 
3.901E+05   1.842E+00  6.796E-04 
3.951E+05   1.825E+00  6.716E-04 
4.003E+05   1.808E+00  6.638E-04 
