Ion = Hydrogen    . Mass = 1.0079
Tgt = Eu (Solid). Density = 5.244 g/cm3
Stopping Units =  eV/(1E15 atoms/cm2)
Energy(keV)  S(Elec)    S(Nuc)
1.000E+00   7.057E+00  2.969E-01 
1.012E+00   7.097E+00  2.973E-01 
1.023E+00   7.138E+00  2.976E-01 
1.035E+00   7.180E+00  2.980E-01 
1.047E+00   7.221E+00  2.983E-01 
1.059E+00   7.263E+00  2.987E-01 
1.072E+00   7.305E+00  2.990E-01 
1.084E+00   7.347E+00  2.994E-01 
1.097E+00   7.390E+00  2.997E-01 
1.109E+00   7.433E+00  3.001E-01 
1.122E+00   7.476E+00  3.004E-01 
1.135E+00   7.519E+00  3.007E-01 
1.148E+00   7.562E+00  3.010E-01 
1.162E+00   7.606E+00  3.013E-01 
1.175E+00   7.650E+00  3.016E-01 
1.189E+00   7.694E+00  3.019E-01 
1.203E+00   7.739E+00  3.022E-01 
1.217E+00   7.783E+00  3.025E-01 
1.231E+00   7.828E+00  3.028E-01 
1.245E+00   7.874E+00  3.031E-01 
1.259E+00   7.919E+00  3.034E-01 
1.274E+00   7.965E+00  3.037E-01 
1.289E+00   8.011E+00  3.039E-01 
1.304E+00   8.057E+00  3.042E-01 
1.319E+00   8.104E+00  3.045E-01 
1.334E+00   8.151E+00  3.047E-01 
1.350E+00   8.198E+00  3.050E-01 
1.365E+00   8.245E+00  3.052E-01 
1.381E+00   8.293E+00  3.055E-01 
1.397E+00   8.341E+00  3.057E-01 
1.413E+00   8.389E+00  3.059E-01 
1.430E+00   8.438E+00  3.062E-01 
1.446E+00   8.487E+00  3.064E-01 
1.463E+00   8.536E+00  3.066E-01 
1.480E+00   8.585E+00  3.068E-01 
1.497E+00   8.635E+00  3.070E-01 
1.515E+00   8.685E+00  3.072E-01 
1.532E+00   8.735E+00  3.074E-01 
1.550E+00   8.785E+00  3.076E-01 
1.568E+00   8.836E+00  3.078E-01 
1.586E+00   8.887E+00  3.080E-01 
1.605E+00   8.939E+00  3.081E-01 
1.623E+00   8.990E+00  3.083E-01 
1.642E+00   9.042E+00  3.085E-01 
1.661E+00   9.095E+00  3.086E-01 
1.680E+00   9.147E+00  3.088E-01 
1.700E+00   9.200E+00  3.089E-01 
1.719E+00   9.253E+00  3.091E-01 
1.739E+00   9.307E+00  3.092E-01 
1.760E+00   9.361E+00  3.093E-01 
1.780E+00   9.415E+00  3.094E-01 
1.801E+00   9.469E+00  3.096E-01 
1.822E+00   9.524E+00  3.097E-01 
1.843E+00   9.579E+00  3.098E-01 
1.864E+00   9.634E+00  3.099E-01 
1.886E+00   9.690E+00  3.100E-01 
1.908E+00   9.746E+00  3.101E-01 
1.930E+00   9.803E+00  3.102E-01 
1.952E+00   9.859E+00  3.102E-01 
1.975E+00   9.916E+00  3.103E-01 
1.998E+00   9.974E+00  3.104E-01 
2.021E+00   1.003E+01  3.104E-01 
2.044E+00   1.008E+01  3.105E-01 
2.068E+00   1.013E+01  3.105E-01 
2.092E+00   1.018E+01  3.106E-01 
2.116E+00   1.023E+01  3.106E-01 
2.141E+00   1.029E+01  3.106E-01 
2.166E+00   1.034E+01  3.107E-01 
2.191E+00   1.039E+01  3.107E-01 
2.216E+00   1.044E+01  3.107E-01 
2.242E+00   1.050E+01  3.107E-01 
2.268E+00   1.055E+01  3.107E-01 
2.294E+00   1.060E+01  3.107E-01 
2.321E+00   1.066E+01  3.107E-01 
2.348E+00   1.071E+01  3.107E-01 
2.375E+00   1.077E+01  3.106E-01 
2.402E+00   1.082E+01  3.106E-01 
2.430E+00   1.088E+01  3.106E-01 
2.458E+00   1.093E+01  3.105E-01 
2.487E+00   1.099E+01  3.105E-01 
2.516E+00   1.104E+01  3.104E-01 
2.545E+00   1.110E+01  3.104E-01 
2.574E+00   1.116E+01  3.103E-01 
2.604E+00   1.122E+01  3.102E-01 
2.635E+00   1.127E+01  3.101E-01 
2.665E+00   1.133E+01  3.100E-01 
2.696E+00   1.139E+01  3.099E-01 
2.727E+00   1.145E+01  3.098E-01 
2.759E+00   1.151E+01  3.097E-01 
2.791E+00   1.157E+01  3.096E-01 
2.823E+00   1.163E+01  3.095E-01 
2.856E+00   1.168E+01  3.094E-01 
2.889E+00   1.175E+01  3.092E-01 
2.923E+00   1.181E+01  3.091E-01 
2.957E+00   1.187E+01  3.090E-01 
2.991E+00   1.193E+01  3.088E-01 
3.026E+00   1.199E+01  3.086E-01 
3.061E+00   1.205E+01  3.085E-01 
3.096E+00   1.211E+01  3.083E-01 
3.132E+00   1.218E+01  3.081E-01 
3.168E+00   1.224E+01  3.079E-01 
3.205E+00   1.230E+01  3.077E-01 
3.242E+00   1.237E+01  3.075E-01 
3.280E+00   1.243E+01  3.073E-01 
3.318E+00   1.249E+01  3.071E-01 
3.356E+00   1.256E+01  3.069E-01 
3.395E+00   1.262E+01  3.067E-01 
3.435E+00   1.269E+01  3.065E-01 
3.475E+00   1.276E+01  3.062E-01 
3.515E+00   1.282E+01  3.060E-01 
3.556E+00   1.289E+01  3.057E-01 
3.597E+00   1.295E+01  3.055E-01 
3.639E+00   1.302E+01  3.052E-01 
3.681E+00   1.309E+01  3.049E-01 
3.724E+00   1.316E+01  3.046E-01 
3.767E+00   1.323E+01  3.044E-01 
3.810E+00   1.329E+01  3.041E-01 
3.855E+00   1.336E+01  3.038E-01 
3.899E+00   1.343E+01  3.035E-01 
3.945E+00   1.350E+01  3.031E-01 
3.990E+00   1.357E+01  3.028E-01 
4.037E+00   1.364E+01  3.025E-01 
4.083E+00   1.372E+01  3.022E-01 
4.131E+00   1.379E+01  3.018E-01 
4.179E+00   1.386E+01  3.015E-01 
4.227E+00   1.393E+01  3.011E-01 
4.276E+00   1.400E+01  3.008E-01 
4.326E+00   1.408E+01  3.004E-01 
4.376E+00   1.415E+01  3.000E-01 
4.427E+00   1.422E+01  2.997E-01 
4.478E+00   1.430E+01  2.993E-01 
4.530E+00   1.437E+01  2.989E-01 
4.583E+00   1.445E+01  2.985E-01 
4.636E+00   1.452E+01  2.981E-01 
4.690E+00   1.460E+01  2.977E-01 
4.744E+00   1.467E+01  2.972E-01 
4.799E+00   1.475E+01  2.968E-01 
4.855E+00   1.483E+01  2.964E-01 
4.911E+00   1.491E+01  2.959E-01 
4.968E+00   1.498E+01  2.955E-01 
5.026E+00   1.506E+01  2.950E-01 
5.084E+00   1.514E+01  2.946E-01 
5.143E+00   1.522E+01  2.941E-01 
5.202E+00   1.530E+01  2.937E-01 
5.263E+00   1.538E+01  2.932E-01 
5.324E+00   1.546E+01  2.927E-01 
5.386E+00   1.554E+01  2.922E-01 
5.448E+00   1.562E+01  2.917E-01 
5.511E+00   1.570E+01  2.912E-01 
5.575E+00   1.578E+01  2.907E-01 
5.640E+00   1.587E+01  2.902E-01 
5.705E+00   1.595E+01  2.897E-01 
5.771E+00   1.603E+01  2.891E-01 
5.838E+00   1.612E+01  2.886E-01 
5.906E+00   1.620E+01  2.881E-01 
5.975E+00   1.628E+01  2.875E-01 
6.044E+00   1.637E+01  2.870E-01 
6.114E+00   1.645E+01  2.864E-01 
6.185E+00   1.654E+01  2.858E-01 
6.257E+00   1.663E+01  2.853E-01 
6.329E+00   1.671E+01  2.847E-01 
6.403E+00   1.680E+01  2.841E-01 
6.477E+00   1.689E+01  2.835E-01 
6.552E+00   1.697E+01  2.829E-01 
6.628E+00   1.706E+01  2.823E-01 
6.705E+00   1.715E+01  2.817E-01 
6.783E+00   1.724E+01  2.811E-01 
6.861E+00   1.733E+01  2.805E-01 
6.941E+00   1.742E+01  2.799E-01 
7.021E+00   1.751E+01  2.792E-01 
7.103E+00   1.760E+01  2.786E-01 
7.185E+00   1.769E+01  2.780E-01 
7.269E+00   1.778E+01  2.773E-01 
7.353E+00   1.788E+01  2.767E-01 
7.438E+00   1.797E+01  2.760E-01 
7.524E+00   1.806E+01  2.753E-01 
7.612E+00   1.816E+01  2.747E-01 
7.700E+00   1.825E+01  2.740E-01 
7.789E+00   1.834E+01  2.733E-01 
7.880E+00   1.844E+01  2.726E-01 
7.971E+00   1.853E+01  2.719E-01 
8.064E+00   1.863E+01  2.713E-01 
8.157E+00   1.872E+01  2.706E-01 
8.252E+00   1.882E+01  2.698E-01 
8.347E+00   1.892E+01  2.691E-01 
8.444E+00   1.901E+01  2.684E-01 
8.542E+00   1.911E+01  2.677E-01 
8.641E+00   1.921E+01  2.670E-01 
8.741E+00   1.931E+01  2.662E-01 
8.843E+00   1.941E+01  2.655E-01 
8.945E+00   1.951E+01  2.648E-01 
9.049E+00   1.960E+01  2.640E-01 
9.154E+00   1.970E+01  2.633E-01 
9.260E+00   1.980E+01  2.625E-01 
9.368E+00   1.991E+01  2.618E-01 
9.476E+00   2.001E+01  2.610E-01 
9.586E+00   2.011E+01  2.602E-01 
9.698E+00   2.021E+01  2.595E-01 
9.810E+00   2.031E+01  2.587E-01 
9.924E+00   2.041E+01  2.579E-01 
1.004E+01   2.052E+01  2.571E-01 
1.016E+01   2.062E+01  2.563E-01 
1.027E+01   2.073E+01  2.555E-01 
1.039E+01   2.083E+01  2.547E-01 
1.051E+01   2.093E+01  2.539E-01 
1.063E+01   2.104E+01  2.531E-01 
1.076E+01   2.114E+01  2.523E-01 
1.088E+01   2.125E+01  2.515E-01 
1.101E+01   2.136E+01  2.507E-01 
1.114E+01   2.146E+01  2.499E-01 
1.127E+01   2.157E+01  2.490E-01 
1.140E+01   2.168E+01  2.482E-01 
1.153E+01   2.178E+01  2.474E-01 
1.166E+01   2.189E+01  2.465E-01 
1.180E+01   2.200E+01  2.457E-01 
1.193E+01   2.211E+01  2.448E-01 
1.207E+01   2.222E+01  2.440E-01 
1.221E+01   2.232E+01  2.431E-01 
1.235E+01   2.243E+01  2.423E-01 
1.250E+01   2.254E+01  2.414E-01 
1.264E+01   2.265E+01  2.406E-01 
1.279E+01   2.276E+01  2.397E-01 
1.294E+01   2.287E+01  2.388E-01 
1.309E+01   2.298E+01  2.380E-01 
1.324E+01   2.309E+01  2.371E-01 
1.339E+01   2.321E+01  2.362E-01 
1.355E+01   2.332E+01  2.354E-01 
1.371E+01   2.343E+01  2.345E-01 
1.387E+01   2.354E+01  2.336E-01 
1.403E+01   2.365E+01  2.327E-01 
1.419E+01   2.377E+01  2.318E-01 
1.435E+01   2.388E+01  2.309E-01 
1.452E+01   2.399E+01  2.300E-01 
1.469E+01   2.410E+01  2.291E-01 
1.486E+01   2.422E+01  2.282E-01 
1.503E+01   2.433E+01  2.273E-01 
1.521E+01   2.444E+01  2.264E-01 
1.538E+01   2.456E+01  2.255E-01 
1.556E+01   2.467E+01  2.246E-01 
1.574E+01   2.479E+01  2.237E-01 
1.592E+01   2.490E+01  2.228E-01 
1.611E+01   2.501E+01  2.219E-01 
1.629E+01   2.513E+01  2.210E-01 
1.648E+01   2.524E+01  2.201E-01 
1.667E+01   2.536E+01  2.191E-01 
1.687E+01   2.547E+01  2.182E-01 
1.706E+01   2.559E+01  2.173E-01 
1.726E+01   2.570E+01  2.164E-01 
1.746E+01   2.582E+01  2.155E-01 
1.766E+01   2.593E+01  2.145E-01 
1.787E+01   2.605E+01  2.136E-01 
1.808E+01   2.616E+01  2.127E-01 
1.829E+01   2.628E+01  2.117E-01 
1.850E+01   2.639E+01  2.108E-01 
1.871E+01   2.651E+01  2.099E-01 
1.893E+01   2.662E+01  2.090E-01 
1.915E+01   2.674E+01  2.080E-01 
1.937E+01   2.685E+01  2.071E-01 
1.960E+01   2.697E+01  2.061E-01 
1.982E+01   2.708E+01  2.052E-01 
2.005E+01   2.720E+01  2.043E-01 
2.029E+01   2.731E+01  2.033E-01 
2.052E+01   2.743E+01  2.024E-01 
2.076E+01   2.754E+01  2.015E-01 
2.100E+01   2.766E+01  2.005E-01 
2.124E+01   2.777E+01  1.996E-01 
2.149E+01   2.789E+01  1.986E-01 
2.174E+01   2.800E+01  1.977E-01 
2.199E+01   2.812E+01  1.968E-01 
2.225E+01   2.823E+01  1.958E-01 
2.250E+01   2.834E+01  1.949E-01 
2.277E+01   2.846E+01  1.939E-01 
2.303E+01   2.857E+01  1.930E-01 
2.330E+01   2.868E+01  1.921E-01 
2.357E+01   2.880E+01  1.911E-01 
2.384E+01   2.891E+01  1.902E-01 
2.412E+01   2.902E+01  1.892E-01 
2.440E+01   2.913E+01  1.883E-01 
2.468E+01   2.925E+01  1.874E-01 
2.497E+01   2.936E+01  1.864E-01 
2.526E+01   2.947E+01  1.855E-01 
2.555E+01   2.958E+01  1.846E-01 
2.584E+01   2.969E+01  1.836E-01 
2.614E+01   2.980E+01  1.827E-01 
2.645E+01   2.991E+01  1.817E-01 
2.675E+01   3.002E+01  1.808E-01 
2.707E+01   3.013E+01  1.799E-01 
2.738E+01   3.024E+01  1.789E-01 
2.770E+01   3.035E+01  1.780E-01 
2.802E+01   3.046E+01  1.771E-01 
2.834E+01   3.056E+01  1.761E-01 
2.867E+01   3.067E+01  1.752E-01 
2.900E+01   3.078E+01  1.743E-01 
2.934E+01   3.089E+01  1.734E-01 
2.968E+01   3.099E+01  1.724E-01 
3.003E+01   3.110E+01  1.715E-01 
3.037E+01   3.120E+01  1.706E-01 
3.073E+01   3.131E+01  1.697E-01 
3.108E+01   3.141E+01  1.687E-01 
3.144E+01   3.152E+01  1.678E-01 
3.181E+01   3.162E+01  1.669E-01 
3.218E+01   3.172E+01  1.660E-01 
3.255E+01   3.182E+01  1.651E-01 
3.293E+01   3.193E+01  1.641E-01 
3.331E+01   3.203E+01  1.632E-01 
3.370E+01   3.213E+01  1.623E-01 
3.409E+01   3.223E+01  1.614E-01 
3.448E+01   3.233E+01  1.605E-01 
3.488E+01   3.243E+01  1.596E-01 
3.529E+01   3.253E+01  1.587E-01 
3.570E+01   3.263E+01  1.578E-01 
3.611E+01   3.272E+01  1.569E-01 
3.653E+01   3.282E+01  1.560E-01 
3.695E+01   3.292E+01  1.551E-01 
3.738E+01   3.301E+01  1.542E-01 
3.781E+01   3.311E+01  1.533E-01 
3.825E+01   3.320E+01  1.524E-01 
3.870E+01   3.330E+01  1.515E-01 
3.915E+01   3.339E+01  1.506E-01 
3.960E+01   3.348E+01  1.497E-01 
4.006E+01   3.358E+01  1.489E-01 
4.052E+01   3.367E+01  1.480E-01 
4.099E+01   3.376E+01  1.471E-01 
4.147E+01   3.385E+01  1.462E-01 
4.195E+01   3.394E+01  1.454E-01 
4.244E+01   3.403E+01  1.445E-01 
4.293E+01   3.412E+01  1.436E-01 
4.343E+01   3.421E+01  1.428E-01 
4.393E+01   3.429E+01  1.419E-01 
4.444E+01   3.438E+01  1.410E-01 
4.496E+01   3.447E+01  1.402E-01 
4.548E+01   3.455E+01  1.393E-01 
4.600E+01   3.464E+01  1.385E-01 
4.654E+01   3.472E+01  1.376E-01 
4.708E+01   3.480E+01  1.368E-01 
4.762E+01   3.488E+01  1.359E-01 
4.818E+01   3.497E+01  1.351E-01 
4.873E+01   3.505E+01  1.342E-01 
4.930E+01   3.513E+01  1.334E-01 
4.987E+01   3.521E+01  1.326E-01 
5.045E+01   3.529E+01  1.317E-01 
5.104E+01   3.537E+01  1.309E-01 
5.163E+01   3.544E+01  1.301E-01 
5.223E+01   3.552E+01  1.292E-01 
5.283E+01   3.560E+01  1.284E-01 
5.344E+01   3.567E+01  1.276E-01 
5.406E+01   3.575E+01  1.268E-01 
5.469E+01   3.582E+01  1.260E-01 
5.533E+01   3.589E+01  1.252E-01 
5.597E+01   3.596E+01  1.244E-01 
5.662E+01   3.604E+01  1.236E-01 
5.727E+01   3.611E+01  1.228E-01 
5.794E+01   3.618E+01  1.220E-01 
5.861E+01   3.624E+01  1.212E-01 
5.929E+01   3.631E+01  1.204E-01 
5.998E+01   3.638E+01  1.196E-01 
6.067E+01   3.645E+01  1.188E-01 
6.138E+01   3.651E+01  1.180E-01 
6.209E+01   3.658E+01  1.172E-01 
6.281E+01   3.664E+01  1.165E-01 
6.354E+01   3.670E+01  1.157E-01 
6.427E+01   3.677E+01  1.149E-01 
6.502E+01   3.683E+01  1.142E-01 
6.577E+01   3.689E+01  1.134E-01 
6.654E+01   3.695E+01  1.126E-01 
6.731E+01   3.701E+01  1.119E-01 
6.809E+01   3.706E+01  1.111E-01 
6.888E+01   3.712E+01  1.104E-01 
6.968E+01   3.718E+01  1.096E-01 
7.049E+01   3.723E+01  1.089E-01 
7.130E+01   3.728E+01  1.081E-01 
7.213E+01   3.734E+01  1.074E-01 
7.297E+01   3.739E+01  1.067E-01 
7.381E+01   3.744E+01  1.059E-01 
7.467E+01   3.749E+01  1.052E-01 
7.554E+01   3.754E+01  1.045E-01 
7.641E+01   3.759E+01  1.038E-01 
7.730E+01   3.763E+01  1.030E-01 
7.820E+01   3.768E+01  1.023E-01 
7.910E+01   3.772E+01  1.016E-01 
8.002E+01   3.777E+01  1.009E-01 
8.095E+01   3.781E+01  1.002E-01 
8.189E+01   3.785E+01  9.951E-02 
8.284E+01   3.789E+01  9.882E-02 
8.380E+01   3.793E+01  9.812E-02 
8.477E+01   3.797E+01  9.743E-02 
8.575E+01   3.801E+01  9.674E-02 
8.675E+01   3.804E+01  9.606E-02 
8.775E+01   3.808E+01  9.538E-02 
8.877E+01   3.811E+01  9.470E-02 
8.980E+01   3.814E+01  9.403E-02 
9.084E+01   3.817E+01  9.336E-02 
9.190E+01   3.820E+01  9.269E-02 
9.296E+01   3.823E+01  9.203E-02 
9.404E+01   3.826E+01  9.137E-02 
9.513E+01   3.828E+01  9.071E-02 
9.624E+01   3.831E+01  9.006E-02 
9.735E+01   3.833E+01  8.941E-02 
9.848E+01   3.836E+01  8.876E-02 
9.962E+01   3.838E+01  8.812E-02 
1.008E+02   3.840E+01  8.748E-02 
1.019E+02   3.841E+01  8.685E-02 
1.031E+02   3.843E+01  8.621E-02 
1.043E+02   3.845E+01  8.558E-02 
1.055E+02   3.846E+01  8.496E-02 
1.068E+02   3.848E+01  8.434E-02 
1.080E+02   3.849E+01  8.372E-02 
1.093E+02   3.850E+01  8.310E-02 
1.105E+02   3.851E+01  8.249E-02 
1.118E+02   3.851E+01  8.188E-02 
1.131E+02   3.852E+01  8.128E-02 
1.144E+02   3.853E+01  8.067E-02 
1.157E+02   3.853E+01  8.007E-02 
1.171E+02   3.853E+01  7.948E-02 
1.184E+02   3.853E+01  7.889E-02 
1.198E+02   3.853E+01  7.830E-02 
1.212E+02   3.853E+01  7.771E-02 
1.226E+02   3.852E+01  7.713E-02 
1.240E+02   3.852E+01  7.655E-02 
1.255E+02   3.851E+01  7.598E-02 
1.269E+02   3.850E+01  7.541E-02 
1.284E+02   3.850E+01  7.484E-02 
1.299E+02   3.848E+01  7.427E-02 
1.314E+02   3.847E+01  7.371E-02 
1.329E+02   3.846E+01  7.315E-02 
1.345E+02   3.844E+01  7.260E-02 
1.360E+02   3.843E+01  7.204E-02 
1.376E+02   3.841E+01  7.150E-02 
1.392E+02   3.839E+01  7.095E-02 
1.408E+02   3.837E+01  7.041E-02 
1.424E+02   3.834E+01  6.987E-02 
1.441E+02   3.832E+01  6.933E-02 
1.458E+02   3.829E+01  6.880E-02 
1.475E+02   3.826E+01  6.827E-02 
1.492E+02   3.824E+01  6.775E-02 
1.509E+02   3.820E+01  6.722E-02 
1.526E+02   3.817E+01  6.671E-02 
1.544E+02   3.814E+01  6.619E-02 
1.562E+02   3.810E+01  6.568E-02 
1.580E+02   3.807E+01  6.517E-02 
1.598E+02   3.803E+01  6.466E-02 
1.617E+02   3.799E+01  6.416E-02 
1.636E+02   3.795E+01  6.366E-02 
1.655E+02   3.791E+01  6.316E-02 
1.674E+02   3.786E+01  6.267E-02 
1.693E+02   3.782E+01  6.218E-02 
1.713E+02   3.777E+01  6.169E-02 
1.733E+02   3.772E+01  6.120E-02 
1.753E+02   3.767E+01  6.072E-02 
1.773E+02   3.762E+01  6.024E-02 
1.794E+02   3.756E+01  5.977E-02 
1.815E+02   3.751E+01  5.930E-02 
1.836E+02   3.745E+01  5.883E-02 
1.857E+02   3.740E+01  5.836E-02 
1.879E+02   3.734E+01  5.790E-02 
1.900E+02   3.728E+01  5.744E-02 
1.922E+02   3.721E+01  5.698E-02 
1.945E+02   3.715E+01  5.653E-02 
1.967E+02   3.709E+01  5.608E-02 
1.990E+02   3.702E+01  5.563E-02 
2.013E+02   3.695E+01  5.518E-02 
2.036E+02   3.688E+01  5.474E-02 
2.060E+02   3.681E+01  5.430E-02 
2.084E+02   3.674E+01  5.387E-02 
2.108E+02   3.667E+01  5.529E-02 
2.133E+02   3.659E+01  5.484E-02 
2.157E+02   3.651E+01  5.439E-02 
2.182E+02   3.644E+01  5.395E-02 
2.208E+02   3.636E+01  5.351E-02 
2.233E+02   3.628E+01  5.307E-02 
2.259E+02   3.619E+01  5.264E-02 
2.285E+02   3.611E+01  5.221E-02 
2.312E+02   3.603E+01  5.178E-02 
2.339E+02   3.594E+01  5.136E-02 
2.366E+02   3.585E+01  5.093E-02 
2.393E+02   3.577E+01  5.052E-02 
2.421E+02   3.568E+01  5.010E-02 
2.449E+02   3.558E+01  4.969E-02 
2.478E+02   3.549E+01  4.928E-02 
2.506E+02   3.540E+01  4.887E-02 
2.535E+02   3.530E+01  4.846E-02 
2.565E+02   3.521E+01  4.806E-02 
2.595E+02   3.511E+01  4.766E-02 
2.625E+02   3.501E+01  4.727E-02 
2.655E+02   3.491E+01  4.687E-02 
2.686E+02   3.481E+01  4.648E-02 
2.717E+02   3.471E+01  4.610E-02 
2.749E+02   3.461E+01  4.571E-02 
2.780E+02   3.450E+01  4.533E-02 
2.813E+02   3.440E+01  4.495E-02 
2.845E+02   3.429E+01  4.457E-02 
2.878E+02   3.418E+01  4.420E-02 
2.912E+02   3.408E+01  4.383E-02 
2.945E+02   3.397E+01  4.346E-02 
2.980E+02   3.386E+01  4.309E-02 
3.014E+02   3.374E+01  4.273E-02 
3.049E+02   3.363E+01  4.237E-02 
3.085E+02   3.352E+01  4.201E-02 
3.120E+02   3.340E+01  4.166E-02 
3.156E+02   3.329E+01  4.130E-02 
3.193E+02   3.317E+01  4.095E-02 
3.230E+02   3.306E+01  4.061E-02 
3.268E+02   3.294E+01  4.026E-02 
3.306E+02   3.282E+01  3.992E-02 
3.344E+02   3.270E+01  3.958E-02 
3.383E+02   3.258E+01  3.924E-02 
3.422E+02   3.246E+01  3.891E-02 
3.462E+02   3.233E+01  3.858E-02 
3.502E+02   3.221E+01  3.825E-02 
3.542E+02   3.209E+01  3.792E-02 
3.583E+02   3.196E+01  3.759E-02 
3.625E+02   3.184E+01  3.727E-02 
3.667E+02   3.171E+01  3.695E-02 
3.710E+02   3.158E+01  3.664E-02 
3.753E+02   3.146E+01  3.632E-02 
3.796E+02   3.133E+01  3.601E-02 
3.840E+02   3.120E+01  3.570E-02 
3.885E+02   3.107E+01  3.539E-02 
3.930E+02   3.094E+01  3.509E-02 
3.975E+02   3.081E+01  3.478E-02 
4.021E+02   3.068E+01  3.448E-02 
4.068E+02   3.055E+01  3.418E-02 
4.115E+02   3.041E+01  3.389E-02 
4.163E+02   3.028E+01  3.359E-02 
4.211E+02   3.015E+01  3.330E-02 
4.260E+02   3.001E+01  3.301E-02 
4.310E+02   2.988E+01  3.273E-02 
4.360E+02   2.974E+01  3.244E-02 
4.410E+02   2.961E+01  3.216E-02 
4.461E+02   2.947E+01  3.188E-02 
4.513E+02   2.934E+01  3.160E-02 
4.565E+02   2.920E+01  3.133E-02 
4.618E+02   2.906E+01  3.105E-02 
4.672E+02   2.893E+01  3.078E-02 
4.726E+02   2.879E+01  3.051E-02 
4.781E+02   2.865E+01  3.024E-02 
4.836E+02   2.851E+01  2.998E-02 
4.892E+02   2.837E+01  2.972E-02 
4.949E+02   2.823E+01  2.945E-02 
5.007E+02   2.810E+01  2.920E-02 
5.065E+02   2.796E+01  2.894E-02 
5.123E+02   2.782E+01  2.868E-02 
5.183E+02   2.768E+01  2.843E-02 
5.243E+02   2.754E+01  2.818E-02 
5.304E+02   2.740E+01  2.793E-02 
5.365E+02   2.726E+01  2.768E-02 
5.428E+02   2.712E+01  2.744E-02 
5.490E+02   2.697E+01  2.720E-02 
5.554E+02   2.683E+01  2.696E-02 
5.619E+02   2.669E+01  2.672E-02 
5.684E+02   2.655E+01  2.648E-02 
5.750E+02   2.641E+01  2.625E-02 
5.816E+02   2.627E+01  2.601E-02 
5.884E+02   2.613E+01  2.578E-02 
5.952E+02   2.599E+01  2.555E-02 
6.021E+02   2.585E+01  2.533E-02 
6.091E+02   2.571E+01  2.510E-02 
6.162E+02   2.556E+01  2.488E-02 
6.233E+02   2.542E+01  2.465E-02 
6.305E+02   2.528E+01  2.443E-02 
6.378E+02   2.514E+01  2.422E-02 
6.452E+02   2.500E+01  2.400E-02 
6.527E+02   2.486E+01  2.378E-02 
6.603E+02   2.472E+01  2.357E-02 
6.680E+02   2.458E+01  2.336E-02 
6.757E+02   2.444E+01  2.315E-02 
6.835E+02   2.430E+01  2.294E-02 
6.915E+02   2.416E+01  2.274E-02 
6.995E+02   2.402E+01  2.253E-02 
7.076E+02   2.388E+01  2.233E-02 
7.158E+02   2.374E+01  2.213E-02 
7.241E+02   2.360E+01  2.193E-02 
7.325E+02   2.346E+01  2.173E-02 
7.410E+02   2.332E+01  2.154E-02 
7.496E+02   2.318E+01  2.134E-02 
7.583E+02   2.304E+01  2.115E-02 
7.671E+02   2.290E+01  2.096E-02 
7.760E+02   2.276E+01  2.077E-02 
7.850E+02   2.262E+01  2.058E-02 
7.941E+02   2.249E+01  2.040E-02 
8.033E+02   2.235E+01  2.021E-02 
8.126E+02   2.221E+01  2.003E-02 
8.221E+02   2.207E+01  1.985E-02 
8.316E+02   2.194E+01  1.967E-02 
8.412E+02   2.180E+01  1.949E-02 
8.510E+02   2.166E+01  1.931E-02 
8.609E+02   2.153E+01  1.913E-02 
8.709E+02   2.139E+01  1.896E-02 
8.810E+02   2.126E+01  1.879E-02 
8.912E+02   2.112E+01  1.862E-02 
9.015E+02   2.099E+01  1.845E-02 
9.120E+02   2.086E+01  1.828E-02 
9.225E+02   2.072E+01  1.811E-02 
9.332E+02   2.059E+01  1.795E-02 
9.441E+02   2.046E+01  1.778E-02 
9.550E+02   2.032E+01  1.762E-02 
9.661E+02   2.019E+01  1.746E-02 
9.773E+02   2.006E+01  1.730E-02 
9.886E+02   1.993E+01  1.714E-02 
1.000E+03   1.980E+01  1.698E-02 
1.012E+03   1.968E+01  1.683E-02 
1.023E+03   1.958E+01  1.667E-02 
1.035E+03   1.949E+01  1.652E-02 
1.047E+03   1.939E+01  1.637E-02 
1.059E+03   1.929E+01  1.622E-02 
1.072E+03   1.919E+01  1.607E-02 
1.084E+03   1.908E+01  1.592E-02 
1.097E+03   1.898E+01  1.578E-02 
1.109E+03   1.888E+01  1.563E-02 
1.122E+03   1.877E+01  1.549E-02 
1.135E+03   1.867E+01  1.534E-02 
1.149E+03   1.856E+01  1.520E-02 
1.162E+03   1.845E+01  1.506E-02 
1.175E+03   1.834E+01  1.492E-02 
1.189E+03   1.823E+01  1.478E-02 
1.203E+03   1.811E+01  1.465E-02 
1.217E+03   1.801E+01  1.451E-02 
1.231E+03   1.790E+01  1.438E-02 
1.245E+03   1.780E+01  1.424E-02 
1.260E+03   1.770E+01  1.411E-02 
1.274E+03   1.760E+01  1.398E-02 
1.289E+03   1.750E+01  1.385E-02 
1.304E+03   1.741E+01  1.372E-02 
1.319E+03   1.731E+01  1.360E-02 
1.334E+03   1.721E+01  1.347E-02 
1.350E+03   1.711E+01  1.334E-02 
1.365E+03   1.701E+01  1.322E-02 
1.381E+03   1.692E+01  1.310E-02 
1.397E+03   1.682E+01  1.298E-02 
1.414E+03   1.672E+01  1.285E-02 
1.430E+03   1.662E+01  1.273E-02 
1.446E+03   1.653E+01  1.262E-02 
1.463E+03   1.643E+01  1.250E-02 
1.480E+03   1.634E+01  1.238E-02 
1.497E+03   1.624E+01  1.227E-02 
1.515E+03   1.615E+01  1.215E-02 
1.532E+03   1.605E+01  1.204E-02 
1.550E+03   1.596E+01  1.193E-02 
1.568E+03   1.586E+01  1.181E-02 
1.586E+03   1.577E+01  1.170E-02 
1.605E+03   1.568E+01  1.159E-02 
1.623E+03   1.558E+01  1.149E-02 
1.642E+03   1.549E+01  1.138E-02 
1.661E+03   1.540E+01  1.127E-02 
1.680E+03   1.531E+01  1.117E-02 
1.700E+03   1.522E+01  1.106E-02 
1.720E+03   1.512E+01  1.096E-02 
1.740E+03   1.503E+01  1.085E-02 
1.760E+03   1.494E+01  1.075E-02 
1.780E+03   1.485E+01  1.065E-02 
1.801E+03   1.476E+01  1.055E-02 
1.822E+03   1.467E+01  1.045E-02 
1.843E+03   1.458E+01  1.035E-02 
1.864E+03   1.449E+01  1.026E-02 
1.886E+03   1.441E+01  1.016E-02 
1.908E+03   1.432E+01  1.006E-02 
1.930E+03   1.423E+01  9.968E-03 
1.952E+03   1.414E+01  9.874E-03 
1.975E+03   1.405E+01  9.780E-03 
1.998E+03   1.397E+01  9.688E-03 
2.021E+03   1.388E+01  9.597E-03 
2.044E+03   1.379E+01  9.506E-03 
2.068E+03   1.371E+01  9.416E-03 
2.092E+03   1.362E+01  9.327E-03 
2.116E+03   1.354E+01  9.239E-03 
2.141E+03   1.345E+01  9.151E-03 
2.166E+03   1.337E+01  9.064E-03 
2.191E+03   1.328E+01  8.978E-03 
2.216E+03   1.320E+01  8.893E-03 
2.242E+03   1.312E+01  8.809E-03 
2.268E+03   1.303E+01  8.725E-03 
2.294E+03   1.295E+01  8.643E-03 
2.321E+03   1.287E+01  8.560E-03 
2.348E+03   1.279E+01  8.479E-03 
2.375E+03   1.270E+01  8.398E-03 
2.403E+03   1.262E+01  8.319E-03 
2.431E+03   1.254E+01  8.239E-03 
2.459E+03   1.246E+01  8.161E-03 
2.487E+03   1.238E+01  8.083E-03 
2.516E+03   1.230E+01  8.006E-03 
2.545E+03   1.222E+01  7.930E-03 
2.575E+03   1.214E+01  7.855E-03 
2.605E+03   1.206E+01  7.780E-03 
2.635E+03   1.198E+01  7.705E-03 
2.665E+03   1.190E+01  7.632E-03 
2.696E+03   1.183E+01  7.559E-03 
2.728E+03   1.175E+01  7.487E-03 
2.759E+03   1.167E+01  7.415E-03 
2.791E+03   1.160E+01  7.344E-03 
2.824E+03   1.152E+01  7.274E-03 
2.856E+03   1.144E+01  7.205E-03 
2.889E+03   1.137E+01  7.136E-03 
2.923E+03   1.129E+01  7.067E-03 
2.957E+03   1.122E+01  7.000E-03 
2.991E+03   1.114E+01  6.933E-03 
3.026E+03   1.107E+01  6.866E-03 
3.061E+03   1.099E+01  6.800E-03 
3.097E+03   1.092E+01  6.735E-03 
3.132E+03   1.085E+01  6.670E-03 
3.169E+03   1.077E+01  6.606E-03 
3.206E+03   1.070E+01  6.543E-03 
3.243E+03   1.063E+01  6.480E-03 
3.280E+03   1.056E+01  6.418E-03 
3.318E+03   1.048E+01  6.356E-03 
3.357E+03   1.041E+01  6.295E-03 
3.396E+03   1.034E+01  6.235E-03 
3.435E+03   1.027E+01  6.175E-03 
3.475E+03   1.020E+01  6.115E-03 
3.515E+03   1.013E+01  6.056E-03 
3.556E+03   1.006E+01  5.998E-03 
3.597E+03   9.992E+00  5.940E-03 
3.639E+03   9.924E+00  5.883E-03 
3.681E+03   9.855E+00  5.826E-03 
3.724E+03   9.787E+00  5.770E-03 
3.767E+03   9.719E+00  5.714E-03 
3.811E+03   9.652E+00  5.659E-03 
3.855E+03   9.585E+00  5.604E-03 
3.900E+03   9.518E+00  5.550E-03 
3.945E+03   9.452E+00  5.497E-03 
3.991E+03   9.386E+00  5.444E-03 
4.037E+03   9.320E+00  5.391E-03 
4.084E+03   9.255E+00  5.339E-03 
4.131E+03   9.190E+00  5.287E-03 
4.179E+03   9.126E+00  5.236E-03 
4.228E+03   9.061E+00  5.185E-03 
4.277E+03   8.998E+00  5.135E-03 
4.326E+03   8.934E+00  5.085E-03 
4.376E+03   8.871E+00  5.036E-03 
4.427E+03   8.808E+00  4.987E-03 
4.479E+03   8.746E+00  4.939E-03 
4.531E+03   8.683E+00  4.891E-03 
4.583E+03   8.622E+00  4.843E-03 
4.636E+03   8.560E+00  4.796E-03 
4.690E+03   8.499E+00  4.750E-03 
4.744E+03   8.438E+00  4.704E-03 
4.799E+03   8.378E+00  4.658E-03 
4.855E+03   8.318E+00  4.613E-03 
4.911E+03   8.258E+00  4.568E-03 
4.968E+03   8.199E+00  4.523E-03 
5.026E+03   8.139E+00  4.479E-03 
5.084E+03   8.081E+00  4.436E-03 
5.143E+03   8.022E+00  4.393E-03 
5.203E+03   7.964E+00  4.350E-03 
5.263E+03   7.907E+00  4.307E-03 
5.324E+03   7.849E+00  4.265E-03 
5.386E+03   7.792E+00  4.224E-03 
5.449E+03   7.735E+00  4.183E-03 
5.512E+03   7.679E+00  4.142E-03 
5.576E+03   7.623E+00  4.102E-03 
5.640E+03   7.567E+00  4.061E-03 
5.706E+03   7.512E+00  4.022E-03 
5.772E+03   7.457E+00  3.983E-03 
5.839E+03   7.402E+00  3.944E-03 
5.907E+03   7.347E+00  3.905E-03 
5.975E+03   7.293E+00  3.867E-03 
6.045E+03   7.239E+00  3.829E-03 
6.115E+03   7.186E+00  3.792E-03 
6.186E+03   7.133E+00  3.755E-03 
6.257E+03   7.080E+00  3.718E-03 
6.330E+03   7.028E+00  3.681E-03 
6.403E+03   6.975E+00  3.645E-03 
6.478E+03   6.923E+00  3.610E-03 
6.553E+03   6.872E+00  3.574E-03 
6.629E+03   6.821E+00  3.539E-03 
6.706E+03   6.770E+00  3.505E-03 
6.783E+03   6.719E+00  3.470E-03 
6.862E+03   6.669E+00  3.436E-03 
6.942E+03   6.619E+00  3.403E-03 
7.022E+03   6.569E+00  3.369E-03 
7.104E+03   6.520E+00  3.336E-03 
7.186E+03   6.471E+00  3.303E-03 
7.269E+03   6.422E+00  3.271E-03 
7.354E+03   6.374E+00  3.239E-03 
7.439E+03   6.325E+00  3.207E-03 
7.525E+03   6.278E+00  3.175E-03 
7.613E+03   6.230E+00  3.144E-03 
7.701E+03   6.183E+00  3.113E-03 
7.790E+03   6.136E+00  3.083E-03 
7.881E+03   6.089E+00  3.052E-03 
7.972E+03   6.043E+00  3.022E-03 
8.064E+03   5.997E+00  2.992E-03 
8.158E+03   5.951E+00  2.963E-03 
8.253E+03   5.906E+00  2.934E-03 
8.348E+03   5.860E+00  2.905E-03 
8.445E+03   5.816E+00  2.876E-03 
8.543E+03   5.771E+00  2.848E-03 
8.642E+03   5.727E+00  2.820E-03 
8.742E+03   5.683E+00  2.792E-03 
8.844E+03   5.639E+00  2.764E-03 
8.946E+03   5.596E+00  2.737E-03 
9.050E+03   5.552E+00  2.710E-03 
9.155E+03   5.510E+00  2.683E-03 
9.261E+03   5.467E+00  2.657E-03 
9.369E+03   5.425E+00  2.631E-03 
9.477E+03   5.383E+00  2.605E-03 
9.587E+03   5.341E+00  2.579E-03 
9.699E+03   5.300E+00  2.553E-03 
9.811E+03   5.258E+00  2.528E-03 
9.925E+03   5.217E+00  2.503E-03 
1.004E+04   5.177E+00  2.478E-03 
1.016E+04   5.136E+00  2.454E-03 
1.027E+04   5.096E+00  2.430E-03 
1.039E+04   5.057E+00  2.405E-03 
1.051E+04   5.017E+00  2.382E-03 
1.064E+04   4.978E+00  2.358E-03 
1.076E+04   4.939E+00  2.335E-03 
1.088E+04   4.900E+00  2.312E-03 
1.101E+04   4.861E+00  2.289E-03 
1.114E+04   4.823E+00  2.266E-03 
1.127E+04   4.785E+00  2.243E-03 
1.140E+04   4.748E+00  2.221E-03 
1.153E+04   4.710E+00  2.199E-03 
1.166E+04   4.673E+00  2.177E-03 
1.180E+04   4.636E+00  2.156E-03 
1.194E+04   4.599E+00  2.134E-03 
1.207E+04   4.563E+00  2.113E-03 
1.221E+04   4.527E+00  2.092E-03 
1.236E+04   4.491E+00  2.071E-03 
1.250E+04   4.455E+00  2.051E-03 
1.264E+04   4.420E+00  2.030E-03 
1.279E+04   4.385E+00  2.010E-03 
1.294E+04   4.350E+00  1.990E-03 
1.309E+04   4.315E+00  1.970E-03 
1.324E+04   4.281E+00  1.951E-03 
1.340E+04   4.247E+00  1.931E-03 
1.355E+04   4.213E+00  1.912E-03 
1.371E+04   4.179E+00  1.893E-03 
1.387E+04   4.146E+00  1.874E-03 
1.403E+04   4.112E+00  1.855E-03 
1.419E+04   4.079E+00  1.837E-03 
1.435E+04   4.047E+00  1.819E-03 
1.452E+04   4.014E+00  1.801E-03 
1.469E+04   3.982E+00  1.783E-03 
1.486E+04   3.950E+00  1.765E-03 
1.503E+04   3.918E+00  1.747E-03 
1.521E+04   3.886E+00  1.730E-03 
1.538E+04   3.855E+00  1.712E-03 
1.556E+04   3.824E+00  1.695E-03 
1.574E+04   3.793E+00  1.678E-03 
1.592E+04   3.762E+00  1.662E-03 
1.611E+04   3.732E+00  1.645E-03 
1.630E+04   3.702E+00  1.629E-03 
1.649E+04   3.672E+00  1.612E-03 
1.668E+04   3.642E+00  1.596E-03 
1.687E+04   3.612E+00  1.580E-03 
1.707E+04   3.583E+00  1.564E-03 
1.726E+04   3.554E+00  1.549E-03 
1.746E+04   3.525E+00  1.533E-03 
1.767E+04   3.496E+00  1.518E-03 
1.787E+04   3.468E+00  1.503E-03 
1.808E+04   3.440E+00  1.488E-03 
1.829E+04   3.412E+00  1.473E-03 
1.850E+04   3.384E+00  1.458E-03 
1.871E+04   3.356E+00  1.443E-03 
1.893E+04   3.329E+00  1.429E-03 
1.915E+04   3.301E+00  1.415E-03 
1.937E+04   3.274E+00  1.401E-03 
1.960E+04   3.248E+00  1.386E-03 
1.983E+04   3.221E+00  1.373E-03 
2.006E+04   3.195E+00  1.359E-03 
2.029E+04   3.168E+00  1.345E-03 
2.052E+04   3.142E+00  1.332E-03 
2.076E+04   3.117E+00  1.318E-03 
2.100E+04   3.091E+00  1.305E-03 
2.125E+04   3.065E+00  1.292E-03 
2.149E+04   3.040E+00  1.279E-03 
2.174E+04   3.015E+00  1.266E-03 
2.199E+04   2.990E+00  1.253E-03 
2.225E+04   2.966E+00  1.241E-03 
2.251E+04   2.941E+00  1.228E-03 
2.277E+04   2.917E+00  1.216E-03 
2.303E+04   2.893E+00  1.204E-03 
2.330E+04   2.869E+00  1.192E-03 
2.357E+04   2.845E+00  1.180E-03 
2.384E+04   2.822E+00  1.168E-03 
2.412E+04   2.798E+00  1.156E-03 
2.440E+04   2.775E+00  1.144E-03 
2.468E+04   2.752E+00  1.133E-03 
2.497E+04   2.729E+00  1.121E-03 
2.526E+04   2.707E+00  1.110E-03 
2.555E+04   2.684E+00  1.099E-03 
2.585E+04   2.662E+00  1.088E-03 
2.615E+04   2.640E+00  1.077E-03 
2.645E+04   2.618E+00  1.066E-03 
2.676E+04   2.596E+00  1.055E-03 
2.707E+04   2.575E+00  1.045E-03 
2.738E+04   2.553E+00  1.034E-03 
2.770E+04   2.532E+00  1.024E-03 
2.802E+04   2.511E+00  1.013E-03 
2.835E+04   2.490E+00  1.003E-03 
2.867E+04   2.469E+00  9.931E-04 
2.901E+04   2.449E+00  9.830E-04 
2.934E+04   2.429E+00  9.731E-04 
2.968E+04   2.408E+00  9.633E-04 
3.003E+04   2.388E+00  9.535E-04 
3.038E+04   2.368E+00  9.439E-04 
3.073E+04   2.349E+00  9.344E-04 
3.109E+04   2.329E+00  9.249E-04 
3.145E+04   2.310E+00  9.156E-04 
3.181E+04   2.290E+00  9.063E-04 
3.218E+04   2.271E+00  8.972E-04 
3.255E+04   2.252E+00  8.881E-04 
3.293E+04   2.233E+00  8.791E-04 
3.331E+04   2.215E+00  8.702E-04 
3.370E+04   2.196E+00  8.614E-04 
3.409E+04   2.178E+00  8.527E-04 
3.449E+04   2.160E+00  8.441E-04 
3.489E+04   2.142E+00  8.355E-04 
3.529E+04   2.124E+00  8.270E-04 
3.570E+04   2.106E+00  8.187E-04 
3.611E+04   2.088E+00  8.104E-04 
3.653E+04   2.071E+00  8.022E-04 
3.696E+04   2.053E+00  7.940E-04 
3.738E+04   2.036E+00  7.860E-04 
3.782E+04   2.019E+00  7.780E-04 
3.826E+04   2.002E+00  7.701E-04 
3.870E+04   1.986E+00  7.623E-04 
3.915E+04   1.969E+00  7.546E-04 
3.960E+04   1.953E+00  7.469E-04 
4.006E+04   1.936E+00  7.394E-04 
4.053E+04   1.920E+00  7.318E-04 
4.100E+04   1.904E+00  7.244E-04 
4.147E+04   1.888E+00  7.171E-04 
4.195E+04   1.872E+00  7.098E-04 
4.244E+04   1.856E+00  7.026E-04 
4.293E+04   1.841E+00  6.954E-04 
4.343E+04   1.826E+00  6.884E-04 
4.394E+04   1.810E+00  6.814E-04 
4.444E+04   1.795E+00  6.745E-04 
4.496E+04   1.780E+00  6.676E-04 
4.548E+04   1.765E+00  6.608E-04 
4.601E+04   1.750E+00  6.541E-04 
4.654E+04   1.736E+00  6.474E-04 
4.708E+04   1.721E+00  6.409E-04 
4.763E+04   1.707E+00  6.343E-04 
4.818E+04   1.693E+00  6.279E-04 
4.874E+04   1.679E+00  6.215E-04 
4.931E+04   1.664E+00  6.152E-04 
4.988E+04   1.651E+00  6.089E-04 
5.046E+04   1.637E+00  6.027E-04 
5.104E+04   1.623E+00  5.966E-04 
5.163E+04   1.610E+00  5.905E-04 
5.223E+04   1.596E+00  5.845E-04 
5.284E+04   1.583E+00  5.785E-04 
5.345E+04   1.570E+00  5.726E-04 
5.407E+04   1.557E+00  5.668E-04 
5.470E+04   1.544E+00  5.610E-04 
5.533E+04   1.531E+00  5.553E-04 
5.597E+04   1.518E+00  5.496E-04 
5.662E+04   1.505E+00  5.440E-04 
5.728E+04   1.493E+00  5.385E-04 
5.794E+04   1.480E+00  5.330E-04 
5.862E+04   1.468E+00  5.276E-04 
5.930E+04   1.456E+00  5.222E-04 
5.998E+04   1.444E+00  5.168E-04 
6.068E+04   1.432E+00  5.116E-04 
6.138E+04   1.420E+00  5.063E-04 
6.210E+04   1.408E+00  5.012E-04 
6.282E+04   1.396E+00  4.961E-04 
6.354E+04   1.385E+00  4.910E-04 
6.428E+04   1.373E+00  4.860E-04 
6.503E+04   1.362E+00  4.810E-04 
6.578E+04   1.351E+00  4.761E-04 
6.654E+04   1.340E+00  4.712E-04 
6.732E+04   1.329E+00  4.664E-04 
6.810E+04   1.318E+00  4.616E-04 
6.889E+04   1.307E+00  4.569E-04 
6.969E+04   1.296E+00  4.523E-04 
7.049E+04   1.285E+00  4.476E-04 
7.131E+04   1.275E+00  4.430E-04 
7.214E+04   1.264E+00  4.385E-04 
7.298E+04   1.254E+00  4.340E-04 
7.382E+04   1.244E+00  4.296E-04 
7.468E+04   1.233E+00  4.252E-04 
7.555E+04   1.223E+00  4.208E-04 
7.642E+04   1.213E+00  4.165E-04 
7.731E+04   1.203E+00  4.123E-04 
7.820E+04   1.193E+00  4.080E-04 
7.911E+04   1.184E+00  4.039E-04 
8.003E+04   1.174E+00  3.997E-04 
8.096E+04   1.164E+00  3.956E-04 
8.190E+04   1.155E+00  3.916E-04 
8.285E+04   1.145E+00  3.876E-04 
8.381E+04   1.136E+00  3.836E-04 
8.478E+04   1.127E+00  3.797E-04 
8.576E+04   1.118E+00  3.758E-04 
8.676E+04   1.109E+00  3.719E-04 
8.776E+04   1.100E+00  3.681E-04 
8.878E+04   1.091E+00  3.643E-04 
8.981E+04   1.082E+00  3.606E-04 
9.085E+04   1.073E+00  3.569E-04 
9.191E+04   1.065E+00  3.532E-04 
9.297E+04   1.056E+00  3.496E-04 
9.405E+04   1.048E+00  3.460E-04 
9.514E+04   1.039E+00  3.425E-04 
9.625E+04   1.031E+00  3.389E-04 
9.736E+04   1.023E+00  3.355E-04 
9.849E+04   1.014E+00  3.320E-04 
9.963E+04   1.006E+00  3.286E-04 
1.008E+05   9.982E-01  3.252E-04 
