Ion = Helium      . Mass = 4.0026
Tgt = Re (Solid). Density = 20.53 g/cm3
Stopping Units =  eV/(1E15 atoms/cm2)
Energy(keV)  S(Elec)    S(Nuc)
1.000E+00   4.540E+00  1.813E+00 
1.013E+00   4.569E+00  1.818E+00 
1.026E+00   4.599E+00  1.823E+00 
1.039E+00   4.629E+00  1.828E+00 
1.053E+00   4.659E+00  1.833E+00 
1.067E+00   4.689E+00  1.837E+00 
1.081E+00   4.719E+00  1.842E+00 
1.095E+00   4.750E+00  1.847E+00 
1.109E+00   4.780E+00  1.852E+00 
1.123E+00   4.811E+00  1.857E+00 
1.138E+00   4.843E+00  1.862E+00 
1.153E+00   4.874E+00  1.866E+00 
1.168E+00   4.905E+00  1.871E+00 
1.183E+00   4.937E+00  1.876E+00 
1.198E+00   4.969E+00  1.881E+00 
1.214E+00   5.001E+00  1.885E+00 
1.229E+00   5.034E+00  1.890E+00 
1.245E+00   5.066E+00  1.895E+00 
1.262E+00   5.099E+00  1.899E+00 
1.278E+00   5.132E+00  1.904E+00 
1.295E+00   5.166E+00  1.908E+00 
1.311E+00   5.199E+00  1.913E+00 
1.329E+00   5.233E+00  1.917E+00 
1.346E+00   5.267E+00  1.922E+00 
1.363E+00   5.301E+00  1.926E+00 
1.381E+00   5.335E+00  1.931E+00 
1.399E+00   5.370E+00  1.935E+00 
1.417E+00   5.404E+00  1.940E+00 
1.436E+00   5.439E+00  1.944E+00 
1.454E+00   5.475E+00  1.948E+00 
1.473E+00   5.510E+00  1.953E+00 
1.492E+00   5.546E+00  1.957E+00 
1.512E+00   5.582E+00  1.961E+00 
1.531E+00   5.618E+00  1.966E+00 
1.551E+00   5.654E+00  1.970E+00 
1.571E+00   5.691E+00  1.974E+00 
1.592E+00   5.728E+00  1.978E+00 
1.612E+00   5.765E+00  1.982E+00 
1.633E+00   5.802E+00  1.987E+00 
1.655E+00   5.840E+00  1.991E+00 
1.676E+00   5.877E+00  1.995E+00 
1.698E+00   5.916E+00  1.999E+00 
1.720E+00   5.954E+00  2.003E+00 
1.742E+00   5.992E+00  2.007E+00 
1.765E+00   6.031E+00  2.011E+00 
1.788E+00   6.070E+00  2.015E+00 
1.811E+00   6.110E+00  2.019E+00 
1.835E+00   6.149E+00  2.023E+00 
1.859E+00   6.189E+00  2.026E+00 
1.883E+00   6.229E+00  2.030E+00 
1.907E+00   6.269E+00  2.034E+00 
1.932E+00   6.310E+00  2.038E+00 
1.957E+00   6.351E+00  2.041E+00 
1.983E+00   6.392E+00  2.045E+00 
2.008E+00   6.434E+00  2.049E+00 
2.034E+00   6.475E+00  2.052E+00 
2.061E+00   6.517E+00  2.056E+00 
2.088E+00   6.559E+00  2.060E+00 
2.115E+00   6.602E+00  2.063E+00 
2.142E+00   6.645E+00  2.067E+00 
2.170E+00   6.688E+00  2.070E+00 
2.198E+00   6.731E+00  2.074E+00 
2.227E+00   6.775E+00  2.077E+00 
2.256E+00   6.818E+00  2.080E+00 
2.285E+00   6.863E+00  2.084E+00 
2.315E+00   6.907E+00  2.087E+00 
2.345E+00   6.952E+00  2.090E+00 
2.375E+00   6.997E+00  2.093E+00 
2.406E+00   7.042E+00  2.097E+00 
2.438E+00   7.088E+00  2.100E+00 
2.469E+00   7.134E+00  2.103E+00 
2.501E+00   7.180E+00  2.106E+00 
2.534E+00   7.226E+00  2.109E+00 
2.567E+00   7.273E+00  2.112E+00 
2.600E+00   7.320E+00  2.115E+00 
2.634E+00   7.368E+00  2.118E+00 
2.668E+00   7.415E+00  2.121E+00 
2.703E+00   7.463E+00  2.124E+00 
2.738E+00   7.512E+00  2.126E+00 
2.773E+00   7.560E+00  2.129E+00 
2.810E+00   7.609E+00  2.132E+00 
2.846E+00   7.659E+00  2.135E+00 
2.883E+00   7.708E+00  2.137E+00 
2.921E+00   7.758E+00  2.140E+00 
2.958E+00   7.808E+00  2.142E+00 
2.997E+00   7.859E+00  2.145E+00 
3.036E+00   7.910E+00  2.147E+00 
3.075E+00   7.961E+00  2.150E+00 
3.115E+00   8.013E+00  2.152E+00 
3.156E+00   8.065E+00  2.155E+00 
3.197E+00   8.117E+00  2.157E+00 
3.238E+00   8.169E+00  2.159E+00 
3.280E+00   8.222E+00  2.161E+00 
3.323E+00   8.276E+00  2.164E+00 
3.366E+00   8.329E+00  2.166E+00 
3.410E+00   8.383E+00  2.168E+00 
3.454E+00   8.438E+00  2.170E+00 
3.499E+00   8.492E+00  2.172E+00 
3.545E+00   8.547E+00  2.174E+00 
3.591E+00   8.603E+00  2.176E+00 
3.637E+00   8.658E+00  2.178E+00 
3.685E+00   8.714E+00  2.180E+00 
3.733E+00   8.771E+00  2.181E+00 
3.781E+00   8.828E+00  2.183E+00 
3.830E+00   8.885E+00  2.185E+00 
3.880E+00   8.942E+00  2.186E+00 
3.930E+00   9.000E+00  2.188E+00 
3.982E+00   9.059E+00  2.190E+00 
4.033E+00   9.117E+00  2.191E+00 
4.086E+00   9.176E+00  2.193E+00 
4.139E+00   9.236E+00  2.194E+00 
4.193E+00   9.296E+00  2.195E+00 
4.247E+00   9.356E+00  2.197E+00 
4.302E+00   9.416E+00  2.198E+00 
4.358E+00   9.477E+00  2.199E+00 
4.415E+00   9.539E+00  2.200E+00 
4.472E+00   9.601E+00  2.201E+00 
4.530E+00   9.663E+00  2.202E+00 
4.589E+00   9.725E+00  2.203E+00 
4.649E+00   9.788E+00  2.204E+00 
4.709E+00   9.852E+00  2.205E+00 
4.770E+00   9.915E+00  2.206E+00 
4.832E+00   9.980E+00  2.207E+00 
4.895E+00   1.004E+01  2.208E+00 
4.959E+00   1.011E+01  2.208E+00 
5.023E+00   1.017E+01  2.209E+00 
5.089E+00   1.024E+01  2.210E+00 
5.155E+00   1.031E+01  2.210E+00 
5.222E+00   1.037E+01  2.211E+00 
5.290E+00   1.044E+01  2.211E+00 
5.358E+00   1.051E+01  2.212E+00 
5.428E+00   1.058E+01  2.212E+00 
5.499E+00   1.065E+01  2.212E+00 
5.570E+00   1.071E+01  2.212E+00 
5.642E+00   1.078E+01  2.213E+00 
5.716E+00   1.085E+01  2.213E+00 
5.790E+00   1.092E+01  2.213E+00 
5.865E+00   1.099E+01  2.213E+00 
5.942E+00   1.107E+01  2.213E+00 
6.019E+00   1.114E+01  2.213E+00 
6.097E+00   1.121E+01  2.212E+00 
6.176E+00   1.128E+01  2.212E+00 
6.256E+00   1.136E+01  2.212E+00 
6.338E+00   1.143E+01  2.212E+00 
6.420E+00   1.150E+01  2.211E+00 
6.504E+00   1.158E+01  2.211E+00 
6.588E+00   1.165E+01  2.210E+00 
6.674E+00   1.173E+01  2.210E+00 
6.760E+00   1.180E+01  2.209E+00 
6.848E+00   1.188E+01  2.208E+00 
6.937E+00   1.196E+01  2.208E+00 
7.027E+00   1.203E+01  2.207E+00 
7.119E+00   1.211E+01  2.206E+00 
7.211E+00   1.219E+01  2.205E+00 
7.305E+00   1.227E+01  2.204E+00 
7.400E+00   1.235E+01  2.203E+00 
7.496E+00   1.243E+01  2.202E+00 
7.594E+00   1.251E+01  2.201E+00 
7.692E+00   1.259E+01  2.200E+00 
7.792E+00   1.267E+01  2.199E+00 
7.894E+00   1.275E+01  2.197E+00 
7.996E+00   1.284E+01  2.196E+00 
8.100E+00   1.293E+01  2.194E+00 
8.205E+00   1.302E+01  2.193E+00 
8.312E+00   1.312E+01  2.191E+00 
8.420E+00   1.321E+01  2.190E+00 
8.529E+00   1.331E+01  2.188E+00 
8.640E+00   1.340E+01  2.186E+00 
8.753E+00   1.350E+01  2.185E+00 
8.866E+00   1.360E+01  2.183E+00 
8.982E+00   1.369E+01  2.181E+00 
9.098E+00   1.379E+01  2.179E+00 
9.217E+00   1.389E+01  2.177E+00 
9.336E+00   1.399E+01  2.175E+00 
9.458E+00   1.409E+01  2.173E+00 
9.581E+00   1.420E+01  2.170E+00 
9.705E+00   1.430E+01  2.168E+00 
9.831E+00   1.440E+01  2.166E+00 
9.959E+00   1.451E+01  2.163E+00 
1.009E+01   1.461E+01  2.161E+00 
1.022E+01   1.472E+01  2.159E+00 
1.035E+01   1.482E+01  2.156E+00 
1.049E+01   1.493E+01  2.153E+00 
1.062E+01   1.504E+01  2.151E+00 
1.076E+01   1.515E+01  2.148E+00 
1.090E+01   1.526E+01  2.145E+00 
1.104E+01   1.537E+01  2.142E+00 
1.119E+01   1.548E+01  2.139E+00 
1.133E+01   1.559E+01  2.136E+00 
1.148E+01   1.571E+01  2.133E+00 
1.163E+01   1.582E+01  2.130E+00 
1.178E+01   1.594E+01  2.127E+00 
1.193E+01   1.605E+01  2.124E+00 
1.209E+01   1.617E+01  2.121E+00 
1.224E+01   1.629E+01  2.117E+00 
1.240E+01   1.640E+01  2.114E+00 
1.256E+01   1.652E+01  2.110E+00 
1.273E+01   1.664E+01  2.107E+00 
1.289E+01   1.676E+01  2.103E+00 
1.306E+01   1.689E+01  2.100E+00 
1.323E+01   1.701E+01  2.096E+00 
1.340E+01   1.713E+01  2.092E+00 
1.358E+01   1.726E+01  2.089E+00 
1.375E+01   1.738E+01  2.085E+00 
1.393E+01   1.751E+01  2.081E+00 
1.411E+01   1.764E+01  2.077E+00 
1.430E+01   1.777E+01  2.073E+00 
1.448E+01   1.790E+01  2.069E+00 
1.467E+01   1.803E+01  2.065E+00 
1.486E+01   1.816E+01  2.060E+00 
1.505E+01   1.829E+01  2.056E+00 
1.525E+01   1.842E+01  2.052E+00 
1.545E+01   1.856E+01  2.047E+00 
1.565E+01   1.869E+01  2.043E+00 
1.585E+01   1.883E+01  2.039E+00 
1.606E+01   1.897E+01  2.034E+00 
1.627E+01   1.910E+01  2.029E+00 
1.648E+01   1.924E+01  2.025E+00 
1.669E+01   1.938E+01  2.020E+00 
1.691E+01   1.953E+01  2.015E+00 
1.713E+01   1.967E+01  2.011E+00 
1.735E+01   1.981E+01  2.006E+00 
1.758E+01   1.996E+01  2.001E+00 
1.781E+01   2.010E+01  1.996E+00 
1.804E+01   2.025E+01  1.991E+00 
1.827E+01   2.040E+01  1.986E+00 
1.851E+01   2.055E+01  1.981E+00 
1.875E+01   2.070E+01  1.976E+00 
1.899E+01   2.085E+01  1.970E+00 
1.924E+01   2.100E+01  1.965E+00 
1.949E+01   2.116E+01  1.960E+00 
1.974E+01   2.131E+01  1.955E+00 
2.000E+01   2.147E+01  1.949E+00 
2.026E+01   2.162E+01  1.944E+00 
2.052E+01   2.178E+01  1.938E+00 
2.079E+01   2.194E+01  1.933E+00 
2.106E+01   2.210E+01  1.927E+00 
2.133E+01   2.226E+01  1.921E+00 
2.161E+01   2.243E+01  1.916E+00 
2.189E+01   2.259E+01  1.910E+00 
2.218E+01   2.276E+01  1.904E+00 
2.247E+01   2.292E+01  1.898E+00 
2.276E+01   2.309E+01  1.893E+00 
2.305E+01   2.326E+01  1.887E+00 
2.335E+01   2.343E+01  1.881E+00 
2.366E+01   2.360E+01  1.875E+00 
2.396E+01   2.378E+01  1.869E+00 
2.428E+01   2.395E+01  1.863E+00 
2.459E+01   2.412E+01  1.857E+00 
2.491E+01   2.430E+01  1.850E+00 
2.523E+01   2.448E+01  1.844E+00 
2.556E+01   2.466E+01  1.838E+00 
2.589E+01   2.484E+01  1.832E+00 
2.623E+01   2.502E+01  1.825E+00 
2.657E+01   2.521E+01  1.819E+00 
2.692E+01   2.539E+01  1.813E+00 
2.727E+01   2.558E+01  1.806E+00 
2.762E+01   2.576E+01  1.800E+00 
2.798E+01   2.595E+01  1.793E+00 
2.834E+01   2.614E+01  1.787E+00 
2.871E+01   2.633E+01  1.780E+00 
2.909E+01   2.653E+01  1.774E+00 
2.946E+01   2.672E+01  1.767E+00 
2.985E+01   2.692E+01  1.760E+00 
3.023E+01   2.711E+01  1.754E+00 
3.063E+01   2.731E+01  1.747E+00 
3.103E+01   2.751E+01  1.740E+00 
3.143E+01   2.771E+01  1.734E+00 
3.184E+01   2.792E+01  1.727E+00 
3.225E+01   2.812E+01  1.720E+00 
3.267E+01   2.833E+01  1.713E+00 
3.309E+01   2.853E+01  1.706E+00 
3.352E+01   2.874E+01  1.699E+00 
3.396E+01   2.895E+01  1.692E+00 
3.440E+01   2.916E+01  1.685E+00 
3.485E+01   2.938E+01  1.678E+00 
3.530E+01   2.959E+01  1.671E+00 
3.576E+01   2.981E+01  1.664E+00 
3.623E+01   3.002E+01  1.657E+00 
3.670E+01   3.024E+01  1.650E+00 
3.717E+01   3.046E+01  1.643E+00 
3.766E+01   3.069E+01  1.636E+00 
3.815E+01   3.091E+01  1.629E+00 
3.864E+01   3.113E+01  1.622E+00 
3.914E+01   3.136E+01  1.614E+00 
3.965E+01   3.159E+01  1.607E+00 
4.017E+01   3.182E+01  1.600E+00 
4.069E+01   3.205E+01  1.593E+00 
4.122E+01   3.228E+01  1.585E+00 
4.175E+01   3.252E+01  1.578E+00 
4.230E+01   3.275E+01  1.571E+00 
4.285E+01   3.299E+01  1.563E+00 
4.340E+01   3.323E+01  1.556E+00 
4.397E+01   3.347E+01  1.549E+00 
4.454E+01   3.371E+01  1.541E+00 
4.512E+01   3.396E+01  1.534E+00 
4.570E+01   3.420E+01  1.527E+00 
4.630E+01   3.445E+01  1.519E+00 
4.690E+01   3.470E+01  1.512E+00 
4.751E+01   3.495E+01  1.504E+00 
4.813E+01   3.520E+01  1.497E+00 
4.875E+01   3.545E+01  1.490E+00 
4.939E+01   3.570E+01  1.482E+00 
5.003E+01   3.596E+01  1.475E+00 
5.068E+01   3.622E+01  1.467E+00 
5.134E+01   3.648E+01  1.460E+00 
5.200E+01   3.674E+01  1.452E+00 
5.268E+01   3.700E+01  1.445E+00 
5.336E+01   3.726E+01  1.437E+00 
5.406E+01   3.753E+01  1.430E+00 
5.476E+01   3.780E+01  1.422E+00 
5.547E+01   3.807E+01  1.415E+00 
5.619E+01   3.834E+01  1.407E+00 
5.692E+01   3.861E+01  1.400E+00 
5.766E+01   3.888E+01  1.392E+00 
5.841E+01   3.916E+01  1.385E+00 
5.917E+01   3.943E+01  1.377E+00 
5.994E+01   3.971E+01  1.370E+00 
6.072E+01   3.999E+01  1.362E+00 
6.151E+01   4.027E+01  1.355E+00 
6.231E+01   4.055E+01  1.347E+00 
6.312E+01   4.083E+01  1.340E+00 
6.394E+01   4.112E+01  1.332E+00 
6.477E+01   4.140E+01  1.325E+00 
6.561E+01   4.169E+01  1.317E+00 
6.646E+01   4.198E+01  1.310E+00 
6.733E+01   4.227E+01  1.302E+00 
6.820E+01   4.256E+01  1.295E+00 
6.909E+01   4.286E+01  1.288E+00 
6.999E+01   4.315E+01  1.280E+00 
7.090E+01   4.345E+01  1.273E+00 
7.182E+01   4.374E+01  1.265E+00 
7.275E+01   4.404E+01  1.258E+00 
7.370E+01   4.434E+01  1.250E+00 
7.465E+01   4.464E+01  1.243E+00 
7.562E+01   4.494E+01  1.235E+00 
7.661E+01   4.525E+01  1.228E+00 
7.760E+01   4.555E+01  1.221E+00 
7.861E+01   4.586E+01  1.213E+00 
7.963E+01   4.616E+01  1.206E+00 
8.067E+01   4.647E+01  1.199E+00 
8.172E+01   4.678E+01  1.191E+00 
8.278E+01   4.709E+01  1.184E+00 
8.385E+01   4.740E+01  1.177E+00 
8.494E+01   4.771E+01  1.169E+00 
8.605E+01   4.802E+01  1.162E+00 
8.717E+01   4.834E+01  1.155E+00 
8.830E+01   4.865E+01  1.148E+00 
8.945E+01   4.897E+01  1.140E+00 
9.061E+01   4.928E+01  1.133E+00 
9.179E+01   4.960E+01  1.126E+00 
9.298E+01   4.992E+01  1.119E+00 
9.419E+01   5.024E+01  1.112E+00 
9.541E+01   5.056E+01  1.104E+00 
9.665E+01   5.088E+01  1.097E+00 
9.791E+01   5.120E+01  1.090E+00 
9.918E+01   5.152E+01  1.083E+00 
1.005E+02   5.184E+01  1.076E+00 
1.018E+02   5.216E+01  1.069E+00 
1.031E+02   5.249E+01  1.062E+00 
1.044E+02   5.281E+01  1.055E+00 
1.058E+02   5.314E+01  1.048E+00 
1.072E+02   5.346E+01  1.041E+00 
1.086E+02   5.379E+01  1.034E+00 
1.100E+02   5.411E+01  1.027E+00 
1.114E+02   5.444E+01  1.020E+00 
1.129E+02   5.477E+01  1.013E+00 
1.143E+02   5.510E+01  1.006E+00 
1.158E+02   5.542E+01  9.993E-01 
1.173E+02   5.575E+01  9.925E-01 
1.188E+02   5.608E+01  9.857E-01 
1.204E+02   5.641E+01  9.789E-01 
1.219E+02   5.674E+01  9.721E-01 
1.235E+02   5.707E+01  9.654E-01 
1.251E+02   5.740E+01  9.587E-01 
1.268E+02   5.774E+01  9.520E-01 
1.284E+02   5.807E+01  9.453E-01 
1.301E+02   5.840E+01  9.387E-01 
1.318E+02   5.873E+01  9.320E-01 
1.335E+02   5.907E+01  9.255E-01 
1.352E+02   5.940E+01  9.189E-01 
1.370E+02   5.973E+01  9.123E-01 
1.388E+02   6.007E+01  9.058E-01 
1.406E+02   6.040E+01  8.993E-01 
1.424E+02   6.074E+01  8.929E-01 
1.442E+02   6.108E+01  8.864E-01 
1.461E+02   6.141E+01  8.800E-01 
1.480E+02   6.175E+01  8.737E-01 
1.499E+02   6.209E+01  8.673E-01 
1.519E+02   6.243E+01  8.610E-01 
1.539E+02   6.276E+01  8.547E-01 
1.559E+02   6.310E+01  8.484E-01 
1.579E+02   6.344E+01  8.421E-01 
1.599E+02   6.378E+01  8.359E-01 
1.620E+02   6.413E+01  8.297E-01 
1.641E+02   6.447E+01  8.236E-01 
1.662E+02   6.481E+01  8.174E-01 
1.684E+02   6.515E+01  8.113E-01 
1.706E+02   6.550E+01  8.053E-01 
1.728E+02   6.584E+01  7.992E-01 
1.751E+02   6.619E+01  7.932E-01 
1.773E+02   6.654E+01  7.872E-01 
1.796E+02   6.689E+01  7.812E-01 
1.820E+02   6.723E+01  7.753E-01 
1.843E+02   6.758E+01  7.694E-01 
1.867E+02   6.793E+01  7.635E-01 
1.892E+02   6.828E+01  7.577E-01 
1.916E+02   6.864E+01  7.519E-01 
1.941E+02   6.899E+01  7.461E-01 
1.966E+02   6.934E+01  7.403E-01 
1.992E+02   6.970E+01  7.346E-01 
2.018E+02   7.006E+01  7.289E-01 
2.044E+02   7.041E+01  7.232E-01 
2.071E+02   7.077E+01  7.176E-01 
2.097E+02   7.113E+01  7.120E-01 
2.125E+02   7.149E+01  7.064E-01 
2.152E+02   7.185E+01  7.009E-01 
2.180E+02   7.222E+01  6.954E-01 
2.209E+02   7.258E+01  6.899E-01 
2.237E+02   7.294E+01  6.844E-01 
2.266E+02   7.331E+01  6.790E-01 
2.296E+02   7.368E+01  6.736E-01 
2.326E+02   7.404E+01  6.682E-01 
2.356E+02   7.441E+01  6.629E-01 
2.387E+02   7.478E+01  6.576E-01 
2.418E+02   7.515E+01  6.523E-01 
2.449E+02   7.553E+01  6.471E-01 
2.481E+02   7.590E+01  6.419E-01 
2.513E+02   7.627E+01  6.367E-01 
2.546E+02   7.665E+01  6.315E-01 
2.579E+02   7.702E+01  6.264E-01 
2.612E+02   7.740E+01  6.213E-01 
2.646E+02   7.778E+01  6.163E-01 
2.681E+02   7.816E+01  6.112E-01 
2.716E+02   7.854E+01  6.062E-01 
2.751E+02   7.892E+01  6.013E-01 
2.787E+02   7.930E+01  5.963E-01 
2.823E+02   7.968E+01  5.914E-01 
2.859E+02   8.006E+01  5.865E-01 
2.897E+02   8.045E+01  5.817E-01 
2.934E+02   8.083E+01  5.769E-01 
2.972E+02   8.121E+01  5.721E-01 
3.011E+02   8.160E+01  5.673E-01 
3.050E+02   8.198E+01  5.626E-01 
3.090E+02   8.237E+01  5.579E-01 
3.130E+02   8.275E+01  5.532E-01 
3.171E+02   8.314E+01  5.486E-01 
3.212E+02   8.353E+01  5.440E-01 
3.254E+02   8.391E+01  5.394E-01 
3.296E+02   8.430E+01  5.348E-01 
3.339E+02   8.469E+01  5.303E-01 
3.382E+02   8.507E+01  5.258E-01 
3.426E+02   8.546E+01  5.214E-01 
3.471E+02   8.585E+01  5.170E-01 
3.516E+02   8.623E+01  5.126E-01 
3.561E+02   8.662E+01  5.082E-01 
3.608E+02   8.700E+01  5.038E-01 
3.655E+02   8.739E+01  4.995E-01 
3.702E+02   8.777E+01  4.952E-01 
3.750E+02   8.816E+01  4.910E-01 
3.799E+02   8.854E+01  4.868E-01 
3.848E+02   8.892E+01  4.826E-01 
3.898E+02   8.931E+01  4.784E-01 
3.949E+02   8.969E+01  4.743E-01 
4.000E+02   9.007E+01  4.702E-01 
4.052E+02   9.045E+01  4.661E-01 
4.105E+02   9.083E+01  4.620E-01 
4.158E+02   9.120E+01  4.580E-01 
4.212E+02   9.158E+01  4.540E-01 
4.267E+02   9.195E+01  4.500E-01 
4.323E+02   9.233E+01  4.461E-01 
4.379E+02   9.270E+01  4.422E-01 
4.436E+02   9.307E+01  4.383E-01 
4.493E+02   9.344E+01  4.345E-01 
4.552E+02   9.380E+01  4.306E-01 
4.611E+02   9.417E+01  4.268E-01 
4.671E+02   9.453E+01  4.231E-01 
4.731E+02   9.489E+01  4.193E-01 
4.793E+02   9.525E+01  4.156E-01 
4.855E+02   9.561E+01  4.119E-01 
4.918E+02   9.596E+01  4.082E-01 
4.982E+02   9.631E+01  4.046E-01 
5.047E+02   9.666E+01  4.010E-01 
5.113E+02   9.701E+01  3.974E-01 
5.179E+02   9.736E+01  3.939E-01 
5.246E+02   9.770E+01  3.903E-01 
5.315E+02   9.804E+01  3.868E-01 
5.384E+02   9.837E+01  3.834E-01 
5.454E+02   9.870E+01  3.799E-01 
5.524E+02   9.903E+01  3.884E-01 
5.596E+02   9.936E+01  3.849E-01 
5.669E+02   9.968E+01  3.814E-01 
5.743E+02   1.000E+02  3.779E-01 
5.817E+02   1.003E+02  3.744E-01 
5.893E+02   1.006E+02  3.710E-01 
5.969E+02   1.009E+02  3.676E-01 
6.047E+02   1.012E+02  3.642E-01 
6.126E+02   1.016E+02  3.609E-01 
6.205E+02   1.018E+02  3.576E-01 
6.286E+02   1.021E+02  3.543E-01 
6.368E+02   1.024E+02  3.510E-01 
6.450E+02   1.027E+02  3.478E-01 
6.534E+02   1.030E+02  3.445E-01 
6.619E+02   1.033E+02  3.413E-01 
6.705E+02   1.035E+02  3.382E-01 
6.792E+02   1.038E+02  3.350E-01 
6.881E+02   1.041E+02  3.319E-01 
6.970E+02   1.043E+02  3.288E-01 
7.061E+02   1.046E+02  3.258E-01 
7.152E+02   1.048E+02  3.227E-01 
7.245E+02   1.051E+02  3.197E-01 
7.339E+02   1.053E+02  3.167E-01 
7.435E+02   1.056E+02  3.137E-01 
7.531E+02   1.058E+02  3.108E-01 
7.629E+02   1.060E+02  3.079E-01 
7.728E+02   1.062E+02  3.050E-01 
7.829E+02   1.064E+02  3.021E-01 
7.931E+02   1.066E+02  2.992E-01 
8.034E+02   1.068E+02  2.964E-01 
8.138E+02   1.070E+02  2.936E-01 
8.244E+02   1.072E+02  2.908E-01 
8.351E+02   1.074E+02  2.881E-01 
8.460E+02   1.076E+02  2.853E-01 
8.570E+02   1.078E+02  2.826E-01 
8.681E+02   1.079E+02  2.799E-01 
8.794E+02   1.081E+02  2.773E-01 
8.908E+02   1.083E+02  2.746E-01 
9.024E+02   1.084E+02  2.720E-01 
9.141E+02   1.085E+02  2.694E-01 
9.260E+02   1.087E+02  2.668E-01 
9.380E+02   1.088E+02  2.642E-01 
9.502E+02   1.089E+02  2.617E-01 
9.626E+02   1.090E+02  2.592E-01 
9.751E+02   1.092E+02  2.567E-01 
9.877E+02   1.093E+02  2.542E-01 
1.001E+03   1.094E+02  2.518E-01 
1.014E+03   1.094E+02  2.494E-01 
1.027E+03   1.095E+02  2.469E-01 
1.040E+03   1.096E+02  2.446E-01 
1.054E+03   1.097E+02  2.422E-01 
1.067E+03   1.097E+02  2.398E-01 
1.081E+03   1.098E+02  2.375E-01 
1.095E+03   1.098E+02  2.352E-01 
1.109E+03   1.099E+02  2.329E-01 
1.124E+03   1.099E+02  2.307E-01 
1.138E+03   1.100E+02  2.284E-01 
1.153E+03   1.100E+02  2.262E-01 
1.168E+03   1.100E+02  2.240E-01 
1.183E+03   1.100E+02  2.218E-01 
1.199E+03   1.100E+02  2.196E-01 
1.214E+03   1.100E+02  2.175E-01 
1.230E+03   1.100E+02  2.154E-01 
1.246E+03   1.100E+02  2.132E-01 
1.262E+03   1.099E+02  2.111E-01 
1.279E+03   1.099E+02  2.091E-01 
1.295E+03   1.099E+02  2.070E-01 
1.312E+03   1.098E+02  2.050E-01 
1.329E+03   1.097E+02  2.030E-01 
1.347E+03   1.097E+02  2.010E-01 
1.364E+03   1.096E+02  1.990E-01 
1.382E+03   1.095E+02  1.970E-01 
1.400E+03   1.095E+02  1.951E-01 
1.418E+03   1.094E+02  1.931E-01 
1.436E+03   1.093E+02  1.912E-01 
1.455E+03   1.092E+02  1.893E-01 
1.474E+03   1.090E+02  1.875E-01 
1.493E+03   1.089E+02  1.856E-01 
1.513E+03   1.088E+02  1.837E-01 
1.532E+03   1.087E+02  1.819E-01 
1.552E+03   1.085E+02  1.801E-01 
1.572E+03   1.084E+02  1.783E-01 
1.593E+03   1.082E+02  1.765E-01 
1.613E+03   1.081E+02  1.748E-01 
1.634E+03   1.079E+02  1.730E-01 
1.656E+03   1.077E+02  1.713E-01 
1.677E+03   1.075E+02  1.696E-01 
1.699E+03   1.074E+02  1.679E-01 
1.721E+03   1.072E+02  1.662E-01 
1.743E+03   1.070E+02  1.645E-01 
1.766E+03   1.067E+02  1.629E-01 
1.789E+03   1.065E+02  1.613E-01 
1.812E+03   1.063E+02  1.596E-01 
1.836E+03   1.061E+02  1.580E-01 
1.860E+03   1.059E+02  1.564E-01 
1.884E+03   1.056E+02  1.549E-01 
1.908E+03   1.054E+02  1.533E-01 
1.933E+03   1.051E+02  1.518E-01 
1.958E+03   1.049E+02  1.502E-01 
1.984E+03   1.046E+02  1.487E-01 
2.009E+03   1.043E+02  1.472E-01 
2.036E+03   1.041E+02  1.457E-01 
2.062E+03   1.038E+02  1.442E-01 
2.089E+03   1.035E+02  1.428E-01 
2.116E+03   1.032E+02  1.413E-01 
2.143E+03   1.029E+02  1.399E-01 
2.171E+03   1.026E+02  1.385E-01 
2.200E+03   1.023E+02  1.371E-01 
2.228E+03   1.020E+02  1.357E-01 
2.257E+03   1.017E+02  1.343E-01 
2.286E+03   1.013E+02  1.329E-01 
2.316E+03   1.010E+02  1.316E-01 
2.346E+03   1.007E+02  1.302E-01 
2.377E+03   1.003E+02  1.289E-01 
2.408E+03   9.998E+01  1.276E-01 
2.439E+03   9.964E+01  1.263E-01 
2.471E+03   9.928E+01  1.250E-01 
2.503E+03   9.893E+01  1.237E-01 
2.535E+03   9.856E+01  1.224E-01 
2.568E+03   9.820E+01  1.212E-01 
2.602E+03   9.783E+01  1.199E-01 
2.635E+03   9.745E+01  1.187E-01 
2.670E+03   9.707E+01  1.175E-01 
2.704E+03   9.669E+01  1.163E-01 
2.740E+03   9.630E+01  1.151E-01 
2.775E+03   9.591E+01  1.139E-01 
2.811E+03   9.551E+01  1.127E-01 
2.848E+03   9.512E+01  1.116E-01 
2.885E+03   9.471E+01  1.104E-01 
2.922E+03   9.431E+01  1.093E-01 
2.960E+03   9.390E+01  1.082E-01 
2.999E+03   9.349E+01  1.070E-01 
3.038E+03   9.307E+01  1.059E-01 
3.077E+03   9.265E+01  1.048E-01 
3.117E+03   9.223E+01  1.038E-01 
3.158E+03   9.181E+01  1.027E-01 
3.199E+03   9.138E+01  1.016E-01 
3.240E+03   9.095E+01  1.006E-01 
3.282E+03   9.052E+01  9.952E-02 
3.325E+03   9.008E+01  9.849E-02 
3.368E+03   8.964E+01  9.747E-02 
3.412E+03   8.920E+01  9.645E-02 
3.456E+03   8.876E+01  9.545E-02 
3.501E+03   8.831E+01  9.446E-02 
3.547E+03   8.787E+01  9.348E-02 
3.593E+03   8.742E+01  9.250E-02 
3.640E+03   8.697E+01  9.154E-02 
3.687E+03   8.651E+01  9.059E-02 
3.735E+03   8.606E+01  8.964E-02 
3.783E+03   8.560E+01  8.871E-02 
3.832E+03   8.514E+01  8.778E-02 
3.882E+03   8.468E+01  8.686E-02 
3.933E+03   8.422E+01  8.595E-02 
3.984E+03   8.376E+01  8.506E-02 
4.036E+03   8.330E+01  8.417E-02 
4.088E+03   8.283E+01  8.328E-02 
4.141E+03   8.237E+01  8.241E-02 
4.195E+03   8.190E+01  8.155E-02 
4.250E+03   8.143E+01  8.069E-02 
4.305E+03   8.096E+01  7.985E-02 
4.361E+03   8.049E+01  7.901E-02 
4.417E+03   8.002E+01  7.818E-02 
4.475E+03   7.955E+01  7.736E-02 
4.533E+03   7.908E+01  7.654E-02 
4.592E+03   7.860E+01  7.574E-02 
4.652E+03   7.813E+01  7.494E-02 
4.712E+03   7.766E+01  7.415E-02 
4.773E+03   7.718E+01  7.337E-02 
4.835E+03   7.671E+01  7.260E-02 
4.898E+03   7.624E+01  7.183E-02 
4.962E+03   7.576E+01  7.107E-02 
5.026E+03   7.529E+01  7.032E-02 
5.092E+03   7.481E+01  6.958E-02 
5.158E+03   7.434E+01  6.885E-02 
5.225E+03   7.387E+01  6.812E-02 
5.293E+03   7.339E+01  6.740E-02 
5.362E+03   7.292E+01  6.668E-02 
5.431E+03   7.245E+01  6.598E-02 
5.502E+03   7.197E+01  6.528E-02 
5.573E+03   7.150E+01  6.459E-02 
5.646E+03   7.103E+01  6.390E-02 
5.719E+03   7.056E+01  6.323E-02 
5.793E+03   7.009E+01  6.255E-02 
5.869E+03   6.962E+01  6.189E-02 
5.945E+03   6.915E+01  6.123E-02 
6.022E+03   6.868E+01  6.058E-02 
6.101E+03   6.821E+01  5.994E-02 
6.180E+03   6.775E+01  5.930E-02 
6.260E+03   6.728E+01  5.867E-02 
6.341E+03   6.682E+01  5.805E-02 
6.424E+03   6.635E+01  5.743E-02 
6.507E+03   6.589E+01  5.681E-02 
6.592E+03   6.543E+01  5.621E-02 
6.678E+03   6.497E+01  5.561E-02 
6.764E+03   6.451E+01  5.502E-02 
6.852E+03   6.405E+01  5.443E-02 
6.941E+03   6.359E+01  5.385E-02 
7.032E+03   6.314E+01  5.327E-02 
7.123E+03   6.268E+01  5.270E-02 
7.216E+03   6.223E+01  5.214E-02 
7.309E+03   6.178E+01  5.158E-02 
7.404E+03   6.133E+01  5.103E-02 
7.501E+03   6.088E+01  5.048E-02 
7.598E+03   6.044E+01  4.994E-02 
7.697E+03   5.999E+01  4.941E-02 
7.797E+03   5.955E+01  4.888E-02 
7.898E+03   5.911E+01  4.835E-02 
8.001E+03   5.866E+01  4.783E-02 
8.105E+03   5.835E+01  4.732E-02 
8.210E+03   5.804E+01  4.681E-02 
8.317E+03   5.772E+01  4.631E-02 
8.425E+03   5.740E+01  4.581E-02 
8.534E+03   5.708E+01  4.532E-02 
8.645E+03   5.675E+01  4.483E-02 
8.758E+03   5.642E+01  4.435E-02 
8.871E+03   5.608E+01  4.387E-02 
8.987E+03   5.574E+01  4.340E-02 
9.104E+03   5.540E+01  4.293E-02 
9.222E+03   5.505E+01  4.247E-02 
9.342E+03   5.469E+01  4.201E-02 
9.463E+03   5.433E+01  4.156E-02 
9.586E+03   5.397E+01  4.111E-02 
9.711E+03   5.360E+01  4.067E-02 
9.837E+03   5.324E+01  4.023E-02 
9.965E+03   5.288E+01  3.979E-02 
1.009E+04   5.252E+01  3.936E-02 
1.023E+04   5.216E+01  3.894E-02 
1.036E+04   5.180E+01  3.852E-02 
1.049E+04   5.144E+01  3.810E-02 
1.063E+04   5.109E+01  3.769E-02 
1.077E+04   5.074E+01  3.728E-02 
1.091E+04   5.038E+01  3.687E-02 
1.105E+04   5.003E+01  3.648E-02 
1.119E+04   4.968E+01  3.608E-02 
1.134E+04   4.934E+01  3.569E-02 
1.149E+04   4.899E+01  3.530E-02 
1.163E+04   4.864E+01  3.492E-02 
1.179E+04   4.830E+01  3.454E-02 
1.194E+04   4.796E+01  3.416E-02 
1.209E+04   4.762E+01  3.379E-02 
1.225E+04   4.728E+01  3.343E-02 
1.241E+04   4.694E+01  3.306E-02 
1.257E+04   4.661E+01  3.270E-02 
1.274E+04   4.627E+01  3.235E-02 
1.290E+04   4.594E+01  3.199E-02 
1.307E+04   4.561E+01  3.165E-02 
1.324E+04   4.528E+01  3.130E-02 
1.341E+04   4.495E+01  3.096E-02 
1.358E+04   4.462E+01  3.062E-02 
1.376E+04   4.430E+01  3.029E-02 
1.394E+04   4.398E+01  2.996E-02 
1.412E+04   4.365E+01  2.963E-02 
1.431E+04   4.333E+01  2.931E-02 
1.449E+04   4.302E+01  2.899E-02 
1.468E+04   4.270E+01  2.867E-02 
1.487E+04   4.238E+01  2.836E-02 
1.506E+04   4.207E+01  2.805E-02 
1.526E+04   4.176E+01  2.774E-02 
1.546E+04   4.145E+01  2.744E-02 
1.566E+04   4.114E+01  2.714E-02 
1.586E+04   4.083E+01  2.684E-02 
1.607E+04   4.052E+01  2.655E-02 
1.628E+04   4.022E+01  2.626E-02 
1.649E+04   3.992E+01  2.597E-02 
1.670E+04   3.961E+01  2.569E-02 
1.692E+04   3.932E+01  2.540E-02 
1.714E+04   3.902E+01  2.513E-02 
1.736E+04   3.872E+01  2.485E-02 
1.759E+04   3.843E+01  2.458E-02 
1.782E+04   3.813E+01  2.431E-02 
1.805E+04   3.784E+01  2.404E-02 
1.828E+04   3.755E+01  2.378E-02 
1.852E+04   3.726E+01  2.352E-02 
1.876E+04   3.698E+01  2.326E-02 
1.900E+04   3.669E+01  2.300E-02 
1.925E+04   3.641E+01  2.275E-02 
1.950E+04   3.613E+01  2.250E-02 
1.976E+04   3.585E+01  2.225E-02 
2.001E+04   3.557E+01  2.201E-02 
2.027E+04   3.529E+01  2.176E-02 
2.054E+04   3.502E+01  2.152E-02 
2.080E+04   3.474E+01  2.129E-02 
2.107E+04   3.447E+01  2.105E-02 
2.135E+04   3.420E+01  2.082E-02 
2.162E+04   3.393E+01  2.059E-02 
2.191E+04   3.366E+01  2.036E-02 
2.219E+04   3.340E+01  2.014E-02 
2.248E+04   3.313E+01  1.992E-02 
2.277E+04   3.287E+01  1.970E-02 
2.307E+04   3.261E+01  1.948E-02 
2.337E+04   3.235E+01  1.926E-02 
2.367E+04   3.209E+01  1.905E-02 
2.398E+04   3.184E+01  1.884E-02 
2.429E+04   3.158E+01  1.863E-02 
2.461E+04   3.133E+01  1.843E-02 
2.492E+04   3.108E+01  1.822E-02 
2.525E+04   3.083E+01  1.802E-02 
2.558E+04   3.058E+01  1.782E-02 
2.591E+04   3.033E+01  1.762E-02 
2.625E+04   3.009E+01  1.743E-02 
2.659E+04   2.985E+01  1.724E-02 
2.693E+04   2.960E+01  1.705E-02 
2.728E+04   2.936E+01  1.686E-02 
2.764E+04   2.912E+01  1.667E-02 
2.800E+04   2.889E+01  1.648E-02 
2.836E+04   2.865E+01  1.630E-02 
2.873E+04   2.842E+01  1.612E-02 
2.910E+04   2.818E+01  1.594E-02 
2.948E+04   2.795E+01  1.576E-02 
2.986E+04   2.772E+01  1.559E-02 
3.025E+04   2.750E+01  1.542E-02 
3.065E+04   2.727E+01  1.525E-02 
3.104E+04   2.704E+01  1.508E-02 
3.145E+04   2.682E+01  1.491E-02 
3.186E+04   2.660E+01  1.474E-02 
3.227E+04   2.638E+01  1.458E-02 
3.269E+04   2.616E+01  1.442E-02 
3.311E+04   2.594E+01  1.426E-02 
3.354E+04   2.572E+01  1.410E-02 
3.398E+04   2.551E+01  1.394E-02 
3.442E+04   2.530E+01  1.379E-02 
3.487E+04   2.508E+01  1.363E-02 
3.532E+04   2.487E+01  1.348E-02 
3.578E+04   2.467E+01  1.333E-02 
3.625E+04   2.446E+01  1.318E-02 
3.672E+04   2.425E+01  1.303E-02 
3.719E+04   2.405E+01  1.289E-02 
3.768E+04   2.384E+01  1.274E-02 
3.817E+04   2.364E+01  1.260E-02 
3.866E+04   2.344E+01  1.246E-02 
3.917E+04   2.324E+01  1.232E-02 
3.968E+04   2.305E+01  1.218E-02 
4.019E+04   2.285E+01  1.205E-02 
4.071E+04   2.266E+01  1.191E-02 
4.124E+04   2.246E+01  1.178E-02 
4.178E+04   2.227E+01  1.165E-02 
4.232E+04   2.208E+01  1.152E-02 
4.287E+04   2.189E+01  1.139E-02 
4.343E+04   2.170E+01  1.126E-02 
4.399E+04   2.152E+01  1.114E-02 
4.456E+04   2.133E+01  1.101E-02 
4.514E+04   2.115E+01  1.089E-02 
4.573E+04   2.097E+01  1.077E-02 
4.632E+04   2.079E+01  1.065E-02 
4.693E+04   2.061E+01  1.053E-02 
4.754E+04   2.043E+01  1.041E-02 
4.815E+04   2.025E+01  1.029E-02 
4.878E+04   2.008E+01  1.018E-02 
4.941E+04   1.990E+01  1.006E-02 
5.006E+04   1.973E+01  9.950E-03 
5.071E+04   1.956E+01  9.838E-03 
5.137E+04   1.939E+01  9.728E-03 
5.203E+04   1.922E+01  9.619E-03 
5.271E+04   1.905E+01  9.511E-03 
5.340E+04   1.888E+01  9.404E-03 
5.409E+04   1.872E+01  9.298E-03 
5.479E+04   1.855E+01  9.194E-03 
5.550E+04   1.839E+01  9.090E-03 
5.623E+04   1.823E+01  8.988E-03 
5.696E+04   1.807E+01  8.887E-03 
5.770E+04   1.791E+01  8.787E-03 
5.845E+04   1.775E+01  8.688E-03 
5.921E+04   1.760E+01  8.591E-03 
5.998E+04   1.744E+01  8.494E-03 
6.075E+04   1.729E+01  8.398E-03 
6.154E+04   1.713E+01  8.304E-03 
6.234E+04   1.698E+01  8.210E-03 
6.315E+04   1.683E+01  8.118E-03 
6.398E+04   1.668E+01  8.026E-03 
6.481E+04   1.653E+01  7.936E-03 
6.565E+04   1.639E+01  7.847E-03 
6.650E+04   1.624E+01  7.758E-03 
6.737E+04   1.610E+01  7.671E-03 
6.824E+04   1.595E+01  7.584E-03 
6.913E+04   1.581E+01  7.499E-03 
7.003E+04   1.567E+01  7.414E-03 
7.094E+04   1.553E+01  7.330E-03 
7.186E+04   1.539E+01  7.248E-03 
7.279E+04   1.525E+01  7.166E-03 
7.374E+04   1.512E+01  7.085E-03 
7.470E+04   1.498E+01  7.005E-03 
7.567E+04   1.485E+01  6.926E-03 
7.665E+04   1.471E+01  6.847E-03 
7.765E+04   1.458E+01  6.770E-03 
7.866E+04   1.445E+01  6.693E-03 
7.968E+04   1.432E+01  6.618E-03 
8.072E+04   1.419E+01  6.543E-03 
8.176E+04   1.406E+01  6.469E-03 
8.283E+04   1.393E+01  6.396E-03 
8.390E+04   1.381E+01  6.323E-03 
8.499E+04   1.368E+01  6.252E-03 
8.610E+04   1.356E+01  6.181E-03 
8.722E+04   1.344E+01  6.111E-03 
8.835E+04   1.331E+01  6.042E-03 
8.950E+04   1.319E+01  5.973E-03 
9.066E+04   1.307E+01  5.906E-03 
9.184E+04   1.295E+01  5.839E-03 
9.303E+04   1.284E+01  5.773E-03 
9.424E+04   1.272E+01  5.707E-03 
9.547E+04   1.260E+01  5.642E-03 
9.671E+04   1.249E+01  5.578E-03 
9.797E+04   1.238E+01  5.515E-03 
9.924E+04   1.226E+01  5.453E-03 
1.005E+05   1.215E+01  5.391E-03 
1.018E+05   1.204E+01  5.330E-03 
1.032E+05   1.193E+01  5.269E-03 
1.045E+05   1.182E+01  5.209E-03 
1.059E+05   1.171E+01  5.150E-03 
1.072E+05   1.161E+01  5.092E-03 
1.086E+05   1.150E+01  5.034E-03 
1.100E+05   1.139E+01  4.977E-03 
1.115E+05   1.129E+01  4.920E-03 
1.129E+05   1.119E+01  4.864E-03 
1.144E+05   1.108E+01  4.809E-03 
1.159E+05   1.098E+01  4.754E-03 
1.174E+05   1.088E+01  4.700E-03 
1.189E+05   1.078E+01  4.647E-03 
1.204E+05   1.068E+01  4.594E-03 
1.220E+05   1.058E+01  4.541E-03 
1.236E+05   1.049E+01  4.490E-03 
1.252E+05   1.039E+01  4.439E-03 
1.268E+05   1.029E+01  4.388E-03 
1.285E+05   1.020E+01  4.338E-03 
1.302E+05   1.011E+01  4.289E-03 
1.318E+05   1.001E+01  4.240E-03 
1.336E+05   9.920E+00  4.191E-03 
1.353E+05   9.829E+00  4.144E-03 
1.371E+05   9.738E+00  4.096E-03 
1.388E+05   9.648E+00  4.050E-03 
1.406E+05   9.559E+00  4.004E-03 
1.425E+05   9.471E+00  3.958E-03 
1.443E+05   9.384E+00  3.913E-03 
1.462E+05   9.297E+00  3.868E-03 
1.481E+05   9.211E+00  3.824E-03 
1.500E+05   9.126E+00  3.780E-03 
1.520E+05   9.042E+00  3.737E-03 
1.539E+05   8.958E+00  3.694E-03 
1.559E+05   8.876E+00  3.652E-03 
1.580E+05   8.794E+00  3.611E-03 
1.600E+05   8.712E+00  3.569E-03 
1.621E+05   8.632E+00  3.529E-03 
1.642E+05   8.552E+00  3.488E-03 
1.663E+05   8.473E+00  3.448E-03 
1.685E+05   8.395E+00  3.409E-03 
1.707E+05   8.317E+00  3.370E-03 
1.729E+05   8.240E+00  3.331E-03 
1.752E+05   8.164E+00  3.293E-03 
1.774E+05   8.089E+00  3.256E-03 
1.797E+05   8.014E+00  3.218E-03 
1.821E+05   7.940E+00  3.182E-03 
1.844E+05   7.867E+00  3.145E-03 
1.868E+05   7.794E+00  3.109E-03 
1.893E+05   7.722E+00  3.074E-03 
1.917E+05   7.651E+00  3.038E-03 
1.942E+05   7.580E+00  3.004E-03 
1.967E+05   7.510E+00  2.969E-03 
1.993E+05   7.441E+00  2.935E-03 
2.019E+05   7.372E+00  2.902E-03 
2.045E+05   7.304E+00  2.868E-03 
2.072E+05   7.236E+00  2.835E-03 
2.099E+05   7.170E+00  2.803E-03 
2.126E+05   7.104E+00  2.771E-03 
2.154E+05   7.038E+00  2.739E-03 
2.182E+05   6.973E+00  2.708E-03 
2.210E+05   6.909E+00  2.676E-03 
2.239E+05   6.845E+00  2.646E-03 
2.268E+05   6.782E+00  2.615E-03 
2.297E+05   6.720E+00  2.585E-03 
2.327E+05   6.658E+00  2.556E-03 
2.357E+05   6.597E+00  2.526E-03 
2.388E+05   6.536E+00  2.497E-03 
2.419E+05   6.476E+00  2.469E-03 
2.450E+05   6.417E+00  2.440E-03 
2.482E+05   6.358E+00  2.412E-03 
2.515E+05   6.300E+00  2.385E-03 
2.547E+05   6.242E+00  2.357E-03 
2.580E+05   6.185E+00  2.330E-03 
2.614E+05   6.128E+00  2.303E-03 
2.648E+05   6.072E+00  2.277E-03 
2.682E+05   6.017E+00  2.251E-03 
2.717E+05   5.962E+00  2.225E-03 
2.752E+05   5.907E+00  2.199E-03 
2.788E+05   5.854E+00  2.174E-03 
2.824E+05   5.800E+00  2.149E-03 
2.861E+05   5.747E+00  2.124E-03 
2.898E+05   5.695E+00  2.100E-03 
2.936E+05   5.643E+00  2.075E-03 
2.974E+05   5.592E+00  2.052E-03 
3.013E+05   5.541E+00  2.028E-03 
3.052E+05   5.491E+00  2.005E-03 
3.092E+05   5.441E+00  1.981E-03 
3.132E+05   5.392E+00  1.959E-03 
3.172E+05   5.343E+00  1.936E-03 
3.214E+05   5.295E+00  1.914E-03 
3.255E+05   5.247E+00  1.892E-03 
3.298E+05   5.200E+00  1.870E-03 
3.341E+05   5.153E+00  1.848E-03 
3.384E+05   5.107E+00  1.827E-03 
3.428E+05   5.061E+00  1.806E-03 
3.473E+05   5.015E+00  1.785E-03 
3.518E+05   4.970E+00  1.765E-03 
3.563E+05   4.926E+00  1.744E-03 
3.610E+05   4.882E+00  1.724E-03 
3.657E+05   4.838E+00  1.704E-03 
3.704E+05   4.795E+00  1.684E-03 
3.752E+05   4.752E+00  1.665E-03 
3.801E+05   4.710E+00  1.646E-03 
3.851E+05   4.668E+00  1.627E-03 
3.901E+05   4.627E+00  1.608E-03 
3.951E+05   4.586E+00  1.589E-03 
4.003E+05   4.545E+00  1.571E-03 
