Ion = Hydrogen    . Mass = 1.0079
Tgt = Kr (Solid). Density = 2.6021 g/cm3
Stopping Units =  eV/(1E15 atoms/cm2)
Energy(keV)  S(Elec)    S(Nuc)
1.000E+00   6.476E+00  3.608E-01 
1.012E+00   6.513E+00  3.609E-01 
1.023E+00   6.551E+00  3.609E-01 
1.035E+00   6.589E+00  3.609E-01 
1.047E+00   6.627E+00  3.609E-01 
1.059E+00   6.665E+00  3.610E-01 
1.072E+00   6.704E+00  3.610E-01 
1.084E+00   6.743E+00  3.610E-01 
1.097E+00   6.781E+00  3.610E-01 
1.109E+00   6.821E+00  3.609E-01 
1.122E+00   6.860E+00  3.609E-01 
1.135E+00   6.900E+00  3.609E-01 
1.148E+00   6.940E+00  3.609E-01 
1.162E+00   6.980E+00  3.608E-01 
1.175E+00   7.020E+00  3.608E-01 
1.189E+00   7.061E+00  3.607E-01 
1.203E+00   7.102E+00  3.607E-01 
1.217E+00   7.143E+00  3.606E-01 
1.231E+00   7.184E+00  3.605E-01 
1.245E+00   7.226E+00  3.604E-01 
1.259E+00   7.267E+00  3.603E-01 
1.274E+00   7.309E+00  3.602E-01 
1.289E+00   7.352E+00  3.601E-01 
1.304E+00   7.394E+00  3.600E-01 
1.319E+00   7.437E+00  3.599E-01 
1.334E+00   7.480E+00  3.598E-01 
1.350E+00   7.523E+00  3.597E-01 
1.365E+00   7.567E+00  3.595E-01 
1.381E+00   7.610E+00  3.594E-01 
1.397E+00   7.654E+00  3.592E-01 
1.413E+00   7.699E+00  3.590E-01 
1.430E+00   7.743E+00  3.589E-01 
1.446E+00   7.788E+00  3.587E-01 
1.463E+00   7.833E+00  3.585E-01 
1.480E+00   7.878E+00  3.583E-01 
1.497E+00   7.924E+00  3.581E-01 
1.515E+00   7.970E+00  3.579E-01 
1.532E+00   8.016E+00  3.577E-01 
1.550E+00   8.062E+00  3.575E-01 
1.568E+00   8.109E+00  3.573E-01 
1.586E+00   8.156E+00  3.570E-01 
1.605E+00   8.203E+00  3.568E-01 
1.623E+00   8.250E+00  3.565E-01 
1.642E+00   8.298E+00  3.563E-01 
1.661E+00   8.346E+00  3.560E-01 
1.680E+00   8.394E+00  3.557E-01 
1.700E+00   8.443E+00  3.555E-01 
1.719E+00   8.492E+00  3.552E-01 
1.739E+00   8.541E+00  3.549E-01 
1.760E+00   8.590E+00  3.546E-01 
1.780E+00   8.640E+00  3.543E-01 
1.801E+00   8.690E+00  3.540E-01 
1.822E+00   8.740E+00  3.536E-01 
1.843E+00   8.791E+00  3.533E-01 
1.864E+00   8.841E+00  3.530E-01 
1.886E+00   8.892E+00  3.526E-01 
1.908E+00   8.944E+00  3.523E-01 
1.930E+00   8.996E+00  3.519E-01 
1.952E+00   9.048E+00  3.515E-01 
1.975E+00   9.100E+00  3.512E-01 
1.998E+00   9.153E+00  3.508E-01 
2.021E+00   9.204E+00  3.504E-01 
2.044E+00   9.251E+00  3.500E-01 
2.068E+00   9.298E+00  3.496E-01 
2.092E+00   9.346E+00  3.492E-01 
2.116E+00   9.394E+00  3.487E-01 
2.141E+00   9.442E+00  3.483E-01 
2.166E+00   9.490E+00  3.479E-01 
2.191E+00   9.539E+00  3.474E-01 
2.216E+00   9.588E+00  3.470E-01 
2.242E+00   9.637E+00  3.465E-01 
2.268E+00   9.687E+00  3.461E-01 
2.294E+00   9.737E+00  3.456E-01 
2.321E+00   9.787E+00  3.451E-01 
2.348E+00   9.838E+00  3.446E-01 
2.375E+00   9.888E+00  3.441E-01 
2.402E+00   9.940E+00  3.436E-01 
2.430E+00   9.991E+00  3.431E-01 
2.458E+00   1.004E+01  3.426E-01 
2.487E+00   1.009E+01  3.421E-01 
2.516E+00   1.015E+01  3.416E-01 
2.545E+00   1.020E+01  3.410E-01 
2.574E+00   1.025E+01  3.405E-01 
2.604E+00   1.031E+01  3.399E-01 
2.635E+00   1.036E+01  3.394E-01 
2.665E+00   1.041E+01  3.388E-01 
2.696E+00   1.047E+01  3.382E-01 
2.727E+00   1.052E+01  3.376E-01 
2.759E+00   1.058E+01  3.371E-01 
2.791E+00   1.063E+01  3.365E-01 
2.823E+00   1.069E+01  3.359E-01 
2.856E+00   1.074E+01  3.353E-01 
2.889E+00   1.080E+01  3.346E-01 
2.923E+00   1.086E+01  3.340E-01 
2.957E+00   1.091E+01  3.334E-01 
2.991E+00   1.097E+01  3.328E-01 
3.026E+00   1.103E+01  3.321E-01 
3.061E+00   1.109E+01  3.315E-01 
3.096E+00   1.114E+01  3.308E-01 
3.132E+00   1.120E+01  3.301E-01 
3.168E+00   1.126E+01  3.295E-01 
3.205E+00   1.132E+01  3.288E-01 
3.242E+00   1.138E+01  3.281E-01 
3.280E+00   1.144E+01  3.274E-01 
3.318E+00   1.150E+01  3.267E-01 
3.356E+00   1.156E+01  3.260E-01 
3.395E+00   1.162E+01  3.253E-01 
3.435E+00   1.169E+01  3.246E-01 
3.475E+00   1.175E+01  3.239E-01 
3.515E+00   1.181E+01  3.231E-01 
3.556E+00   1.187E+01  3.224E-01 
3.597E+00   1.193E+01  3.217E-01 
3.639E+00   1.200E+01  3.209E-01 
3.681E+00   1.206E+01  3.202E-01 
3.724E+00   1.213E+01  3.194E-01 
3.767E+00   1.219E+01  3.186E-01 
3.810E+00   1.225E+01  3.179E-01 
3.855E+00   1.232E+01  3.171E-01 
3.899E+00   1.239E+01  3.163E-01 
3.945E+00   1.245E+01  3.155E-01 
3.990E+00   1.252E+01  3.147E-01 
4.037E+00   1.258E+01  3.139E-01 
4.083E+00   1.265E+01  3.131E-01 
4.131E+00   1.272E+01  3.123E-01 
4.179E+00   1.279E+01  3.115E-01 
4.227E+00   1.286E+01  3.106E-01 
4.276E+00   1.292E+01  3.098E-01 
4.326E+00   1.299E+01  3.090E-01 
4.376E+00   1.306E+01  3.081E-01 
4.427E+00   1.313E+01  3.073E-01 
4.478E+00   1.320E+01  3.064E-01 
4.530E+00   1.327E+01  3.056E-01 
4.583E+00   1.335E+01  3.047E-01 
4.636E+00   1.342E+01  3.038E-01 
4.690E+00   1.349E+01  3.030E-01 
4.744E+00   1.356E+01  3.021E-01 
4.799E+00   1.364E+01  3.012E-01 
4.855E+00   1.371E+01  3.003E-01 
4.911E+00   1.378E+01  2.994E-01 
4.968E+00   1.386E+01  2.985E-01 
5.026E+00   1.393E+01  2.976E-01 
5.084E+00   1.401E+01  2.967E-01 
5.143E+00   1.408E+01  2.958E-01 
5.202E+00   1.416E+01  2.949E-01 
5.263E+00   1.423E+01  2.939E-01 
5.324E+00   1.431E+01  2.930E-01 
5.386E+00   1.439E+01  2.921E-01 
5.448E+00   1.447E+01  2.911E-01 
5.511E+00   1.454E+01  2.902E-01 
5.575E+00   1.462E+01  2.893E-01 
5.640E+00   1.470E+01  2.883E-01 
5.705E+00   1.478E+01  2.874E-01 
5.771E+00   1.486E+01  2.864E-01 
5.838E+00   1.494E+01  2.854E-01 
5.906E+00   1.502E+01  2.845E-01 
5.975E+00   1.510E+01  2.835E-01 
6.044E+00   1.519E+01  2.825E-01 
6.114E+00   1.527E+01  2.815E-01 
6.185E+00   1.535E+01  2.806E-01 
6.257E+00   1.543E+01  2.796E-01 
6.329E+00   1.552E+01  2.786E-01 
6.403E+00   1.560E+01  2.776E-01 
6.477E+00   1.569E+01  2.766E-01 
6.552E+00   1.577E+01  2.756E-01 
6.628E+00   1.586E+01  2.746E-01 
6.705E+00   1.594E+01  2.736E-01 
6.783E+00   1.603E+01  2.726E-01 
6.861E+00   1.612E+01  2.716E-01 
6.941E+00   1.621E+01  2.706E-01 
7.021E+00   1.629E+01  2.695E-01 
7.103E+00   1.638E+01  2.685E-01 
7.185E+00   1.647E+01  2.675E-01 
7.269E+00   1.656E+01  2.665E-01 
7.353E+00   1.665E+01  2.654E-01 
7.438E+00   1.674E+01  2.644E-01 
7.524E+00   1.683E+01  2.634E-01 
7.612E+00   1.692E+01  2.623E-01 
7.700E+00   1.702E+01  2.613E-01 
7.789E+00   1.711E+01  2.602E-01 
7.880E+00   1.720E+01  2.592E-01 
7.971E+00   1.730E+01  2.582E-01 
8.064E+00   1.739E+01  2.571E-01 
8.157E+00   1.748E+01  2.561E-01 
8.252E+00   1.758E+01  2.550E-01 
8.347E+00   1.768E+01  2.539E-01 
8.444E+00   1.777E+01  2.529E-01 
8.542E+00   1.787E+01  2.518E-01 
8.641E+00   1.797E+01  2.508E-01 
8.741E+00   1.806E+01  2.497E-01 
8.843E+00   1.816E+01  2.486E-01 
8.945E+00   1.826E+01  2.476E-01 
9.049E+00   1.836E+01  2.465E-01 
9.154E+00   1.846E+01  2.454E-01 
9.260E+00   1.856E+01  2.444E-01 
9.368E+00   1.866E+01  2.433E-01 
9.476E+00   1.876E+01  2.422E-01 
9.586E+00   1.887E+01  2.412E-01 
9.698E+00   1.897E+01  2.401E-01 
9.810E+00   1.907E+01  2.390E-01 
9.924E+00   1.918E+01  2.379E-01 
1.004E+01   1.928E+01  2.369E-01 
1.016E+01   1.939E+01  2.358E-01 
1.027E+01   1.949E+01  2.347E-01 
1.039E+01   1.960E+01  2.336E-01 
1.051E+01   1.970E+01  2.325E-01 
1.063E+01   1.981E+01  2.315E-01 
1.076E+01   1.992E+01  2.304E-01 
1.088E+01   2.003E+01  2.293E-01 
1.101E+01   2.013E+01  2.282E-01 
1.114E+01   2.024E+01  2.271E-01 
1.127E+01   2.035E+01  2.260E-01 
1.140E+01   2.046E+01  2.250E-01 
1.153E+01   2.058E+01  2.239E-01 
1.166E+01   2.069E+01  2.228E-01 
1.180E+01   2.080E+01  2.217E-01 
1.193E+01   2.091E+01  2.206E-01 
1.207E+01   2.102E+01  2.196E-01 
1.221E+01   2.114E+01  2.185E-01 
1.235E+01   2.125E+01  2.174E-01 
1.250E+01   2.137E+01  2.163E-01 
1.264E+01   2.148E+01  2.152E-01 
1.279E+01   2.160E+01  2.141E-01 
1.294E+01   2.172E+01  2.131E-01 
1.309E+01   2.183E+01  2.120E-01 
1.324E+01   2.195E+01  2.109E-01 
1.339E+01   2.207E+01  2.098E-01 
1.355E+01   2.219E+01  2.088E-01 
1.371E+01   2.231E+01  2.077E-01 
1.387E+01   2.243E+01  2.066E-01 
1.403E+01   2.255E+01  2.055E-01 
1.419E+01   2.267E+01  2.045E-01 
1.435E+01   2.279E+01  2.034E-01 
1.452E+01   2.291E+01  2.023E-01 
1.469E+01   2.303E+01  2.012E-01 
1.486E+01   2.316E+01  2.002E-01 
1.503E+01   2.328E+01  1.991E-01 
1.521E+01   2.340E+01  1.980E-01 
1.538E+01   2.353E+01  1.970E-01 
1.556E+01   2.365E+01  1.959E-01 
1.574E+01   2.378E+01  1.949E-01 
1.592E+01   2.391E+01  1.938E-01 
1.611E+01   2.403E+01  1.927E-01 
1.629E+01   2.416E+01  1.917E-01 
1.648E+01   2.429E+01  1.906E-01 
1.667E+01   2.442E+01  1.896E-01 
1.687E+01   2.455E+01  1.885E-01 
1.706E+01   2.468E+01  1.875E-01 
1.726E+01   2.480E+01  1.864E-01 
1.746E+01   2.494E+01  1.854E-01 
1.766E+01   2.507E+01  1.843E-01 
1.787E+01   2.520E+01  1.833E-01 
1.808E+01   2.533E+01  1.823E-01 
1.829E+01   2.546E+01  1.812E-01 
1.850E+01   2.559E+01  1.802E-01 
1.871E+01   2.573E+01  1.791E-01 
1.893E+01   2.586E+01  1.781E-01 
1.915E+01   2.600E+01  1.771E-01 
1.937E+01   2.613E+01  1.761E-01 
1.960E+01   2.627E+01  1.750E-01 
1.982E+01   2.640E+01  1.740E-01 
2.005E+01   2.654E+01  1.730E-01 
2.029E+01   2.667E+01  1.720E-01 
2.052E+01   2.681E+01  1.710E-01 
2.076E+01   2.695E+01  1.700E-01 
2.100E+01   2.708E+01  1.689E-01 
2.124E+01   2.722E+01  1.679E-01 
2.149E+01   2.736E+01  1.669E-01 
2.174E+01   2.750E+01  1.659E-01 
2.199E+01   2.764E+01  1.649E-01 
2.225E+01   2.778E+01  1.639E-01 
2.250E+01   2.792E+01  1.630E-01 
2.277E+01   2.806E+01  1.620E-01 
2.303E+01   2.820E+01  1.610E-01 
2.330E+01   2.834E+01  1.600E-01 
2.357E+01   2.848E+01  1.590E-01 
2.384E+01   2.862E+01  1.580E-01 
2.412E+01   2.876E+01  1.571E-01 
2.440E+01   2.890E+01  1.561E-01 
2.468E+01   2.905E+01  1.551E-01 
2.497E+01   2.919E+01  1.542E-01 
2.526E+01   2.933E+01  1.532E-01 
2.555E+01   2.947E+01  1.522E-01 
2.584E+01   2.962E+01  1.513E-01 
2.614E+01   2.976E+01  1.503E-01 
2.645E+01   2.990E+01  1.494E-01 
2.675E+01   3.004E+01  1.484E-01 
2.707E+01   3.019E+01  1.475E-01 
2.738E+01   3.033E+01  1.465E-01 
2.770E+01   3.048E+01  1.456E-01 
2.802E+01   3.062E+01  1.447E-01 
2.834E+01   3.076E+01  1.437E-01 
2.867E+01   3.091E+01  1.428E-01 
2.900E+01   3.105E+01  1.419E-01 
2.934E+01   3.119E+01  1.410E-01 
2.968E+01   3.134E+01  1.401E-01 
3.003E+01   3.148E+01  1.391E-01 
3.037E+01   3.162E+01  1.382E-01 
3.073E+01   3.177E+01  1.373E-01 
3.108E+01   3.191E+01  1.364E-01 
3.144E+01   3.205E+01  1.355E-01 
3.181E+01   3.220E+01  1.346E-01 
3.218E+01   3.234E+01  1.337E-01 
3.255E+01   3.248E+01  1.329E-01 
3.293E+01   3.262E+01  1.320E-01 
3.331E+01   3.277E+01  1.311E-01 
3.370E+01   3.291E+01  1.302E-01 
3.409E+01   3.305E+01  1.293E-01 
3.448E+01   3.319E+01  1.285E-01 
3.488E+01   3.333E+01  1.276E-01 
3.529E+01   3.347E+01  1.268E-01 
3.570E+01   3.361E+01  1.259E-01 
3.611E+01   3.375E+01  1.250E-01 
3.653E+01   3.389E+01  1.242E-01 
3.695E+01   3.402E+01  1.233E-01 
3.738E+01   3.416E+01  1.225E-01 
3.781E+01   3.430E+01  1.217E-01 
3.825E+01   3.443E+01  1.208E-01 
3.870E+01   3.457E+01  1.200E-01 
3.915E+01   3.470E+01  1.192E-01 
3.960E+01   3.484E+01  1.183E-01 
4.006E+01   3.497E+01  1.175E-01 
4.052E+01   3.510E+01  1.167E-01 
4.099E+01   3.523E+01  1.159E-01 
4.147E+01   3.536E+01  1.151E-01 
4.195E+01   3.549E+01  1.143E-01 
4.244E+01   3.562E+01  1.135E-01 
4.293E+01   3.575E+01  1.127E-01 
4.343E+01   3.588E+01  1.119E-01 
4.393E+01   3.600E+01  1.111E-01 
4.444E+01   3.612E+01  1.103E-01 
4.496E+01   3.625E+01  1.095E-01 
4.548E+01   3.637E+01  1.088E-01 
4.600E+01   3.649E+01  1.080E-01 
4.654E+01   3.661E+01  1.072E-01 
4.708E+01   3.672E+01  1.065E-01 
4.762E+01   3.684E+01  1.057E-01 
4.818E+01   3.695E+01  1.049E-01 
4.873E+01   3.707E+01  1.042E-01 
4.930E+01   3.718E+01  1.034E-01 
4.987E+01   3.729E+01  1.027E-01 
5.045E+01   3.739E+01  1.019E-01 
5.104E+01   3.750E+01  1.012E-01 
5.163E+01   3.761E+01  1.005E-01 
5.223E+01   3.771E+01  9.974E-02 
5.283E+01   3.781E+01  9.902E-02 
5.344E+01   3.791E+01  9.829E-02 
5.406E+01   3.800E+01  9.757E-02 
5.469E+01   3.810E+01  9.686E-02 
5.533E+01   3.819E+01  9.615E-02 
5.597E+01   3.828E+01  9.544E-02 
5.662E+01   3.837E+01  9.474E-02 
5.727E+01   3.845E+01  9.404E-02 
5.794E+01   3.854E+01  9.334E-02 
5.861E+01   3.862E+01  9.265E-02 
5.929E+01   3.870E+01  9.197E-02 
5.998E+01   3.877E+01  9.128E-02 
6.067E+01   3.884E+01  9.060E-02 
6.138E+01   3.892E+01  8.993E-02 
6.209E+01   3.898E+01  8.925E-02 
6.281E+01   3.905E+01  8.859E-02 
6.354E+01   3.911E+01  8.792E-02 
6.427E+01   3.917E+01  8.726E-02 
6.502E+01   3.923E+01  8.661E-02 
6.577E+01   3.928E+01  8.595E-02 
6.654E+01   3.934E+01  8.530E-02 
6.731E+01   3.938E+01  8.466E-02 
6.809E+01   3.943E+01  8.402E-02 
6.888E+01   3.947E+01  8.338E-02 
6.968E+01   3.951E+01  8.275E-02 
7.049E+01   3.955E+01  8.212E-02 
7.130E+01   3.958E+01  8.149E-02 
7.213E+01   3.961E+01  8.087E-02 
7.297E+01   3.964E+01  8.025E-02 
7.381E+01   3.966E+01  7.963E-02 
7.467E+01   3.968E+01  7.902E-02 
7.554E+01   3.970E+01  7.841E-02 
7.641E+01   3.971E+01  7.781E-02 
7.730E+01   3.972E+01  7.721E-02 
7.820E+01   3.973E+01  7.661E-02 
7.910E+01   3.973E+01  7.602E-02 
8.002E+01   3.973E+01  7.543E-02 
8.095E+01   3.972E+01  7.485E-02 
8.189E+01   3.972E+01  7.427E-02 
8.284E+01   3.970E+01  7.369E-02 
8.380E+01   3.969E+01  7.311E-02 
8.477E+01   3.967E+01  7.254E-02 
8.575E+01   3.965E+01  7.198E-02 
8.675E+01   3.962E+01  7.141E-02 
8.775E+01   3.959E+01  7.085E-02 
8.877E+01   3.956E+01  7.030E-02 
8.980E+01   3.952E+01  6.974E-02 
9.084E+01   3.948E+01  6.920E-02 
9.190E+01   3.944E+01  6.865E-02 
9.296E+01   3.939E+01  6.811E-02 
9.404E+01   3.934E+01  6.757E-02 
9.513E+01   3.929E+01  6.703E-02 
9.624E+01   3.923E+01  6.650E-02 
9.735E+01   3.917E+01  6.597E-02 
9.848E+01   3.910E+01  6.545E-02 
9.962E+01   3.903E+01  6.493E-02 
1.008E+02   3.896E+01  6.441E-02 
1.019E+02   3.888E+01  6.390E-02 
1.031E+02   3.880E+01  6.339E-02 
1.043E+02   3.872E+01  6.288E-02 
1.055E+02   3.864E+01  6.238E-02 
1.068E+02   3.855E+01  6.187E-02 
1.080E+02   3.845E+01  6.138E-02 
1.093E+02   3.836E+01  6.088E-02 
1.105E+02   3.826E+01  6.244E-02 
1.118E+02   3.815E+01  6.194E-02 
1.131E+02   3.805E+01  6.143E-02 
1.144E+02   3.794E+01  6.093E-02 
1.157E+02   3.783E+01  6.044E-02 
1.171E+02   3.771E+01  5.994E-02 
1.184E+02   3.760E+01  5.945E-02 
1.198E+02   3.748E+01  5.897E-02 
1.212E+02   3.735E+01  5.848E-02 
1.226E+02   3.723E+01  5.800E-02 
1.240E+02   3.710E+01  5.753E-02 
1.255E+02   3.697E+01  5.705E-02 
1.269E+02   3.683E+01  5.658E-02 
1.284E+02   3.670E+01  5.612E-02 
1.299E+02   3.656E+01  5.565E-02 
1.314E+02   3.642E+01  5.519E-02 
1.329E+02   3.627E+01  5.474E-02 
1.345E+02   3.613E+01  5.428E-02 
1.360E+02   3.598E+01  5.383E-02 
1.376E+02   3.583E+01  5.339E-02 
1.392E+02   3.568E+01  5.294E-02 
1.408E+02   3.553E+01  5.250E-02 
1.424E+02   3.538E+01  5.206E-02 
1.441E+02   3.522E+01  5.163E-02 
1.458E+02   3.506E+01  5.120E-02 
1.475E+02   3.490E+01  5.077E-02 
1.492E+02   3.474E+01  5.034E-02 
1.509E+02   3.458E+01  4.992E-02 
1.526E+02   3.442E+01  4.950E-02 
1.544E+02   3.425E+01  4.908E-02 
1.562E+02   3.409E+01  4.867E-02 
1.580E+02   3.392E+01  4.826E-02 
1.598E+02   3.376E+01  4.785E-02 
1.617E+02   3.359E+01  4.745E-02 
1.636E+02   3.342E+01  4.705E-02 
1.655E+02   3.325E+01  4.665E-02 
1.674E+02   3.308E+01  4.626E-02 
1.693E+02   3.291E+01  4.586E-02 
1.713E+02   3.274E+01  4.547E-02 
1.733E+02   3.257E+01  4.509E-02 
1.753E+02   3.240E+01  4.470E-02 
1.773E+02   3.223E+01  4.432E-02 
1.794E+02   3.206E+01  4.395E-02 
1.815E+02   3.189E+01  4.357E-02 
1.836E+02   3.172E+01  4.320E-02 
1.857E+02   3.154E+01  4.283E-02 
1.879E+02   3.137E+01  4.246E-02 
1.900E+02   3.120E+01  4.210E-02 
1.922E+02   3.103E+01  4.174E-02 
1.945E+02   3.086E+01  4.138E-02 
1.967E+02   3.069E+01  4.102E-02 
1.990E+02   3.052E+01  4.067E-02 
2.013E+02   3.035E+01  4.032E-02 
2.036E+02   3.019E+01  3.997E-02 
2.060E+02   3.002E+01  3.963E-02 
2.084E+02   2.985E+01  3.929E-02 
2.108E+02   2.968E+01  3.895E-02 
2.133E+02   2.952E+01  3.861E-02 
2.157E+02   2.935E+01  3.827E-02 
2.182E+02   2.919E+01  3.794E-02 
2.208E+02   2.903E+01  3.761E-02 
2.233E+02   2.886E+01  3.729E-02 
2.259E+02   2.870E+01  3.696E-02 
2.285E+02   2.854E+01  3.664E-02 
2.312E+02   2.838E+01  3.632E-02 
2.339E+02   2.822E+01  3.601E-02 
2.366E+02   2.806E+01  3.569E-02 
2.393E+02   2.791E+01  3.538E-02 
2.421E+02   2.775E+01  3.507E-02 
2.449E+02   2.760E+01  3.476E-02 
2.478E+02   2.744E+01  3.446E-02 
2.506E+02   2.729E+01  3.416E-02 
2.535E+02   2.714E+01  3.386E-02 
2.565E+02   2.699E+01  3.356E-02 
2.595E+02   2.684E+01  3.327E-02 
2.625E+02   2.669E+01  3.298E-02 
2.655E+02   2.654E+01  3.269E-02 
2.686E+02   2.640E+01  3.240E-02 
2.717E+02   2.625E+01  3.211E-02 
2.749E+02   2.611E+01  3.183E-02 
2.780E+02   2.596E+01  3.155E-02 
2.813E+02   2.582E+01  3.127E-02 
2.845E+02   2.568E+01  3.099E-02 
2.878E+02   2.554E+01  3.072E-02 
2.912E+02   2.540E+01  3.045E-02 
2.945E+02   2.527E+01  3.018E-02 
2.980E+02   2.513E+01  2.991E-02 
3.014E+02   2.500E+01  2.964E-02 
3.049E+02   2.486E+01  2.938E-02 
3.085E+02   2.473E+01  2.912E-02 
3.120E+02   2.460E+01  2.886E-02 
3.156E+02   2.447E+01  2.860E-02 
3.193E+02   2.434E+01  2.835E-02 
3.230E+02   2.421E+01  2.810E-02 
3.268E+02   2.408E+01  2.785E-02 
3.306E+02   2.395E+01  2.760E-02 
3.344E+02   2.383E+01  2.735E-02 
3.383E+02   2.370E+01  2.711E-02 
3.422E+02   2.358E+01  2.686E-02 
3.462E+02   2.346E+01  2.662E-02 
3.502E+02   2.333E+01  2.639E-02 
3.542E+02   2.321E+01  2.615E-02 
3.583E+02   2.309E+01  2.591E-02 
3.625E+02   2.297E+01  2.568E-02 
3.667E+02   2.286E+01  2.545E-02 
3.710E+02   2.274E+01  2.522E-02 
3.753E+02   2.262E+01  2.500E-02 
3.796E+02   2.251E+01  2.477E-02 
3.840E+02   2.239E+01  2.455E-02 
3.885E+02   2.228E+01  2.433E-02 
3.930E+02   2.216E+01  2.411E-02 
3.975E+02   2.205E+01  2.389E-02 
4.021E+02   2.194E+01  2.367E-02 
4.068E+02   2.183E+01  2.346E-02 
4.115E+02   2.172E+01  2.325E-02 
4.163E+02   2.161E+01  2.304E-02 
4.211E+02   2.150E+01  2.283E-02 
4.260E+02   2.139E+01  2.262E-02 
4.310E+02   2.128E+01  2.242E-02 
4.360E+02   2.117E+01  2.221E-02 
4.410E+02   2.107E+01  2.201E-02 
4.461E+02   2.096E+01  2.181E-02 
4.513E+02   2.085E+01  2.161E-02 
4.565E+02   2.075E+01  2.142E-02 
4.618E+02   2.064E+01  2.122E-02 
4.672E+02   2.054E+01  2.103E-02 
4.726E+02   2.044E+01  2.084E-02 
4.781E+02   2.033E+01  2.065E-02 
4.836E+02   2.023E+01  2.046E-02 
4.892E+02   2.013E+01  2.027E-02 
4.949E+02   2.003E+01  2.009E-02 
5.007E+02   1.993E+01  1.990E-02 
5.065E+02   1.982E+01  1.972E-02 
5.123E+02   1.972E+01  1.954E-02 
5.183E+02   1.962E+01  1.936E-02 
5.243E+02   1.953E+01  1.918E-02 
5.304E+02   1.943E+01  1.901E-02 
5.365E+02   1.933E+01  1.883E-02 
5.428E+02   1.923E+01  1.866E-02 
5.490E+02   1.913E+01  1.849E-02 
5.554E+02   1.903E+01  1.832E-02 
5.619E+02   1.894E+01  1.815E-02 
5.684E+02   1.884E+01  1.798E-02 
5.750E+02   1.874E+01  1.782E-02 
5.816E+02   1.865E+01  1.765E-02 
5.884E+02   1.855E+01  1.749E-02 
5.952E+02   1.846E+01  1.733E-02 
6.021E+02   1.836E+01  1.717E-02 
6.091E+02   1.827E+01  1.701E-02 
6.162E+02   1.817E+01  1.685E-02 
6.233E+02   1.808E+01  1.670E-02 
6.305E+02   1.798E+01  1.654E-02 
6.378E+02   1.789E+01  1.639E-02 
6.452E+02   1.779E+01  1.624E-02 
6.527E+02   1.770E+01  1.609E-02 
6.603E+02   1.761E+01  1.594E-02 
6.680E+02   1.752E+01  1.579E-02 
6.757E+02   1.742E+01  1.565E-02 
6.835E+02   1.733E+01  1.550E-02 
6.915E+02   1.724E+01  1.536E-02 
6.995E+02   1.715E+01  1.521E-02 
7.076E+02   1.705E+01  1.507E-02 
7.158E+02   1.696E+01  1.493E-02 
7.241E+02   1.687E+01  1.479E-02 
7.325E+02   1.678E+01  1.466E-02 
7.410E+02   1.669E+01  1.452E-02 
7.496E+02   1.660E+01  1.438E-02 
7.583E+02   1.651E+01  1.425E-02 
7.671E+02   1.642E+01  1.412E-02 
7.760E+02   1.633E+01  1.399E-02 
7.850E+02   1.624E+01  1.385E-02 
7.941E+02   1.615E+01  1.373E-02 
8.033E+02   1.606E+01  1.360E-02 
8.126E+02   1.597E+01  1.347E-02 
8.221E+02   1.588E+01  1.334E-02 
8.316E+02   1.579E+01  1.322E-02 
8.412E+02   1.571E+01  1.310E-02 
8.510E+02   1.562E+01  1.297E-02 
8.609E+02   1.553E+01  1.285E-02 
8.709E+02   1.544E+01  1.273E-02 
8.810E+02   1.536E+01  1.261E-02 
8.912E+02   1.527E+01  1.249E-02 
9.015E+02   1.518E+01  1.238E-02 
9.120E+02   1.509E+01  1.226E-02 
9.225E+02   1.501E+01  1.214E-02 
9.332E+02   1.492E+01  1.203E-02 
9.441E+02   1.483E+01  1.192E-02 
9.550E+02   1.475E+01  1.180E-02 
9.661E+02   1.466E+01  1.169E-02 
9.773E+02   1.458E+01  1.158E-02 
9.886E+02   1.449E+01  1.147E-02 
1.000E+03   1.441E+01  1.137E-02 
1.012E+03   1.433E+01  1.126E-02 
1.023E+03   1.429E+01  1.115E-02 
1.035E+03   1.424E+01  1.105E-02 
1.047E+03   1.420E+01  1.094E-02 
1.059E+03   1.415E+01  1.084E-02 
1.072E+03   1.410E+01  1.074E-02 
1.084E+03   1.406E+01  1.064E-02 
1.097E+03   1.401E+01  1.053E-02 
1.109E+03   1.396E+01  1.043E-02 
1.122E+03   1.391E+01  1.034E-02 
1.135E+03   1.386E+01  1.024E-02 
1.149E+03   1.381E+01  1.014E-02 
1.162E+03   1.376E+01  1.004E-02 
1.175E+03   1.371E+01  9.950E-03 
1.189E+03   1.366E+01  9.855E-03 
1.203E+03   1.360E+01  9.762E-03 
1.217E+03   1.353E+01  9.669E-03 
1.231E+03   1.344E+01  9.577E-03 
1.245E+03   1.335E+01  9.486E-03 
1.260E+03   1.327E+01  9.396E-03 
1.274E+03   1.318E+01  9.306E-03 
1.289E+03   1.309E+01  9.218E-03 
1.304E+03   1.301E+01  9.130E-03 
1.319E+03   1.292E+01  9.043E-03 
1.334E+03   1.284E+01  8.957E-03 
1.350E+03   1.275E+01  8.872E-03 
1.365E+03   1.267E+01  8.787E-03 
1.381E+03   1.259E+01  8.703E-03 
1.397E+03   1.250E+01  8.620E-03 
1.414E+03   1.242E+01  8.538E-03 
1.430E+03   1.234E+01  8.456E-03 
1.446E+03   1.226E+01  8.376E-03 
1.463E+03   1.217E+01  8.295E-03 
1.480E+03   1.209E+01  8.216E-03 
1.497E+03   1.201E+01  8.138E-03 
1.515E+03   1.193E+01  8.060E-03 
1.532E+03   1.185E+01  7.983E-03 
1.550E+03   1.177E+01  7.906E-03 
1.568E+03   1.170E+01  7.830E-03 
1.586E+03   1.162E+01  7.755E-03 
1.605E+03   1.154E+01  7.681E-03 
1.623E+03   1.146E+01  7.607E-03 
1.642E+03   1.138E+01  7.534E-03 
1.661E+03   1.131E+01  7.462E-03 
1.680E+03   1.123E+01  7.390E-03 
1.700E+03   1.116E+01  7.319E-03 
1.720E+03   1.108E+01  7.249E-03 
1.740E+03   1.100E+01  7.179E-03 
1.760E+03   1.093E+01  7.110E-03 
1.780E+03   1.086E+01  7.042E-03 
1.801E+03   1.078E+01  6.974E-03 
1.822E+03   1.071E+01  6.907E-03 
1.843E+03   1.064E+01  6.840E-03 
1.864E+03   1.056E+01  6.775E-03 
1.886E+03   1.049E+01  6.709E-03 
1.908E+03   1.042E+01  6.645E-03 
1.930E+03   1.035E+01  6.581E-03 
1.952E+03   1.028E+01  6.517E-03 
1.975E+03   1.020E+01  6.454E-03 
1.998E+03   1.013E+01  6.392E-03 
2.021E+03   1.006E+01  6.330E-03 
2.044E+03   9.994E+00  6.269E-03 
2.068E+03   9.925E+00  6.208E-03 
2.092E+03   9.856E+00  6.148E-03 
2.116E+03   9.787E+00  6.089E-03 
2.141E+03   9.719E+00  6.030E-03 
2.166E+03   9.651E+00  5.972E-03 
2.191E+03   9.584E+00  5.914E-03 
2.216E+03   9.517E+00  5.857E-03 
2.242E+03   9.450E+00  5.800E-03 
2.268E+03   9.384E+00  5.744E-03 
2.294E+03   9.318E+00  5.688E-03 
2.321E+03   9.252E+00  5.633E-03 
2.348E+03   9.187E+00  5.578E-03 
2.375E+03   9.122E+00  5.524E-03 
2.403E+03   9.057E+00  5.471E-03 
2.431E+03   8.993E+00  5.417E-03 
2.459E+03   8.929E+00  5.365E-03 
2.487E+03   8.866E+00  5.313E-03 
2.516E+03   8.803E+00  5.261E-03 
2.545E+03   8.740E+00  5.210E-03 
2.575E+03   8.678E+00  5.159E-03 
2.605E+03   8.616E+00  5.109E-03 
2.635E+03   8.554E+00  5.059E-03 
2.665E+03   8.492E+00  5.010E-03 
2.696E+03   8.431E+00  4.961E-03 
2.728E+03   8.371E+00  4.913E-03 
2.759E+03   8.310E+00  4.865E-03 
2.791E+03   8.250E+00  4.818E-03 
2.824E+03   8.191E+00  4.771E-03 
2.856E+03   8.131E+00  4.724E-03 
2.889E+03   8.072E+00  4.678E-03 
2.923E+03   8.014E+00  4.633E-03 
2.957E+03   7.956E+00  4.587E-03 
2.991E+03   7.898E+00  4.543E-03 
3.026E+03   7.840E+00  4.498E-03 
3.061E+03   7.783E+00  4.454E-03 
3.097E+03   7.726E+00  4.411E-03 
3.132E+03   7.669E+00  4.368E-03 
3.169E+03   7.613E+00  4.325E-03 
3.206E+03   7.557E+00  4.283E-03 
3.243E+03   7.501E+00  4.241E-03 
3.280E+03   7.446E+00  4.199E-03 
3.318E+03   7.391E+00  4.158E-03 
3.357E+03   7.336E+00  4.118E-03 
3.396E+03   7.282E+00  4.077E-03 
3.435E+03   7.228E+00  4.037E-03 
3.475E+03   7.174E+00  3.998E-03 
3.515E+03   7.121E+00  3.959E-03 
3.556E+03   7.068E+00  3.920E-03 
3.597E+03   7.015E+00  3.881E-03 
3.639E+03   6.963E+00  3.843E-03 
3.681E+03   6.911E+00  3.805E-03 
3.724E+03   6.859E+00  3.768E-03 
3.767E+03   6.807E+00  3.731E-03 
3.811E+03   6.756E+00  3.694E-03 
3.855E+03   6.705E+00  3.658E-03 
3.900E+03   6.655E+00  3.622E-03 
3.945E+03   6.605E+00  3.587E-03 
3.991E+03   6.555E+00  3.551E-03 
4.037E+03   6.505E+00  3.516E-03 
4.084E+03   6.456E+00  3.482E-03 
4.131E+03   6.407E+00  3.448E-03 
4.179E+03   6.358E+00  3.414E-03 
4.228E+03   6.310E+00  3.380E-03 
4.277E+03   6.262E+00  3.347E-03 
4.326E+03   6.214E+00  3.314E-03 
4.376E+03   6.167E+00  3.281E-03 
4.427E+03   6.120E+00  3.249E-03 
4.479E+03   6.073E+00  3.217E-03 
4.531E+03   6.026E+00  3.185E-03 
4.583E+03   5.980E+00  3.154E-03 
4.636E+03   5.934E+00  3.122E-03 
4.690E+03   5.888E+00  3.092E-03 
4.744E+03   5.843E+00  3.061E-03 
4.799E+03   5.798E+00  3.031E-03 
4.855E+03   5.753E+00  3.001E-03 
4.911E+03   5.709E+00  2.971E-03 
4.968E+03   5.664E+00  2.942E-03 
5.026E+03   5.620E+00  2.913E-03 
5.084E+03   5.577E+00  2.884E-03 
5.143E+03   5.533E+00  2.856E-03 
5.203E+03   5.490E+00  2.827E-03 
5.263E+03   5.447E+00  2.799E-03 
5.324E+03   5.405E+00  2.772E-03 
5.386E+03   5.363E+00  2.744E-03 
5.449E+03   5.321E+00  2.717E-03 
5.512E+03   5.279E+00  2.690E-03 
5.576E+03   5.238E+00  2.663E-03 
5.640E+03   5.197E+00  2.637E-03 
5.706E+03   5.156E+00  2.611E-03 
5.772E+03   5.115E+00  2.585E-03 
5.839E+03   5.075E+00  2.559E-03 
5.907E+03   5.035E+00  2.534E-03 
5.975E+03   4.995E+00  2.509E-03 
6.045E+03   4.956E+00  2.484E-03 
6.115E+03   4.916E+00  2.459E-03 
6.186E+03   4.877E+00  2.435E-03 
6.257E+03   4.839E+00  2.411E-03 
6.330E+03   4.800E+00  2.387E-03 
6.403E+03   4.762E+00  2.363E-03 
6.478E+03   4.724E+00  2.340E-03 
6.553E+03   4.686E+00  2.316E-03 
6.629E+03   4.649E+00  2.293E-03 
6.706E+03   4.612E+00  2.270E-03 
6.783E+03   4.575E+00  2.248E-03 
6.862E+03   4.538E+00  2.225E-03 
6.942E+03   4.502E+00  2.203E-03 
7.022E+03   4.466E+00  2.181E-03 
7.104E+03   4.430E+00  2.160E-03 
7.186E+03   4.394E+00  2.138E-03 
7.269E+03   4.359E+00  2.117E-03 
7.354E+03   4.324E+00  2.096E-03 
7.439E+03   4.289E+00  2.075E-03 
7.525E+03   4.254E+00  2.054E-03 
7.613E+03   4.220E+00  2.034E-03 
7.701E+03   4.186E+00  2.013E-03 
7.790E+03   4.152E+00  1.993E-03 
7.881E+03   4.118E+00  1.973E-03 
7.972E+03   4.085E+00  1.954E-03 
8.064E+03   4.052E+00  1.934E-03 
8.158E+03   4.019E+00  1.915E-03 
8.253E+03   3.986E+00  1.896E-03 
8.348E+03   3.954E+00  1.877E-03 
8.445E+03   3.921E+00  1.858E-03 
8.543E+03   3.889E+00  1.840E-03 
8.642E+03   3.858E+00  1.821E-03 
8.742E+03   3.826E+00  1.803E-03 
8.844E+03   3.795E+00  1.785E-03 
8.946E+03   3.764E+00  1.767E-03 
9.050E+03   3.733E+00  1.749E-03 
9.155E+03   3.702E+00  1.732E-03 
9.261E+03   3.672E+00  1.715E-03 
9.369E+03   3.641E+00  1.697E-03 
9.477E+03   3.611E+00  1.680E-03 
9.587E+03   3.582E+00  1.664E-03 
9.699E+03   3.552E+00  1.647E-03 
9.811E+03   3.523E+00  1.630E-03 
9.925E+03   3.494E+00  1.614E-03 
1.004E+04   3.465E+00  1.598E-03 
1.016E+04   3.436E+00  1.582E-03 
1.027E+04   3.408E+00  1.566E-03 
1.039E+04   3.380E+00  1.550E-03 
1.051E+04   3.351E+00  1.535E-03 
1.064E+04   3.324E+00  1.519E-03 
1.076E+04   3.296E+00  1.504E-03 
1.088E+04   3.269E+00  1.489E-03 
1.101E+04   3.241E+00  1.474E-03 
1.114E+04   3.214E+00  1.459E-03 
1.127E+04   3.188E+00  1.445E-03 
1.140E+04   3.161E+00  1.430E-03 
1.153E+04   3.135E+00  1.416E-03 
1.166E+04   3.108E+00  1.402E-03 
1.180E+04   3.082E+00  1.387E-03 
1.194E+04   3.057E+00  1.373E-03 
1.207E+04   3.031E+00  1.360E-03 
1.221E+04   3.006E+00  1.346E-03 
1.236E+04   2.980E+00  1.332E-03 
1.250E+04   2.955E+00  1.319E-03 
1.264E+04   2.931E+00  1.306E-03 
1.279E+04   2.906E+00  1.293E-03 
1.294E+04   2.882E+00  1.280E-03 
1.309E+04   2.857E+00  1.267E-03 
1.324E+04   2.833E+00  1.254E-03 
1.340E+04   2.809E+00  1.241E-03 
1.355E+04   2.786E+00  1.229E-03 
1.371E+04   2.762E+00  1.216E-03 
1.387E+04   2.739E+00  1.204E-03 
1.403E+04   2.716E+00  1.192E-03 
1.419E+04   2.693E+00  1.180E-03 
1.435E+04   2.670E+00  1.168E-03 
1.452E+04   2.647E+00  1.156E-03 
1.469E+04   2.625E+00  1.145E-03 
1.486E+04   2.603E+00  1.133E-03 
1.503E+04   2.581E+00  1.122E-03 
1.521E+04   2.559E+00  1.110E-03 
1.538E+04   2.537E+00  1.099E-03 
1.556E+04   2.515E+00  1.088E-03 
1.574E+04   2.494E+00  1.077E-03 
1.592E+04   2.473E+00  1.066E-03 
1.611E+04   2.452E+00  1.055E-03 
1.630E+04   2.431E+00  1.045E-03 
1.649E+04   2.410E+00  1.034E-03 
1.668E+04   2.390E+00  1.024E-03 
1.687E+04   2.369E+00  1.013E-03 
1.707E+04   2.349E+00  1.003E-03 
1.726E+04   2.329E+00  9.930E-04 
1.746E+04   2.309E+00  9.829E-04 
1.767E+04   2.289E+00  9.730E-04 
1.787E+04   2.270E+00  9.631E-04 
1.808E+04   2.250E+00  9.534E-04 
1.829E+04   2.231E+00  9.437E-04 
1.850E+04   2.212E+00  9.342E-04 
1.871E+04   2.193E+00  9.247E-04 
1.893E+04   2.174E+00  9.153E-04 
1.915E+04   2.155E+00  9.061E-04 
1.937E+04   2.137E+00  8.969E-04 
1.960E+04   2.119E+00  8.878E-04 
1.983E+04   2.100E+00  8.788E-04 
2.006E+04   2.082E+00  8.699E-04 
2.029E+04   2.064E+00  8.610E-04 
2.052E+04   2.047E+00  8.523E-04 
2.076E+04   2.029E+00  8.437E-04 
2.100E+04   2.012E+00  8.351E-04 
2.125E+04   1.994E+00  8.266E-04 
2.149E+04   1.977E+00  8.182E-04 
2.174E+04   1.960E+00  8.099E-04 
2.199E+04   1.943E+00  8.017E-04 
2.225E+04   1.926E+00  7.936E-04 
2.251E+04   1.910E+00  7.855E-04 
2.277E+04   1.893E+00  7.775E-04 
2.303E+04   1.877E+00  7.696E-04 
2.330E+04   1.861E+00  7.618E-04 
2.357E+04   1.845E+00  7.541E-04 
2.384E+04   1.829E+00  7.464E-04 
2.412E+04   1.813E+00  7.388E-04 
2.440E+04   1.797E+00  7.313E-04 
2.468E+04   1.782E+00  7.239E-04 
2.497E+04   1.766E+00  7.165E-04 
2.526E+04   1.751E+00  7.092E-04 
2.555E+04   1.736E+00  7.020E-04 
2.585E+04   1.721E+00  6.948E-04 
2.615E+04   1.706E+00  6.878E-04 
2.645E+04   1.691E+00  6.808E-04 
2.676E+04   1.677E+00  6.738E-04 
2.707E+04   1.662E+00  6.670E-04 
2.738E+04   1.648E+00  6.602E-04 
2.770E+04   1.633E+00  6.535E-04 
2.802E+04   1.619E+00  6.468E-04 
2.835E+04   1.605E+00  6.402E-04 
2.867E+04   1.591E+00  6.337E-04 
2.901E+04   1.578E+00  6.272E-04 
2.934E+04   1.564E+00  6.208E-04 
2.968E+04   1.550E+00  6.145E-04 
3.003E+04   1.537E+00  6.082E-04 
3.038E+04   1.524E+00  6.020E-04 
3.073E+04   1.510E+00  5.959E-04 
3.109E+04   1.497E+00  5.898E-04 
3.145E+04   1.484E+00  5.838E-04 
3.181E+04   1.471E+00  5.778E-04 
3.218E+04   1.459E+00  5.719E-04 
3.255E+04   1.446E+00  5.661E-04 
3.293E+04   1.433E+00  5.603E-04 
3.331E+04   1.421E+00  5.546E-04 
3.370E+04   1.409E+00  5.489E-04 
3.409E+04   1.396E+00  5.433E-04 
3.449E+04   1.384E+00  5.378E-04 
3.489E+04   1.372E+00  5.323E-04 
3.529E+04   1.360E+00  5.268E-04 
3.570E+04   1.349E+00  5.214E-04 
3.611E+04   1.337E+00  5.161E-04 
3.653E+04   1.325E+00  5.108E-04 
3.696E+04   1.314E+00  5.056E-04 
3.738E+04   1.302E+00  5.004E-04 
3.782E+04   1.291E+00  4.953E-04 
3.826E+04   1.280E+00  4.902E-04 
3.870E+04   1.269E+00  4.852E-04 
3.915E+04   1.258E+00  4.803E-04 
3.960E+04   1.247E+00  4.753E-04 
4.006E+04   1.236E+00  4.705E-04 
4.053E+04   1.225E+00  4.657E-04 
4.100E+04   1.215E+00  4.609E-04 
4.147E+04   1.204E+00  4.562E-04 
4.195E+04   1.194E+00  4.515E-04 
4.244E+04   1.184E+00  4.469E-04 
4.293E+04   1.173E+00  4.423E-04 
4.343E+04   1.163E+00  4.378E-04 
4.394E+04   1.153E+00  4.333E-04 
4.444E+04   1.143E+00  4.288E-04 
4.496E+04   1.133E+00  4.244E-04 
4.548E+04   1.123E+00  4.201E-04 
4.601E+04   1.114E+00  4.158E-04 
4.654E+04   1.104E+00  4.115E-04 
4.708E+04   1.095E+00  4.073E-04 
4.763E+04   1.085E+00  4.031E-04 
4.818E+04   1.076E+00  3.990E-04 
4.874E+04   1.066E+00  3.949E-04 
4.931E+04   1.057E+00  3.908E-04 
4.988E+04   1.048E+00  3.868E-04 
5.046E+04   1.039E+00  3.828E-04 
5.104E+04   1.030E+00  3.789E-04 
5.163E+04   1.021E+00  3.750E-04 
5.223E+04   1.012E+00  3.712E-04 
5.284E+04   1.004E+00  3.673E-04 
5.345E+04   9.952E-01  3.636E-04 
5.407E+04   9.866E-01  3.598E-04 
5.470E+04   9.781E-01  3.561E-04 
5.533E+04   9.697E-01  3.525E-04 
5.597E+04   9.614E-01  3.489E-04 
5.662E+04   9.532E-01  3.453E-04 
5.728E+04   9.450E-01  3.417E-04 
5.794E+04   9.369E-01  3.382E-04 
5.862E+04   9.289E-01  3.347E-04 
5.930E+04   9.209E-01  3.313E-04 
5.998E+04   9.131E-01  3.279E-04 
6.068E+04   9.053E-01  3.245E-04 
6.138E+04   8.975E-01  3.212E-04 
6.210E+04   8.899E-01  3.178E-04 
6.282E+04   8.823E-01  3.146E-04 
6.354E+04   8.748E-01  3.113E-04 
6.428E+04   8.673E-01  3.081E-04 
6.503E+04   8.599E-01  3.050E-04 
6.578E+04   8.526E-01  3.018E-04 
6.654E+04   8.454E-01  2.987E-04 
6.732E+04   8.382E-01  2.956E-04 
6.810E+04   8.311E-01  2.926E-04 
6.889E+04   8.240E-01  2.896E-04 
6.969E+04   8.171E-01  2.866E-04 
7.049E+04   8.101E-01  2.836E-04 
7.131E+04   8.033E-01  2.807E-04 
7.214E+04   7.965E-01  2.778E-04 
7.298E+04   7.898E-01  2.749E-04 
7.382E+04   7.831E-01  2.721E-04 
7.468E+04   7.765E-01  2.693E-04 
7.555E+04   7.700E-01  2.665E-04 
7.642E+04   7.635E-01  2.638E-04 
7.731E+04   7.571E-01  2.611E-04 
7.820E+04   7.508E-01  2.584E-04 
7.911E+04   7.445E-01  2.557E-04 
8.003E+04   7.382E-01  2.531E-04 
8.096E+04   7.321E-01  2.504E-04 
8.190E+04   7.259E-01  2.479E-04 
8.285E+04   7.199E-01  2.453E-04 
8.381E+04   7.139E-01  2.428E-04 
8.478E+04   7.079E-01  2.403E-04 
8.576E+04   7.020E-01  2.378E-04 
8.676E+04   6.962E-01  2.353E-04 
8.776E+04   6.904E-01  2.329E-04 
8.878E+04   6.847E-01  2.305E-04 
8.981E+04   6.790E-01  2.281E-04 
9.085E+04   6.734E-01  2.257E-04 
9.191E+04   6.679E-01  2.234E-04 
9.297E+04   6.624E-01  2.211E-04 
9.405E+04   6.569E-01  2.188E-04 
9.514E+04   6.515E-01  2.165E-04 
9.625E+04   6.461E-01  2.143E-04 
9.736E+04   6.408E-01  2.121E-04 
9.849E+04   6.356E-01  2.099E-04 
9.963E+04   6.304E-01  2.077E-04 
1.008E+05   6.252E-01  2.056E-04 
