Ion = Hydrogen    . Mass = 1.0079
Tgt = Tc (Solid). Density = 11.5 g/cm3
Stopping Units =  eV/(1E15 atoms/cm2)
Energy(keV)  S(Elec)    S(Nuc)
1.000E+00   7.419E+00  3.724E-01 
1.012E+00   7.462E+00  3.726E-01 
1.023E+00   7.505E+00  3.727E-01 
1.035E+00   7.549E+00  3.729E-01 
1.047E+00   7.592E+00  3.730E-01 
1.059E+00   7.636E+00  3.732E-01 
1.072E+00   7.681E+00  3.733E-01 
1.084E+00   7.725E+00  3.734E-01 
1.097E+00   7.770E+00  3.735E-01 
1.109E+00   7.815E+00  3.736E-01 
1.122E+00   7.860E+00  3.737E-01 
1.135E+00   7.905E+00  3.738E-01 
1.148E+00   7.951E+00  3.739E-01 
1.162E+00   7.997E+00  3.740E-01 
1.175E+00   8.043E+00  3.741E-01 
1.189E+00   8.090E+00  3.741E-01 
1.203E+00   8.136E+00  3.742E-01 
1.217E+00   8.183E+00  3.742E-01 
1.231E+00   8.231E+00  3.743E-01 
1.245E+00   8.278E+00  3.743E-01 
1.259E+00   8.326E+00  3.743E-01 
1.274E+00   8.374E+00  3.744E-01 
1.289E+00   8.423E+00  3.744E-01 
1.304E+00   8.472E+00  3.744E-01 
1.319E+00   8.521E+00  3.744E-01 
1.334E+00   8.570E+00  3.744E-01 
1.350E+00   8.619E+00  3.744E-01 
1.365E+00   8.669E+00  3.743E-01 
1.381E+00   8.719E+00  3.743E-01 
1.397E+00   8.770E+00  3.743E-01 
1.413E+00   8.820E+00  3.742E-01 
1.430E+00   8.871E+00  3.742E-01 
1.446E+00   8.923E+00  3.741E-01 
1.463E+00   8.974E+00  3.741E-01 
1.480E+00   9.026E+00  3.740E-01 
1.497E+00   9.078E+00  3.739E-01 
1.515E+00   9.131E+00  3.738E-01 
1.532E+00   9.184E+00  3.737E-01 
1.550E+00   9.237E+00  3.736E-01 
1.568E+00   9.290E+00  3.735E-01 
1.586E+00   9.344E+00  3.734E-01 
1.605E+00   9.398E+00  3.733E-01 
1.623E+00   9.452E+00  3.731E-01 
1.642E+00   9.507E+00  3.730E-01 
1.661E+00   9.562E+00  3.728E-01 
1.680E+00   9.617E+00  3.727E-01 
1.700E+00   9.673E+00  3.725E-01 
1.719E+00   9.729E+00  3.724E-01 
1.739E+00   9.785E+00  3.722E-01 
1.760E+00   9.842E+00  3.720E-01 
1.780E+00   9.899E+00  3.718E-01 
1.801E+00   9.956E+00  3.716E-01 
1.822E+00   1.001E+01  3.714E-01 
1.843E+00   1.007E+01  3.712E-01 
1.864E+00   1.013E+01  3.709E-01 
1.886E+00   1.019E+01  3.707E-01 
1.908E+00   1.025E+01  3.705E-01 
1.930E+00   1.031E+01  3.702E-01 
1.952E+00   1.037E+01  3.700E-01 
1.975E+00   1.043E+01  3.697E-01 
1.998E+00   1.049E+01  3.694E-01 
2.021E+00   1.054E+01  3.691E-01 
2.044E+00   1.059E+01  3.689E-01 
2.068E+00   1.064E+01  3.686E-01 
2.092E+00   1.068E+01  3.683E-01 
2.116E+00   1.073E+01  3.679E-01 
2.141E+00   1.077E+01  3.676E-01 
2.166E+00   1.082E+01  3.673E-01 
2.191E+00   1.087E+01  3.670E-01 
2.216E+00   1.092E+01  3.666E-01 
2.242E+00   1.097E+01  3.663E-01 
2.268E+00   1.101E+01  3.659E-01 
2.294E+00   1.106E+01  3.655E-01 
2.321E+00   1.111E+01  3.652E-01 
2.348E+00   1.116E+01  3.648E-01 
2.375E+00   1.121E+01  3.644E-01 
2.402E+00   1.126E+01  3.640E-01 
2.430E+00   1.131E+01  3.636E-01 
2.458E+00   1.136E+01  3.632E-01 
2.487E+00   1.141E+01  3.628E-01 
2.516E+00   1.146E+01  3.623E-01 
2.545E+00   1.151E+01  3.619E-01 
2.574E+00   1.157E+01  3.615E-01 
2.604E+00   1.162E+01  3.610E-01 
2.635E+00   1.167E+01  3.605E-01 
2.665E+00   1.172E+01  3.601E-01 
2.696E+00   1.178E+01  3.596E-01 
2.727E+00   1.183E+01  3.591E-01 
2.759E+00   1.188E+01  3.586E-01 
2.791E+00   1.194E+01  3.581E-01 
2.823E+00   1.199E+01  3.576E-01 
2.856E+00   1.205E+01  3.571E-01 
2.889E+00   1.210E+01  3.566E-01 
2.923E+00   1.216E+01  3.561E-01 
2.957E+00   1.221E+01  3.555E-01 
2.991E+00   1.227E+01  3.550E-01 
3.026E+00   1.232E+01  3.544E-01 
3.061E+00   1.238E+01  3.539E-01 
3.096E+00   1.244E+01  3.533E-01 
3.132E+00   1.250E+01  3.527E-01 
3.168E+00   1.255E+01  3.521E-01 
3.205E+00   1.261E+01  3.515E-01 
3.242E+00   1.267E+01  3.509E-01 
3.280E+00   1.273E+01  3.503E-01 
3.318E+00   1.279E+01  3.497E-01 
3.356E+00   1.285E+01  3.491E-01 
3.395E+00   1.291E+01  3.485E-01 
3.435E+00   1.297E+01  3.479E-01 
3.475E+00   1.303E+01  3.472E-01 
3.515E+00   1.309E+01  3.466E-01 
3.556E+00   1.315E+01  3.459E-01 
3.597E+00   1.321E+01  3.452E-01 
3.639E+00   1.328E+01  3.446E-01 
3.681E+00   1.334E+01  3.439E-01 
3.724E+00   1.340E+01  3.432E-01 
3.767E+00   1.347E+01  3.425E-01 
3.810E+00   1.353E+01  3.418E-01 
3.855E+00   1.359E+01  3.411E-01 
3.899E+00   1.366E+01  3.404E-01 
3.945E+00   1.372E+01  3.397E-01 
3.990E+00   1.379E+01  3.390E-01 
4.037E+00   1.386E+01  3.382E-01 
4.083E+00   1.392E+01  3.375E-01 
4.131E+00   1.399E+01  3.367E-01 
4.179E+00   1.406E+01  3.360E-01 
4.227E+00   1.412E+01  3.352E-01 
4.276E+00   1.419E+01  3.344E-01 
4.326E+00   1.426E+01  3.337E-01 
4.376E+00   1.433E+01  3.329E-01 
4.427E+00   1.440E+01  3.321E-01 
4.478E+00   1.447E+01  3.313E-01 
4.530E+00   1.454E+01  3.305E-01 
4.583E+00   1.461E+01  3.297E-01 
4.636E+00   1.468E+01  3.289E-01 
4.690E+00   1.475E+01  3.281E-01 
4.744E+00   1.482E+01  3.272E-01 
4.799E+00   1.489E+01  3.264E-01 
4.855E+00   1.496E+01  3.256E-01 
4.911E+00   1.504E+01  3.247E-01 
4.968E+00   1.511E+01  3.239E-01 
5.026E+00   1.518E+01  3.230E-01 
5.084E+00   1.526E+01  3.222E-01 
5.143E+00   1.533E+01  3.213E-01 
5.202E+00   1.541E+01  3.204E-01 
5.263E+00   1.548E+01  3.195E-01 
5.324E+00   1.556E+01  3.187E-01 
5.386E+00   1.564E+01  3.178E-01 
5.448E+00   1.571E+01  3.169E-01 
5.511E+00   1.579E+01  3.160E-01 
5.575E+00   1.587E+01  3.151E-01 
5.640E+00   1.595E+01  3.142E-01 
5.705E+00   1.603E+01  3.132E-01 
5.771E+00   1.611E+01  3.123E-01 
5.838E+00   1.619E+01  3.114E-01 
5.906E+00   1.627E+01  3.104E-01 
5.975E+00   1.635E+01  3.095E-01 
6.044E+00   1.643E+01  3.086E-01 
6.114E+00   1.651E+01  3.076E-01 
6.185E+00   1.659E+01  3.067E-01 
6.257E+00   1.667E+01  3.057E-01 
6.329E+00   1.676E+01  3.047E-01 
6.403E+00   1.684E+01  3.038E-01 
6.477E+00   1.693E+01  3.028E-01 
6.552E+00   1.701E+01  3.018E-01 
6.628E+00   1.710E+01  3.008E-01 
6.705E+00   1.718E+01  2.998E-01 
6.783E+00   1.727E+01  2.989E-01 
6.861E+00   1.735E+01  2.979E-01 
6.941E+00   1.744E+01  2.969E-01 
7.021E+00   1.753E+01  2.959E-01 
7.103E+00   1.762E+01  2.949E-01 
7.185E+00   1.771E+01  2.938E-01 
7.269E+00   1.779E+01  2.928E-01 
7.353E+00   1.788E+01  2.918E-01 
7.438E+00   1.797E+01  2.908E-01 
7.524E+00   1.807E+01  2.897E-01 
7.612E+00   1.816E+01  2.887E-01 
7.700E+00   1.825E+01  2.877E-01 
7.789E+00   1.834E+01  2.866E-01 
7.880E+00   1.843E+01  2.856E-01 
7.971E+00   1.853E+01  2.846E-01 
8.064E+00   1.862E+01  2.835E-01 
8.157E+00   1.871E+01  2.825E-01 
8.252E+00   1.881E+01  2.814E-01 
8.347E+00   1.890E+01  2.803E-01 
8.444E+00   1.900E+01  2.793E-01 
8.542E+00   1.910E+01  2.782E-01 
8.641E+00   1.919E+01  2.771E-01 
8.741E+00   1.929E+01  2.761E-01 
8.843E+00   1.939E+01  2.750E-01 
8.945E+00   1.949E+01  2.739E-01 
9.049E+00   1.959E+01  2.728E-01 
9.154E+00   1.969E+01  2.718E-01 
9.260E+00   1.979E+01  2.707E-01 
9.368E+00   1.989E+01  2.696E-01 
9.476E+00   1.999E+01  2.685E-01 
9.586E+00   2.009E+01  2.674E-01 
9.698E+00   2.019E+01  2.663E-01 
9.810E+00   2.030E+01  2.652E-01 
9.924E+00   2.040E+01  2.641E-01 
1.004E+01   2.051E+01  2.630E-01 
1.016E+01   2.061E+01  2.619E-01 
1.027E+01   2.072E+01  2.608E-01 
1.039E+01   2.082E+01  2.597E-01 
1.051E+01   2.093E+01  2.586E-01 
1.063E+01   2.103E+01  2.575E-01 
1.076E+01   2.114E+01  2.564E-01 
1.088E+01   2.125E+01  2.553E-01 
1.101E+01   2.136E+01  2.542E-01 
1.114E+01   2.147E+01  2.530E-01 
1.127E+01   2.158E+01  2.519E-01 
1.140E+01   2.169E+01  2.508E-01 
1.153E+01   2.180E+01  2.497E-01 
1.166E+01   2.191E+01  2.486E-01 
1.180E+01   2.202E+01  2.475E-01 
1.193E+01   2.213E+01  2.463E-01 
1.207E+01   2.225E+01  2.452E-01 
1.221E+01   2.236E+01  2.441E-01 
1.235E+01   2.248E+01  2.430E-01 
1.250E+01   2.259E+01  2.418E-01 
1.264E+01   2.271E+01  2.407E-01 
1.279E+01   2.282E+01  2.396E-01 
1.294E+01   2.294E+01  2.385E-01 
1.309E+01   2.306E+01  2.373E-01 
1.324E+01   2.317E+01  2.362E-01 
1.339E+01   2.329E+01  2.351E-01 
1.355E+01   2.341E+01  2.340E-01 
1.371E+01   2.353E+01  2.328E-01 
1.387E+01   2.365E+01  2.317E-01 
1.403E+01   2.377E+01  2.306E-01 
1.419E+01   2.389E+01  2.295E-01 
1.435E+01   2.401E+01  2.283E-01 
1.452E+01   2.413E+01  2.272E-01 
1.469E+01   2.426E+01  2.261E-01 
1.486E+01   2.438E+01  2.250E-01 
1.503E+01   2.450E+01  2.238E-01 
1.521E+01   2.463E+01  2.227E-01 
1.538E+01   2.475E+01  2.216E-01 
1.556E+01   2.488E+01  2.205E-01 
1.574E+01   2.500E+01  2.193E-01 
1.592E+01   2.513E+01  2.182E-01 
1.611E+01   2.526E+01  2.171E-01 
1.629E+01   2.538E+01  2.160E-01 
1.648E+01   2.551E+01  2.149E-01 
1.667E+01   2.564E+01  2.138E-01 
1.687E+01   2.577E+01  2.126E-01 
1.706E+01   2.590E+01  2.115E-01 
1.726E+01   2.603E+01  2.104E-01 
1.746E+01   2.616E+01  2.093E-01 
1.766E+01   2.629E+01  2.082E-01 
1.787E+01   2.642E+01  2.071E-01 
1.808E+01   2.655E+01  2.060E-01 
1.829E+01   2.669E+01  2.049E-01 
1.850E+01   2.682E+01  2.037E-01 
1.871E+01   2.695E+01  2.026E-01 
1.893E+01   2.709E+01  2.015E-01 
1.915E+01   2.722E+01  2.004E-01 
1.937E+01   2.736E+01  1.993E-01 
1.960E+01   2.749E+01  1.982E-01 
1.982E+01   2.763E+01  1.971E-01 
2.005E+01   2.776E+01  1.960E-01 
2.029E+01   2.790E+01  1.950E-01 
2.052E+01   2.804E+01  1.939E-01 
2.076E+01   2.817E+01  1.928E-01 
2.100E+01   2.831E+01  1.917E-01 
2.124E+01   2.845E+01  1.906E-01 
2.149E+01   2.859E+01  1.895E-01 
2.174E+01   2.873E+01  1.884E-01 
2.199E+01   2.887E+01  1.874E-01 
2.225E+01   2.901E+01  1.863E-01 
2.250E+01   2.915E+01  1.852E-01 
2.277E+01   2.929E+01  1.841E-01 
2.303E+01   2.943E+01  1.831E-01 
2.330E+01   2.957E+01  1.820E-01 
2.357E+01   2.971E+01  1.810E-01 
2.384E+01   2.985E+01  1.799E-01 
2.412E+01   2.999E+01  1.788E-01 
2.440E+01   3.013E+01  1.778E-01 
2.468E+01   3.028E+01  1.767E-01 
2.497E+01   3.042E+01  1.757E-01 
2.526E+01   3.056E+01  1.746E-01 
2.555E+01   3.071E+01  1.736E-01 
2.584E+01   3.085E+01  1.725E-01 
2.614E+01   3.099E+01  1.715E-01 
2.645E+01   3.114E+01  1.705E-01 
2.675E+01   3.128E+01  1.694E-01 
2.707E+01   3.142E+01  1.684E-01 
2.738E+01   3.157E+01  1.674E-01 
2.770E+01   3.171E+01  1.664E-01 
2.802E+01   3.186E+01  1.653E-01 
2.834E+01   3.200E+01  1.643E-01 
2.867E+01   3.215E+01  1.633E-01 
2.900E+01   3.229E+01  1.623E-01 
2.934E+01   3.244E+01  1.613E-01 
2.968E+01   3.258E+01  1.603E-01 
3.003E+01   3.272E+01  1.593E-01 
3.037E+01   3.287E+01  1.583E-01 
3.073E+01   3.301E+01  1.573E-01 
3.108E+01   3.316E+01  1.563E-01 
3.144E+01   3.330E+01  1.553E-01 
3.181E+01   3.345E+01  1.543E-01 
3.218E+01   3.359E+01  1.533E-01 
3.255E+01   3.374E+01  1.524E-01 
3.293E+01   3.388E+01  1.514E-01 
3.331E+01   3.402E+01  1.504E-01 
3.370E+01   3.417E+01  1.495E-01 
3.409E+01   3.431E+01  1.485E-01 
3.448E+01   3.445E+01  1.475E-01 
3.488E+01   3.460E+01  1.466E-01 
3.529E+01   3.474E+01  1.456E-01 
3.570E+01   3.488E+01  1.447E-01 
3.611E+01   3.502E+01  1.437E-01 
3.653E+01   3.516E+01  1.428E-01 
3.695E+01   3.531E+01  1.418E-01 
3.738E+01   3.545E+01  1.409E-01 
3.781E+01   3.559E+01  1.400E-01 
3.825E+01   3.573E+01  1.391E-01 
3.870E+01   3.587E+01  1.381E-01 
3.915E+01   3.600E+01  1.372E-01 
3.960E+01   3.614E+01  1.363E-01 
4.006E+01   3.628E+01  1.354E-01 
4.052E+01   3.642E+01  1.345E-01 
4.099E+01   3.655E+01  1.336E-01 
4.147E+01   3.669E+01  1.327E-01 
4.195E+01   3.682E+01  1.318E-01 
4.244E+01   3.696E+01  1.309E-01 
4.293E+01   3.709E+01  1.300E-01 
4.343E+01   3.722E+01  1.291E-01 
4.393E+01   3.735E+01  1.282E-01 
4.444E+01   3.748E+01  1.274E-01 
4.496E+01   3.761E+01  1.265E-01 
4.548E+01   3.774E+01  1.256E-01 
4.600E+01   3.787E+01  1.247E-01 
4.654E+01   3.800E+01  1.239E-01 
4.708E+01   3.812E+01  1.230E-01 
4.762E+01   3.825E+01  1.222E-01 
4.818E+01   3.837E+01  1.213E-01 
4.873E+01   3.849E+01  1.205E-01 
4.930E+01   3.861E+01  1.196E-01 
4.987E+01   3.873E+01  1.188E-01 
5.045E+01   3.885E+01  1.180E-01 
5.104E+01   3.897E+01  1.171E-01 
5.163E+01   3.908E+01  1.163E-01 
5.223E+01   3.920E+01  1.155E-01 
5.283E+01   3.931E+01  1.147E-01 
5.344E+01   3.942E+01  1.139E-01 
5.406E+01   3.953E+01  1.131E-01 
5.469E+01   3.964E+01  1.123E-01 
5.533E+01   3.974E+01  1.115E-01 
5.597E+01   3.985E+01  1.107E-01 
5.662E+01   3.995E+01  1.099E-01 
5.727E+01   4.005E+01  1.091E-01 
5.794E+01   4.015E+01  1.083E-01 
5.861E+01   4.025E+01  1.075E-01 
5.929E+01   4.035E+01  1.067E-01 
5.998E+01   4.044E+01  1.060E-01 
6.067E+01   4.054E+01  1.052E-01 
6.138E+01   4.063E+01  1.044E-01 
6.209E+01   4.071E+01  1.037E-01 
6.281E+01   4.080E+01  1.029E-01 
6.354E+01   4.089E+01  1.022E-01 
6.427E+01   4.097E+01  1.014E-01 
6.502E+01   4.105E+01  1.007E-01 
6.577E+01   4.113E+01  9.994E-02 
6.654E+01   4.120E+01  9.920E-02 
6.731E+01   4.128E+01  9.847E-02 
6.809E+01   4.135E+01  9.775E-02 
6.888E+01   4.142E+01  9.702E-02 
6.968E+01   4.148E+01  9.630E-02 
7.049E+01   4.155E+01  9.559E-02 
7.130E+01   4.161E+01  9.488E-02 
7.213E+01   4.167E+01  9.417E-02 
7.297E+01   4.172E+01  9.347E-02 
7.381E+01   4.178E+01  9.277E-02 
7.467E+01   4.183E+01  9.208E-02 
7.554E+01   4.188E+01  9.138E-02 
7.641E+01   4.193E+01  9.070E-02 
7.730E+01   4.197E+01  9.001E-02 
7.820E+01   4.201E+01  8.934E-02 
7.910E+01   4.205E+01  8.866E-02 
8.002E+01   4.209E+01  8.799E-02 
8.095E+01   4.212E+01  8.732E-02 
8.189E+01   4.215E+01  8.666E-02 
8.284E+01   4.218E+01  8.600E-02 
8.380E+01   4.221E+01  8.535E-02 
8.477E+01   4.223E+01  8.469E-02 
8.575E+01   4.225E+01  8.405E-02 
8.675E+01   4.227E+01  8.340E-02 
8.775E+01   4.228E+01  8.276E-02 
8.877E+01   4.229E+01  8.213E-02 
8.980E+01   4.230E+01  8.150E-02 
9.084E+01   4.230E+01  8.087E-02 
9.190E+01   4.231E+01  8.025E-02 
9.296E+01   4.231E+01  7.963E-02 
9.404E+01   4.230E+01  7.901E-02 
9.513E+01   4.230E+01  7.840E-02 
9.624E+01   4.229E+01  7.779E-02 
9.735E+01   4.228E+01  7.718E-02 
9.848E+01   4.226E+01  7.658E-02 
9.962E+01   4.224E+01  7.599E-02 
1.008E+02   4.222E+01  7.539E-02 
1.019E+02   4.220E+01  7.480E-02 
1.031E+02   4.217E+01  7.422E-02 
1.043E+02   4.214E+01  7.363E-02 
1.055E+02   4.211E+01  7.306E-02 
1.068E+02   4.207E+01  7.248E-02 
1.080E+02   4.204E+01  7.191E-02 
1.093E+02   4.200E+01  7.134E-02 
1.105E+02   4.195E+01  7.078E-02 
1.118E+02   4.190E+01  7.022E-02 
1.131E+02   4.185E+01  6.966E-02 
1.144E+02   4.180E+01  6.911E-02 
1.157E+02   4.175E+01  6.856E-02 
1.171E+02   4.169E+01  6.802E-02 
1.184E+02   4.163E+01  6.747E-02 
1.198E+02   4.156E+01  6.694E-02 
1.212E+02   4.150E+01  6.640E-02 
1.226E+02   4.143E+01  6.587E-02 
1.240E+02   4.136E+01  6.534E-02 
1.255E+02   4.128E+01  6.482E-02 
1.269E+02   4.121E+01  6.430E-02 
1.284E+02   4.113E+01  6.378E-02 
1.299E+02   4.105E+01  6.327E-02 
1.314E+02   4.096E+01  6.276E-02 
1.329E+02   4.088E+01  6.225E-02 
1.345E+02   4.079E+01  6.175E-02 
1.360E+02   4.069E+01  6.259E-02 
1.376E+02   4.060E+01  6.208E-02 
1.392E+02   4.050E+01  6.158E-02 
1.408E+02   4.041E+01  6.108E-02 
1.424E+02   4.030E+01  6.058E-02 
1.441E+02   4.020E+01  6.008E-02 
1.458E+02   4.010E+01  5.959E-02 
1.475E+02   3.999E+01  5.911E-02 
1.492E+02   3.988E+01  5.862E-02 
1.509E+02   3.977E+01  5.814E-02 
1.526E+02   3.965E+01  5.766E-02 
1.544E+02   3.954E+01  5.719E-02 
1.562E+02   3.942E+01  5.672E-02 
1.580E+02   3.930E+01  5.625E-02 
1.598E+02   3.918E+01  5.578E-02 
1.617E+02   3.906E+01  5.532E-02 
1.636E+02   3.893E+01  5.486E-02 
1.655E+02   3.881E+01  5.441E-02 
1.674E+02   3.868E+01  5.396E-02 
1.693E+02   3.855E+01  5.351E-02 
1.713E+02   3.842E+01  5.306E-02 
1.733E+02   3.829E+01  5.262E-02 
1.753E+02   3.815E+01  5.218E-02 
1.773E+02   3.802E+01  5.175E-02 
1.794E+02   3.788E+01  5.131E-02 
1.815E+02   3.774E+01  5.088E-02 
1.836E+02   3.760E+01  5.046E-02 
1.857E+02   3.746E+01  5.003E-02 
1.879E+02   3.732E+01  4.961E-02 
1.900E+02   3.718E+01  4.920E-02 
1.922E+02   3.703E+01  4.878E-02 
1.945E+02   3.689E+01  4.837E-02 
1.967E+02   3.674E+01  4.796E-02 
1.990E+02   3.660E+01  4.756E-02 
2.013E+02   3.645E+01  4.716E-02 
2.036E+02   3.630E+01  4.676E-02 
2.060E+02   3.615E+01  4.636E-02 
2.084E+02   3.600E+01  4.597E-02 
2.108E+02   3.585E+01  4.558E-02 
2.133E+02   3.569E+01  4.519E-02 
2.157E+02   3.554E+01  4.481E-02 
2.182E+02   3.539E+01  4.442E-02 
2.208E+02   3.523E+01  4.404E-02 
2.233E+02   3.508E+01  4.367E-02 
2.259E+02   3.492E+01  4.330E-02 
2.285E+02   3.477E+01  4.293E-02 
2.312E+02   3.461E+01  4.256E-02 
2.339E+02   3.445E+01  4.219E-02 
2.366E+02   3.430E+01  4.183E-02 
2.393E+02   3.414E+01  4.147E-02 
2.421E+02   3.398E+01  4.112E-02 
2.449E+02   3.382E+01  4.076E-02 
2.478E+02   3.366E+01  4.041E-02 
2.506E+02   3.350E+01  4.006E-02 
2.535E+02   3.334E+01  3.972E-02 
2.565E+02   3.318E+01  3.937E-02 
2.595E+02   3.302E+01  3.903E-02 
2.625E+02   3.286E+01  3.870E-02 
2.655E+02   3.270E+01  3.836E-02 
2.686E+02   3.254E+01  3.803E-02 
2.717E+02   3.238E+01  3.770E-02 
2.749E+02   3.222E+01  3.737E-02 
2.780E+02   3.206E+01  3.705E-02 
2.813E+02   3.190E+01  3.672E-02 
2.845E+02   3.174E+01  3.640E-02 
2.878E+02   3.158E+01  3.609E-02 
2.912E+02   3.142E+01  3.577E-02 
2.945E+02   3.126E+01  3.546E-02 
2.980E+02   3.109E+01  3.515E-02 
3.014E+02   3.093E+01  3.484E-02 
3.049E+02   3.077E+01  3.454E-02 
3.085E+02   3.061E+01  3.423E-02 
3.120E+02   3.045E+01  3.393E-02 
3.156E+02   3.029E+01  3.364E-02 
3.193E+02   3.013E+01  3.334E-02 
3.230E+02   2.997E+01  3.305E-02 
3.268E+02   2.981E+01  3.276E-02 
3.306E+02   2.965E+01  3.247E-02 
3.344E+02   2.949E+01  3.218E-02 
3.383E+02   2.933E+01  3.190E-02 
3.422E+02   2.917E+01  3.162E-02 
3.462E+02   2.901E+01  3.134E-02 
3.502E+02   2.885E+01  3.106E-02 
3.542E+02   2.870E+01  3.079E-02 
3.583E+02   2.854E+01  3.051E-02 
3.625E+02   2.838E+01  3.024E-02 
3.667E+02   2.822E+01  2.997E-02 
3.710E+02   2.806E+01  2.971E-02 
3.753E+02   2.791E+01  2.944E-02 
3.796E+02   2.775E+01  2.918E-02 
3.840E+02   2.759E+01  2.892E-02 
3.885E+02   2.744E+01  2.867E-02 
3.930E+02   2.728E+01  2.841E-02 
3.975E+02   2.713E+01  2.816E-02 
4.021E+02   2.697E+01  2.791E-02 
4.068E+02   2.681E+01  2.766E-02 
4.115E+02   2.666E+01  2.741E-02 
4.163E+02   2.651E+01  2.716E-02 
4.211E+02   2.635E+01  2.692E-02 
4.260E+02   2.620E+01  2.668E-02 
4.310E+02   2.605E+01  2.644E-02 
4.360E+02   2.589E+01  2.620E-02 
4.410E+02   2.574E+01  2.597E-02 
4.461E+02   2.559E+01  2.574E-02 
4.513E+02   2.544E+01  2.551E-02 
4.565E+02   2.529E+01  2.528E-02 
4.618E+02   2.513E+01  2.505E-02 
4.672E+02   2.498E+01  2.482E-02 
4.726E+02   2.483E+01  2.460E-02 
4.781E+02   2.468E+01  2.438E-02 
4.836E+02   2.454E+01  2.416E-02 
4.892E+02   2.439E+01  2.394E-02 
4.949E+02   2.424E+01  2.372E-02 
5.007E+02   2.409E+01  2.351E-02 
5.065E+02   2.394E+01  2.330E-02 
5.123E+02   2.380E+01  2.309E-02 
5.183E+02   2.365E+01  2.288E-02 
5.243E+02   2.350E+01  2.267E-02 
5.304E+02   2.336E+01  2.246E-02 
5.365E+02   2.321E+01  2.226E-02 
5.428E+02   2.307E+01  2.206E-02 
5.490E+02   2.292E+01  2.186E-02 
5.554E+02   2.278E+01  2.166E-02 
5.619E+02   2.264E+01  2.146E-02 
5.684E+02   2.250E+01  2.127E-02 
5.750E+02   2.235E+01  2.107E-02 
5.816E+02   2.221E+01  2.088E-02 
5.884E+02   2.207E+01  2.069E-02 
5.952E+02   2.193E+01  2.050E-02 
6.021E+02   2.179E+01  2.031E-02 
6.091E+02   2.165E+01  2.013E-02 
6.162E+02   2.151E+01  1.994E-02 
6.233E+02   2.137E+01  1.976E-02 
6.305E+02   2.123E+01  1.958E-02 
6.378E+02   2.109E+01  1.940E-02 
6.452E+02   2.096E+01  1.922E-02 
6.527E+02   2.082E+01  1.905E-02 
6.603E+02   2.068E+01  1.887E-02 
6.680E+02   2.055E+01  1.870E-02 
6.757E+02   2.041E+01  1.853E-02 
6.835E+02   2.028E+01  1.836E-02 
6.915E+02   2.015E+01  1.819E-02 
6.995E+02   2.001E+01  1.802E-02 
7.076E+02   1.988E+01  1.786E-02 
7.158E+02   1.975E+01  1.769E-02 
7.241E+02   1.961E+01  1.753E-02 
7.325E+02   1.948E+01  1.737E-02 
7.410E+02   1.935E+01  1.721E-02 
7.496E+02   1.922E+01  1.705E-02 
7.583E+02   1.909E+01  1.689E-02 
7.671E+02   1.896E+01  1.673E-02 
7.760E+02   1.883E+01  1.658E-02 
7.850E+02   1.871E+01  1.643E-02 
7.941E+02   1.858E+01  1.627E-02 
8.033E+02   1.845E+01  1.612E-02 
8.126E+02   1.832E+01  1.597E-02 
8.221E+02   1.820E+01  1.582E-02 
8.316E+02   1.807E+01  1.568E-02 
8.412E+02   1.795E+01  1.553E-02 
8.510E+02   1.782E+01  1.539E-02 
8.609E+02   1.770E+01  1.525E-02 
8.709E+02   1.758E+01  1.510E-02 
8.810E+02   1.745E+01  1.496E-02 
8.912E+02   1.733E+01  1.482E-02 
9.015E+02   1.721E+01  1.469E-02 
9.120E+02   1.709E+01  1.455E-02 
9.225E+02   1.697E+01  1.441E-02 
9.332E+02   1.685E+01  1.428E-02 
9.441E+02   1.673E+01  1.415E-02 
9.550E+02   1.661E+01  1.401E-02 
9.661E+02   1.650E+01  1.388E-02 
9.773E+02   1.638E+01  1.375E-02 
9.886E+02   1.626E+01  1.362E-02 
1.000E+03   1.615E+01  1.350E-02 
1.012E+03   1.604E+01  1.337E-02 
1.023E+03   1.595E+01  1.325E-02 
1.035E+03   1.586E+01  1.312E-02 
1.047E+03   1.578E+01  1.300E-02 
1.059E+03   1.569E+01  1.288E-02 
1.072E+03   1.560E+01  1.276E-02 
1.084E+03   1.550E+01  1.264E-02 
1.097E+03   1.541E+01  1.252E-02 
1.109E+03   1.532E+01  1.240E-02 
1.122E+03   1.522E+01  1.228E-02 
1.135E+03   1.513E+01  1.217E-02 
1.149E+03   1.503E+01  1.205E-02 
1.162E+03   1.493E+01  1.194E-02 
1.175E+03   1.483E+01  1.183E-02 
1.189E+03   1.473E+01  1.172E-02 
1.203E+03   1.463E+01  1.161E-02 
1.217E+03   1.453E+01  1.150E-02 
1.231E+03   1.444E+01  1.139E-02 
1.245E+03   1.435E+01  1.128E-02 
1.260E+03   1.426E+01  1.117E-02 
1.274E+03   1.417E+01  1.107E-02 
1.289E+03   1.408E+01  1.096E-02 
1.304E+03   1.400E+01  1.086E-02 
1.319E+03   1.391E+01  1.076E-02 
1.334E+03   1.382E+01  1.066E-02 
1.350E+03   1.373E+01  1.056E-02 
1.365E+03   1.365E+01  1.046E-02 
1.381E+03   1.356E+01  1.036E-02 
1.397E+03   1.347E+01  1.026E-02 
1.414E+03   1.339E+01  1.016E-02 
1.430E+03   1.330E+01  1.007E-02 
1.446E+03   1.322E+01  9.970E-03 
1.463E+03   1.314E+01  9.875E-03 
1.480E+03   1.305E+01  9.781E-03 
1.497E+03   1.297E+01  9.688E-03 
1.515E+03   1.289E+01  9.596E-03 
1.532E+03   1.280E+01  9.505E-03 
1.550E+03   1.272E+01  9.415E-03 
1.568E+03   1.264E+01  9.325E-03 
1.586E+03   1.256E+01  9.236E-03 
1.605E+03   1.248E+01  9.148E-03 
1.623E+03   1.239E+01  9.061E-03 
1.642E+03   1.231E+01  8.975E-03 
1.661E+03   1.223E+01  8.889E-03 
1.680E+03   1.216E+01  8.805E-03 
1.700E+03   1.208E+01  8.721E-03 
1.720E+03   1.200E+01  8.637E-03 
1.740E+03   1.192E+01  8.555E-03 
1.760E+03   1.184E+01  8.473E-03 
1.780E+03   1.176E+01  8.392E-03 
1.801E+03   1.169E+01  8.312E-03 
1.822E+03   1.161E+01  8.233E-03 
1.843E+03   1.153E+01  8.154E-03 
1.864E+03   1.146E+01  8.076E-03 
1.886E+03   1.138E+01  7.998E-03 
1.908E+03   1.131E+01  7.922E-03 
1.930E+03   1.123E+01  7.846E-03 
1.952E+03   1.116E+01  7.771E-03 
1.975E+03   1.108E+01  7.696E-03 
1.998E+03   1.101E+01  7.622E-03 
2.021E+03   1.093E+01  7.549E-03 
2.044E+03   1.086E+01  7.477E-03 
2.068E+03   1.079E+01  7.405E-03 
2.092E+03   1.072E+01  7.334E-03 
2.116E+03   1.064E+01  7.263E-03 
2.141E+03   1.057E+01  7.194E-03 
2.166E+03   1.050E+01  7.124E-03 
2.191E+03   1.043E+01  7.056E-03 
2.216E+03   1.036E+01  6.988E-03 
2.242E+03   1.029E+01  6.921E-03 
2.268E+03   1.022E+01  6.854E-03 
2.294E+03   1.015E+01  6.788E-03 
2.321E+03   1.008E+01  6.723E-03 
2.348E+03   1.001E+01  6.658E-03 
2.375E+03   9.946E+00  6.594E-03 
2.403E+03   9.878E+00  6.530E-03 
2.431E+03   9.810E+00  6.467E-03 
2.459E+03   9.743E+00  6.405E-03 
2.487E+03   9.676E+00  6.343E-03 
2.516E+03   9.610E+00  6.281E-03 
2.545E+03   9.544E+00  6.221E-03 
2.575E+03   9.478E+00  6.161E-03 
2.605E+03   9.412E+00  6.101E-03 
2.635E+03   9.347E+00  6.042E-03 
2.665E+03   9.283E+00  5.983E-03 
2.696E+03   9.218E+00  5.926E-03 
2.728E+03   9.154E+00  5.868E-03 
2.759E+03   9.090E+00  5.811E-03 
2.791E+03   9.027E+00  5.755E-03 
2.824E+03   8.964E+00  5.699E-03 
2.856E+03   8.902E+00  5.644E-03 
2.889E+03   8.839E+00  5.589E-03 
2.923E+03   8.777E+00  5.535E-03 
2.957E+03   8.716E+00  5.481E-03 
2.991E+03   8.654E+00  5.428E-03 
3.026E+03   8.593E+00  5.375E-03 
3.061E+03   8.533E+00  5.323E-03 
3.097E+03   8.473E+00  5.271E-03 
3.132E+03   8.413E+00  5.220E-03 
3.169E+03   8.353E+00  5.169E-03 
3.206E+03   8.294E+00  5.119E-03 
3.243E+03   8.235E+00  5.069E-03 
3.280E+03   8.176E+00  5.020E-03 
3.318E+03   8.118E+00  4.971E-03 
3.357E+03   8.060E+00  4.923E-03 
3.396E+03   8.002E+00  4.875E-03 
3.435E+03   7.945E+00  4.827E-03 
3.475E+03   7.888E+00  4.780E-03 
3.515E+03   7.831E+00  4.734E-03 
3.556E+03   7.775E+00  4.687E-03 
3.597E+03   7.719E+00  4.642E-03 
3.639E+03   7.663E+00  4.596E-03 
3.681E+03   7.608E+00  4.551E-03 
3.724E+03   7.553E+00  4.507E-03 
3.767E+03   7.498E+00  4.463E-03 
3.811E+03   7.444E+00  4.419E-03 
3.855E+03   7.390E+00  4.376E-03 
3.900E+03   7.336E+00  4.333E-03 
3.945E+03   7.283E+00  4.291E-03 
3.991E+03   7.229E+00  4.249E-03 
4.037E+03   7.177E+00  4.207E-03 
4.084E+03   7.124E+00  4.166E-03 
4.131E+03   7.072E+00  4.125E-03 
4.179E+03   7.020E+00  4.085E-03 
4.228E+03   6.968E+00  4.045E-03 
4.277E+03   6.917E+00  4.005E-03 
4.326E+03   6.866E+00  3.966E-03 
4.376E+03   6.815E+00  3.927E-03 
4.427E+03   6.765E+00  3.889E-03 
4.479E+03   6.715E+00  3.851E-03 
4.531E+03   6.665E+00  3.813E-03 
4.583E+03   6.616E+00  3.775E-03 
4.636E+03   6.566E+00  3.738E-03 
4.690E+03   6.517E+00  3.702E-03 
4.744E+03   6.469E+00  3.665E-03 
4.799E+03   6.421E+00  3.629E-03 
4.855E+03   6.373E+00  3.594E-03 
4.911E+03   6.325E+00  3.558E-03 
4.968E+03   6.277E+00  3.523E-03 
5.026E+03   6.230E+00  3.489E-03 
5.084E+03   6.183E+00  3.454E-03 
5.143E+03   6.137E+00  3.420E-03 
5.203E+03   6.091E+00  3.386E-03 
5.263E+03   6.045E+00  3.353E-03 
5.324E+03   5.999E+00  3.320E-03 
5.386E+03   5.954E+00  3.287E-03 
5.449E+03   5.908E+00  3.255E-03 
5.512E+03   5.864E+00  3.223E-03 
5.576E+03   5.819E+00  3.191E-03 
5.640E+03   5.775E+00  3.160E-03 
5.706E+03   5.731E+00  3.128E-03 
5.772E+03   5.687E+00  3.098E-03 
5.839E+03   5.644E+00  3.067E-03 
5.907E+03   5.600E+00  3.037E-03 
5.975E+03   5.558E+00  3.007E-03 
6.045E+03   5.515E+00  2.977E-03 
6.115E+03   5.473E+00  2.948E-03 
6.186E+03   5.431E+00  2.918E-03 
6.257E+03   5.389E+00  2.890E-03 
6.330E+03   5.347E+00  2.861E-03 
6.403E+03   5.306E+00  2.833E-03 
6.478E+03   5.265E+00  2.805E-03 
6.553E+03   5.224E+00  2.777E-03 
6.629E+03   5.184E+00  2.749E-03 
6.706E+03   5.144E+00  2.722E-03 
6.783E+03   5.104E+00  2.695E-03 
6.862E+03   5.064E+00  2.669E-03 
6.942E+03   5.024E+00  2.642E-03 
7.022E+03   4.985E+00  2.616E-03 
7.104E+03   4.946E+00  2.590E-03 
7.186E+03   4.908E+00  2.564E-03 
7.269E+03   4.869E+00  2.539E-03 
7.354E+03   4.831E+00  2.514E-03 
7.439E+03   4.793E+00  2.489E-03 
7.525E+03   4.756E+00  2.464E-03 
7.613E+03   4.718E+00  2.440E-03 
7.701E+03   4.681E+00  2.415E-03 
7.790E+03   4.644E+00  2.391E-03 
7.881E+03   4.608E+00  2.368E-03 
7.972E+03   4.571E+00  2.344E-03 
8.064E+03   4.535E+00  2.321E-03 
8.158E+03   4.499E+00  2.298E-03 
8.253E+03   4.464E+00  2.275E-03 
8.348E+03   4.428E+00  2.252E-03 
8.445E+03   4.393E+00  2.230E-03 
8.543E+03   4.358E+00  2.208E-03 
8.642E+03   4.324E+00  2.186E-03 
8.742E+03   4.289E+00  2.164E-03 
8.844E+03   4.255E+00  2.142E-03 
8.946E+03   4.221E+00  2.121E-03 
9.050E+03   4.187E+00  2.100E-03 
9.155E+03   4.154E+00  2.079E-03 
9.261E+03   4.121E+00  2.058E-03 
9.369E+03   4.088E+00  2.038E-03 
9.477E+03   4.055E+00  2.017E-03 
9.587E+03   4.022E+00  1.997E-03 
9.699E+03   3.990E+00  1.977E-03 
9.811E+03   3.958E+00  1.957E-03 
9.925E+03   3.926E+00  1.938E-03 
1.004E+04   3.894E+00  1.919E-03 
1.016E+04   3.863E+00  1.899E-03 
1.027E+04   3.832E+00  1.880E-03 
1.039E+04   3.801E+00  1.862E-03 
1.051E+04   3.770E+00  1.843E-03 
1.064E+04   3.739E+00  1.825E-03 
1.076E+04   3.709E+00  1.806E-03 
1.088E+04   3.679E+00  1.788E-03 
1.101E+04   3.649E+00  1.770E-03 
1.114E+04   3.619E+00  1.753E-03 
1.127E+04   3.590E+00  1.735E-03 
1.140E+04   3.560E+00  1.718E-03 
1.153E+04   3.531E+00  1.701E-03 
1.166E+04   3.503E+00  1.684E-03 
1.180E+04   3.474E+00  1.667E-03 
1.194E+04   3.446E+00  1.650E-03 
1.207E+04   3.417E+00  1.633E-03 
1.221E+04   3.389E+00  1.617E-03 
1.236E+04   3.362E+00  1.601E-03 
1.250E+04   3.334E+00  1.585E-03 
1.264E+04   3.307E+00  1.569E-03 
1.279E+04   3.279E+00  1.553E-03 
1.294E+04   3.252E+00  1.538E-03 
1.309E+04   3.226E+00  1.522E-03 
1.324E+04   3.199E+00  1.507E-03 
1.340E+04   3.173E+00  1.492E-03 
1.355E+04   3.146E+00  1.477E-03 
1.371E+04   3.120E+00  1.462E-03 
1.387E+04   3.095E+00  1.447E-03 
1.403E+04   3.069E+00  1.433E-03 
1.419E+04   3.044E+00  1.418E-03 
1.435E+04   3.018E+00  1.404E-03 
1.452E+04   2.993E+00  1.390E-03 
1.469E+04   2.969E+00  1.376E-03 
1.486E+04   2.944E+00  1.362E-03 
1.503E+04   2.919E+00  1.348E-03 
1.521E+04   2.895E+00  1.335E-03 
1.538E+04   2.871E+00  1.321E-03 
1.556E+04   2.847E+00  1.308E-03 
1.574E+04   2.823E+00  1.295E-03 
1.592E+04   2.800E+00  1.282E-03 
1.611E+04   2.776E+00  1.269E-03 
1.630E+04   2.753E+00  1.256E-03 
1.649E+04   2.730E+00  1.244E-03 
1.668E+04   2.707E+00  1.231E-03 
1.687E+04   2.685E+00  1.219E-03 
1.707E+04   2.662E+00  1.206E-03 
1.726E+04   2.640E+00  1.194E-03 
1.746E+04   2.618E+00  1.182E-03 
1.767E+04   2.596E+00  1.170E-03 
1.787E+04   2.574E+00  1.158E-03 
1.808E+04   2.552E+00  1.147E-03 
1.829E+04   2.531E+00  1.135E-03 
1.850E+04   2.510E+00  1.124E-03 
1.871E+04   2.489E+00  1.112E-03 
1.893E+04   2.468E+00  1.101E-03 
1.915E+04   2.447E+00  1.090E-03 
1.937E+04   2.426E+00  1.079E-03 
1.960E+04   2.406E+00  1.068E-03 
1.983E+04   2.385E+00  1.057E-03 
2.006E+04   2.365E+00  1.047E-03 
2.029E+04   2.345E+00  1.036E-03 
2.052E+04   2.325E+00  1.026E-03 
2.076E+04   2.306E+00  1.015E-03 
2.100E+04   2.286E+00  1.005E-03 
2.125E+04   2.267E+00  9.948E-04 
2.149E+04   2.248E+00  9.847E-04 
2.174E+04   2.229E+00  9.748E-04 
2.199E+04   2.210E+00  9.649E-04 
2.225E+04   2.191E+00  9.551E-04 
2.251E+04   2.172E+00  9.455E-04 
2.277E+04   2.154E+00  9.359E-04 
2.303E+04   2.136E+00  9.264E-04 
2.330E+04   2.118E+00  9.170E-04 
2.357E+04   2.100E+00  9.077E-04 
2.384E+04   2.082E+00  8.985E-04 
2.412E+04   2.064E+00  8.894E-04 
2.440E+04   2.046E+00  8.804E-04 
2.468E+04   2.029E+00  8.715E-04 
2.497E+04   2.012E+00  8.626E-04 
2.526E+04   1.995E+00  8.539E-04 
2.555E+04   1.978E+00  8.452E-04 
2.585E+04   1.961E+00  8.366E-04 
2.615E+04   1.944E+00  8.282E-04 
2.645E+04   1.927E+00  8.198E-04 
2.676E+04   1.911E+00  8.114E-04 
2.707E+04   1.895E+00  8.032E-04 
2.738E+04   1.879E+00  7.950E-04 
2.770E+04   1.862E+00  7.870E-04 
2.802E+04   1.847E+00  7.790E-04 
2.835E+04   1.831E+00  7.710E-04 
2.867E+04   1.815E+00  7.632E-04 
2.901E+04   1.800E+00  7.555E-04 
2.934E+04   1.784E+00  7.478E-04 
2.968E+04   1.769E+00  7.402E-04 
3.003E+04   1.754E+00  7.326E-04 
3.038E+04   1.739E+00  7.252E-04 
3.073E+04   1.724E+00  7.178E-04 
3.109E+04   1.709E+00  7.105E-04 
3.145E+04   1.695E+00  7.033E-04 
3.181E+04   1.680E+00  6.961E-04 
3.218E+04   1.666E+00  6.890E-04 
3.255E+04   1.651E+00  6.820E-04 
3.293E+04   1.637E+00  6.751E-04 
3.331E+04   1.623E+00  6.682E-04 
3.370E+04   1.609E+00  6.614E-04 
3.409E+04   1.596E+00  6.547E-04 
3.449E+04   1.582E+00  6.480E-04 
3.489E+04   1.568E+00  6.414E-04 
3.529E+04   1.555E+00  6.348E-04 
3.570E+04   1.542E+00  6.284E-04 
3.611E+04   1.528E+00  6.220E-04 
3.653E+04   1.515E+00  6.156E-04 
3.696E+04   1.502E+00  6.093E-04 
3.738E+04   1.489E+00  6.031E-04 
3.782E+04   1.477E+00  5.970E-04 
3.826E+04   1.464E+00  5.909E-04 
3.870E+04   1.452E+00  5.849E-04 
3.915E+04   1.439E+00  5.789E-04 
3.960E+04   1.427E+00  5.730E-04 
4.006E+04   1.415E+00  5.671E-04 
4.053E+04   1.402E+00  5.613E-04 
4.100E+04   1.390E+00  5.556E-04 
4.147E+04   1.379E+00  5.499E-04 
4.195E+04   1.367E+00  5.443E-04 
4.244E+04   1.355E+00  5.387E-04 
4.293E+04   1.343E+00  5.332E-04 
4.343E+04   1.332E+00  5.278E-04 
4.394E+04   1.321E+00  5.224E-04 
4.444E+04   1.309E+00  5.170E-04 
4.496E+04   1.298E+00  5.118E-04 
4.548E+04   1.287E+00  5.065E-04 
4.601E+04   1.276E+00  5.013E-04 
4.654E+04   1.265E+00  4.962E-04 
4.708E+04   1.254E+00  4.911E-04 
4.763E+04   1.244E+00  4.861E-04 
4.818E+04   1.233E+00  4.811E-04 
4.874E+04   1.222E+00  4.762E-04 
4.931E+04   1.212E+00  4.713E-04 
4.988E+04   1.202E+00  4.665E-04 
5.046E+04   1.191E+00  4.617E-04 
5.104E+04   1.181E+00  4.570E-04 
5.163E+04   1.171E+00  4.523E-04 
5.223E+04   1.161E+00  4.477E-04 
5.284E+04   1.151E+00  4.431E-04 
5.345E+04   1.141E+00  4.386E-04 
5.407E+04   1.132E+00  4.341E-04 
5.470E+04   1.122E+00  4.296E-04 
5.533E+04   1.113E+00  4.252E-04 
5.597E+04   1.103E+00  4.208E-04 
5.662E+04   1.094E+00  4.165E-04 
5.728E+04   1.084E+00  4.123E-04 
5.794E+04   1.075E+00  4.080E-04 
5.862E+04   1.066E+00  4.038E-04 
5.930E+04   1.057E+00  3.997E-04 
5.998E+04   1.048E+00  3.956E-04 
6.068E+04   1.039E+00  3.915E-04 
6.138E+04   1.030E+00  3.875E-04 
6.210E+04   1.022E+00  3.835E-04 
6.282E+04   1.013E+00  3.796E-04 
6.354E+04   1.005E+00  3.757E-04 
6.428E+04   9.961E-01  3.718E-04 
6.503E+04   9.877E-01  3.680E-04 
6.578E+04   9.794E-01  3.642E-04 
6.654E+04   9.711E-01  3.605E-04 
6.732E+04   9.629E-01  3.568E-04 
6.810E+04   9.548E-01  3.531E-04 
6.889E+04   9.468E-01  3.495E-04 
6.969E+04   9.389E-01  3.459E-04 
7.049E+04   9.310E-01  3.423E-04 
7.131E+04   9.232E-01  3.388E-04 
7.214E+04   9.154E-01  3.353E-04 
7.298E+04   9.078E-01  3.319E-04 
7.382E+04   9.002E-01  3.285E-04 
7.468E+04   8.927E-01  3.251E-04 
7.555E+04   8.852E-01  3.217E-04 
7.642E+04   8.778E-01  3.184E-04 
7.731E+04   8.705E-01  3.151E-04 
7.820E+04   8.632E-01  3.119E-04 
7.911E+04   8.561E-01  3.087E-04 
8.003E+04   8.489E-01  3.055E-04 
8.096E+04   8.419E-01  3.024E-04 
8.190E+04   8.349E-01  2.992E-04 
8.285E+04   8.280E-01  2.962E-04 
8.381E+04   8.211E-01  2.931E-04 
8.478E+04   8.143E-01  2.901E-04 
8.576E+04   8.076E-01  2.871E-04 
8.676E+04   8.010E-01  2.841E-04 
8.776E+04   7.944E-01  2.812E-04 
8.878E+04   7.878E-01  2.783E-04 
8.981E+04   7.813E-01  2.754E-04 
9.085E+04   7.749E-01  2.726E-04 
9.191E+04   7.686E-01  2.698E-04 
9.297E+04   7.623E-01  2.670E-04 
9.405E+04   7.560E-01  2.642E-04 
9.514E+04   7.499E-01  2.615E-04 
9.625E+04   7.437E-01  2.588E-04 
9.736E+04   7.377E-01  2.562E-04 
9.849E+04   7.317E-01  2.535E-04 
9.963E+04   7.257E-01  2.509E-04 
1.008E+05   7.198E-01  2.483E-04 
