Ion = Helium      . Mass = 4.0026
Tgt = Fr (Solid). Density = 10 g/cm3
Stopping Units =  eV/(1E15 atoms/cm2)
Energy(keV)  S(Elec)    S(Nuc)
1.000E+00   7.705E+00  1.636E+00 
1.013E+00   7.755E+00  1.641E+00 
1.026E+00   7.805E+00  1.645E+00 
1.039E+00   7.856E+00  1.650E+00 
1.053E+00   7.907E+00  1.655E+00 
1.067E+00   7.958E+00  1.659E+00 
1.081E+00   8.010E+00  1.664E+00 
1.095E+00   8.061E+00  1.669E+00 
1.109E+00   8.114E+00  1.673E+00 
1.123E+00   8.166E+00  1.678E+00 
1.138E+00   8.219E+00  1.683E+00 
1.153E+00   8.272E+00  1.687E+00 
1.168E+00   8.326E+00  1.692E+00 
1.183E+00   8.380E+00  1.697E+00 
1.198E+00   8.434E+00  1.701E+00 
1.214E+00   8.489E+00  1.706E+00 
1.229E+00   8.544E+00  1.710E+00 
1.245E+00   8.599E+00  1.715E+00 
1.262E+00   8.655E+00  1.719E+00 
1.278E+00   8.711E+00  1.724E+00 
1.295E+00   8.767E+00  1.728E+00 
1.311E+00   8.824E+00  1.732E+00 
1.329E+00   8.881E+00  1.737E+00 
1.346E+00   8.939E+00  1.741E+00 
1.363E+00   8.997E+00  1.746E+00 
1.381E+00   9.055E+00  1.750E+00 
1.399E+00   9.114E+00  1.754E+00 
1.417E+00   9.173E+00  1.759E+00 
1.436E+00   9.232E+00  1.763E+00 
1.454E+00   9.292E+00  1.767E+00 
1.473E+00   9.352E+00  1.772E+00 
1.492E+00   9.413E+00  1.776E+00 
1.512E+00   9.474E+00  1.780E+00 
1.531E+00   9.535E+00  1.784E+00 
1.551E+00   9.597E+00  1.788E+00 
1.571E+00   9.659E+00  1.793E+00 
1.592E+00   9.721E+00  1.797E+00 
1.612E+00   9.784E+00  1.801E+00 
1.633E+00   9.848E+00  1.805E+00 
1.655E+00   9.912E+00  1.809E+00 
1.676E+00   9.976E+00  1.813E+00 
1.698E+00   1.004E+01  1.817E+00 
1.720E+00   1.011E+01  1.821E+00 
1.742E+00   1.017E+01  1.825E+00 
1.765E+00   1.024E+01  1.829E+00 
1.788E+00   1.030E+01  1.833E+00 
1.811E+00   1.037E+01  1.837E+00 
1.835E+00   1.044E+01  1.841E+00 
1.859E+00   1.050E+01  1.845E+00 
1.883E+00   1.057E+01  1.848E+00 
1.907E+00   1.064E+01  1.852E+00 
1.932E+00   1.071E+01  1.856E+00 
1.957E+00   1.078E+01  1.860E+00 
1.983E+00   1.085E+01  1.863E+00 
2.008E+00   1.092E+01  1.867E+00 
2.034E+00   1.099E+01  1.871E+00 
2.061E+00   1.106E+01  1.875E+00 
2.088E+00   1.113E+01  1.878E+00 
2.115E+00   1.121E+01  1.882E+00 
2.142E+00   1.128E+01  1.885E+00 
2.170E+00   1.135E+01  1.889E+00 
2.198E+00   1.142E+01  1.892E+00 
2.227E+00   1.150E+01  1.896E+00 
2.256E+00   1.157E+01  1.899E+00 
2.285E+00   1.165E+01  1.903E+00 
2.315E+00   1.172E+01  1.906E+00 
2.345E+00   1.180E+01  1.909E+00 
2.375E+00   1.188E+01  1.913E+00 
2.406E+00   1.195E+01  1.916E+00 
2.438E+00   1.203E+01  1.919E+00 
2.469E+00   1.211E+01  1.923E+00 
2.501E+00   1.219E+01  1.926E+00 
2.534E+00   1.227E+01  1.929E+00 
2.567E+00   1.234E+01  1.932E+00 
2.600E+00   1.242E+01  1.935E+00 
2.634E+00   1.251E+01  1.938E+00 
2.668E+00   1.259E+01  1.942E+00 
2.703E+00   1.267E+01  1.945E+00 
2.738E+00   1.275E+01  1.948E+00 
2.773E+00   1.283E+01  1.950E+00 
2.810E+00   1.292E+01  1.953E+00 
2.846E+00   1.300E+01  1.956E+00 
2.883E+00   1.308E+01  1.959E+00 
2.921E+00   1.317E+01  1.962E+00 
2.958E+00   1.325E+01  1.965E+00 
2.997E+00   1.334E+01  1.968E+00 
3.036E+00   1.343E+01  1.970E+00 
3.075E+00   1.351E+01  1.973E+00 
3.115E+00   1.360E+01  1.976E+00 
3.156E+00   1.369E+01  1.978E+00 
3.197E+00   1.378E+01  1.981E+00 
3.238E+00   1.387E+01  1.983E+00 
3.280E+00   1.396E+01  1.986E+00 
3.323E+00   1.405E+01  1.988E+00 
3.366E+00   1.414E+01  1.991E+00 
3.410E+00   1.423E+01  1.993E+00 
3.454E+00   1.432E+01  1.996E+00 
3.499E+00   1.441E+01  1.998E+00 
3.545E+00   1.451E+01  2.000E+00 
3.591E+00   1.460E+01  2.002E+00 
3.637E+00   1.470E+01  2.005E+00 
3.685E+00   1.479E+01  2.007E+00 
3.733E+00   1.489E+01  2.009E+00 
3.781E+00   1.498E+01  2.011E+00 
3.830E+00   1.508E+01  2.013E+00 
3.880E+00   1.518E+01  2.015E+00 
3.930E+00   1.528E+01  2.017E+00 
3.982E+00   1.537E+01  2.019E+00 
4.033E+00   1.547E+01  2.021E+00 
4.086E+00   1.557E+01  2.023E+00 
4.139E+00   1.568E+01  2.025E+00 
4.193E+00   1.578E+01  2.026E+00 
4.247E+00   1.588E+01  2.028E+00 
4.302E+00   1.598E+01  2.030E+00 
4.358E+00   1.609E+01  2.032E+00 
4.415E+00   1.619E+01  2.033E+00 
4.472E+00   1.629E+01  2.035E+00 
4.530E+00   1.640E+01  2.036E+00 
4.589E+00   1.651E+01  2.038E+00 
4.649E+00   1.661E+01  2.039E+00 
4.709E+00   1.672E+01  2.041E+00 
4.770E+00   1.683E+01  2.042E+00 
4.832E+00   1.694E+01  2.043E+00 
4.895E+00   1.705E+01  2.044E+00 
4.959E+00   1.716E+01  2.046E+00 
5.023E+00   1.727E+01  2.047E+00 
5.089E+00   1.738E+01  2.048E+00 
5.155E+00   1.749E+01  2.049E+00 
5.222E+00   1.761E+01  2.050E+00 
5.290E+00   1.772E+01  2.051E+00 
5.358E+00   1.784E+01  2.052E+00 
5.428E+00   1.795E+01  2.053E+00 
5.499E+00   1.807E+01  2.054E+00 
5.570E+00   1.819E+01  2.055E+00 
5.642E+00   1.830E+01  2.055E+00 
5.716E+00   1.842E+01  2.056E+00 
5.790E+00   1.854E+01  2.057E+00 
5.865E+00   1.866E+01  2.057E+00 
5.942E+00   1.878E+01  2.058E+00 
6.019E+00   1.890E+01  2.058E+00 
6.097E+00   1.903E+01  2.059E+00 
6.176E+00   1.915E+01  2.059E+00 
6.256E+00   1.927E+01  2.060E+00 
6.338E+00   1.940E+01  2.060E+00 
6.420E+00   1.952E+01  2.060E+00 
6.504E+00   1.965E+01  2.061E+00 
6.588E+00   1.978E+01  2.061E+00 
6.674E+00   1.991E+01  2.061E+00 
6.760E+00   2.003E+01  2.061E+00 
6.848E+00   2.016E+01  2.061E+00 
6.937E+00   2.029E+01  2.061E+00 
7.027E+00   2.043E+01  2.061E+00 
7.119E+00   2.056E+01  2.061E+00 
7.211E+00   2.069E+01  2.061E+00 
7.305E+00   2.083E+01  2.060E+00 
7.400E+00   2.096E+01  2.060E+00 
7.496E+00   2.110E+01  2.060E+00 
7.594E+00   2.123E+01  2.059E+00 
7.692E+00   2.137E+01  2.059E+00 
7.792E+00   2.151E+01  2.059E+00 
7.894E+00   2.165E+01  2.058E+00 
7.996E+00   2.179E+01  2.057E+00 
8.100E+00   2.194E+01  2.057E+00 
8.205E+00   2.210E+01  2.056E+00 
8.312E+00   2.226E+01  2.055E+00 
8.420E+00   2.242E+01  2.055E+00 
8.529E+00   2.258E+01  2.054E+00 
8.640E+00   2.274E+01  2.053E+00 
8.753E+00   2.291E+01  2.052E+00 
8.866E+00   2.307E+01  2.051E+00 
8.982E+00   2.324E+01  2.050E+00 
9.098E+00   2.341E+01  2.049E+00 
9.217E+00   2.357E+01  2.047E+00 
9.336E+00   2.374E+01  2.046E+00 
9.458E+00   2.391E+01  2.045E+00 
9.581E+00   2.409E+01  2.044E+00 
9.705E+00   2.426E+01  2.042E+00 
9.831E+00   2.443E+01  2.041E+00 
9.959E+00   2.461E+01  2.039E+00 
1.009E+01   2.479E+01  2.038E+00 
1.022E+01   2.496E+01  2.036E+00 
1.035E+01   2.514E+01  2.035E+00 
1.049E+01   2.532E+01  2.033E+00 
1.062E+01   2.551E+01  2.031E+00 
1.076E+01   2.569E+01  2.029E+00 
1.090E+01   2.587E+01  2.027E+00 
1.104E+01   2.606E+01  2.025E+00 
1.119E+01   2.625E+01  2.023E+00 
1.133E+01   2.643E+01  2.021E+00 
1.148E+01   2.662E+01  2.019E+00 
1.163E+01   2.682E+01  2.017E+00 
1.178E+01   2.701E+01  2.015E+00 
1.193E+01   2.720E+01  2.013E+00 
1.209E+01   2.740E+01  2.010E+00 
1.224E+01   2.759E+01  2.008E+00 
1.240E+01   2.779E+01  2.006E+00 
1.256E+01   2.799E+01  2.003E+00 
1.273E+01   2.819E+01  2.001E+00 
1.289E+01   2.839E+01  1.998E+00 
1.306E+01   2.860E+01  1.995E+00 
1.323E+01   2.880E+01  1.993E+00 
1.340E+01   2.901E+01  1.990E+00 
1.358E+01   2.922E+01  1.987E+00 
1.375E+01   2.943E+01  1.984E+00 
1.393E+01   2.964E+01  1.981E+00 
1.411E+01   2.985E+01  1.979E+00 
1.430E+01   3.006E+01  1.975E+00 
1.448E+01   3.028E+01  1.972E+00 
1.467E+01   3.050E+01  1.969E+00 
1.486E+01   3.072E+01  1.966E+00 
1.505E+01   3.094E+01  1.963E+00 
1.525E+01   3.116E+01  1.960E+00 
1.545E+01   3.138E+01  1.956E+00 
1.565E+01   3.160E+01  1.953E+00 
1.585E+01   3.183E+01  1.949E+00 
1.606E+01   3.206E+01  1.946E+00 
1.627E+01   3.229E+01  1.942E+00 
1.648E+01   3.252E+01  1.939E+00 
1.669E+01   3.275E+01  1.935E+00 
1.691E+01   3.299E+01  1.931E+00 
1.713E+01   3.322E+01  1.928E+00 
1.735E+01   3.346E+01  1.924E+00 
1.758E+01   3.370E+01  1.920E+00 
1.781E+01   3.394E+01  1.916E+00 
1.804E+01   3.418E+01  1.912E+00 
1.827E+01   3.443E+01  1.908E+00 
1.851E+01   3.467E+01  1.904E+00 
1.875E+01   3.492E+01  1.900E+00 
1.899E+01   3.517E+01  1.896E+00 
1.924E+01   3.542E+01  1.892E+00 
1.949E+01   3.567E+01  1.887E+00 
1.974E+01   3.593E+01  1.883E+00 
2.000E+01   3.618E+01  1.879E+00 
2.026E+01   3.644E+01  1.874E+00 
2.052E+01   3.670E+01  1.870E+00 
2.079E+01   3.696E+01  1.865E+00 
2.106E+01   3.723E+01  1.861E+00 
2.133E+01   3.749E+01  1.856E+00 
2.161E+01   3.776E+01  1.851E+00 
2.189E+01   3.803E+01  1.847E+00 
2.218E+01   3.830E+01  1.842E+00 
2.247E+01   3.857E+01  1.837E+00 
2.276E+01   3.885E+01  1.832E+00 
2.305E+01   3.912E+01  1.828E+00 
2.335E+01   3.940E+01  1.823E+00 
2.366E+01   3.968E+01  1.818E+00 
2.396E+01   3.996E+01  1.813E+00 
2.428E+01   4.025E+01  1.808E+00 
2.459E+01   4.053E+01  1.802E+00 
2.491E+01   4.082E+01  1.797E+00 
2.523E+01   4.111E+01  1.792E+00 
2.556E+01   4.140E+01  1.787E+00 
2.589E+01   4.170E+01  1.782E+00 
2.623E+01   4.199E+01  1.776E+00 
2.657E+01   4.229E+01  1.771E+00 
2.692E+01   4.259E+01  1.766E+00 
2.727E+01   4.289E+01  1.760E+00 
2.762E+01   4.320E+01  1.755E+00 
2.798E+01   4.350E+01  1.749E+00 
2.834E+01   4.381E+01  1.744E+00 
2.871E+01   4.412E+01  1.738E+00 
2.909E+01   4.443E+01  1.732E+00 
2.946E+01   4.475E+01  1.727E+00 
2.985E+01   4.506E+01  1.721E+00 
3.023E+01   4.538E+01  1.715E+00 
3.063E+01   4.570E+01  1.709E+00 
3.103E+01   4.603E+01  1.704E+00 
3.143E+01   4.635E+01  1.698E+00 
3.184E+01   4.668E+01  1.692E+00 
3.225E+01   4.701E+01  1.686E+00 
3.267E+01   4.734E+01  1.680E+00 
3.309E+01   4.767E+01  1.674E+00 
3.352E+01   4.801E+01  1.668E+00 
3.396E+01   4.834E+01  1.662E+00 
3.440E+01   4.868E+01  1.656E+00 
3.485E+01   4.903E+01  1.650E+00 
3.530E+01   4.937E+01  1.644E+00 
3.576E+01   4.972E+01  1.637E+00 
3.623E+01   5.007E+01  1.631E+00 
3.670E+01   5.042E+01  1.625E+00 
3.717E+01   5.077E+01  1.619E+00 
3.766E+01   5.113E+01  1.613E+00 
3.815E+01   5.149E+01  1.606E+00 
3.864E+01   5.185E+01  1.600E+00 
3.914E+01   5.221E+01  1.593E+00 
3.965E+01   5.257E+01  1.587E+00 
4.017E+01   5.294E+01  1.581E+00 
4.069E+01   5.331E+01  1.574E+00 
4.122E+01   5.368E+01  1.568E+00 
4.175E+01   5.406E+01  1.561E+00 
4.230E+01   5.443E+01  1.555E+00 
4.285E+01   5.481E+01  1.548E+00 
4.340E+01   5.520E+01  1.542E+00 
4.397E+01   5.558E+01  1.535E+00 
4.454E+01   5.597E+01  1.529E+00 
4.512E+01   5.635E+01  1.522E+00 
4.570E+01   5.675E+01  1.515E+00 
4.630E+01   5.714E+01  1.509E+00 
4.690E+01   5.754E+01  1.502E+00 
4.751E+01   5.793E+01  1.495E+00 
4.813E+01   5.834E+01  1.489E+00 
4.875E+01   5.874E+01  1.482E+00 
4.939E+01   5.914E+01  1.475E+00 
5.003E+01   5.955E+01  1.468E+00 
5.068E+01   5.996E+01  1.462E+00 
5.134E+01   6.038E+01  1.455E+00 
5.200E+01   6.079E+01  1.448E+00 
5.268E+01   6.121E+01  1.441E+00 
5.336E+01   6.163E+01  1.434E+00 
5.406E+01   6.206E+01  1.427E+00 
5.476E+01   6.248E+01  1.421E+00 
5.547E+01   6.291E+01  1.414E+00 
5.619E+01   6.334E+01  1.407E+00 
5.692E+01   6.377E+01  1.400E+00 
5.766E+01   6.421E+01  1.393E+00 
5.841E+01   6.465E+01  1.386E+00 
5.917E+01   6.509E+01  1.379E+00 
5.994E+01   6.553E+01  1.372E+00 
6.072E+01   6.598E+01  1.365E+00 
6.151E+01   6.643E+01  1.359E+00 
6.231E+01   6.688E+01  1.352E+00 
6.312E+01   6.733E+01  1.345E+00 
6.394E+01   6.779E+01  1.338E+00 
6.477E+01   6.825E+01  1.331E+00 
6.561E+01   6.871E+01  1.324E+00 
6.646E+01   6.918E+01  1.317E+00 
6.733E+01   6.964E+01  1.310E+00 
6.820E+01   7.011E+01  1.303E+00 
6.909E+01   7.058E+01  1.296E+00 
6.999E+01   7.106E+01  1.289E+00 
7.090E+01   7.154E+01  1.282E+00 
7.182E+01   7.202E+01  1.275E+00 
7.275E+01   7.250E+01  1.268E+00 
7.370E+01   7.298E+01  1.261E+00 
7.465E+01   7.347E+01  1.254E+00 
7.562E+01   7.396E+01  1.247E+00 
7.661E+01   7.445E+01  1.240E+00 
7.760E+01   7.495E+01  1.233E+00 
7.861E+01   7.545E+01  1.226E+00 
7.963E+01   7.595E+01  1.220E+00 
8.067E+01   7.645E+01  1.213E+00 
8.172E+01   7.695E+01  1.206E+00 
8.278E+01   7.746E+01  1.199E+00 
8.385E+01   7.797E+01  1.192E+00 
8.494E+01   7.848E+01  1.185E+00 
8.605E+01   7.900E+01  1.178E+00 
8.717E+01   7.952E+01  1.171E+00 
8.830E+01   8.004E+01  1.164E+00 
8.945E+01   8.056E+01  1.157E+00 
9.061E+01   8.109E+01  1.150E+00 
9.179E+01   8.161E+01  1.144E+00 
9.298E+01   8.214E+01  1.137E+00 
9.419E+01   8.268E+01  1.130E+00 
9.541E+01   8.321E+01  1.123E+00 
9.665E+01   8.375E+01  1.116E+00 
9.791E+01   8.429E+01  1.109E+00 
9.918E+01   8.483E+01  1.103E+00 
1.005E+02   8.538E+01  1.096E+00 
1.018E+02   8.592E+01  1.089E+00 
1.031E+02   8.647E+01  1.082E+00 
1.044E+02   8.703E+01  1.075E+00 
1.058E+02   8.758E+01  1.069E+00 
1.072E+02   8.814E+01  1.062E+00 
1.086E+02   8.869E+01  1.055E+00 
1.100E+02   8.925E+01  1.049E+00 
1.114E+02   8.982E+01  1.042E+00 
1.129E+02   9.038E+01  1.035E+00 
1.143E+02   9.095E+01  1.029E+00 
1.158E+02   9.152E+01  1.022E+00 
1.173E+02   9.209E+01  1.015E+00 
1.188E+02   9.267E+01  1.009E+00 
1.204E+02   9.324E+01  1.002E+00 
1.219E+02   9.382E+01  9.956E-01 
1.235E+02   9.440E+01  9.891E-01 
1.251E+02   9.498E+01  9.825E-01 
1.268E+02   9.556E+01  9.760E-01 
1.284E+02   9.615E+01  9.695E-01 
1.301E+02   9.674E+01  9.631E-01 
1.318E+02   9.733E+01  9.566E-01 
1.335E+02   9.792E+01  9.502E-01 
1.352E+02   9.851E+01  9.438E-01 
1.370E+02   9.911E+01  9.374E-01 
1.388E+02   9.970E+01  9.310E-01 
1.406E+02   1.003E+02  9.247E-01 
1.424E+02   1.009E+02  9.183E-01 
1.442E+02   1.015E+02  9.120E-01 
1.461E+02   1.021E+02  9.057E-01 
1.480E+02   1.027E+02  8.995E-01 
1.499E+02   1.033E+02  8.932E-01 
1.519E+02   1.039E+02  8.870E-01 
1.539E+02   1.045E+02  8.808E-01 
1.559E+02   1.051E+02  8.746E-01 
1.579E+02   1.057E+02  8.685E-01 
1.599E+02   1.064E+02  8.623E-01 
1.620E+02   1.070E+02  8.562E-01 
1.641E+02   1.076E+02  8.502E-01 
1.662E+02   1.082E+02  8.441E-01 
1.684E+02   1.088E+02  8.381E-01 
1.706E+02   1.094E+02  8.321E-01 
1.728E+02   1.101E+02  8.261E-01 
1.751E+02   1.107E+02  8.201E-01 
1.773E+02   1.113E+02  8.142E-01 
1.796E+02   1.119E+02  8.083E-01 
1.820E+02   1.125E+02  8.024E-01 
1.843E+02   1.132E+02  7.965E-01 
1.867E+02   1.138E+02  7.907E-01 
1.892E+02   1.144E+02  7.849E-01 
1.916E+02   1.150E+02  7.791E-01 
1.941E+02   1.156E+02  7.733E-01 
1.966E+02   1.163E+02  7.676E-01 
1.992E+02   1.169E+02  7.619E-01 
2.018E+02   1.175E+02  7.562E-01 
2.044E+02   1.181E+02  7.506E-01 
2.071E+02   1.188E+02  7.449E-01 
2.097E+02   1.194E+02  7.393E-01 
2.125E+02   1.200E+02  7.338E-01 
2.152E+02   1.206E+02  7.282E-01 
2.180E+02   1.212E+02  7.227E-01 
2.209E+02   1.219E+02  7.172E-01 
2.237E+02   1.225E+02  7.117E-01 
2.266E+02   1.231E+02  7.063E-01 
2.296E+02   1.237E+02  7.009E-01 
2.326E+02   1.243E+02  6.955E-01 
2.356E+02   1.249E+02  6.902E-01 
2.387E+02   1.256E+02  6.848E-01 
2.418E+02   1.262E+02  6.795E-01 
2.449E+02   1.268E+02  6.743E-01 
2.481E+02   1.274E+02  6.690E-01 
2.513E+02   1.280E+02  6.638E-01 
2.546E+02   1.286E+02  6.586E-01 
2.579E+02   1.292E+02  6.534E-01 
2.612E+02   1.298E+02  6.483E-01 
2.646E+02   1.304E+02  6.432E-01 
2.681E+02   1.310E+02  6.381E-01 
2.716E+02   1.316E+02  6.331E-01 
2.751E+02   1.322E+02  6.280E-01 
2.787E+02   1.328E+02  6.231E-01 
2.823E+02   1.334E+02  6.181E-01 
2.859E+02   1.340E+02  6.132E-01 
2.897E+02   1.346E+02  6.082E-01 
2.934E+02   1.351E+02  6.034E-01 
2.972E+02   1.357E+02  5.985E-01 
3.011E+02   1.363E+02  5.937E-01 
3.050E+02   1.369E+02  5.889E-01 
3.090E+02   1.374E+02  5.841E-01 
3.130E+02   1.380E+02  5.794E-01 
3.171E+02   1.385E+02  5.747E-01 
3.212E+02   1.391E+02  5.700E-01 
3.254E+02   1.397E+02  5.653E-01 
3.296E+02   1.402E+02  5.607E-01 
3.339E+02   1.407E+02  5.561E-01 
3.382E+02   1.413E+02  5.515E-01 
3.426E+02   1.418E+02  5.470E-01 
3.471E+02   1.424E+02  5.425E-01 
3.516E+02   1.429E+02  5.380E-01 
3.561E+02   1.434E+02  5.335E-01 
3.608E+02   1.439E+02  5.291E-01 
3.655E+02   1.444E+02  5.247E-01 
3.702E+02   1.449E+02  5.203E-01 
3.750E+02   1.454E+02  5.160E-01 
3.799E+02   1.459E+02  5.117E-01 
3.848E+02   1.464E+02  5.074E-01 
3.898E+02   1.469E+02  5.031E-01 
3.949E+02   1.474E+02  4.989E-01 
4.000E+02   1.478E+02  4.947E-01 
4.052E+02   1.483E+02  4.905E-01 
4.105E+02   1.487E+02  4.863E-01 
4.158E+02   1.492E+02  4.822E-01 
4.212E+02   1.496E+02  4.781E-01 
4.267E+02   1.501E+02  4.740E-01 
4.323E+02   1.505E+02  4.700E-01 
4.379E+02   1.509E+02  4.660E-01 
4.436E+02   1.513E+02  4.620E-01 
4.493E+02   1.517E+02  4.580E-01 
4.552E+02   1.521E+02  4.541E-01 
4.611E+02   1.525E+02  4.502E-01 
4.671E+02   1.529E+02  4.463E-01 
4.731E+02   1.533E+02  4.424E-01 
4.793E+02   1.537E+02  4.386E-01 
4.855E+02   1.540E+02  4.348E-01 
4.918E+02   1.544E+02  4.310E-01 
4.982E+02   1.547E+02  4.273E-01 
5.047E+02   1.551E+02  4.236E-01 
5.113E+02   1.554E+02  4.199E-01 
5.179E+02   1.557E+02  4.162E-01 
5.246E+02   1.560E+02  4.125E-01 
5.315E+02   1.563E+02  4.089E-01 
5.384E+02   1.566E+02  4.053E-01 
5.454E+02   1.569E+02  4.018E-01 
5.524E+02   1.571E+02  3.982E-01 
5.596E+02   1.574E+02  3.947E-01 
5.669E+02   1.576E+02  3.912E-01 
5.743E+02   1.579E+02  3.878E-01 
5.817E+02   1.581E+02  3.843E-01 
5.893E+02   1.583E+02  3.809E-01 
5.969E+02   1.585E+02  3.775E-01 
6.047E+02   1.587E+02  3.742E-01 
6.126E+02   1.589E+02  3.708E-01 
6.205E+02   1.591E+02  3.675E-01 
6.286E+02   1.593E+02  3.642E-01 
6.368E+02   1.594E+02  3.610E-01 
6.450E+02   1.596E+02  3.577E-01 
6.534E+02   1.597E+02  3.688E-01 
6.619E+02   1.598E+02  3.655E-01 
6.705E+02   1.599E+02  3.622E-01 
6.792E+02   1.601E+02  3.589E-01 
6.881E+02   1.601E+02  3.556E-01 
6.970E+02   1.602E+02  3.523E-01 
7.061E+02   1.603E+02  3.491E-01 
7.152E+02   1.603E+02  3.459E-01 
7.245E+02   1.604E+02  3.427E-01 
7.339E+02   1.604E+02  3.396E-01 
7.435E+02   1.605E+02  3.364E-01 
7.531E+02   1.605E+02  3.333E-01 
7.629E+02   1.605E+02  3.302E-01 
7.728E+02   1.605E+02  3.272E-01 
7.829E+02   1.604E+02  3.242E-01 
7.931E+02   1.604E+02  3.211E-01 
8.034E+02   1.603E+02  3.182E-01 
8.138E+02   1.603E+02  3.152E-01 
8.244E+02   1.602E+02  3.123E-01 
8.351E+02   1.601E+02  3.094E-01 
8.460E+02   1.600E+02  3.065E-01 
8.570E+02   1.599E+02  3.036E-01 
8.681E+02   1.598E+02  3.008E-01 
8.794E+02   1.597E+02  2.979E-01 
8.908E+02   1.596E+02  2.951E-01 
9.024E+02   1.594E+02  2.924E-01 
9.141E+02   1.592E+02  2.896E-01 
9.260E+02   1.591E+02  2.869E-01 
9.380E+02   1.589E+02  2.842E-01 
9.502E+02   1.587E+02  2.815E-01 
9.626E+02   1.585E+02  2.788E-01 
9.751E+02   1.583E+02  2.762E-01 
9.877E+02   1.580E+02  2.736E-01 
1.001E+03   1.578E+02  2.710E-01 
1.014E+03   1.575E+02  2.684E-01 
1.027E+03   1.573E+02  2.658E-01 
1.040E+03   1.570E+02  2.633E-01 
1.054E+03   1.567E+02  2.608E-01 
1.067E+03   1.564E+02  2.583E-01 
1.081E+03   1.561E+02  2.558E-01 
1.095E+03   1.558E+02  2.534E-01 
1.109E+03   1.554E+02  2.510E-01 
1.124E+03   1.551E+02  2.485E-01 
1.138E+03   1.547E+02  2.462E-01 
1.153E+03   1.544E+02  2.438E-01 
1.168E+03   1.540E+02  2.414E-01 
1.183E+03   1.536E+02  2.391E-01 
1.199E+03   1.532E+02  2.368E-01 
1.214E+03   1.528E+02  2.345E-01 
1.230E+03   1.524E+02  2.323E-01 
1.246E+03   1.520E+02  2.300E-01 
1.262E+03   1.516E+02  2.278E-01 
1.279E+03   1.511E+02  2.256E-01 
1.295E+03   1.507E+02  2.234E-01 
1.312E+03   1.502E+02  2.212E-01 
1.329E+03   1.497E+02  2.191E-01 
1.347E+03   1.493E+02  2.169E-01 
1.364E+03   1.488E+02  2.148E-01 
1.382E+03   1.483E+02  2.127E-01 
1.400E+03   1.478E+02  2.106E-01 
1.418E+03   1.473E+02  2.086E-01 
1.436E+03   1.467E+02  2.065E-01 
1.455E+03   1.462E+02  2.045E-01 
1.474E+03   1.457E+02  2.025E-01 
1.493E+03   1.451E+02  2.005E-01 
1.513E+03   1.446E+02  1.986E-01 
1.532E+03   1.440E+02  1.966E-01 
1.552E+03   1.434E+02  1.947E-01 
1.572E+03   1.429E+02  1.928E-01 
1.593E+03   1.423E+02  1.909E-01 
1.613E+03   1.417E+02  1.890E-01 
1.634E+03   1.411E+02  1.871E-01 
1.656E+03   1.405E+02  1.853E-01 
1.677E+03   1.399E+02  1.834E-01 
1.699E+03   1.393E+02  1.816E-01 
1.721E+03   1.387E+02  1.798E-01 
1.743E+03   1.381E+02  1.780E-01 
1.766E+03   1.374E+02  1.763E-01 
1.789E+03   1.368E+02  1.745E-01 
1.812E+03   1.362E+02  1.728E-01 
1.836E+03   1.355E+02  1.711E-01 
1.860E+03   1.349E+02  1.693E-01 
1.884E+03   1.342E+02  1.677E-01 
1.908E+03   1.336E+02  1.660E-01 
1.933E+03   1.329E+02  1.643E-01 
1.958E+03   1.323E+02  1.627E-01 
1.984E+03   1.316E+02  1.611E-01 
2.009E+03   1.309E+02  1.594E-01 
2.036E+03   1.302E+02  1.578E-01 
2.062E+03   1.296E+02  1.563E-01 
2.089E+03   1.289E+02  1.547E-01 
2.116E+03   1.282E+02  1.531E-01 
2.143E+03   1.275E+02  1.516E-01 
2.171E+03   1.268E+02  1.501E-01 
2.200E+03   1.261E+02  1.486E-01 
2.228E+03   1.255E+02  1.471E-01 
2.257E+03   1.248E+02  1.456E-01 
2.286E+03   1.241E+02  1.441E-01 
2.316E+03   1.234E+02  1.427E-01 
2.346E+03   1.227E+02  1.412E-01 
2.377E+03   1.220E+02  1.398E-01 
2.408E+03   1.213E+02  1.384E-01 
2.439E+03   1.206E+02  1.370E-01 
2.471E+03   1.199E+02  1.356E-01 
2.503E+03   1.192E+02  1.342E-01 
2.535E+03   1.185E+02  1.329E-01 
2.568E+03   1.178E+02  1.315E-01 
2.602E+03   1.171E+02  1.302E-01 
2.635E+03   1.164E+02  1.288E-01 
2.670E+03   1.157E+02  1.275E-01 
2.704E+03   1.150E+02  1.262E-01 
2.740E+03   1.143E+02  1.250E-01 
2.775E+03   1.136E+02  1.237E-01 
2.811E+03   1.129E+02  1.224E-01 
2.848E+03   1.122E+02  1.212E-01 
2.885E+03   1.115E+02  1.199E-01 
2.922E+03   1.108E+02  1.187E-01 
2.960E+03   1.101E+02  1.175E-01 
2.999E+03   1.094E+02  1.163E-01 
3.038E+03   1.087E+02  1.151E-01 
3.077E+03   1.080E+02  1.139E-01 
3.117E+03   1.073E+02  1.127E-01 
3.158E+03   1.066E+02  1.116E-01 
3.199E+03   1.060E+02  1.104E-01 
3.240E+03   1.053E+02  1.093E-01 
3.282E+03   1.046E+02  1.082E-01 
3.325E+03   1.039E+02  1.071E-01 
3.368E+03   1.033E+02  1.060E-01 
3.412E+03   1.026E+02  1.049E-01 
3.456E+03   1.019E+02  1.038E-01 
3.501E+03   1.013E+02  1.027E-01 
3.547E+03   1.006E+02  1.017E-01 
3.593E+03   9.994E+01  1.006E-01 
3.640E+03   9.928E+01  9.957E-02 
3.687E+03   9.863E+01  9.854E-02 
3.735E+03   9.798E+01  9.752E-02 
3.783E+03   9.733E+01  9.651E-02 
3.832E+03   9.669E+01  9.551E-02 
3.882E+03   9.605E+01  9.452E-02 
3.933E+03   9.542E+01  9.354E-02 
3.984E+03   9.479E+01  9.257E-02 
4.036E+03   9.416E+01  9.161E-02 
4.088E+03   9.354E+01  9.065E-02 
4.141E+03   9.292E+01  8.971E-02 
4.195E+03   9.230E+01  8.878E-02 
4.250E+03   9.169E+01  8.785E-02 
4.305E+03   9.108E+01  8.694E-02 
4.361E+03   9.048E+01  8.603E-02 
4.417E+03   8.988E+01  8.514E-02 
4.475E+03   8.928E+01  8.425E-02 
4.533E+03   8.869E+01  8.337E-02 
4.592E+03   8.810E+01  8.250E-02 
4.652E+03   8.752E+01  8.163E-02 
4.712E+03   8.694E+01  8.078E-02 
4.773E+03   8.636E+01  7.994E-02 
4.835E+03   8.579E+01  7.910E-02 
4.898E+03   8.522E+01  7.827E-02 
4.962E+03   8.466E+01  7.745E-02 
5.026E+03   8.410E+01  7.664E-02 
5.092E+03   8.355E+01  7.583E-02 
5.158E+03   8.300E+01  7.504E-02 
5.225E+03   8.245E+01  7.425E-02 
5.293E+03   8.191E+01  7.347E-02 
5.362E+03   8.137E+01  7.270E-02 
5.431E+03   8.084E+01  7.193E-02 
5.502E+03   8.031E+01  7.118E-02 
5.573E+03   7.978E+01  7.043E-02 
5.646E+03   7.926E+01  6.968E-02 
5.719E+03   7.875E+01  6.895E-02 
5.793E+03   7.824E+01  6.822E-02 
5.869E+03   7.773E+01  6.750E-02 
5.945E+03   7.722E+01  6.679E-02 
6.022E+03   7.673E+01  6.609E-02 
6.101E+03   7.623E+01  6.539E-02 
6.180E+03   7.574E+01  6.470E-02 
6.260E+03   7.525E+01  6.401E-02 
6.341E+03   7.477E+01  6.333E-02 
6.424E+03   7.429E+01  6.266E-02 
6.507E+03   7.382E+01  6.200E-02 
6.592E+03   7.334E+01  6.134E-02 
6.678E+03   7.288E+01  6.069E-02 
6.764E+03   7.242E+01  6.005E-02 
6.852E+03   7.196E+01  5.941E-02 
6.941E+03   7.150E+01  5.878E-02 
7.032E+03   7.105E+01  5.816E-02 
7.123E+03   7.060E+01  5.754E-02 
7.216E+03   7.016E+01  5.693E-02 
7.309E+03   6.972E+01  5.632E-02 
7.404E+03   6.929E+01  5.572E-02 
7.501E+03   6.885E+01  5.513E-02 
7.598E+03   6.843E+01  5.454E-02 
7.697E+03   6.800E+01  5.396E-02 
7.797E+03   6.758E+01  5.339E-02 
7.898E+03   6.716E+01  5.282E-02 
8.001E+03   6.675E+01  5.225E-02 
8.105E+03   6.632E+01  5.169E-02 
8.210E+03   6.589E+01  5.114E-02 
8.317E+03   6.545E+01  5.060E-02 
8.425E+03   6.500E+01  5.006E-02 
8.534E+03   6.455E+01  4.952E-02 
8.645E+03   6.409E+01  4.899E-02 
8.758E+03   6.363E+01  4.847E-02 
8.871E+03   6.316E+01  4.795E-02 
8.987E+03   6.268E+01  4.743E-02 
9.104E+03   6.220E+01  4.693E-02 
9.222E+03   6.171E+01  4.642E-02 
9.342E+03   6.122E+01  4.592E-02 
9.463E+03   6.072E+01  4.543E-02 
9.586E+03   6.021E+01  4.494E-02 
9.711E+03   5.978E+01  4.446E-02 
9.837E+03   5.937E+01  4.398E-02 
9.965E+03   5.896E+01  4.351E-02 
1.009E+04   5.856E+01  4.304E-02 
1.023E+04   5.815E+01  4.258E-02 
1.036E+04   5.775E+01  4.212E-02 
1.049E+04   5.735E+01  4.167E-02 
1.063E+04   5.695E+01  4.122E-02 
1.077E+04   5.655E+01  4.078E-02 
1.091E+04   5.616E+01  4.034E-02 
1.105E+04   5.576E+01  3.990E-02 
1.119E+04   5.537E+01  3.947E-02 
1.134E+04   5.498E+01  3.904E-02 
1.149E+04   5.460E+01  3.862E-02 
1.163E+04   5.421E+01  3.821E-02 
1.179E+04   5.383E+01  3.779E-02 
1.194E+04   5.344E+01  3.739E-02 
1.209E+04   5.306E+01  3.698E-02 
1.225E+04   5.268E+01  3.658E-02 
1.241E+04   5.231E+01  3.619E-02 
1.257E+04   5.193E+01  3.579E-02 
1.274E+04   5.156E+01  3.541E-02 
1.290E+04   5.119E+01  3.502E-02 
1.307E+04   5.082E+01  3.464E-02 
1.324E+04   5.045E+01  3.427E-02 
1.341E+04   5.009E+01  3.390E-02 
1.358E+04   4.972E+01  3.353E-02 
1.376E+04   4.936E+01  3.316E-02 
1.394E+04   4.900E+01  3.280E-02 
1.412E+04   4.865E+01  3.245E-02 
1.431E+04   4.829E+01  3.210E-02 
1.449E+04   4.794E+01  3.175E-02 
1.468E+04   4.758E+01  3.140E-02 
1.487E+04   4.723E+01  3.106E-02 
1.506E+04   4.688E+01  3.072E-02 
1.526E+04   4.654E+01  3.039E-02 
1.546E+04   4.619E+01  3.006E-02 
1.566E+04   4.585E+01  2.973E-02 
1.586E+04   4.551E+01  2.941E-02 
1.607E+04   4.517E+01  2.909E-02 
1.628E+04   4.483E+01  2.877E-02 
1.649E+04   4.450E+01  2.845E-02 
1.670E+04   4.416E+01  2.814E-02 
1.692E+04   4.383E+01  2.784E-02 
1.714E+04   4.350E+01  2.753E-02 
1.736E+04   4.317E+01  2.723E-02 
1.759E+04   4.285E+01  2.693E-02 
1.782E+04   4.252E+01  2.664E-02 
1.805E+04   4.220E+01  2.635E-02 
1.828E+04   4.188E+01  2.606E-02 
1.852E+04   4.156E+01  2.578E-02 
1.876E+04   4.124E+01  2.549E-02 
1.900E+04   4.093E+01  2.522E-02 
1.925E+04   4.062E+01  2.494E-02 
1.950E+04   4.030E+01  2.467E-02 
1.976E+04   3.999E+01  2.440E-02 
2.001E+04   3.969E+01  2.413E-02 
2.027E+04   3.938E+01  2.386E-02 
2.054E+04   3.907E+01  2.360E-02 
2.080E+04   3.877E+01  2.334E-02 
2.107E+04   3.847E+01  2.309E-02 
2.135E+04   3.817E+01  2.283E-02 
2.162E+04   3.788E+01  2.258E-02 
2.191E+04   3.758E+01  2.233E-02 
2.219E+04   3.729E+01  2.209E-02 
2.248E+04   3.699E+01  2.185E-02 
2.277E+04   3.670E+01  2.161E-02 
2.307E+04   3.642E+01  2.137E-02 
2.337E+04   3.613E+01  2.113E-02 
2.367E+04   3.584E+01  2.090E-02 
2.398E+04   3.556E+01  2.067E-02 
2.429E+04   3.528E+01  2.044E-02 
2.461E+04   3.500E+01  2.022E-02 
2.492E+04   3.472E+01  2.000E-02 
2.525E+04   3.445E+01  1.977E-02 
2.558E+04   3.417E+01  1.956E-02 
2.591E+04   3.390E+01  1.934E-02 
2.625E+04   3.363E+01  1.913E-02 
2.659E+04   3.336E+01  1.892E-02 
2.693E+04   3.309E+01  1.871E-02 
2.728E+04   3.282E+01  1.850E-02 
2.764E+04   3.256E+01  1.830E-02 
2.800E+04   3.230E+01  1.809E-02 
2.836E+04   3.204E+01  1.789E-02 
2.873E+04   3.178E+01  1.770E-02 
2.910E+04   3.152E+01  1.750E-02 
2.948E+04   3.126E+01  1.731E-02 
2.986E+04   3.101E+01  1.712E-02 
3.025E+04   3.076E+01  1.693E-02 
3.065E+04   3.051E+01  1.674E-02 
3.104E+04   3.026E+01  1.655E-02 
3.145E+04   3.001E+01  1.637E-02 
3.186E+04   2.976E+01  1.619E-02 
3.227E+04   2.952E+01  1.601E-02 
3.269E+04   2.928E+01  1.583E-02 
3.311E+04   2.903E+01  1.566E-02 
3.354E+04   2.880E+01  1.548E-02 
3.398E+04   2.856E+01  1.531E-02 
3.442E+04   2.832E+01  1.514E-02 
3.487E+04   2.809E+01  1.497E-02 
3.532E+04   2.785E+01  1.481E-02 
3.578E+04   2.762E+01  1.464E-02 
3.625E+04   2.739E+01  1.448E-02 
3.672E+04   2.716E+01  1.432E-02 
3.719E+04   2.694E+01  1.416E-02 
3.768E+04   2.671E+01  1.400E-02 
3.817E+04   2.649E+01  1.385E-02 
3.866E+04   2.627E+01  1.369E-02 
3.917E+04   2.605E+01  1.354E-02 
3.968E+04   2.583E+01  1.339E-02 
4.019E+04   2.561E+01  1.324E-02 
4.071E+04   2.539E+01  1.309E-02 
4.124E+04   2.518E+01  1.295E-02 
4.178E+04   2.497E+01  1.280E-02 
4.232E+04   2.476E+01  1.266E-02 
4.287E+04   2.455E+01  1.252E-02 
4.343E+04   2.434E+01  1.238E-02 
4.399E+04   2.413E+01  1.224E-02 
4.456E+04   2.392E+01  1.210E-02 
4.514E+04   2.372E+01  1.197E-02 
4.573E+04   2.352E+01  1.184E-02 
4.632E+04   2.332E+01  1.170E-02 
4.693E+04   2.312E+01  1.157E-02 
4.754E+04   2.292E+01  1.144E-02 
4.815E+04   2.272E+01  1.132E-02 
4.878E+04   2.253E+01  1.119E-02 
4.941E+04   2.233E+01  1.106E-02 
5.006E+04   2.214E+01  1.094E-02 
5.071E+04   2.195E+01  1.082E-02 
5.137E+04   2.176E+01  1.070E-02 
5.203E+04   2.157E+01  1.058E-02 
5.271E+04   2.139E+01  1.046E-02 
5.340E+04   2.120E+01  1.034E-02 
5.409E+04   2.102E+01  1.023E-02 
5.479E+04   2.084E+01  1.011E-02 
5.550E+04   2.066E+01  9.999E-03 
5.623E+04   2.048E+01  9.887E-03 
5.696E+04   2.030E+01  9.776E-03 
5.770E+04   2.012E+01  9.666E-03 
5.845E+04   1.995E+01  9.558E-03 
5.921E+04   1.977E+01  9.450E-03 
5.998E+04   1.960E+01  9.344E-03 
6.075E+04   1.943E+01  9.240E-03 
6.154E+04   1.926E+01  9.136E-03 
6.234E+04   1.909E+01  9.033E-03 
6.315E+04   1.892E+01  8.932E-03 
6.398E+04   1.875E+01  8.832E-03 
6.481E+04   1.859E+01  8.732E-03 
6.565E+04   1.842E+01  8.634E-03 
6.650E+04   1.826E+01  8.537E-03 
6.737E+04   1.810E+01  8.441E-03 
6.824E+04   1.794E+01  8.346E-03 
6.913E+04   1.778E+01  8.252E-03 
7.003E+04   1.762E+01  8.160E-03 
7.094E+04   1.747E+01  8.068E-03 
7.186E+04   1.731E+01  7.977E-03 
7.279E+04   1.716E+01  7.887E-03 
7.374E+04   1.701E+01  7.798E-03 
7.470E+04   1.686E+01  7.710E-03 
7.567E+04   1.671E+01  7.624E-03 
7.665E+04   1.656E+01  7.538E-03 
7.765E+04   1.641E+01  7.453E-03 
7.866E+04   1.626E+01  7.369E-03 
7.968E+04   1.612E+01  7.286E-03 
8.072E+04   1.597E+01  7.203E-03 
8.176E+04   1.583E+01  7.122E-03 
8.283E+04   1.569E+01  7.042E-03 
8.390E+04   1.555E+01  6.962E-03 
8.499E+04   1.541E+01  6.884E-03 
8.610E+04   1.527E+01  6.806E-03 
8.722E+04   1.513E+01  6.729E-03 
8.835E+04   1.500E+01  6.653E-03 
8.950E+04   1.486E+01  6.578E-03 
9.066E+04   1.473E+01  6.504E-03 
9.184E+04   1.460E+01  6.430E-03 
9.303E+04   1.447E+01  6.358E-03 
9.424E+04   1.434E+01  6.286E-03 
9.547E+04   1.421E+01  6.215E-03 
9.671E+04   1.408E+01  6.144E-03 
9.797E+04   1.395E+01  6.075E-03 
9.924E+04   1.383E+01  6.006E-03 
1.005E+05   1.370E+01  5.938E-03 
1.018E+05   1.358E+01  5.871E-03 
1.032E+05   1.345E+01  5.804E-03 
1.045E+05   1.333E+01  5.739E-03 
1.059E+05   1.321E+01  5.674E-03 
1.072E+05   1.309E+01  5.609E-03 
1.086E+05   1.297E+01  5.546E-03 
1.100E+05   1.285E+01  5.483E-03 
1.115E+05   1.274E+01  5.421E-03 
1.129E+05   1.262E+01  5.359E-03 
1.144E+05   1.251E+01  5.298E-03 
1.159E+05   1.239E+01  5.238E-03 
1.174E+05   1.228E+01  5.179E-03 
1.189E+05   1.217E+01  5.120E-03 
1.204E+05   1.206E+01  5.062E-03 
1.220E+05   1.195E+01  5.005E-03 
1.236E+05   1.184E+01  4.948E-03 
1.252E+05   1.173E+01  4.892E-03 
1.268E+05   1.162E+01  4.836E-03 
1.285E+05   1.152E+01  4.781E-03 
1.302E+05   1.141E+01  4.727E-03 
1.318E+05   1.131E+01  4.673E-03 
1.336E+05   1.121E+01  4.620E-03 
1.353E+05   1.110E+01  4.567E-03 
1.371E+05   1.100E+01  4.515E-03 
1.388E+05   1.090E+01  4.464E-03 
1.406E+05   1.080E+01  4.413E-03 
1.425E+05   1.070E+01  4.363E-03 
1.443E+05   1.060E+01  4.313E-03 
1.462E+05   1.051E+01  4.264E-03 
1.481E+05   1.041E+01  4.216E-03 
1.500E+05   1.032E+01  4.168E-03 
1.520E+05   1.022E+01  4.120E-03 
1.539E+05   1.013E+01  4.073E-03 
1.559E+05   1.004E+01  4.027E-03 
1.580E+05   9.944E+00  3.981E-03 
1.600E+05   9.853E+00  3.936E-03 
1.621E+05   9.762E+00  3.891E-03 
1.642E+05   9.673E+00  3.847E-03 
1.663E+05   9.584E+00  3.803E-03 
1.685E+05   9.496E+00  3.759E-03 
1.707E+05   9.409E+00  3.716E-03 
1.729E+05   9.323E+00  3.674E-03 
1.752E+05   9.238E+00  3.632E-03 
1.774E+05   9.153E+00  3.591E-03 
1.797E+05   9.069E+00  3.550E-03 
1.821E+05   8.986E+00  3.509E-03 
1.844E+05   8.904E+00  3.469E-03 
1.868E+05   8.822E+00  3.429E-03 
1.893E+05   8.742E+00  3.390E-03 
1.917E+05   8.662E+00  3.351E-03 
1.942E+05   8.582E+00  3.313E-03 
1.967E+05   8.504E+00  3.275E-03 
1.993E+05   8.426E+00  3.238E-03 
2.019E+05   8.349E+00  3.201E-03 
2.045E+05   8.273E+00  3.164E-03 
2.072E+05   8.197E+00  3.128E-03 
2.099E+05   8.122E+00  3.092E-03 
2.126E+05   8.048E+00  3.057E-03 
2.154E+05   7.974E+00  3.022E-03 
2.182E+05   7.901E+00  2.987E-03 
2.210E+05   7.829E+00  2.953E-03 
2.239E+05   7.758E+00  2.919E-03 
2.268E+05   7.687E+00  2.886E-03 
2.297E+05   7.617E+00  2.853E-03 
2.327E+05   7.547E+00  2.820E-03 
2.357E+05   7.479E+00  2.788E-03 
2.388E+05   7.410E+00  2.756E-03 
2.419E+05   7.343E+00  2.724E-03 
2.450E+05   7.276E+00  2.693E-03 
2.482E+05   7.210E+00  2.662E-03 
2.515E+05   7.144E+00  2.632E-03 
2.547E+05   7.079E+00  2.602E-03 
2.580E+05   7.015E+00  2.572E-03 
2.614E+05   6.952E+00  2.542E-03 
2.648E+05   6.888E+00  2.513E-03 
2.682E+05   6.826E+00  2.484E-03 
2.717E+05   6.764E+00  2.456E-03 
2.752E+05   6.703E+00  2.427E-03 
2.788E+05   6.642E+00  2.400E-03 
2.824E+05   6.582E+00  2.372E-03 
2.861E+05   6.523E+00  2.345E-03 
2.898E+05   6.464E+00  2.318E-03 
2.936E+05   6.406E+00  2.291E-03 
2.974E+05   6.348E+00  2.265E-03 
3.013E+05   6.291E+00  2.239E-03 
3.052E+05   6.234E+00  2.213E-03 
3.092E+05   6.178E+00  2.188E-03 
3.132E+05   6.123E+00  2.163E-03 
3.172E+05   6.068E+00  2.138E-03 
3.214E+05   6.013E+00  2.113E-03 
3.255E+05   5.960E+00  2.089E-03 
3.298E+05   5.906E+00  2.065E-03 
3.341E+05   5.854E+00  2.041E-03 
3.384E+05   5.801E+00  2.018E-03 
3.428E+05   5.750E+00  1.994E-03 
3.473E+05   5.698E+00  1.971E-03 
3.518E+05   5.648E+00  1.949E-03 
3.563E+05   5.598E+00  1.926E-03 
3.610E+05   5.548E+00  1.904E-03 
3.657E+05   5.499E+00  1.882E-03 
3.704E+05   5.450E+00  1.860E-03 
3.752E+05   5.402E+00  1.839E-03 
3.801E+05   5.354E+00  1.818E-03 
3.851E+05   5.307E+00  1.797E-03 
3.901E+05   5.260E+00  1.776E-03 
3.951E+05   5.214E+00  1.756E-03 
4.003E+05   5.168E+00  1.735E-03 
