Ion = Hydrogen    . Mass = 1.0079
Tgt = Pa (Solid). Density = 15.37 g/cm3
Stopping Units =  eV/(1E15 atoms/cm2)
Energy(keV)  S(Elec)    S(Nuc)
1.000E+00   6.966E+00  2.432E-01 
1.012E+00   7.007E+00  2.436E-01 
1.023E+00   7.047E+00  2.439E-01 
1.035E+00   7.088E+00  2.443E-01 
1.047E+00   7.129E+00  2.447E-01 
1.059E+00   7.170E+00  2.451E-01 
1.072E+00   7.212E+00  2.455E-01 
1.084E+00   7.253E+00  2.459E-01 
1.097E+00   7.295E+00  2.463E-01 
1.109E+00   7.337E+00  2.466E-01 
1.122E+00   7.380E+00  2.470E-01 
1.135E+00   7.422E+00  2.474E-01 
1.148E+00   7.465E+00  2.477E-01 
1.162E+00   7.509E+00  2.481E-01 
1.175E+00   7.552E+00  2.485E-01 
1.189E+00   7.596E+00  2.488E-01 
1.203E+00   7.640E+00  2.492E-01 
1.217E+00   7.684E+00  2.495E-01 
1.231E+00   7.728E+00  2.499E-01 
1.245E+00   7.773E+00  2.502E-01 
1.259E+00   7.818E+00  2.506E-01 
1.274E+00   7.863E+00  2.509E-01 
1.289E+00   7.908E+00  2.512E-01 
1.304E+00   7.954E+00  2.516E-01 
1.319E+00   8.000E+00  2.519E-01 
1.334E+00   8.046E+00  2.522E-01 
1.350E+00   8.093E+00  2.525E-01 
1.365E+00   8.140E+00  2.529E-01 
1.381E+00   8.187E+00  2.532E-01 
1.397E+00   8.234E+00  2.535E-01 
1.413E+00   8.282E+00  2.538E-01 
1.430E+00   8.330E+00  2.541E-01 
1.446E+00   8.378E+00  2.544E-01 
1.463E+00   8.426E+00  2.547E-01 
1.480E+00   8.475E+00  2.550E-01 
1.497E+00   8.524E+00  2.553E-01 
1.515E+00   8.573E+00  2.556E-01 
1.532E+00   8.623E+00  2.559E-01 
1.550E+00   8.673E+00  2.561E-01 
1.568E+00   8.723E+00  2.564E-01 
1.586E+00   8.773E+00  2.567E-01 
1.605E+00   8.824E+00  2.570E-01 
1.623E+00   8.875E+00  2.572E-01 
1.642E+00   8.927E+00  2.575E-01 
1.661E+00   8.978E+00  2.577E-01 
1.680E+00   9.030E+00  2.580E-01 
1.700E+00   9.082E+00  2.582E-01 
1.719E+00   9.135E+00  2.585E-01 
1.739E+00   9.188E+00  2.587E-01 
1.760E+00   9.241E+00  2.590E-01 
1.780E+00   9.294E+00  2.592E-01 
1.801E+00   9.348E+00  2.594E-01 
1.822E+00   9.402E+00  2.597E-01 
1.843E+00   9.456E+00  2.599E-01 
1.864E+00   9.511E+00  2.601E-01 
1.886E+00   9.566E+00  2.603E-01 
1.908E+00   9.621E+00  2.605E-01 
1.930E+00   9.677E+00  2.608E-01 
1.952E+00   9.733E+00  2.610E-01 
1.975E+00   9.789E+00  2.612E-01 
1.998E+00   9.846E+00  2.614E-01 
2.021E+00   9.901E+00  2.615E-01 
2.044E+00   9.951E+00  2.617E-01 
2.068E+00   1.000E+01  2.619E-01 
2.092E+00   1.005E+01  2.621E-01 
2.116E+00   1.010E+01  2.623E-01 
2.141E+00   1.016E+01  2.624E-01 
2.166E+00   1.021E+01  2.626E-01 
2.191E+00   1.026E+01  2.628E-01 
2.216E+00   1.031E+01  2.629E-01 
2.242E+00   1.036E+01  2.631E-01 
2.268E+00   1.042E+01  2.632E-01 
2.294E+00   1.047E+01  2.634E-01 
2.321E+00   1.052E+01  2.635E-01 
2.348E+00   1.058E+01  2.637E-01 
2.375E+00   1.063E+01  2.638E-01 
2.402E+00   1.069E+01  2.639E-01 
2.430E+00   1.074E+01  2.641E-01 
2.458E+00   1.080E+01  2.642E-01 
2.487E+00   1.085E+01  2.643E-01 
2.516E+00   1.091E+01  2.644E-01 
2.545E+00   1.096E+01  2.645E-01 
2.574E+00   1.102E+01  2.646E-01 
2.604E+00   1.108E+01  2.647E-01 
2.635E+00   1.113E+01  2.648E-01 
2.665E+00   1.119E+01  2.649E-01 
2.696E+00   1.125E+01  2.650E-01 
2.727E+00   1.131E+01  2.651E-01 
2.759E+00   1.136E+01  2.651E-01 
2.791E+00   1.142E+01  2.652E-01 
2.823E+00   1.148E+01  2.653E-01 
2.856E+00   1.154E+01  2.653E-01 
2.889E+00   1.160E+01  2.654E-01 
2.923E+00   1.166E+01  2.654E-01 
2.957E+00   1.172E+01  2.655E-01 
2.991E+00   1.178E+01  2.655E-01 
3.026E+00   1.184E+01  2.656E-01 
3.061E+00   1.191E+01  2.656E-01 
3.096E+00   1.197E+01  2.656E-01 
3.132E+00   1.203E+01  2.657E-01 
3.168E+00   1.209E+01  2.657E-01 
3.205E+00   1.216E+01  2.657E-01 
3.242E+00   1.222E+01  2.657E-01 
3.280E+00   1.228E+01  2.657E-01 
3.318E+00   1.235E+01  2.657E-01 
3.356E+00   1.241E+01  2.657E-01 
3.395E+00   1.248E+01  2.657E-01 
3.435E+00   1.254E+01  2.657E-01 
3.475E+00   1.261E+01  2.657E-01 
3.515E+00   1.268E+01  2.656E-01 
3.556E+00   1.274E+01  2.656E-01 
3.597E+00   1.281E+01  2.656E-01 
3.639E+00   1.288E+01  2.655E-01 
3.681E+00   1.294E+01  2.655E-01 
3.724E+00   1.301E+01  2.654E-01 
3.767E+00   1.308E+01  2.654E-01 
3.810E+00   1.315E+01  2.653E-01 
3.855E+00   1.322E+01  2.653E-01 
3.899E+00   1.329E+01  2.652E-01 
3.945E+00   1.336E+01  2.651E-01 
3.990E+00   1.343E+01  2.650E-01 
4.037E+00   1.350E+01  2.649E-01 
4.083E+00   1.357E+01  2.648E-01 
4.131E+00   1.365E+01  2.648E-01 
4.179E+00   1.372E+01  2.647E-01 
4.227E+00   1.379E+01  2.645E-01 
4.276E+00   1.386E+01  2.644E-01 
4.326E+00   1.394E+01  2.643E-01 
4.376E+00   1.401E+01  2.642E-01 
4.427E+00   1.409E+01  2.641E-01 
4.478E+00   1.416E+01  2.639E-01 
4.530E+00   1.424E+01  2.638E-01 
4.583E+00   1.431E+01  2.637E-01 
4.636E+00   1.439E+01  2.635E-01 
4.690E+00   1.447E+01  2.634E-01 
4.744E+00   1.455E+01  2.632E-01 
4.799E+00   1.462E+01  2.630E-01 
4.855E+00   1.470E+01  2.629E-01 
4.911E+00   1.478E+01  2.627E-01 
4.968E+00   1.486E+01  2.625E-01 
5.026E+00   1.494E+01  2.623E-01 
5.084E+00   1.502E+01  2.621E-01 
5.143E+00   1.510E+01  2.619E-01 
5.202E+00   1.519E+01  2.617E-01 
5.263E+00   1.527E+01  2.615E-01 
5.324E+00   1.535E+01  2.613E-01 
5.386E+00   1.543E+01  2.611E-01 
5.448E+00   1.552E+01  2.609E-01 
5.511E+00   1.560E+01  2.607E-01 
5.575E+00   1.569E+01  2.604E-01 
5.640E+00   1.577E+01  2.602E-01 
5.705E+00   1.586E+01  2.599E-01 
5.771E+00   1.594E+01  2.597E-01 
5.838E+00   1.603E+01  2.594E-01 
5.906E+00   1.612E+01  2.592E-01 
5.975E+00   1.621E+01  2.589E-01 
6.044E+00   1.630E+01  2.587E-01 
6.114E+00   1.639E+01  2.584E-01 
6.185E+00   1.648E+01  2.581E-01 
6.257E+00   1.657E+01  2.578E-01 
6.329E+00   1.666E+01  2.575E-01 
6.403E+00   1.675E+01  2.572E-01 
6.477E+00   1.684E+01  2.569E-01 
6.552E+00   1.694E+01  2.566E-01 
6.628E+00   1.703E+01  2.563E-01 
6.705E+00   1.712E+01  2.560E-01 
6.783E+00   1.722E+01  2.557E-01 
6.861E+00   1.731E+01  2.553E-01 
6.941E+00   1.741E+01  2.550E-01 
7.021E+00   1.751E+01  2.547E-01 
7.103E+00   1.761E+01  2.543E-01 
7.185E+00   1.770E+01  2.540E-01 
7.269E+00   1.780E+01  2.536E-01 
7.353E+00   1.790E+01  2.532E-01 
7.438E+00   1.800E+01  2.529E-01 
7.524E+00   1.811E+01  2.525E-01 
7.612E+00   1.821E+01  2.521E-01 
7.700E+00   1.831E+01  2.518E-01 
7.789E+00   1.841E+01  2.514E-01 
7.880E+00   1.852E+01  2.510E-01 
7.971E+00   1.862E+01  2.506E-01 
8.064E+00   1.873E+01  2.502E-01 
8.157E+00   1.883E+01  2.498E-01 
8.252E+00   1.894E+01  2.494E-01 
8.347E+00   1.905E+01  2.489E-01 
8.444E+00   1.916E+01  2.485E-01 
8.542E+00   1.927E+01  2.481E-01 
8.641E+00   1.938E+01  2.477E-01 
8.741E+00   1.949E+01  2.472E-01 
8.843E+00   1.960E+01  2.468E-01 
8.945E+00   1.972E+01  2.463E-01 
9.049E+00   1.983E+01  2.459E-01 
9.154E+00   1.994E+01  2.454E-01 
9.260E+00   2.006E+01  2.449E-01 
9.368E+00   2.018E+01  2.445E-01 
9.476E+00   2.029E+01  2.440E-01 
9.586E+00   2.041E+01  2.435E-01 
9.698E+00   2.053E+01  2.430E-01 
9.810E+00   2.065E+01  2.426E-01 
9.924E+00   2.077E+01  2.421E-01 
1.004E+01   2.090E+01  2.416E-01 
1.016E+01   2.102E+01  2.411E-01 
1.027E+01   2.114E+01  2.406E-01 
1.039E+01   2.127E+01  2.400E-01 
1.051E+01   2.139E+01  2.395E-01 
1.063E+01   2.152E+01  2.390E-01 
1.076E+01   2.165E+01  2.385E-01 
1.088E+01   2.178E+01  2.379E-01 
1.101E+01   2.191E+01  2.374E-01 
1.114E+01   2.204E+01  2.369E-01 
1.127E+01   2.217E+01  2.363E-01 
1.140E+01   2.231E+01  2.358E-01 
1.153E+01   2.244E+01  2.352E-01 
1.166E+01   2.258E+01  2.347E-01 
1.180E+01   2.271E+01  2.341E-01 
1.193E+01   2.285E+01  2.335E-01 
1.207E+01   2.299E+01  2.330E-01 
1.221E+01   2.313E+01  2.324E-01 
1.235E+01   2.327E+01  2.318E-01 
1.250E+01   2.342E+01  2.312E-01 
1.264E+01   2.356E+01  2.306E-01 
1.279E+01   2.371E+01  2.300E-01 
1.294E+01   2.385E+01  2.294E-01 
1.309E+01   2.400E+01  2.288E-01 
1.324E+01   2.415E+01  2.282E-01 
1.339E+01   2.430E+01  2.276E-01 
1.355E+01   2.445E+01  2.270E-01 
1.371E+01   2.460E+01  2.264E-01 
1.387E+01   2.476E+01  2.258E-01 
1.403E+01   2.491E+01  2.251E-01 
1.419E+01   2.507E+01  2.245E-01 
1.435E+01   2.523E+01  2.239E-01 
1.452E+01   2.539E+01  2.232E-01 
1.469E+01   2.555E+01  2.226E-01 
1.486E+01   2.572E+01  2.220E-01 
1.503E+01   2.588E+01  2.213E-01 
1.521E+01   2.605E+01  2.207E-01 
1.538E+01   2.621E+01  2.200E-01 
1.556E+01   2.638E+01  2.193E-01 
1.574E+01   2.655E+01  2.187E-01 
1.592E+01   2.672E+01  2.180E-01 
1.611E+01   2.690E+01  2.173E-01 
1.629E+01   2.707E+01  2.167E-01 
1.648E+01   2.725E+01  2.160E-01 
1.667E+01   2.743E+01  2.153E-01 
1.687E+01   2.761E+01  2.146E-01 
1.706E+01   2.779E+01  2.139E-01 
1.726E+01   2.797E+01  2.132E-01 
1.746E+01   2.815E+01  2.126E-01 
1.766E+01   2.834E+01  2.119E-01 
1.787E+01   2.853E+01  2.112E-01 
1.808E+01   2.872E+01  2.105E-01 
1.829E+01   2.891E+01  2.097E-01 
1.850E+01   2.910E+01  2.090E-01 
1.871E+01   2.929E+01  2.083E-01 
1.893E+01   2.949E+01  2.076E-01 
1.915E+01   2.969E+01  2.069E-01 
1.937E+01   2.988E+01  2.062E-01 
1.960E+01   3.008E+01  2.055E-01 
1.982E+01   3.029E+01  2.047E-01 
2.005E+01   3.049E+01  2.040E-01 
2.029E+01   3.069E+01  2.033E-01 
2.052E+01   3.090E+01  2.025E-01 
2.076E+01   3.111E+01  2.018E-01 
2.100E+01   3.132E+01  2.011E-01 
2.124E+01   3.153E+01  2.003E-01 
2.149E+01   3.174E+01  1.996E-01 
2.174E+01   3.195E+01  1.988E-01 
2.199E+01   3.217E+01  1.981E-01 
2.225E+01   3.239E+01  1.973E-01 
2.250E+01   3.260E+01  1.966E-01 
2.277E+01   3.282E+01  1.958E-01 
2.303E+01   3.304E+01  1.951E-01 
2.330E+01   3.326E+01  1.943E-01 
2.357E+01   3.349E+01  1.936E-01 
2.384E+01   3.371E+01  1.928E-01 
2.412E+01   3.394E+01  1.921E-01 
2.440E+01   3.416E+01  1.913E-01 
2.468E+01   3.439E+01  1.905E-01 
2.497E+01   3.462E+01  1.898E-01 
2.526E+01   3.485E+01  1.890E-01 
2.555E+01   3.507E+01  1.882E-01 
2.584E+01   3.530E+01  1.874E-01 
2.614E+01   3.554E+01  1.867E-01 
2.645E+01   3.577E+01  1.859E-01 
2.675E+01   3.600E+01  1.851E-01 
2.707E+01   3.623E+01  1.843E-01 
2.738E+01   3.646E+01  1.836E-01 
2.770E+01   3.670E+01  1.828E-01 
2.802E+01   3.693E+01  1.820E-01 
2.834E+01   3.716E+01  1.812E-01 
2.867E+01   3.740E+01  1.804E-01 
2.900E+01   3.763E+01  1.797E-01 
2.934E+01   3.786E+01  1.789E-01 
2.968E+01   3.809E+01  1.781E-01 
3.003E+01   3.832E+01  1.773E-01 
3.037E+01   3.856E+01  1.765E-01 
3.073E+01   3.879E+01  1.757E-01 
3.108E+01   3.902E+01  1.749E-01 
3.144E+01   3.924E+01  1.741E-01 
3.181E+01   3.947E+01  1.734E-01 
3.218E+01   3.970E+01  1.726E-01 
3.255E+01   3.993E+01  1.718E-01 
3.293E+01   4.015E+01  1.710E-01 
3.331E+01   4.037E+01  1.702E-01 
3.370E+01   4.059E+01  1.694E-01 
3.409E+01   4.081E+01  1.686E-01 
3.448E+01   4.103E+01  1.678E-01 
3.488E+01   4.125E+01  1.670E-01 
3.529E+01   4.146E+01  1.662E-01 
3.570E+01   4.168E+01  1.654E-01 
3.611E+01   4.189E+01  1.646E-01 
3.653E+01   4.209E+01  1.638E-01 
3.695E+01   4.230E+01  1.630E-01 
3.738E+01   4.250E+01  1.623E-01 
3.781E+01   4.270E+01  1.615E-01 
3.825E+01   4.290E+01  1.607E-01 
3.870E+01   4.310E+01  1.599E-01 
3.915E+01   4.329E+01  1.591E-01 
3.960E+01   4.348E+01  1.583E-01 
4.006E+01   4.367E+01  1.575E-01 
4.052E+01   4.386E+01  1.567E-01 
4.099E+01   4.404E+01  1.559E-01 
4.147E+01   4.422E+01  1.551E-01 
4.195E+01   4.440E+01  1.543E-01 
4.244E+01   4.457E+01  1.535E-01 
4.293E+01   4.474E+01  1.528E-01 
4.343E+01   4.491E+01  1.520E-01 
4.393E+01   4.508E+01  1.512E-01 
4.444E+01   4.524E+01  1.504E-01 
4.496E+01   4.540E+01  1.496E-01 
4.548E+01   4.555E+01  1.488E-01 
4.600E+01   4.571E+01  1.480E-01 
4.654E+01   4.586E+01  1.473E-01 
4.708E+01   4.601E+01  1.465E-01 
4.762E+01   4.615E+01  1.457E-01 
4.818E+01   4.630E+01  1.449E-01 
4.873E+01   4.644E+01  1.441E-01 
4.930E+01   4.658E+01  1.433E-01 
4.987E+01   4.671E+01  1.426E-01 
5.045E+01   4.684E+01  1.418E-01 
5.104E+01   4.697E+01  1.410E-01 
5.163E+01   4.710E+01  1.402E-01 
5.223E+01   4.723E+01  1.395E-01 
5.283E+01   4.735E+01  1.387E-01 
5.344E+01   4.747E+01  1.379E-01 
5.406E+01   4.759E+01  1.372E-01 
5.469E+01   4.771E+01  1.364E-01 
5.533E+01   4.782E+01  1.356E-01 
5.597E+01   4.794E+01  1.349E-01 
5.662E+01   4.805E+01  1.341E-01 
5.727E+01   4.816E+01  1.333E-01 
5.794E+01   4.826E+01  1.326E-01 
5.861E+01   4.837E+01  1.318E-01 
5.929E+01   4.847E+01  1.311E-01 
5.998E+01   4.857E+01  1.303E-01 
6.067E+01   4.867E+01  1.296E-01 
6.138E+01   4.877E+01  1.288E-01 
6.209E+01   4.887E+01  1.281E-01 
6.281E+01   4.896E+01  1.273E-01 
6.354E+01   4.906E+01  1.266E-01 
6.427E+01   4.915E+01  1.258E-01 
6.502E+01   4.924E+01  1.251E-01 
6.577E+01   4.933E+01  1.243E-01 
6.654E+01   4.942E+01  1.236E-01 
6.731E+01   4.950E+01  1.229E-01 
6.809E+01   4.959E+01  1.221E-01 
6.888E+01   4.967E+01  1.214E-01 
6.968E+01   4.975E+01  1.207E-01 
7.049E+01   4.983E+01  1.199E-01 
7.130E+01   4.991E+01  1.192E-01 
7.213E+01   4.998E+01  1.185E-01 
7.297E+01   5.006E+01  1.178E-01 
7.381E+01   5.013E+01  1.170E-01 
7.467E+01   5.020E+01  1.163E-01 
7.554E+01   5.027E+01  1.156E-01 
7.641E+01   5.034E+01  1.149E-01 
7.730E+01   5.041E+01  1.142E-01 
7.820E+01   5.048E+01  1.135E-01 
7.910E+01   5.054E+01  1.128E-01 
8.002E+01   5.060E+01  1.121E-01 
8.095E+01   5.066E+01  1.114E-01 
8.189E+01   5.072E+01  1.107E-01 
8.284E+01   5.077E+01  1.100E-01 
8.380E+01   5.083E+01  1.093E-01 
8.477E+01   5.088E+01  1.086E-01 
8.575E+01   5.093E+01  1.079E-01 
8.675E+01   5.098E+01  1.072E-01 
8.775E+01   5.102E+01  1.065E-01 
8.877E+01   5.106E+01  1.058E-01 
8.980E+01   5.111E+01  1.051E-01 
9.084E+01   5.114E+01  1.045E-01 
9.190E+01   5.118E+01  1.038E-01 
9.296E+01   5.121E+01  1.031E-01 
9.404E+01   5.125E+01  1.024E-01 
9.513E+01   5.127E+01  1.018E-01 
9.624E+01   5.130E+01  1.011E-01 
9.735E+01   5.132E+01  1.005E-01 
9.848E+01   5.135E+01  9.979E-02 
9.962E+01   5.136E+01  9.913E-02 
1.008E+02   5.138E+01  9.848E-02 
1.019E+02   5.139E+01  9.783E-02 
1.031E+02   5.140E+01  9.718E-02 
1.043E+02   5.141E+01  9.653E-02 
1.055E+02   5.142E+01  9.589E-02 
1.068E+02   5.142E+01  9.525E-02 
1.080E+02   5.142E+01  9.461E-02 
1.093E+02   5.142E+01  9.397E-02 
1.105E+02   5.141E+01  9.334E-02 
1.118E+02   5.140E+01  9.271E-02 
1.131E+02   5.139E+01  9.208E-02 
1.144E+02   5.137E+01  9.146E-02 
1.157E+02   5.136E+01  9.083E-02 
1.171E+02   5.133E+01  9.021E-02 
1.184E+02   5.131E+01  8.960E-02 
1.198E+02   5.128E+01  8.898E-02 
1.212E+02   5.125E+01  8.837E-02 
1.226E+02   5.122E+01  8.776E-02 
1.240E+02   5.119E+01  8.716E-02 
1.255E+02   5.115E+01  8.656E-02 
1.269E+02   5.111E+01  8.596E-02 
1.284E+02   5.106E+01  8.536E-02 
1.299E+02   5.101E+01  8.476E-02 
1.314E+02   5.096E+01  8.417E-02 
1.329E+02   5.091E+01  8.358E-02 
1.345E+02   5.085E+01  8.300E-02 
1.360E+02   5.079E+01  8.242E-02 
1.376E+02   5.073E+01  8.184E-02 
1.392E+02   5.066E+01  8.126E-02 
1.408E+02   5.060E+01  8.068E-02 
1.424E+02   5.052E+01  8.011E-02 
1.441E+02   5.045E+01  7.954E-02 
1.458E+02   5.037E+01  7.898E-02 
1.475E+02   5.029E+01  7.842E-02 
1.492E+02   5.021E+01  7.786E-02 
1.509E+02   5.013E+01  7.730E-02 
1.526E+02   5.004E+01  7.674E-02 
1.544E+02   4.995E+01  7.619E-02 
1.562E+02   4.985E+01  7.564E-02 
1.580E+02   4.976E+01  7.510E-02 
1.598E+02   4.966E+01  7.456E-02 
1.617E+02   4.956E+01  7.402E-02 
1.636E+02   4.945E+01  7.348E-02 
1.655E+02   4.935E+01  7.294E-02 
1.674E+02   4.924E+01  7.241E-02 
1.693E+02   4.913E+01  7.188E-02 
1.713E+02   4.901E+01  7.136E-02 
1.733E+02   4.890E+01  7.084E-02 
1.753E+02   4.878E+01  7.032E-02 
1.773E+02   4.866E+01  6.980E-02 
1.794E+02   4.854E+01  6.928E-02 
1.815E+02   4.841E+01  6.877E-02 
1.836E+02   4.828E+01  6.826E-02 
1.857E+02   4.815E+01  6.776E-02 
1.879E+02   4.802E+01  6.725E-02 
1.900E+02   4.789E+01  6.675E-02 
1.922E+02   4.775E+01  6.626E-02 
1.945E+02   4.762E+01  6.576E-02 
1.967E+02   4.748E+01  6.527E-02 
1.990E+02   4.733E+01  6.478E-02 
2.013E+02   4.719E+01  6.430E-02 
2.036E+02   4.704E+01  6.381E-02 
2.060E+02   4.690E+01  6.333E-02 
2.084E+02   4.675E+01  6.286E-02 
2.108E+02   4.660E+01  6.238E-02 
2.133E+02   4.645E+01  6.191E-02 
2.157E+02   4.629E+01  6.144E-02 
2.182E+02   4.614E+01  6.097E-02 
2.208E+02   4.598E+01  6.051E-02 
2.233E+02   4.582E+01  6.005E-02 
2.259E+02   4.566E+01  5.959E-02 
2.285E+02   4.550E+01  5.914E-02 
2.312E+02   4.533E+01  5.868E-02 
2.339E+02   4.517E+01  5.823E-02 
2.366E+02   4.500E+01  5.779E-02 
2.393E+02   4.484E+01  5.734E-02 
2.421E+02   4.467E+01  5.690E-02 
2.449E+02   4.450E+01  5.646E-02 
2.478E+02   4.433E+01  5.603E-02 
2.506E+02   4.415E+01  5.559E-02 
2.535E+02   4.398E+01  5.516E-02 
2.565E+02   4.381E+01  5.473E-02 
2.595E+02   4.363E+01  5.431E-02 
2.625E+02   4.345E+01  5.389E-02 
2.655E+02   4.328E+01  5.347E-02 
2.686E+02   4.310E+01  5.305E-02 
2.717E+02   4.292E+01  5.263E-02 
2.749E+02   4.274E+01  5.222E-02 
2.780E+02   4.256E+01  5.181E-02 
2.813E+02   4.238E+01  5.140E-02 
2.845E+02   4.219E+01  5.100E-02 
2.878E+02   4.201E+01  5.060E-02 
2.912E+02   4.183E+01  5.020E-02 
2.945E+02   4.164E+01  4.980E-02 
2.980E+02   4.145E+01  4.941E-02 
3.014E+02   4.127E+01  4.902E-02 
3.049E+02   4.108E+01  4.863E-02 
3.085E+02   4.089E+01  4.824E-02 
3.120E+02   4.071E+01  4.786E-02 
3.156E+02   4.052E+01  4.748E-02 
3.193E+02   4.033E+01  4.710E-02 
3.230E+02   4.014E+01  4.952E-02 
3.268E+02   3.995E+01  4.912E-02 
3.306E+02   3.976E+01  4.872E-02 
3.344E+02   3.957E+01  4.832E-02 
3.383E+02   3.938E+01  4.793E-02 
3.422E+02   3.919E+01  4.754E-02 
3.462E+02   3.900E+01  4.715E-02 
3.502E+02   3.880E+01  4.676E-02 
3.542E+02   3.861E+01  4.638E-02 
3.583E+02   3.842E+01  4.600E-02 
3.625E+02   3.823E+01  4.562E-02 
3.667E+02   3.803E+01  4.525E-02 
3.710E+02   3.784E+01  4.487E-02 
3.753E+02   3.765E+01  4.450E-02 
3.796E+02   3.746E+01  4.414E-02 
3.840E+02   3.726E+01  4.377E-02 
3.885E+02   3.707E+01  4.341E-02 
3.930E+02   3.688E+01  4.305E-02 
3.975E+02   3.668E+01  4.269E-02 
4.021E+02   3.649E+01  4.234E-02 
4.068E+02   3.630E+01  4.199E-02 
4.115E+02   3.610E+01  4.164E-02 
4.163E+02   3.591E+01  4.129E-02 
4.211E+02   3.572E+01  4.094E-02 
4.260E+02   3.552E+01  4.060E-02 
4.310E+02   3.533E+01  4.026E-02 
4.360E+02   3.514E+01  3.992E-02 
4.410E+02   3.494E+01  3.959E-02 
4.461E+02   3.475E+01  3.926E-02 
4.513E+02   3.456E+01  3.893E-02 
4.565E+02   3.437E+01  3.860E-02 
4.618E+02   3.418E+01  3.827E-02 
4.672E+02   3.398E+01  3.795E-02 
4.726E+02   3.379E+01  3.763E-02 
4.781E+02   3.360E+01  3.731E-02 
4.836E+02   3.341E+01  3.700E-02 
4.892E+02   3.322E+01  3.668E-02 
4.949E+02   3.303E+01  3.637E-02 
5.007E+02   3.284E+01  3.606E-02 
5.065E+02   3.265E+01  3.576E-02 
5.123E+02   3.246E+01  3.545E-02 
5.183E+02   3.227E+01  3.515E-02 
5.243E+02   3.208E+01  3.485E-02 
5.304E+02   3.190E+01  3.455E-02 
5.365E+02   3.171E+01  3.426E-02 
5.428E+02   3.152E+01  3.397E-02 
5.490E+02   3.133E+01  3.368E-02 
5.554E+02   3.115E+01  3.339E-02 
5.619E+02   3.096E+01  3.310E-02 
5.684E+02   3.078E+01  3.282E-02 
5.750E+02   3.059E+01  3.253E-02 
5.816E+02   3.041E+01  3.225E-02 
5.884E+02   3.022E+01  3.198E-02 
5.952E+02   3.004E+01  3.170E-02 
6.021E+02   2.985E+01  3.143E-02 
6.091E+02   2.967E+01  3.116E-02 
6.162E+02   2.949E+01  3.089E-02 
6.233E+02   2.931E+01  3.062E-02 
6.305E+02   2.913E+01  3.035E-02 
6.378E+02   2.895E+01  3.009E-02 
6.452E+02   2.877E+01  2.983E-02 
6.527E+02   2.859E+01  2.957E-02 
6.603E+02   2.841E+01  2.931E-02 
6.680E+02   2.823E+01  2.906E-02 
6.757E+02   2.805E+01  2.881E-02 
6.835E+02   2.788E+01  2.856E-02 
6.915E+02   2.770E+01  2.831E-02 
6.995E+02   2.752E+01  2.806E-02 
7.076E+02   2.735E+01  2.781E-02 
7.158E+02   2.717E+01  2.757E-02 
7.241E+02   2.700E+01  2.733E-02 
7.325E+02   2.683E+01  2.709E-02 
7.410E+02   2.665E+01  2.685E-02 
7.496E+02   2.648E+01  2.662E-02 
7.583E+02   2.631E+01  2.638E-02 
7.671E+02   2.614E+01  2.615E-02 
7.760E+02   2.597E+01  2.592E-02 
7.850E+02   2.580E+01  2.569E-02 
7.941E+02   2.563E+01  2.547E-02 
8.033E+02   2.546E+01  2.524E-02 
8.126E+02   2.530E+01  2.502E-02 
8.221E+02   2.513E+01  2.480E-02 
8.316E+02   2.496E+01  2.458E-02 
8.412E+02   2.480E+01  2.436E-02 
8.510E+02   2.463E+01  2.415E-02 
8.609E+02   2.447E+01  2.393E-02 
8.709E+02   2.431E+01  2.372E-02 
8.810E+02   2.414E+01  2.351E-02 
8.912E+02   2.398E+01  2.330E-02 
9.015E+02   2.382E+01  2.309E-02 
9.120E+02   2.366E+01  2.289E-02 
9.225E+02   2.350E+01  2.268E-02 
9.332E+02   2.334E+01  2.248E-02 
9.441E+02   2.318E+01  2.228E-02 
9.550E+02   2.303E+01  2.208E-02 
9.661E+02   2.287E+01  2.189E-02 
9.773E+02   2.271E+01  2.169E-02 
9.886E+02   2.256E+01  2.150E-02 
1.000E+03   2.240E+01  2.131E-02 
1.012E+03   2.227E+01  2.111E-02 
1.023E+03   2.218E+01  2.093E-02 
1.035E+03   2.209E+01  2.074E-02 
1.047E+03   2.200E+01  2.055E-02 
1.059E+03   2.191E+01  2.037E-02 
1.072E+03   2.182E+01  2.018E-02 
1.084E+03   2.172E+01  2.000E-02 
1.097E+03   2.163E+01  1.982E-02 
1.109E+03   2.153E+01  1.964E-02 
1.122E+03   2.143E+01  1.947E-02 
1.135E+03   2.134E+01  1.929E-02 
1.149E+03   2.124E+01  1.912E-02 
1.162E+03   2.114E+01  1.895E-02 
1.175E+03   2.103E+01  1.877E-02 
1.189E+03   2.093E+01  1.860E-02 
1.203E+03   2.083E+01  1.844E-02 
1.217E+03   2.073E+01  1.827E-02 
1.231E+03   2.063E+01  1.810E-02 
1.245E+03   2.054E+01  1.794E-02 
1.260E+03   2.044E+01  1.778E-02 
1.274E+03   2.034E+01  1.762E-02 
1.289E+03   2.025E+01  1.746E-02 
1.304E+03   2.015E+01  1.730E-02 
1.319E+03   2.005E+01  1.714E-02 
1.334E+03   1.996E+01  1.698E-02 
1.350E+03   1.986E+01  1.683E-02 
1.365E+03   1.976E+01  1.668E-02 
1.381E+03   1.966E+01  1.652E-02 
1.397E+03   1.956E+01  1.637E-02 
1.414E+03   1.946E+01  1.622E-02 
1.430E+03   1.937E+01  1.608E-02 
1.446E+03   1.927E+01  1.593E-02 
1.463E+03   1.917E+01  1.578E-02 
1.480E+03   1.907E+01  1.564E-02 
1.497E+03   1.897E+01  1.550E-02 
1.515E+03   1.887E+01  1.535E-02 
1.532E+03   1.877E+01  1.521E-02 
1.550E+03   1.867E+01  1.507E-02 
1.568E+03   1.857E+01  1.494E-02 
1.586E+03   1.847E+01  1.480E-02 
1.605E+03   1.838E+01  1.466E-02 
1.623E+03   1.828E+01  1.453E-02 
1.642E+03   1.818E+01  1.439E-02 
1.661E+03   1.808E+01  1.426E-02 
1.680E+03   1.798E+01  1.413E-02 
1.700E+03   1.788E+01  1.400E-02 
1.720E+03   1.778E+01  1.387E-02 
1.740E+03   1.769E+01  1.374E-02 
1.760E+03   1.759E+01  1.362E-02 
1.780E+03   1.749E+01  1.349E-02 
1.801E+03   1.739E+01  1.337E-02 
1.822E+03   1.730E+01  1.324E-02 
1.843E+03   1.720E+01  1.312E-02 
1.864E+03   1.710E+01  1.300E-02 
1.886E+03   1.701E+01  1.288E-02 
1.908E+03   1.691E+01  1.276E-02 
1.930E+03   1.681E+01  1.264E-02 
1.952E+03   1.672E+01  1.252E-02 
1.975E+03   1.662E+01  1.241E-02 
1.998E+03   1.653E+01  1.229E-02 
2.021E+03   1.643E+01  1.218E-02 
2.044E+03   1.634E+01  1.207E-02 
2.068E+03   1.624E+01  1.195E-02 
2.092E+03   1.615E+01  1.184E-02 
2.116E+03   1.606E+01  1.173E-02 
2.141E+03   1.596E+01  1.162E-02 
2.166E+03   1.587E+01  1.151E-02 
2.191E+03   1.578E+01  1.141E-02 
2.216E+03   1.568E+01  1.130E-02 
2.242E+03   1.559E+01  1.120E-02 
2.268E+03   1.550E+01  1.109E-02 
2.294E+03   1.541E+01  1.099E-02 
2.321E+03   1.532E+01  1.089E-02 
2.348E+03   1.523E+01  1.078E-02 
2.375E+03   1.514E+01  1.068E-02 
2.403E+03   1.505E+01  1.058E-02 
2.431E+03   1.496E+01  1.048E-02 
2.459E+03   1.487E+01  1.039E-02 
2.487E+03   1.478E+01  1.029E-02 
2.516E+03   1.469E+01  1.019E-02 
2.545E+03   1.460E+01  1.010E-02 
2.575E+03   1.451E+01  1.000E-02 
2.605E+03   1.442E+01  9.908E-03 
2.635E+03   1.434E+01  9.815E-03 
2.665E+03   1.425E+01  9.722E-03 
2.696E+03   1.416E+01  9.631E-03 
2.728E+03   1.408E+01  9.540E-03 
2.759E+03   1.399E+01  9.451E-03 
2.791E+03   1.390E+01  9.362E-03 
2.824E+03   1.382E+01  9.274E-03 
2.856E+03   1.373E+01  9.186E-03 
2.889E+03   1.365E+01  9.100E-03 
2.923E+03   1.356E+01  9.014E-03 
2.957E+03   1.348E+01  8.929E-03 
2.991E+03   1.340E+01  8.845E-03 
3.026E+03   1.331E+01  8.761E-03 
3.061E+03   1.323E+01  8.678E-03 
3.097E+03   1.315E+01  8.596E-03 
3.132E+03   1.306E+01  8.515E-03 
3.169E+03   1.298E+01  8.434E-03 
3.206E+03   1.290E+01  8.355E-03 
3.243E+03   1.282E+01  8.276E-03 
3.280E+03   1.274E+01  8.197E-03 
3.318E+03   1.266E+01  8.120E-03 
3.357E+03   1.258E+01  8.043E-03 
3.396E+03   1.250E+01  7.966E-03 
3.435E+03   1.242E+01  7.891E-03 
3.475E+03   1.234E+01  7.816E-03 
3.515E+03   1.226E+01  7.742E-03 
3.556E+03   1.218E+01  7.668E-03 
3.597E+03   1.211E+01  7.595E-03 
3.639E+03   1.203E+01  7.523E-03 
3.681E+03   1.195E+01  7.452E-03 
3.724E+03   1.187E+01  7.381E-03 
3.767E+03   1.180E+01  7.310E-03 
3.811E+03   1.172E+01  7.241E-03 
3.855E+03   1.164E+01  7.172E-03 
3.900E+03   1.157E+01  7.104E-03 
3.945E+03   1.149E+01  7.036E-03 
3.991E+03   1.142E+01  6.969E-03 
4.037E+03   1.134E+01  6.902E-03 
4.084E+03   1.127E+01  6.836E-03 
4.131E+03   1.120E+01  6.771E-03 
4.179E+03   1.112E+01  6.706E-03 
4.228E+03   1.105E+01  6.642E-03 
4.277E+03   1.098E+01  6.579E-03 
4.326E+03   1.090E+01  6.516E-03 
4.376E+03   1.083E+01  6.454E-03 
4.427E+03   1.076E+01  6.392E-03 
4.479E+03   1.069E+01  6.331E-03 
4.531E+03   1.062E+01  6.270E-03 
4.583E+03   1.055E+01  6.210E-03 
4.636E+03   1.048E+01  6.151E-03 
4.690E+03   1.041E+01  6.092E-03 
4.744E+03   1.034E+01  6.033E-03 
4.799E+03   1.027E+01  5.975E-03 
4.855E+03   1.020E+01  5.918E-03 
4.911E+03   1.013E+01  5.861E-03 
4.968E+03   1.006E+01  5.805E-03 
5.026E+03   9.996E+00  5.749E-03 
5.084E+03   9.928E+00  5.694E-03 
5.143E+03   9.861E+00  5.639E-03 
5.203E+03   9.794E+00  5.585E-03 
5.263E+03   9.727E+00  5.531E-03 
5.324E+03   9.661E+00  5.478E-03 
5.386E+03   9.595E+00  5.425E-03 
5.449E+03   9.530E+00  5.373E-03 
5.512E+03   9.465E+00  5.321E-03 
5.576E+03   9.400E+00  5.270E-03 
5.640E+03   9.336E+00  5.219E-03 
5.706E+03   9.271E+00  5.169E-03 
5.772E+03   9.208E+00  5.119E-03 
5.839E+03   9.144E+00  5.069E-03 
5.907E+03   9.081E+00  5.020E-03 
5.975E+03   9.018E+00  4.972E-03 
6.045E+03   8.956E+00  4.924E-03 
6.115E+03   8.894E+00  4.876E-03 
6.186E+03   8.832E+00  4.829E-03 
6.257E+03   8.770E+00  4.782E-03 
6.330E+03   8.709E+00  4.736E-03 
6.403E+03   8.648E+00  4.690E-03 
6.478E+03   8.588E+00  4.645E-03 
6.553E+03   8.528E+00  4.600E-03 
6.629E+03   8.468E+00  4.555E-03 
6.706E+03   8.408E+00  4.511E-03 
6.783E+03   8.349E+00  4.467E-03 
6.862E+03   8.290E+00  4.424E-03 
6.942E+03   8.232E+00  4.381E-03 
7.022E+03   8.173E+00  4.339E-03 
7.104E+03   8.116E+00  4.296E-03 
7.186E+03   8.058E+00  4.255E-03 
7.269E+03   8.001E+00  4.213E-03 
7.354E+03   7.944E+00  4.172E-03 
7.439E+03   7.887E+00  4.132E-03 
7.525E+03   7.831E+00  4.092E-03 
7.613E+03   7.775E+00  4.052E-03 
7.701E+03   7.719E+00  4.013E-03 
7.790E+03   7.664E+00  3.973E-03 
7.881E+03   7.609E+00  3.935E-03 
7.972E+03   7.554E+00  3.896E-03 
8.064E+03   7.500E+00  3.859E-03 
8.158E+03   7.446E+00  3.821E-03 
8.253E+03   7.392E+00  3.784E-03 
8.348E+03   7.339E+00  3.747E-03 
8.445E+03   7.285E+00  3.710E-03 
8.543E+03   7.233E+00  3.674E-03 
8.642E+03   7.180E+00  3.638E-03 
8.742E+03   7.128E+00  3.603E-03 
8.844E+03   7.076E+00  3.567E-03 
8.946E+03   7.024E+00  3.533E-03 
9.050E+03   6.973E+00  3.498E-03 
9.155E+03   6.922E+00  3.464E-03 
9.261E+03   6.871E+00  3.430E-03 
9.369E+03   6.821E+00  3.397E-03 
9.477E+03   6.771E+00  3.363E-03 
9.587E+03   6.721E+00  3.330E-03 
9.699E+03   6.672E+00  3.298E-03 
9.811E+03   6.622E+00  3.266E-03 
9.925E+03   6.574E+00  3.234E-03 
1.004E+04   6.525E+00  3.202E-03 
1.016E+04   6.477E+00  3.170E-03 
1.027E+04   6.429E+00  3.139E-03 
1.039E+04   6.381E+00  3.109E-03 
1.051E+04   6.333E+00  3.078E-03 
1.064E+04   6.286E+00  3.048E-03 
1.076E+04   6.240E+00  3.018E-03 
1.088E+04   6.193E+00  2.988E-03 
1.101E+04   6.147E+00  2.959E-03 
1.114E+04   6.101E+00  2.930E-03 
1.127E+04   6.055E+00  2.901E-03 
1.140E+04   6.010E+00  2.873E-03 
1.153E+04   5.965E+00  2.844E-03 
1.166E+04   5.920E+00  2.816E-03 
1.180E+04   5.875E+00  2.789E-03 
1.194E+04   5.831E+00  2.761E-03 
1.207E+04   5.787E+00  2.734E-03 
1.221E+04   5.743E+00  2.707E-03 
1.236E+04   5.700E+00  2.681E-03 
1.250E+04   5.657E+00  2.654E-03 
1.264E+04   5.614E+00  2.628E-03 
1.279E+04   5.571E+00  2.602E-03 
1.294E+04   5.529E+00  2.577E-03 
1.309E+04   5.487E+00  2.551E-03 
1.324E+04   5.445E+00  2.526E-03 
1.340E+04   5.404E+00  2.501E-03 
1.355E+04   5.362E+00  2.476E-03 
1.371E+04   5.321E+00  2.452E-03 
1.387E+04   5.281E+00  2.428E-03 
1.403E+04   5.240E+00  2.404E-03 
1.419E+04   5.200E+00  2.380E-03 
1.435E+04   5.160E+00  2.356E-03 
1.452E+04   5.121E+00  2.333E-03 
1.469E+04   5.081E+00  2.310E-03 
1.486E+04   5.042E+00  2.287E-03 
1.503E+04   5.003E+00  2.265E-03 
1.521E+04   4.965E+00  2.242E-03 
1.538E+04   4.926E+00  2.220E-03 
1.556E+04   4.888E+00  2.198E-03 
1.574E+04   4.851E+00  2.176E-03 
1.592E+04   4.813E+00  2.155E-03 
1.611E+04   4.776E+00  2.133E-03 
1.630E+04   4.739E+00  2.112E-03 
1.649E+04   4.702E+00  2.091E-03 
1.668E+04   4.665E+00  2.071E-03 
1.687E+04   4.629E+00  2.050E-03 
1.707E+04   4.593E+00  2.030E-03 
1.726E+04   4.557E+00  2.010E-03 
1.746E+04   4.522E+00  1.990E-03 
1.767E+04   4.486E+00  1.970E-03 
1.787E+04   4.451E+00  1.950E-03 
1.808E+04   4.417E+00  1.931E-03 
1.829E+04   4.382E+00  1.912E-03 
1.850E+04   4.348E+00  1.893E-03 
1.871E+04   4.314E+00  1.874E-03 
1.893E+04   4.280E+00  1.855E-03 
1.915E+04   4.246E+00  1.837E-03 
1.937E+04   4.213E+00  1.819E-03 
1.960E+04   4.180E+00  1.801E-03 
1.983E+04   4.147E+00  1.783E-03 
2.006E+04   4.114E+00  1.765E-03 
2.029E+04   4.082E+00  1.747E-03 
2.052E+04   4.049E+00  1.730E-03 
2.076E+04   4.017E+00  1.713E-03 
2.100E+04   3.986E+00  1.696E-03 
2.125E+04   3.954E+00  1.679E-03 
2.149E+04   3.923E+00  1.662E-03 
2.174E+04   3.892E+00  1.646E-03 
2.199E+04   3.861E+00  1.629E-03 
2.225E+04   3.830E+00  1.613E-03 
2.251E+04   3.800E+00  1.597E-03 
2.277E+04   3.770E+00  1.581E-03 
2.303E+04   3.740E+00  1.565E-03 
2.330E+04   3.710E+00  1.550E-03 
2.357E+04   3.680E+00  1.534E-03 
2.384E+04   3.651E+00  1.519E-03 
2.412E+04   3.622E+00  1.504E-03 
2.440E+04   3.593E+00  1.489E-03 
2.468E+04   3.564E+00  1.474E-03 
2.497E+04   3.536E+00  1.459E-03 
2.526E+04   3.508E+00  1.444E-03 
2.555E+04   3.480E+00  1.430E-03 
2.585E+04   3.452E+00  1.416E-03 
2.615E+04   3.424E+00  1.401E-03 
2.645E+04   3.397E+00  1.387E-03 
2.676E+04   3.369E+00  1.374E-03 
2.707E+04   3.342E+00  1.360E-03 
2.738E+04   3.316E+00  1.346E-03 
2.770E+04   3.289E+00  1.333E-03 
2.802E+04   3.263E+00  1.319E-03 
2.835E+04   3.236E+00  1.306E-03 
2.867E+04   3.210E+00  1.293E-03 
2.901E+04   3.184E+00  1.280E-03 
2.934E+04   3.159E+00  1.267E-03 
2.968E+04   3.133E+00  1.255E-03 
3.003E+04   3.108E+00  1.242E-03 
3.038E+04   3.083E+00  1.230E-03 
3.073E+04   3.058E+00  1.217E-03 
3.109E+04   3.034E+00  1.205E-03 
3.145E+04   3.009E+00  1.193E-03 
3.181E+04   2.985E+00  1.181E-03 
3.218E+04   2.961E+00  1.169E-03 
3.255E+04   2.937E+00  1.157E-03 
3.293E+04   2.913E+00  1.146E-03 
3.331E+04   2.890E+00  1.134E-03 
3.370E+04   2.866E+00  1.123E-03 
3.409E+04   2.843E+00  1.112E-03 
3.449E+04   2.820E+00  1.100E-03 
3.489E+04   2.797E+00  1.089E-03 
3.529E+04   2.775E+00  1.078E-03 
3.570E+04   2.752E+00  1.067E-03 
3.611E+04   2.730E+00  1.057E-03 
3.653E+04   2.708E+00  1.046E-03 
3.696E+04   2.686E+00  1.036E-03 
3.738E+04   2.664E+00  1.025E-03 
3.782E+04   2.642E+00  1.015E-03 
3.826E+04   2.621E+00  1.005E-03 
3.870E+04   2.600E+00  9.945E-04 
3.915E+04   2.579E+00  9.845E-04 
3.960E+04   2.558E+00  9.746E-04 
4.006E+04   2.537E+00  9.647E-04 
4.053E+04   2.516E+00  9.550E-04 
4.100E+04   2.496E+00  9.454E-04 
4.147E+04   2.476E+00  9.358E-04 
4.195E+04   2.456E+00  9.264E-04 
4.244E+04   2.436E+00  9.171E-04 
4.293E+04   2.416E+00  9.078E-04 
4.343E+04   2.396E+00  8.986E-04 
4.394E+04   2.377E+00  8.896E-04 
4.444E+04   2.357E+00  8.806E-04 
4.496E+04   2.338E+00  8.717E-04 
4.548E+04   2.319E+00  8.629E-04 
4.601E+04   2.300E+00  8.542E-04 
4.654E+04   2.282E+00  8.456E-04 
4.708E+04   2.263E+00  8.370E-04 
4.763E+04   2.245E+00  8.285E-04 
4.818E+04   2.227E+00  8.202E-04 
4.874E+04   2.209E+00  8.119E-04 
4.931E+04   2.191E+00  8.037E-04 
4.988E+04   2.173E+00  7.955E-04 
5.046E+04   2.155E+00  7.875E-04 
5.104E+04   2.138E+00  7.795E-04 
5.163E+04   2.120E+00  7.716E-04 
5.223E+04   2.103E+00  7.638E-04 
5.284E+04   2.086E+00  7.561E-04 
5.345E+04   2.069E+00  7.484E-04 
5.407E+04   2.052E+00  7.409E-04 
5.470E+04   2.036E+00  7.334E-04 
5.533E+04   2.019E+00  7.259E-04 
5.597E+04   2.003E+00  7.186E-04 
5.662E+04   1.987E+00  7.113E-04 
5.728E+04   1.971E+00  7.041E-04 
5.794E+04   1.955E+00  6.969E-04 
5.862E+04   1.939E+00  6.899E-04 
5.930E+04   1.923E+00  6.829E-04 
5.998E+04   1.908E+00  6.760E-04 
6.068E+04   1.892E+00  6.691E-04 
6.138E+04   1.877E+00  6.623E-04 
6.210E+04   1.862E+00  6.556E-04 
6.282E+04   1.847E+00  6.489E-04 
6.354E+04   1.832E+00  6.423E-04 
6.428E+04   1.817E+00  6.358E-04 
6.503E+04   1.802E+00  6.294E-04 
6.578E+04   1.788E+00  6.230E-04 
6.654E+04   1.773E+00  6.166E-04 
6.732E+04   1.759E+00  6.104E-04 
6.810E+04   1.745E+00  6.042E-04 
6.889E+04   1.731E+00  5.980E-04 
6.969E+04   1.717E+00  5.920E-04 
7.049E+04   1.703E+00  5.859E-04 
7.131E+04   1.690E+00  5.800E-04 
7.214E+04   1.676E+00  5.741E-04 
7.298E+04   1.663E+00  5.682E-04 
7.382E+04   1.649E+00  5.625E-04 
7.468E+04   1.636E+00  5.567E-04 
7.555E+04   1.623E+00  5.511E-04 
7.642E+04   1.610E+00  5.455E-04 
7.731E+04   1.597E+00  5.399E-04 
7.820E+04   1.584E+00  5.344E-04 
7.911E+04   1.572E+00  5.290E-04 
8.003E+04   1.559E+00  5.236E-04 
8.096E+04   1.547E+00  5.182E-04 
8.190E+04   1.534E+00  5.130E-04 
8.285E+04   1.522E+00  5.077E-04 
8.381E+04   1.510E+00  5.026E-04 
8.478E+04   1.498E+00  4.974E-04 
8.576E+04   1.486E+00  4.924E-04 
8.676E+04   1.475E+00  4.873E-04 
8.776E+04   1.463E+00  4.824E-04 
8.878E+04   1.451E+00  4.775E-04 
8.981E+04   1.440E+00  4.726E-04 
9.085E+04   1.429E+00  4.678E-04 
9.191E+04   1.417E+00  4.630E-04 
9.297E+04   1.406E+00  4.583E-04 
9.405E+04   1.395E+00  4.536E-04 
9.514E+04   1.384E+00  4.490E-04 
9.625E+04   1.373E+00  4.444E-04 
9.736E+04   1.362E+00  4.398E-04 
9.849E+04   1.352E+00  4.353E-04 
9.963E+04   1.341E+00  4.309E-04 
1.008E+05   1.331E+00  4.265E-04 
