Ion = Helium      . Mass = 4.0026
Tgt = Pd (Solid). Density = 12.02 g/cm3
Stopping Units =  eV/(1E15 atoms/cm2)
Energy(keV)  S(Elec)    S(Nuc)
1.000E+00   5.435E+00  2.512E+00 
1.013E+00   5.470E+00  2.517E+00 
1.026E+00   5.506E+00  2.522E+00 
1.039E+00   5.541E+00  2.527E+00 
1.053E+00   5.577E+00  2.531E+00 
1.067E+00   5.613E+00  2.536E+00 
1.081E+00   5.650E+00  2.540E+00 
1.095E+00   5.686E+00  2.545E+00 
1.109E+00   5.723E+00  2.549E+00 
1.123E+00   5.760E+00  2.554E+00 
1.138E+00   5.797E+00  2.558E+00 
1.153E+00   5.835E+00  2.563E+00 
1.168E+00   5.873E+00  2.567E+00 
1.183E+00   5.911E+00  2.571E+00 
1.198E+00   5.949E+00  2.575E+00 
1.214E+00   5.988E+00  2.580E+00 
1.229E+00   6.026E+00  2.584E+00 
1.245E+00   6.065E+00  2.588E+00 
1.262E+00   6.105E+00  2.592E+00 
1.278E+00   6.144E+00  2.596E+00 
1.295E+00   6.184E+00  2.600E+00 
1.311E+00   6.224E+00  2.604E+00 
1.329E+00   6.264E+00  2.608E+00 
1.346E+00   6.305E+00  2.611E+00 
1.363E+00   6.346E+00  2.615E+00 
1.381E+00   6.387E+00  2.619E+00 
1.399E+00   6.428E+00  2.623E+00 
1.417E+00   6.470E+00  2.626E+00 
1.436E+00   6.512E+00  2.630E+00 
1.454E+00   6.554E+00  2.633E+00 
1.473E+00   6.597E+00  2.637E+00 
1.492E+00   6.639E+00  2.640E+00 
1.512E+00   6.682E+00  2.643E+00 
1.531E+00   6.726E+00  2.647E+00 
1.551E+00   6.769E+00  2.650E+00 
1.571E+00   6.813E+00  2.653E+00 
1.592E+00   6.857E+00  2.656E+00 
1.612E+00   6.902E+00  2.659E+00 
1.633E+00   6.946E+00  2.662E+00 
1.655E+00   6.991E+00  2.665E+00 
1.676E+00   7.037E+00  2.668E+00 
1.698E+00   7.082E+00  2.671E+00 
1.720E+00   7.128E+00  2.674E+00 
1.742E+00   7.174E+00  2.677E+00 
1.765E+00   7.221E+00  2.679E+00 
1.788E+00   7.267E+00  2.682E+00 
1.811E+00   7.314E+00  2.685E+00 
1.835E+00   7.362E+00  2.687E+00 
1.859E+00   7.409E+00  2.690E+00 
1.883E+00   7.457E+00  2.692E+00 
1.907E+00   7.506E+00  2.694E+00 
1.932E+00   7.554E+00  2.697E+00 
1.957E+00   7.603E+00  2.699E+00 
1.983E+00   7.653E+00  2.701E+00 
2.008E+00   7.702E+00  2.703E+00 
2.034E+00   7.752E+00  2.705E+00 
2.061E+00   7.802E+00  2.707E+00 
2.088E+00   7.853E+00  2.709E+00 
2.115E+00   7.904E+00  2.711E+00 
2.142E+00   7.955E+00  2.713E+00 
2.170E+00   8.006E+00  2.715E+00 
2.198E+00   8.058E+00  2.717E+00 
2.227E+00   8.110E+00  2.718E+00 
2.256E+00   8.163E+00  2.720E+00 
2.285E+00   8.216E+00  2.721E+00 
2.315E+00   8.269E+00  2.723E+00 
2.345E+00   8.323E+00  2.724E+00 
2.375E+00   8.377E+00  2.726E+00 
2.406E+00   8.431E+00  2.727E+00 
2.438E+00   8.485E+00  2.728E+00 
2.469E+00   8.540E+00  2.729E+00 
2.501E+00   8.596E+00  2.730E+00 
2.534E+00   8.651E+00  2.731E+00 
2.567E+00   8.707E+00  2.732E+00 
2.600E+00   8.764E+00  2.733E+00 
2.634E+00   8.821E+00  2.734E+00 
2.668E+00   8.878E+00  2.735E+00 
2.703E+00   8.935E+00  2.735E+00 
2.738E+00   8.993E+00  2.736E+00 
2.773E+00   9.051E+00  2.737E+00 
2.810E+00   9.110E+00  2.737E+00 
2.846E+00   9.169E+00  2.738E+00 
2.883E+00   9.228E+00  2.738E+00 
2.921E+00   9.288E+00  2.738E+00 
2.958E+00   9.348E+00  2.738E+00 
2.997E+00   9.409E+00  2.739E+00 
3.036E+00   9.470E+00  2.739E+00 
3.075E+00   9.531E+00  2.739E+00 
3.115E+00   9.593E+00  2.739E+00 
3.156E+00   9.655E+00  2.739E+00 
3.197E+00   9.718E+00  2.738E+00 
3.238E+00   9.780E+00  2.738E+00 
3.280E+00   9.844E+00  2.738E+00 
3.323E+00   9.908E+00  2.737E+00 
3.366E+00   9.972E+00  2.737E+00 
3.410E+00   1.004E+01  2.736E+00 
3.454E+00   1.010E+01  2.736E+00 
3.499E+00   1.017E+01  2.735E+00 
3.545E+00   1.023E+01  2.734E+00 
3.591E+00   1.030E+01  2.733E+00 
3.637E+00   1.037E+01  2.733E+00 
3.685E+00   1.043E+01  2.732E+00 
3.733E+00   1.050E+01  2.731E+00 
3.781E+00   1.057E+01  2.730E+00 
3.830E+00   1.064E+01  2.728E+00 
3.880E+00   1.071E+01  2.727E+00 
3.930E+00   1.078E+01  2.726E+00 
3.982E+00   1.084E+01  2.724E+00 
4.033E+00   1.092E+01  2.723E+00 
4.086E+00   1.099E+01  2.721E+00 
4.139E+00   1.106E+01  2.720E+00 
4.193E+00   1.113E+01  2.718E+00 
4.247E+00   1.120E+01  2.716E+00 
4.302E+00   1.127E+01  2.714E+00 
4.358E+00   1.135E+01  2.713E+00 
4.415E+00   1.142E+01  2.711E+00 
4.472E+00   1.149E+01  2.709E+00 
4.530E+00   1.157E+01  2.706E+00 
4.589E+00   1.164E+01  2.704E+00 
4.649E+00   1.172E+01  2.702E+00 
4.709E+00   1.179E+01  2.700E+00 
4.770E+00   1.187E+01  2.697E+00 
4.832E+00   1.195E+01  2.695E+00 
4.895E+00   1.203E+01  2.692E+00 
4.959E+00   1.210E+01  2.690E+00 
5.023E+00   1.218E+01  2.687E+00 
5.089E+00   1.226E+01  2.684E+00 
5.155E+00   1.234E+01  2.681E+00 
5.222E+00   1.242E+01  2.678E+00 
5.290E+00   1.250E+01  2.675E+00 
5.358E+00   1.258E+01  2.672E+00 
5.428E+00   1.266E+01  2.669E+00 
5.499E+00   1.274E+01  2.666E+00 
5.570E+00   1.283E+01  2.663E+00 
5.642E+00   1.291E+01  2.659E+00 
5.716E+00   1.299E+01  2.656E+00 
5.790E+00   1.308E+01  2.652E+00 
5.865E+00   1.316E+01  2.649E+00 
5.942E+00   1.325E+01  2.645E+00 
6.019E+00   1.333E+01  2.641E+00 
6.097E+00   1.342E+01  2.637E+00 
6.176E+00   1.351E+01  2.634E+00 
6.256E+00   1.359E+01  2.630E+00 
6.338E+00   1.368E+01  2.626E+00 
6.420E+00   1.377E+01  2.621E+00 
6.504E+00   1.386E+01  2.617E+00 
6.588E+00   1.395E+01  2.613E+00 
6.674E+00   1.404E+01  2.609E+00 
6.760E+00   1.413E+01  2.604E+00 
6.848E+00   1.422E+01  2.600E+00 
6.937E+00   1.432E+01  2.595E+00 
7.027E+00   1.441E+01  2.591E+00 
7.119E+00   1.450E+01  2.586E+00 
7.211E+00   1.460E+01  2.581E+00 
7.305E+00   1.469E+01  2.577E+00 
7.400E+00   1.478E+01  2.572E+00 
7.496E+00   1.488E+01  2.567E+00 
7.594E+00   1.498E+01  2.562E+00 
7.692E+00   1.507E+01  2.557E+00 
7.792E+00   1.517E+01  2.552E+00 
7.894E+00   1.527E+01  2.546E+00 
7.996E+00   1.537E+01  2.541E+00 
8.100E+00   1.547E+01  2.536E+00 
8.205E+00   1.557E+01  2.530E+00 
8.312E+00   1.568E+01  2.525E+00 
8.420E+00   1.578E+01  2.519E+00 
8.529E+00   1.589E+01  2.514E+00 
8.640E+00   1.600E+01  2.508E+00 
8.753E+00   1.610E+01  2.502E+00 
8.866E+00   1.621E+01  2.496E+00 
8.982E+00   1.632E+01  2.490E+00 
9.098E+00   1.643E+01  2.484E+00 
9.217E+00   1.655E+01  2.478E+00 
9.336E+00   1.666E+01  2.472E+00 
9.458E+00   1.677E+01  2.466E+00 
9.581E+00   1.689E+01  2.460E+00 
9.705E+00   1.701E+01  2.454E+00 
9.831E+00   1.712E+01  2.447E+00 
9.959E+00   1.724E+01  2.441E+00 
1.009E+01   1.736E+01  2.434E+00 
1.022E+01   1.748E+01  2.428E+00 
1.035E+01   1.760E+01  2.421E+00 
1.049E+01   1.773E+01  2.415E+00 
1.062E+01   1.785E+01  2.408E+00 
1.076E+01   1.798E+01  2.401E+00 
1.090E+01   1.810E+01  2.394E+00 
1.104E+01   1.823E+01  2.388E+00 
1.119E+01   1.836E+01  2.381E+00 
1.133E+01   1.849E+01  2.374E+00 
1.148E+01   1.862E+01  2.367E+00 
1.163E+01   1.875E+01  2.360E+00 
1.178E+01   1.889E+01  2.352E+00 
1.193E+01   1.902E+01  2.345E+00 
1.209E+01   1.916E+01  2.338E+00 
1.224E+01   1.930E+01  2.331E+00 
1.240E+01   1.944E+01  2.323E+00 
1.256E+01   1.958E+01  2.316E+00 
1.273E+01   1.972E+01  2.308E+00 
1.289E+01   1.986E+01  2.301E+00 
1.306E+01   2.000E+01  2.293E+00 
1.323E+01   2.015E+01  2.286E+00 
1.340E+01   2.030E+01  2.278E+00 
1.358E+01   2.044E+01  2.270E+00 
1.375E+01   2.059E+01  2.263E+00 
1.393E+01   2.075E+01  2.255E+00 
1.411E+01   2.090E+01  2.247E+00 
1.430E+01   2.105E+01  2.239E+00 
1.448E+01   2.121E+01  2.231E+00 
1.467E+01   2.136E+01  2.223E+00 
1.486E+01   2.152E+01  2.215E+00 
1.505E+01   2.168E+01  2.207E+00 
1.525E+01   2.184E+01  2.199E+00 
1.545E+01   2.201E+01  2.191E+00 
1.565E+01   2.217E+01  2.183E+00 
1.585E+01   2.234E+01  2.174E+00 
1.606E+01   2.250E+01  2.166E+00 
1.627E+01   2.267E+01  2.158E+00 
1.648E+01   2.284E+01  2.149E+00 
1.669E+01   2.302E+01  2.141E+00 
1.691E+01   2.319E+01  2.133E+00 
1.713E+01   2.337E+01  2.124E+00 
1.735E+01   2.354E+01  2.116E+00 
1.758E+01   2.372E+01  2.107E+00 
1.781E+01   2.390E+01  2.099E+00 
1.804E+01   2.408E+01  2.090E+00 
1.827E+01   2.427E+01  2.081E+00 
1.851E+01   2.445E+01  2.073E+00 
1.875E+01   2.464E+01  2.064E+00 
1.899E+01   2.483E+01  2.055E+00 
1.924E+01   2.502E+01  2.047E+00 
1.949E+01   2.521E+01  2.038E+00 
1.974E+01   2.541E+01  2.029E+00 
2.000E+01   2.560E+01  2.020E+00 
2.026E+01   2.580E+01  2.011E+00 
2.052E+01   2.600E+01  2.003E+00 
2.079E+01   2.620E+01  1.994E+00 
2.106E+01   2.641E+01  1.985E+00 
2.133E+01   2.661E+01  1.976E+00 
2.161E+01   2.682E+01  1.967E+00 
2.189E+01   2.703E+01  1.958E+00 
2.218E+01   2.724E+01  1.949E+00 
2.247E+01   2.745E+01  1.940E+00 
2.276E+01   2.767E+01  1.931E+00 
2.305E+01   2.788E+01  1.922E+00 
2.335E+01   2.810E+01  1.913E+00 
2.366E+01   2.832E+01  1.904E+00 
2.396E+01   2.855E+01  1.894E+00 
2.428E+01   2.877E+01  1.885E+00 
2.459E+01   2.900E+01  1.876E+00 
2.491E+01   2.923E+01  1.867E+00 
2.523E+01   2.946E+01  1.858E+00 
2.556E+01   2.969E+01  1.849E+00 
2.589E+01   2.993E+01  1.840E+00 
2.623E+01   3.016E+01  1.830E+00 
2.657E+01   3.040E+01  1.821E+00 
2.692E+01   3.064E+01  1.812E+00 
2.727E+01   3.089E+01  1.803E+00 
2.762E+01   3.113E+01  1.793E+00 
2.798E+01   3.138E+01  1.784E+00 
2.834E+01   3.163E+01  1.775E+00 
2.871E+01   3.188E+01  1.766E+00 
2.909E+01   3.214E+01  1.756E+00 
2.946E+01   3.239E+01  1.747E+00 
2.985E+01   3.265E+01  1.738E+00 
3.023E+01   3.291E+01  1.729E+00 
3.063E+01   3.318E+01  1.719E+00 
3.103E+01   3.344E+01  1.710E+00 
3.143E+01   3.371E+01  1.701E+00 
3.184E+01   3.398E+01  1.692E+00 
3.225E+01   3.425E+01  1.682E+00 
3.267E+01   3.452E+01  1.673E+00 
3.309E+01   3.480E+01  1.664E+00 
3.352E+01   3.508E+01  1.655E+00 
3.396E+01   3.536E+01  1.645E+00 
3.440E+01   3.564E+01  1.636E+00 
3.485E+01   3.593E+01  1.627E+00 
3.530E+01   3.622E+01  1.618E+00 
3.576E+01   3.651E+01  1.608E+00 
3.623E+01   3.680E+01  1.599E+00 
3.670E+01   3.709E+01  1.590E+00 
3.717E+01   3.739E+01  1.581E+00 
3.766E+01   3.769E+01  1.572E+00 
3.815E+01   3.799E+01  1.562E+00 
3.864E+01   3.829E+01  1.553E+00 
3.914E+01   3.859E+01  1.544E+00 
3.965E+01   3.890E+01  1.535E+00 
4.017E+01   3.921E+01  1.526E+00 
4.069E+01   3.952E+01  1.517E+00 
4.122E+01   3.984E+01  1.507E+00 
4.175E+01   4.015E+01  1.498E+00 
4.230E+01   4.047E+01  1.489E+00 
4.285E+01   4.079E+01  1.480E+00 
4.340E+01   4.111E+01  1.471E+00 
4.397E+01   4.143E+01  1.462E+00 
4.454E+01   4.176E+01  1.453E+00 
4.512E+01   4.209E+01  1.444E+00 
4.570E+01   4.242E+01  1.435E+00 
4.630E+01   4.275E+01  1.426E+00 
4.690E+01   4.308E+01  1.417E+00 
4.751E+01   4.342E+01  1.408E+00 
4.813E+01   4.375E+01  1.399E+00 
4.875E+01   4.409E+01  1.390E+00 
4.939E+01   4.443E+01  1.381E+00 
5.003E+01   4.478E+01  1.373E+00 
5.068E+01   4.512E+01  1.364E+00 
5.134E+01   4.546E+01  1.355E+00 
5.200E+01   4.581E+01  1.346E+00 
5.268E+01   4.616E+01  1.337E+00 
5.336E+01   4.651E+01  1.329E+00 
5.406E+01   4.686E+01  1.320E+00 
5.476E+01   4.721E+01  1.311E+00 
5.547E+01   4.757E+01  1.303E+00 
5.619E+01   4.792E+01  1.294E+00 
5.692E+01   4.828E+01  1.285E+00 
5.766E+01   4.863E+01  1.277E+00 
5.841E+01   4.899E+01  1.268E+00 
5.917E+01   4.935E+01  1.260E+00 
5.994E+01   4.971E+01  1.251E+00 
6.072E+01   5.007E+01  1.243E+00 
6.151E+01   5.043E+01  1.234E+00 
6.231E+01   5.079E+01  1.226E+00 
6.312E+01   5.115E+01  1.217E+00 
6.394E+01   5.152E+01  1.209E+00 
6.477E+01   5.188E+01  1.201E+00 
6.561E+01   5.224E+01  1.192E+00 
6.646E+01   5.260E+01  1.184E+00 
6.733E+01   5.297E+01  1.176E+00 
6.820E+01   5.333E+01  1.167E+00 
6.909E+01   5.369E+01  1.159E+00 
6.999E+01   5.406E+01  1.151E+00 
7.090E+01   5.442E+01  1.143E+00 
7.182E+01   5.478E+01  1.135E+00 
7.275E+01   5.515E+01  1.127E+00 
7.370E+01   5.551E+01  1.119E+00 
7.465E+01   5.587E+01  1.111E+00 
7.562E+01   5.623E+01  1.103E+00 
7.661E+01   5.659E+01  1.095E+00 
7.760E+01   5.695E+01  1.087E+00 
7.861E+01   5.731E+01  1.079E+00 
7.963E+01   5.767E+01  1.071E+00 
8.067E+01   5.802E+01  1.063E+00 
8.172E+01   5.838E+01  1.055E+00 
8.278E+01   5.873E+01  1.048E+00 
8.385E+01   5.909E+01  1.040E+00 
8.494E+01   5.944E+01  1.032E+00 
8.605E+01   5.979E+01  1.025E+00 
8.717E+01   6.014E+01  1.017E+00 
8.830E+01   6.049E+01  1.010E+00 
8.945E+01   6.084E+01  1.002E+00 
9.061E+01   6.119E+01  9.945E-01 
9.179E+01   6.153E+01  9.870E-01 
9.298E+01   6.188E+01  9.796E-01 
9.419E+01   6.222E+01  9.722E-01 
9.541E+01   6.256E+01  9.648E-01 
9.665E+01   6.290E+01  9.575E-01 
9.791E+01   6.324E+01  9.502E-01 
9.918E+01   6.358E+01  9.430E-01 
1.005E+02   6.392E+01  9.357E-01 
1.018E+02   6.426E+01  9.286E-01 
1.031E+02   6.459E+01  9.214E-01 
1.044E+02   6.493E+01  9.143E-01 
1.058E+02   6.526E+01  9.072E-01 
1.072E+02   6.559E+01  9.002E-01 
1.086E+02   6.593E+01  8.932E-01 
1.100E+02   6.626E+01  8.862E-01 
1.114E+02   6.659E+01  8.793E-01 
1.129E+02   6.692E+01  8.724E-01 
1.143E+02   6.725E+01  8.656E-01 
1.158E+02   6.758E+01  8.588E-01 
1.173E+02   6.791E+01  8.520E-01 
1.188E+02   6.824E+01  8.453E-01 
1.204E+02   6.857E+01  8.386E-01 
1.219E+02   6.891E+01  8.319E-01 
1.235E+02   6.924E+01  8.253E-01 
1.251E+02   6.957E+01  8.187E-01 
1.268E+02   6.990E+01  8.121E-01 
1.284E+02   7.023E+01  8.056E-01 
1.301E+02   7.057E+01  7.992E-01 
1.318E+02   7.090E+01  7.927E-01 
1.335E+02   7.124E+01  7.863E-01 
1.352E+02   7.157E+01  7.800E-01 
1.370E+02   7.191E+01  7.736E-01 
1.388E+02   7.225E+01  7.673E-01 
1.406E+02   7.259E+01  7.611E-01 
1.424E+02   7.293E+01  7.549E-01 
1.442E+02   7.328E+01  7.487E-01 
1.461E+02   7.362E+01  7.426E-01 
1.480E+02   7.397E+01  7.365E-01 
1.499E+02   7.432E+01  7.304E-01 
1.519E+02   7.467E+01  7.244E-01 
1.539E+02   7.503E+01  7.184E-01 
1.559E+02   7.538E+01  7.124E-01 
1.579E+02   7.574E+01  7.065E-01 
1.599E+02   7.610E+01  7.007E-01 
1.620E+02   7.646E+01  6.948E-01 
1.641E+02   7.682E+01  6.890E-01 
1.662E+02   7.719E+01  6.833E-01 
1.684E+02   7.756E+01  6.775E-01 
1.706E+02   7.793E+01  6.718E-01 
1.728E+02   7.830E+01  6.662E-01 
1.751E+02   7.868E+01  6.606E-01 
1.773E+02   7.906E+01  6.550E-01 
1.796E+02   7.944E+01  6.494E-01 
1.820E+02   7.982E+01  6.439E-01 
1.843E+02   8.020E+01  6.385E-01 
1.867E+02   8.059E+01  6.330E-01 
1.892E+02   8.098E+01  6.276E-01 
1.916E+02   8.137E+01  6.223E-01 
1.941E+02   8.177E+01  6.170E-01 
1.966E+02   8.216E+01  6.117E-01 
1.992E+02   8.256E+01  6.064E-01 
2.018E+02   8.296E+01  6.012E-01 
2.044E+02   8.336E+01  5.960E-01 
2.071E+02   8.377E+01  5.909E-01 
2.097E+02   8.417E+01  5.858E-01 
2.125E+02   8.458E+01  5.807E-01 
2.152E+02   8.499E+01  5.756E-01 
2.180E+02   8.540E+01  5.706E-01 
2.209E+02   8.581E+01  5.657E-01 
2.237E+02   8.622E+01  5.607E-01 
2.266E+02   8.664E+01  5.558E-01 
2.296E+02   8.705E+01  5.510E-01 
2.326E+02   8.747E+01  5.462E-01 
2.356E+02   8.788E+01  5.414E-01 
2.387E+02   8.830E+01  5.366E-01 
2.418E+02   8.872E+01  5.319E-01 
2.449E+02   8.914E+01  5.272E-01 
2.481E+02   8.956E+01  5.225E-01 
2.513E+02   8.998E+01  5.179E-01 
2.546E+02   9.040E+01  5.133E-01 
2.579E+02   9.082E+01  5.088E-01 
2.612E+02   9.124E+01  5.042E-01 
2.646E+02   9.165E+01  4.997E-01 
2.681E+02   9.207E+01  4.953E-01 
2.716E+02   9.249E+01  4.909E-01 
2.751E+02   9.291E+01  4.865E-01 
2.787E+02   9.333E+01  4.821E-01 
2.823E+02   9.374E+01  4.778E-01 
2.859E+02   9.416E+01  4.735E-01 
2.897E+02   9.457E+01  4.692E-01 
2.934E+02   9.498E+01  4.650E-01 
2.972E+02   9.539E+01  4.608E-01 
3.011E+02   9.580E+01  4.566E-01 
3.050E+02   9.621E+01  4.525E-01 
3.090E+02   9.661E+01  4.484E-01 
3.130E+02   9.702E+01  4.443E-01 
3.171E+02   9.742E+01  4.448E-01 
3.212E+02   9.782E+01  4.408E-01 
3.254E+02   9.821E+01  4.368E-01 
3.296E+02   9.860E+01  4.328E-01 
3.339E+02   9.899E+01  4.289E-01 
3.382E+02   9.938E+01  4.249E-01 
3.426E+02   9.977E+01  4.210E-01 
3.471E+02   1.001E+02  4.172E-01 
3.516E+02   1.005E+02  4.133E-01 
3.561E+02   1.009E+02  4.095E-01 
3.608E+02   1.013E+02  4.058E-01 
3.655E+02   1.016E+02  4.020E-01 
3.702E+02   1.020E+02  3.983E-01 
3.750E+02   1.024E+02  3.946E-01 
3.799E+02   1.027E+02  3.910E-01 
3.848E+02   1.031E+02  3.874E-01 
3.898E+02   1.034E+02  3.838E-01 
3.949E+02   1.037E+02  3.802E-01 
4.000E+02   1.041E+02  3.766E-01 
4.052E+02   1.044E+02  3.731E-01 
4.105E+02   1.047E+02  3.696E-01 
4.158E+02   1.051E+02  3.662E-01 
4.212E+02   1.054E+02  3.628E-01 
4.267E+02   1.057E+02  3.594E-01 
4.323E+02   1.060E+02  3.560E-01 
4.379E+02   1.063E+02  3.526E-01 
4.436E+02   1.066E+02  3.493E-01 
4.493E+02   1.069E+02  3.460E-01 
4.552E+02   1.071E+02  3.428E-01 
4.611E+02   1.074E+02  3.395E-01 
4.671E+02   1.077E+02  3.363E-01 
4.731E+02   1.079E+02  3.331E-01 
4.793E+02   1.082E+02  3.300E-01 
4.855E+02   1.084E+02  3.268E-01 
4.918E+02   1.087E+02  3.237E-01 
4.982E+02   1.089E+02  3.207E-01 
5.047E+02   1.091E+02  3.176E-01 
5.113E+02   1.094E+02  3.146E-01 
5.179E+02   1.096E+02  3.116E-01 
5.246E+02   1.098E+02  3.086E-01 
5.315E+02   1.100E+02  3.056E-01 
5.384E+02   1.102E+02  3.027E-01 
5.454E+02   1.104E+02  2.998E-01 
5.524E+02   1.105E+02  2.969E-01 
5.596E+02   1.107E+02  2.941E-01 
5.669E+02   1.109E+02  2.912E-01 
5.743E+02   1.110E+02  2.884E-01 
5.817E+02   1.112E+02  2.857E-01 
5.893E+02   1.113E+02  2.829E-01 
5.969E+02   1.115E+02  2.802E-01 
6.047E+02   1.116E+02  2.775E-01 
6.126E+02   1.117E+02  2.748E-01 
6.205E+02   1.118E+02  2.721E-01 
6.286E+02   1.119E+02  2.695E-01 
6.368E+02   1.120E+02  2.668E-01 
6.450E+02   1.121E+02  2.643E-01 
6.534E+02   1.122E+02  2.617E-01 
6.619E+02   1.122E+02  2.591E-01 
6.705E+02   1.123E+02  2.566E-01 
6.792E+02   1.123E+02  2.541E-01 
6.881E+02   1.124E+02  2.516E-01 
6.970E+02   1.124E+02  2.492E-01 
7.061E+02   1.124E+02  2.467E-01 
7.152E+02   1.125E+02  2.443E-01 
7.245E+02   1.125E+02  2.419E-01 
7.339E+02   1.125E+02  2.395E-01 
7.435E+02   1.125E+02  2.372E-01 
7.531E+02   1.124E+02  2.348E-01 
7.629E+02   1.124E+02  2.325E-01 
7.728E+02   1.124E+02  2.302E-01 
7.829E+02   1.124E+02  2.280E-01 
7.931E+02   1.123E+02  2.257E-01 
8.034E+02   1.122E+02  2.235E-01 
8.138E+02   1.122E+02  2.213E-01 
8.244E+02   1.121E+02  2.191E-01 
8.351E+02   1.120E+02  2.169E-01 
8.460E+02   1.119E+02  2.148E-01 
8.570E+02   1.118E+02  2.126E-01 
8.681E+02   1.117E+02  2.105E-01 
8.794E+02   1.116E+02  2.084E-01 
8.908E+02   1.115E+02  2.064E-01 
9.024E+02   1.114E+02  2.043E-01 
9.141E+02   1.112E+02  2.023E-01 
9.260E+02   1.111E+02  2.002E-01 
9.380E+02   1.110E+02  1.982E-01 
9.502E+02   1.108E+02  1.963E-01 
9.626E+02   1.106E+02  1.943E-01 
9.751E+02   1.105E+02  1.924E-01 
9.877E+02   1.103E+02  1.904E-01 
1.001E+03   1.101E+02  1.885E-01 
1.014E+03   1.099E+02  1.866E-01 
1.027E+03   1.097E+02  1.848E-01 
1.040E+03   1.095E+02  1.829E-01 
1.054E+03   1.093E+02  1.811E-01 
1.067E+03   1.090E+02  1.792E-01 
1.081E+03   1.088E+02  1.774E-01 
1.095E+03   1.086E+02  1.756E-01 
1.109E+03   1.083E+02  1.739E-01 
1.124E+03   1.081E+02  1.721E-01 
1.138E+03   1.078E+02  1.704E-01 
1.153E+03   1.075E+02  1.687E-01 
1.168E+03   1.073E+02  1.670E-01 
1.183E+03   1.070E+02  1.653E-01 
1.199E+03   1.067E+02  1.636E-01 
1.214E+03   1.064E+02  1.619E-01 
1.230E+03   1.061E+02  1.603E-01 
1.246E+03   1.058E+02  1.587E-01 
1.262E+03   1.055E+02  1.571E-01 
1.279E+03   1.052E+02  1.555E-01 
1.295E+03   1.049E+02  1.539E-01 
1.312E+03   1.046E+02  1.523E-01 
1.329E+03   1.042E+02  1.508E-01 
1.347E+03   1.039E+02  1.492E-01 
1.364E+03   1.036E+02  1.477E-01 
1.382E+03   1.032E+02  1.462E-01 
1.400E+03   1.029E+02  1.447E-01 
1.418E+03   1.025E+02  1.432E-01 
1.436E+03   1.021E+02  1.417E-01 
1.455E+03   1.018E+02  1.403E-01 
1.474E+03   1.014E+02  1.389E-01 
1.493E+03   1.010E+02  1.374E-01 
1.513E+03   1.006E+02  1.360E-01 
1.532E+03   1.003E+02  1.346E-01 
1.552E+03   9.988E+01  1.332E-01 
1.572E+03   9.948E+01  1.319E-01 
1.593E+03   9.909E+01  1.305E-01 
1.613E+03   9.869E+01  1.292E-01 
1.634E+03   9.828E+01  1.278E-01 
1.656E+03   9.788E+01  1.265E-01 
1.677E+03   9.747E+01  1.252E-01 
1.699E+03   9.705E+01  1.239E-01 
1.721E+03   9.663E+01  1.227E-01 
1.743E+03   9.621E+01  1.214E-01 
1.766E+03   9.579E+01  1.201E-01 
1.789E+03   9.536E+01  1.189E-01 
1.812E+03   9.493E+01  1.177E-01 
1.836E+03   9.450E+01  1.164E-01 
1.860E+03   9.406E+01  1.152E-01 
1.884E+03   9.362E+01  1.140E-01 
1.908E+03   9.318E+01  1.129E-01 
1.933E+03   9.273E+01  1.117E-01 
1.958E+03   9.229E+01  1.105E-01 
1.984E+03   9.184E+01  1.094E-01 
2.009E+03   9.139E+01  1.082E-01 
2.036E+03   9.094E+01  1.071E-01 
2.062E+03   9.048E+01  1.060E-01 
2.089E+03   9.002E+01  1.049E-01 
2.116E+03   8.956E+01  1.038E-01 
2.143E+03   8.910E+01  1.027E-01 
2.171E+03   8.864E+01  1.017E-01 
2.200E+03   8.818E+01  1.006E-01 
2.228E+03   8.771E+01  9.954E-02 
2.257E+03   8.725E+01  9.850E-02 
2.286E+03   8.678E+01  9.747E-02 
2.316E+03   8.631E+01  9.645E-02 
2.346E+03   8.584E+01  9.544E-02 
2.377E+03   8.537E+01  9.444E-02 
2.408E+03   8.490E+01  9.345E-02 
2.439E+03   8.442E+01  9.247E-02 
2.471E+03   8.395E+01  9.150E-02 
2.503E+03   8.347E+01  9.054E-02 
2.535E+03   8.300E+01  8.959E-02 
2.568E+03   8.252E+01  8.865E-02 
2.602E+03   8.205E+01  8.772E-02 
2.635E+03   8.157E+01  8.680E-02 
2.670E+03   8.109E+01  8.588E-02 
2.704E+03   8.061E+01  8.498E-02 
2.740E+03   8.014E+01  8.408E-02 
2.775E+03   7.966E+01  8.320E-02 
2.811E+03   7.918E+01  8.232E-02 
2.848E+03   7.870E+01  8.145E-02 
2.885E+03   7.823E+01  8.059E-02 
2.922E+03   7.775E+01  7.974E-02 
2.960E+03   7.727E+01  7.890E-02 
2.999E+03   7.679E+01  7.806E-02 
3.038E+03   7.632E+01  7.724E-02 
3.077E+03   7.584E+01  7.642E-02 
3.117E+03   7.536E+01  7.561E-02 
3.158E+03   7.489E+01  7.481E-02 
3.199E+03   7.441E+01  7.402E-02 
3.240E+03   7.394E+01  7.323E-02 
3.282E+03   7.346E+01  7.246E-02 
3.325E+03   7.299E+01  7.169E-02 
3.368E+03   7.252E+01  7.093E-02 
3.412E+03   7.205E+01  7.017E-02 
3.456E+03   7.157E+01  6.943E-02 
3.501E+03   7.110E+01  6.869E-02 
3.547E+03   7.064E+01  6.796E-02 
3.593E+03   7.017E+01  6.724E-02 
3.640E+03   6.970E+01  6.652E-02 
3.687E+03   6.923E+01  6.581E-02 
3.735E+03   6.877E+01  6.511E-02 
3.783E+03   6.831E+01  6.442E-02 
3.832E+03   6.784E+01  6.373E-02 
3.882E+03   6.738E+01  6.305E-02 
3.933E+03   6.692E+01  6.238E-02 
3.984E+03   6.646E+01  6.171E-02 
4.036E+03   6.601E+01  6.105E-02 
4.088E+03   6.555E+01  6.040E-02 
4.141E+03   6.510E+01  5.975E-02 
4.195E+03   6.464E+01  5.912E-02 
4.250E+03   6.419E+01  5.848E-02 
4.305E+03   6.374E+01  5.786E-02 
4.361E+03   6.329E+01  5.724E-02 
4.417E+03   6.285E+01  5.662E-02 
4.475E+03   6.240E+01  5.602E-02 
4.533E+03   6.196E+01  5.542E-02 
4.592E+03   6.151E+01  5.482E-02 
4.652E+03   6.107E+01  5.423E-02 
4.712E+03   6.064E+01  5.365E-02 
4.773E+03   6.020E+01  5.307E-02 
4.835E+03   5.976E+01  5.250E-02 
4.898E+03   5.933E+01  5.194E-02 
4.962E+03   5.890E+01  5.138E-02 
5.026E+03   5.847E+01  5.083E-02 
5.092E+03   5.804E+01  5.028E-02 
5.158E+03   5.762E+01  4.974E-02 
5.225E+03   5.719E+01  4.920E-02 
5.293E+03   5.677E+01  4.867E-02 
5.362E+03   5.635E+01  4.815E-02 
5.431E+03   5.593E+01  4.763E-02 
5.502E+03   5.551E+01  4.712E-02 
5.573E+03   5.510E+01  4.661E-02 
5.646E+03   5.469E+01  4.610E-02 
5.719E+03   5.428E+01  4.561E-02 
5.793E+03   5.387E+01  4.511E-02 
5.869E+03   5.346E+01  4.463E-02 
5.945E+03   5.306E+01  4.414E-02 
6.022E+03   5.265E+01  4.367E-02 
6.101E+03   5.225E+01  4.319E-02 
6.180E+03   5.186E+01  4.273E-02 
6.260E+03   5.146E+01  4.226E-02 
6.341E+03   5.107E+01  4.180E-02 
6.424E+03   5.067E+01  4.135E-02 
6.507E+03   5.028E+01  4.090E-02 
6.592E+03   4.990E+01  4.046E-02 
6.678E+03   4.951E+01  4.002E-02 
6.764E+03   4.913E+01  3.959E-02 
6.852E+03   4.875E+01  3.916E-02 
6.941E+03   4.837E+01  3.873E-02 
7.032E+03   4.799E+01  3.831E-02 
7.123E+03   4.761E+01  3.789E-02 
7.216E+03   4.724E+01  3.748E-02 
7.309E+03   4.687E+01  3.707E-02 
7.404E+03   4.650E+01  3.667E-02 
7.501E+03   4.614E+01  3.627E-02 
7.598E+03   4.577E+01  3.588E-02 
7.697E+03   4.541E+01  3.549E-02 
7.797E+03   4.505E+01  3.510E-02 
7.898E+03   4.469E+01  3.472E-02 
8.001E+03   4.434E+01  3.434E-02 
8.105E+03   4.407E+01  3.396E-02 
8.210E+03   4.380E+01  3.359E-02 
8.317E+03   4.353E+01  3.323E-02 
8.425E+03   4.326E+01  3.286E-02 
8.534E+03   4.298E+01  3.250E-02 
8.645E+03   4.270E+01  3.215E-02 
8.758E+03   4.241E+01  3.180E-02 
8.871E+03   4.212E+01  3.145E-02 
8.987E+03   4.183E+01  3.111E-02 
9.104E+03   4.153E+01  3.077E-02 
9.222E+03   4.123E+01  3.043E-02 
9.342E+03   4.093E+01  3.010E-02 
9.463E+03   4.062E+01  2.977E-02 
9.586E+03   4.031E+01  2.944E-02 
9.711E+03   4.001E+01  2.912E-02 
9.837E+03   3.971E+01  2.880E-02 
9.965E+03   3.941E+01  2.848E-02 
1.009E+04   3.911E+01  2.817E-02 
1.023E+04   3.882E+01  2.786E-02 
1.036E+04   3.853E+01  2.756E-02 
1.049E+04   3.823E+01  2.725E-02 
1.063E+04   3.794E+01  2.695E-02 
1.077E+04   3.766E+01  2.666E-02 
1.091E+04   3.737E+01  2.636E-02 
1.105E+04   3.709E+01  2.607E-02 
1.119E+04   3.680E+01  2.579E-02 
1.134E+04   3.652E+01  2.550E-02 
1.149E+04   3.624E+01  2.522E-02 
1.163E+04   3.596E+01  2.495E-02 
1.179E+04   3.569E+01  2.467E-02 
1.194E+04   3.541E+01  2.440E-02 
1.209E+04   3.514E+01  2.413E-02 
1.225E+04   3.486E+01  2.386E-02 
1.241E+04   3.459E+01  2.360E-02 
1.257E+04   3.432E+01  2.334E-02 
1.274E+04   3.406E+01  2.308E-02 
1.290E+04   3.379E+01  2.283E-02 
1.307E+04   3.353E+01  2.258E-02 
1.324E+04   3.327E+01  2.233E-02 
1.341E+04   3.300E+01  2.208E-02 
1.358E+04   3.274E+01  2.184E-02 
1.376E+04   3.249E+01  2.160E-02 
1.394E+04   3.223E+01  2.136E-02 
1.412E+04   3.198E+01  2.112E-02 
1.431E+04   3.172E+01  2.089E-02 
1.449E+04   3.147E+01  2.066E-02 
1.468E+04   3.122E+01  2.043E-02 
1.487E+04   3.097E+01  2.020E-02 
1.506E+04   3.073E+01  1.998E-02 
1.526E+04   3.048E+01  1.976E-02 
1.546E+04   3.024E+01  1.954E-02 
1.566E+04   2.999E+01  1.932E-02 
1.586E+04   2.975E+01  1.911E-02 
1.607E+04   2.951E+01  1.890E-02 
1.628E+04   2.927E+01  1.869E-02 
1.649E+04   2.904E+01  1.848E-02 
1.670E+04   2.880E+01  1.827E-02 
1.692E+04   2.857E+01  1.807E-02 
1.714E+04   2.834E+01  1.787E-02 
1.736E+04   2.811E+01  1.767E-02 
1.759E+04   2.788E+01  1.747E-02 
1.782E+04   2.765E+01  1.728E-02 
1.805E+04   2.743E+01  1.709E-02 
1.828E+04   2.720E+01  1.690E-02 
1.852E+04   2.698E+01  1.671E-02 
1.876E+04   2.676E+01  1.652E-02 
1.900E+04   2.654E+01  1.634E-02 
1.925E+04   2.632E+01  1.616E-02 
1.950E+04   2.610E+01  1.598E-02 
1.976E+04   2.588E+01  1.580E-02 
2.001E+04   2.567E+01  1.563E-02 
2.027E+04   2.546E+01  1.545E-02 
2.054E+04   2.525E+01  1.528E-02 
2.080E+04   2.504E+01  1.511E-02 
2.107E+04   2.483E+01  1.494E-02 
2.135E+04   2.462E+01  1.477E-02 
2.162E+04   2.441E+01  1.461E-02 
2.191E+04   2.421E+01  1.445E-02 
2.219E+04   2.401E+01  1.428E-02 
2.248E+04   2.380E+01  1.413E-02 
2.277E+04   2.360E+01  1.397E-02 
2.307E+04   2.340E+01  1.381E-02 
2.337E+04   2.321E+01  1.366E-02 
2.367E+04   2.301E+01  1.350E-02 
2.398E+04   2.282E+01  1.335E-02 
2.429E+04   2.262E+01  1.320E-02 
2.461E+04   2.243E+01  1.306E-02 
2.492E+04   2.224E+01  1.291E-02 
2.525E+04   2.205E+01  1.277E-02 
2.558E+04   2.186E+01  1.262E-02 
2.591E+04   2.168E+01  1.248E-02 
2.625E+04   2.149E+01  1.234E-02 
2.659E+04   2.131E+01  1.220E-02 
2.693E+04   2.112E+01  1.207E-02 
2.728E+04   2.094E+01  1.193E-02 
2.764E+04   2.076E+01  1.180E-02 
2.800E+04   2.058E+01  1.167E-02 
2.836E+04   2.040E+01  1.153E-02 
2.873E+04   2.023E+01  1.141E-02 
2.910E+04   2.005E+01  1.128E-02 
2.948E+04   1.988E+01  1.115E-02 
2.986E+04   1.971E+01  1.103E-02 
3.025E+04   1.953E+01  1.090E-02 
3.065E+04   1.936E+01  1.078E-02 
3.104E+04   1.920E+01  1.066E-02 
3.145E+04   1.903E+01  1.054E-02 
3.186E+04   1.886E+01  1.042E-02 
3.227E+04   1.870E+01  1.030E-02 
3.269E+04   1.853E+01  1.019E-02 
3.311E+04   1.837E+01  1.007E-02 
3.354E+04   1.821E+01  9.960E-03 
3.398E+04   1.805E+01  9.848E-03 
3.442E+04   1.789E+01  9.737E-03 
3.487E+04   1.773E+01  9.627E-03 
3.532E+04   1.758E+01  9.519E-03 
3.578E+04   1.742E+01  9.412E-03 
3.625E+04   1.727E+01  9.306E-03 
3.672E+04   1.711E+01  9.201E-03 
3.719E+04   1.696E+01  9.097E-03 
3.768E+04   1.681E+01  8.995E-03 
3.817E+04   1.666E+01  8.893E-03 
3.866E+04   1.651E+01  8.793E-03 
3.917E+04   1.637E+01  8.694E-03 
3.968E+04   1.622E+01  8.596E-03 
4.019E+04   1.607E+01  8.499E-03 
4.071E+04   1.593E+01  8.403E-03 
4.124E+04   1.579E+01  8.308E-03 
4.178E+04   1.565E+01  8.214E-03 
4.232E+04   1.551E+01  8.122E-03 
4.287E+04   1.537E+01  8.030E-03 
4.343E+04   1.523E+01  7.939E-03 
4.399E+04   1.509E+01  7.849E-03 
4.456E+04   1.495E+01  7.761E-03 
4.514E+04   1.482E+01  7.673E-03 
4.573E+04   1.468E+01  7.586E-03 
4.632E+04   1.455E+01  7.500E-03 
4.693E+04   1.442E+01  7.416E-03 
4.754E+04   1.429E+01  7.332E-03 
4.815E+04   1.416E+01  7.249E-03 
4.878E+04   1.403E+01  7.167E-03 
4.941E+04   1.390E+01  7.086E-03 
5.006E+04   1.378E+01  7.005E-03 
5.071E+04   1.365E+01  6.926E-03 
5.137E+04   1.353E+01  6.848E-03 
5.203E+04   1.340E+01  6.770E-03 
5.271E+04   1.328E+01  6.693E-03 
5.340E+04   1.316E+01  6.617E-03 
5.409E+04   1.304E+01  6.542E-03 
5.479E+04   1.292E+01  6.468E-03 
5.550E+04   1.280E+01  6.395E-03 
5.623E+04   1.268E+01  6.322E-03 
5.696E+04   1.257E+01  6.251E-03 
5.770E+04   1.245E+01  6.180E-03 
5.845E+04   1.234E+01  6.110E-03 
5.921E+04   1.222E+01  6.040E-03 
5.998E+04   1.211E+01  5.972E-03 
6.075E+04   1.200E+01  5.904E-03 
6.154E+04   1.189E+01  5.837E-03 
6.234E+04   1.178E+01  5.770E-03 
6.315E+04   1.167E+01  5.705E-03 
6.398E+04   1.156E+01  5.640E-03 
6.481E+04   1.145E+01  5.576E-03 
6.565E+04   1.135E+01  5.513E-03 
6.650E+04   1.124E+01  5.450E-03 
6.737E+04   1.114E+01  5.388E-03 
6.824E+04   1.103E+01  5.327E-03 
6.913E+04   1.093E+01  5.266E-03 
7.003E+04   1.083E+01  5.206E-03 
7.094E+04   1.073E+01  5.147E-03 
7.186E+04   1.063E+01  5.088E-03 
7.279E+04   1.053E+01  5.030E-03 
7.374E+04   1.043E+01  4.973E-03 
7.470E+04   1.033E+01  4.916E-03 
7.567E+04   1.023E+01  4.860E-03 
7.665E+04   1.014E+01  4.805E-03 
7.765E+04   1.004E+01  4.750E-03 
7.866E+04   9.949E+00  4.696E-03 
7.968E+04   9.856E+00  4.643E-03 
8.072E+04   9.764E+00  4.590E-03 
8.176E+04   9.672E+00  4.537E-03 
8.283E+04   9.581E+00  4.486E-03 
8.390E+04   9.491E+00  4.434E-03 
8.499E+04   9.401E+00  4.384E-03 
8.610E+04   9.313E+00  4.334E-03 
8.722E+04   9.225E+00  4.284E-03 
8.835E+04   9.138E+00  4.235E-03 
8.950E+04   9.052E+00  4.187E-03 
9.066E+04   8.967E+00  4.139E-03 
9.184E+04   8.882E+00  4.092E-03 
9.303E+04   8.798E+00  4.045E-03 
9.424E+04   8.715E+00  3.999E-03 
9.547E+04   8.633E+00  3.953E-03 
9.671E+04   8.551E+00  3.908E-03 
9.797E+04   8.470E+00  3.863E-03 
9.924E+04   8.390E+00  3.819E-03 
1.005E+05   8.310E+00  3.775E-03 
1.018E+05   8.232E+00  3.732E-03 
1.032E+05   8.154E+00  3.690E-03 
1.045E+05   8.076E+00  3.647E-03 
1.059E+05   8.000E+00  3.606E-03 
1.072E+05   7.924E+00  3.564E-03 
1.086E+05   7.849E+00  3.524E-03 
1.100E+05   7.774E+00  3.483E-03 
1.115E+05   7.700E+00  3.443E-03 
1.129E+05   7.627E+00  3.404E-03 
1.144E+05   7.554E+00  3.365E-03 
1.159E+05   7.483E+00  3.326E-03 
1.174E+05   7.411E+00  3.288E-03 
1.189E+05   7.341E+00  3.250E-03 
1.204E+05   7.271E+00  3.213E-03 
1.220E+05   7.202E+00  3.176E-03 
1.236E+05   7.133E+00  3.140E-03 
1.252E+05   7.065E+00  3.104E-03 
1.268E+05   6.998E+00  3.068E-03 
1.285E+05   6.931E+00  3.033E-03 
1.302E+05   6.865E+00  2.998E-03 
1.318E+05   6.800E+00  2.964E-03 
1.336E+05   6.735E+00  2.930E-03 
1.353E+05   6.671E+00  2.896E-03 
1.371E+05   6.607E+00  2.863E-03 
1.388E+05   6.544E+00  2.830E-03 
1.406E+05   6.482E+00  2.798E-03 
1.425E+05   6.420E+00  2.765E-03 
1.443E+05   6.359E+00  2.734E-03 
1.462E+05   6.298E+00  2.702E-03 
1.481E+05   6.238E+00  2.671E-03 
1.500E+05   6.179E+00  2.641E-03 
1.520E+05   6.120E+00  2.610E-03 
1.539E+05   6.062E+00  2.580E-03 
1.559E+05   6.004E+00  2.550E-03 
1.580E+05   5.947E+00  2.521E-03 
1.600E+05   5.890E+00  2.492E-03 
1.621E+05   5.834E+00  2.463E-03 
1.642E+05   5.778E+00  2.435E-03 
1.663E+05   5.723E+00  2.407E-03 
1.685E+05   5.668E+00  2.379E-03 
1.707E+05   5.614E+00  2.352E-03 
1.729E+05   5.561E+00  2.325E-03 
1.752E+05   5.508E+00  2.298E-03 
1.774E+05   5.456E+00  2.272E-03 
1.797E+05   5.404E+00  2.245E-03 
1.821E+05   5.352E+00  2.220E-03 
1.844E+05   5.301E+00  2.194E-03 
1.868E+05   5.251E+00  2.169E-03 
1.893E+05   5.201E+00  2.144E-03 
1.917E+05   5.151E+00  2.119E-03 
1.942E+05   5.102E+00  2.095E-03 
1.967E+05   5.054E+00  2.070E-03 
1.993E+05   5.006E+00  2.047E-03 
2.019E+05   4.958E+00  2.023E-03 
2.045E+05   4.911E+00  2.000E-03 
2.072E+05   4.865E+00  1.977E-03 
2.099E+05   4.818E+00  1.954E-03 
2.126E+05   4.773E+00  1.931E-03 
2.154E+05   4.727E+00  1.909E-03 
2.182E+05   4.683E+00  1.887E-03 
2.210E+05   4.638E+00  1.865E-03 
2.239E+05   4.594E+00  1.844E-03 
2.268E+05   4.551E+00  1.822E-03 
2.297E+05   4.508E+00  1.801E-03 
2.327E+05   4.465E+00  1.780E-03 
2.357E+05   4.423E+00  1.760E-03 
2.388E+05   4.381E+00  1.739E-03 
2.419E+05   4.340E+00  1.719E-03 
2.450E+05   4.299E+00  1.699E-03 
2.482E+05   4.259E+00  1.680E-03 
2.515E+05   4.219E+00  1.660E-03 
2.547E+05   4.179E+00  1.641E-03 
2.580E+05   4.140E+00  1.622E-03 
2.614E+05   4.101E+00  1.603E-03 
2.648E+05   4.062E+00  1.585E-03 
2.682E+05   4.024E+00  1.567E-03 
2.717E+05   3.986E+00  1.548E-03 
2.752E+05   3.949E+00  1.530E-03 
2.788E+05   3.912E+00  1.513E-03 
2.824E+05   3.875E+00  1.495E-03 
2.861E+05   3.839E+00  1.478E-03 
2.898E+05   3.803E+00  1.461E-03 
2.936E+05   3.768E+00  1.444E-03 
2.974E+05   3.733E+00  1.427E-03 
3.013E+05   3.698E+00  1.411E-03 
3.052E+05   3.664E+00  1.394E-03 
3.092E+05   3.630E+00  1.378E-03 
3.132E+05   3.596E+00  1.362E-03 
3.172E+05   3.563E+00  1.346E-03 
3.214E+05   3.530E+00  1.331E-03 
3.255E+05   3.497E+00  1.315E-03 
3.298E+05   3.465E+00  1.300E-03 
3.341E+05   3.433E+00  1.285E-03 
3.384E+05   3.401E+00  1.270E-03 
3.428E+05   3.370E+00  1.255E-03 
3.473E+05   3.339E+00  1.241E-03 
3.518E+05   3.308E+00  1.226E-03 
3.563E+05   3.278E+00  1.212E-03 
3.610E+05   3.248E+00  1.198E-03 
3.657E+05   3.218E+00  1.184E-03 
3.704E+05   3.189E+00  1.170E-03 
3.752E+05   3.160E+00  1.157E-03 
3.801E+05   3.131E+00  1.143E-03 
3.851E+05   3.102E+00  1.130E-03 
3.901E+05   3.074E+00  1.117E-03 
3.951E+05   3.046E+00  1.104E-03 
4.003E+05   3.019E+00  1.091E-03 
