Ion = Helium      . Mass = 4.0026
Tgt = La (Solid). Density = 6.1738 g/cm3
Stopping Units =  eV/(1E15 atoms/cm2)
Energy(keV)  S(Elec)    S(Nuc)
1.000E+00   7.557E+00  2.121E+00 
1.013E+00   7.606E+00  2.127E+00 
1.026E+00   7.655E+00  2.132E+00 
1.039E+00   7.705E+00  2.137E+00 
1.053E+00   7.755E+00  2.142E+00 
1.067E+00   7.805E+00  2.147E+00 
1.081E+00   7.856E+00  2.152E+00 
1.095E+00   7.907E+00  2.157E+00 
1.109E+00   7.958E+00  2.162E+00 
1.123E+00   8.009E+00  2.167E+00 
1.138E+00   8.061E+00  2.172E+00 
1.153E+00   8.113E+00  2.177E+00 
1.168E+00   8.166E+00  2.181E+00 
1.183E+00   8.219E+00  2.186E+00 
1.198E+00   8.272E+00  2.191E+00 
1.214E+00   8.326E+00  2.196E+00 
1.229E+00   8.380E+00  2.201E+00 
1.245E+00   8.434E+00  2.205E+00 
1.262E+00   8.489E+00  2.210E+00 
1.278E+00   8.544E+00  2.214E+00 
1.295E+00   8.599E+00  2.219E+00 
1.311E+00   8.655E+00  2.224E+00 
1.329E+00   8.711E+00  2.228E+00 
1.346E+00   8.767E+00  2.233E+00 
1.363E+00   8.824E+00  2.237E+00 
1.381E+00   8.881E+00  2.242E+00 
1.399E+00   8.939E+00  2.246E+00 
1.417E+00   8.996E+00  2.250E+00 
1.436E+00   9.055E+00  2.255E+00 
1.454E+00   9.113E+00  2.259E+00 
1.473E+00   9.172E+00  2.263E+00 
1.492E+00   9.232E+00  2.267E+00 
1.512E+00   9.292E+00  2.272E+00 
1.531E+00   9.352E+00  2.276E+00 
1.551E+00   9.412E+00  2.280E+00 
1.571E+00   9.473E+00  2.284E+00 
1.592E+00   9.535E+00  2.288E+00 
1.612E+00   9.596E+00  2.292E+00 
1.633E+00   9.659E+00  2.296E+00 
1.655E+00   9.721E+00  2.300E+00 
1.676E+00   9.784E+00  2.304E+00 
1.698E+00   9.847E+00  2.307E+00 
1.720E+00   9.911E+00  2.311E+00 
1.742E+00   9.975E+00  2.315E+00 
1.765E+00   1.004E+01  2.319E+00 
1.788E+00   1.011E+01  2.322E+00 
1.811E+00   1.017E+01  2.326E+00 
1.835E+00   1.024E+01  2.330E+00 
1.859E+00   1.030E+01  2.333E+00 
1.883E+00   1.037E+01  2.337E+00 
1.907E+00   1.044E+01  2.340E+00 
1.932E+00   1.050E+01  2.343E+00 
1.957E+00   1.057E+01  2.347E+00 
1.983E+00   1.064E+01  2.350E+00 
2.008E+00   1.071E+01  2.353E+00 
2.034E+00   1.078E+01  2.357E+00 
2.061E+00   1.085E+01  2.360E+00 
2.088E+00   1.092E+01  2.363E+00 
2.115E+00   1.099E+01  2.366E+00 
2.142E+00   1.106E+01  2.369E+00 
2.170E+00   1.113E+01  2.372E+00 
2.198E+00   1.120E+01  2.375E+00 
2.227E+00   1.128E+01  2.378E+00 
2.256E+00   1.135E+01  2.381E+00 
2.285E+00   1.142E+01  2.384E+00 
2.315E+00   1.150E+01  2.386E+00 
2.345E+00   1.157E+01  2.389E+00 
2.375E+00   1.165E+01  2.392E+00 
2.406E+00   1.172E+01  2.394E+00 
2.438E+00   1.180E+01  2.397E+00 
2.469E+00   1.188E+01  2.400E+00 
2.501E+00   1.195E+01  2.402E+00 
2.534E+00   1.203E+01  2.404E+00 
2.567E+00   1.211E+01  2.407E+00 
2.600E+00   1.219E+01  2.409E+00 
2.634E+00   1.226E+01  2.411E+00 
2.668E+00   1.234E+01  2.414E+00 
2.703E+00   1.242E+01  2.416E+00 
2.738E+00   1.250E+01  2.418E+00 
2.773E+00   1.259E+01  2.420E+00 
2.810E+00   1.267E+01  2.422E+00 
2.846E+00   1.275E+01  2.424E+00 
2.883E+00   1.283E+01  2.426E+00 
2.921E+00   1.291E+01  2.427E+00 
2.958E+00   1.300E+01  2.429E+00 
2.997E+00   1.308E+01  2.431E+00 
3.036E+00   1.317E+01  2.433E+00 
3.075E+00   1.325E+01  2.434E+00 
3.115E+00   1.334E+01  2.436E+00 
3.156E+00   1.343E+01  2.437E+00 
3.197E+00   1.351E+01  2.439E+00 
3.238E+00   1.360E+01  2.440E+00 
3.280E+00   1.369E+01  2.441E+00 
3.323E+00   1.378E+01  2.443E+00 
3.366E+00   1.387E+01  2.444E+00 
3.410E+00   1.396E+01  2.445E+00 
3.454E+00   1.405E+01  2.446E+00 
3.499E+00   1.414E+01  2.447E+00 
3.545E+00   1.423E+01  2.448E+00 
3.591E+00   1.432E+01  2.449E+00 
3.637E+00   1.441E+01  2.450E+00 
3.685E+00   1.451E+01  2.450E+00 
3.733E+00   1.460E+01  2.451E+00 
3.781E+00   1.470E+01  2.452E+00 
3.830E+00   1.479E+01  2.452E+00 
3.880E+00   1.489E+01  2.453E+00 
3.930E+00   1.498E+01  2.453E+00 
3.982E+00   1.508E+01  2.454E+00 
4.033E+00   1.518E+01  2.454E+00 
4.086E+00   1.528E+01  2.454E+00 
4.139E+00   1.537E+01  2.455E+00 
4.193E+00   1.547E+01  2.455E+00 
4.247E+00   1.557E+01  2.455E+00 
4.302E+00   1.568E+01  2.455E+00 
4.358E+00   1.578E+01  2.455E+00 
4.415E+00   1.588E+01  2.455E+00 
4.472E+00   1.598E+01  2.455E+00 
4.530E+00   1.609E+01  2.454E+00 
4.589E+00   1.619E+01  2.454E+00 
4.649E+00   1.629E+01  2.454E+00 
4.709E+00   1.640E+01  2.453E+00 
4.770E+00   1.651E+01  2.453E+00 
4.832E+00   1.661E+01  2.452E+00 
4.895E+00   1.672E+01  2.452E+00 
4.959E+00   1.683E+01  2.451E+00 
5.023E+00   1.694E+01  2.450E+00 
5.089E+00   1.705E+01  2.449E+00 
5.155E+00   1.716E+01  2.448E+00 
5.222E+00   1.727E+01  2.447E+00 
5.290E+00   1.738E+01  2.446E+00 
5.358E+00   1.749E+01  2.445E+00 
5.428E+00   1.761E+01  2.444E+00 
5.499E+00   1.772E+01  2.443E+00 
5.570E+00   1.784E+01  2.442E+00 
5.642E+00   1.795E+01  2.440E+00 
5.716E+00   1.807E+01  2.439E+00 
5.790E+00   1.818E+01  2.437E+00 
5.865E+00   1.830E+01  2.436E+00 
5.942E+00   1.842E+01  2.434E+00 
6.019E+00   1.854E+01  2.432E+00 
6.097E+00   1.866E+01  2.431E+00 
6.176E+00   1.878E+01  2.429E+00 
6.256E+00   1.890E+01  2.427E+00 
6.338E+00   1.903E+01  2.425E+00 
6.420E+00   1.915E+01  2.423E+00 
6.504E+00   1.927E+01  2.421E+00 
6.588E+00   1.940E+01  2.418E+00 
6.674E+00   1.952E+01  2.416E+00 
6.760E+00   1.965E+01  2.414E+00 
6.848E+00   1.978E+01  2.411E+00 
6.937E+00   1.990E+01  2.409E+00 
7.027E+00   2.003E+01  2.406E+00 
7.119E+00   2.016E+01  2.404E+00 
7.211E+00   2.029E+01  2.401E+00 
7.305E+00   2.043E+01  2.398E+00 
7.400E+00   2.056E+01  2.396E+00 
7.496E+00   2.069E+01  2.393E+00 
7.594E+00   2.083E+01  2.390E+00 
7.692E+00   2.096E+01  2.387E+00 
7.792E+00   2.110E+01  2.384E+00 
7.894E+00   2.123E+01  2.381E+00 
7.996E+00   2.137E+01  2.377E+00 
8.100E+00   2.153E+01  2.374E+00 
8.205E+00   2.168E+01  2.371E+00 
8.312E+00   2.184E+01  2.367E+00 
8.420E+00   2.200E+01  2.364E+00 
8.529E+00   2.217E+01  2.360E+00 
8.640E+00   2.233E+01  2.357E+00 
8.753E+00   2.250E+01  2.353E+00 
8.866E+00   2.266E+01  2.349E+00 
8.982E+00   2.283E+01  2.345E+00 
9.098E+00   2.300E+01  2.341E+00 
9.217E+00   2.317E+01  2.337E+00 
9.336E+00   2.334E+01  2.333E+00 
9.458E+00   2.351E+01  2.329E+00 
9.581E+00   2.368E+01  2.325E+00 
9.705E+00   2.386E+01  2.321E+00 
9.831E+00   2.404E+01  2.317E+00 
9.959E+00   2.421E+01  2.312E+00 
1.009E+01   2.439E+01  2.308E+00 
1.022E+01   2.457E+01  2.303E+00 
1.035E+01   2.476E+01  2.299E+00 
1.049E+01   2.494E+01  2.294E+00 
1.062E+01   2.513E+01  2.289E+00 
1.076E+01   2.531E+01  2.285E+00 
1.090E+01   2.550E+01  2.280E+00 
1.104E+01   2.569E+01  2.275E+00 
1.119E+01   2.588E+01  2.270E+00 
1.133E+01   2.607E+01  2.265E+00 
1.148E+01   2.627E+01  2.260E+00 
1.163E+01   2.646E+01  2.255E+00 
1.178E+01   2.666E+01  2.250E+00 
1.193E+01   2.686E+01  2.244E+00 
1.209E+01   2.706E+01  2.239E+00 
1.224E+01   2.726E+01  2.234E+00 
1.240E+01   2.746E+01  2.228E+00 
1.256E+01   2.766E+01  2.223E+00 
1.273E+01   2.787E+01  2.217E+00 
1.289E+01   2.808E+01  2.212E+00 
1.306E+01   2.829E+01  2.206E+00 
1.323E+01   2.850E+01  2.200E+00 
1.340E+01   2.871E+01  2.194E+00 
1.358E+01   2.893E+01  2.189E+00 
1.375E+01   2.914E+01  2.183E+00 
1.393E+01   2.936E+01  2.177E+00 
1.411E+01   2.958E+01  2.171E+00 
1.430E+01   2.980E+01  2.165E+00 
1.448E+01   3.002E+01  2.159E+00 
1.467E+01   3.025E+01  2.152E+00 
1.486E+01   3.047E+01  2.146E+00 
1.505E+01   3.070E+01  2.140E+00 
1.525E+01   3.093E+01  2.134E+00 
1.545E+01   3.116E+01  2.127E+00 
1.565E+01   3.139E+01  2.121E+00 
1.585E+01   3.163E+01  2.114E+00 
1.606E+01   3.186E+01  2.108E+00 
1.627E+01   3.210E+01  2.101E+00 
1.648E+01   3.234E+01  2.095E+00 
1.669E+01   3.259E+01  2.088E+00 
1.691E+01   3.283E+01  2.081E+00 
1.713E+01   3.308E+01  2.075E+00 
1.735E+01   3.332E+01  2.068E+00 
1.758E+01   3.357E+01  2.061E+00 
1.781E+01   3.382E+01  2.054E+00 
1.804E+01   3.408E+01  2.047E+00 
1.827E+01   3.433E+01  2.040E+00 
1.851E+01   3.459E+01  2.033E+00 
1.875E+01   3.485E+01  2.026E+00 
1.899E+01   3.511E+01  2.019E+00 
1.924E+01   3.537E+01  2.012E+00 
1.949E+01   3.564E+01  2.004E+00 
1.974E+01   3.591E+01  1.997E+00 
2.000E+01   3.618E+01  1.990E+00 
2.026E+01   3.645E+01  1.983E+00 
2.052E+01   3.672E+01  1.975E+00 
2.079E+01   3.700E+01  1.968E+00 
2.106E+01   3.727E+01  1.960E+00 
2.133E+01   3.755E+01  1.953E+00 
2.161E+01   3.784E+01  1.945E+00 
2.189E+01   3.812E+01  1.938E+00 
2.218E+01   3.841E+01  1.930E+00 
2.247E+01   3.869E+01  1.923E+00 
2.276E+01   3.898E+01  1.915E+00 
2.305E+01   3.928E+01  1.907E+00 
2.335E+01   3.957E+01  1.900E+00 
2.366E+01   3.987E+01  1.892E+00 
2.396E+01   4.017E+01  1.884E+00 
2.428E+01   4.047E+01  1.876E+00 
2.459E+01   4.077E+01  1.868E+00 
2.491E+01   4.108E+01  1.861E+00 
2.523E+01   4.139E+01  1.853E+00 
2.556E+01   4.170E+01  1.845E+00 
2.589E+01   4.201E+01  1.837E+00 
2.623E+01   4.233E+01  1.829E+00 
2.657E+01   4.264E+01  1.821E+00 
2.692E+01   4.296E+01  1.813E+00 
2.727E+01   4.329E+01  1.805E+00 
2.762E+01   4.361E+01  1.797E+00 
2.798E+01   4.394E+01  1.789E+00 
2.834E+01   4.427E+01  1.781E+00 
2.871E+01   4.460E+01  1.773E+00 
2.909E+01   4.493E+01  1.764E+00 
2.946E+01   4.527E+01  1.756E+00 
2.985E+01   4.561E+01  1.748E+00 
3.023E+01   4.595E+01  1.740E+00 
3.063E+01   4.629E+01  1.732E+00 
3.103E+01   4.664E+01  1.724E+00 
3.143E+01   4.699E+01  1.715E+00 
3.184E+01   4.734E+01  1.707E+00 
3.225E+01   4.770E+01  1.699E+00 
3.267E+01   4.805E+01  1.691E+00 
3.309E+01   4.841E+01  1.682E+00 
3.352E+01   4.878E+01  1.674E+00 
3.396E+01   4.914E+01  1.666E+00 
3.440E+01   4.951E+01  1.657E+00 
3.485E+01   4.988E+01  1.649E+00 
3.530E+01   5.025E+01  1.641E+00 
3.576E+01   5.062E+01  1.632E+00 
3.623E+01   5.100E+01  1.624E+00 
3.670E+01   5.138E+01  1.616E+00 
3.717E+01   5.177E+01  1.607E+00 
3.766E+01   5.215E+01  1.599E+00 
3.815E+01   5.254E+01  1.591E+00 
3.864E+01   5.293E+01  1.582E+00 
3.914E+01   5.333E+01  1.574E+00 
3.965E+01   5.372E+01  1.565E+00 
4.017E+01   5.412E+01  1.557E+00 
4.069E+01   5.452E+01  1.549E+00 
4.122E+01   5.493E+01  1.540E+00 
4.175E+01   5.534E+01  1.532E+00 
4.230E+01   5.575E+01  1.524E+00 
4.285E+01   5.616E+01  1.515E+00 
4.340E+01   5.658E+01  1.507E+00 
4.397E+01   5.700E+01  1.498E+00 
4.454E+01   5.742E+01  1.490E+00 
4.512E+01   5.784E+01  1.482E+00 
4.570E+01   5.827E+01  1.473E+00 
4.630E+01   5.870E+01  1.465E+00 
4.690E+01   5.914E+01  1.457E+00 
4.751E+01   5.957E+01  1.448E+00 
4.813E+01   6.001E+01  1.440E+00 
4.875E+01   6.045E+01  1.432E+00 
4.939E+01   6.090E+01  1.423E+00 
5.003E+01   6.135E+01  1.415E+00 
5.068E+01   6.180E+01  1.407E+00 
5.134E+01   6.225E+01  1.398E+00 
5.200E+01   6.271E+01  1.390E+00 
5.268E+01   6.317E+01  1.382E+00 
5.336E+01   6.363E+01  1.373E+00 
5.406E+01   6.410E+01  1.365E+00 
5.476E+01   6.456E+01  1.357E+00 
5.547E+01   6.503E+01  1.349E+00 
5.619E+01   6.551E+01  1.340E+00 
5.692E+01   6.599E+01  1.332E+00 
5.766E+01   6.647E+01  1.324E+00 
5.841E+01   6.695E+01  1.316E+00 
5.917E+01   6.744E+01  1.308E+00 
5.994E+01   6.792E+01  1.300E+00 
6.072E+01   6.842E+01  1.291E+00 
6.151E+01   6.891E+01  1.283E+00 
6.231E+01   6.941E+01  1.275E+00 
6.312E+01   6.991E+01  1.267E+00 
6.394E+01   7.041E+01  1.259E+00 
6.477E+01   7.092E+01  1.251E+00 
6.561E+01   7.143E+01  1.243E+00 
6.646E+01   7.194E+01  1.235E+00 
6.733E+01   7.246E+01  1.227E+00 
6.820E+01   7.298E+01  1.219E+00 
6.909E+01   7.350E+01  1.211E+00 
6.999E+01   7.402E+01  1.203E+00 
7.090E+01   7.455E+01  1.195E+00 
7.182E+01   7.508E+01  1.187E+00 
7.275E+01   7.561E+01  1.179E+00 
7.370E+01   7.615E+01  1.172E+00 
7.465E+01   7.669E+01  1.164E+00 
7.562E+01   7.723E+01  1.156E+00 
7.661E+01   7.777E+01  1.148E+00 
7.760E+01   7.832E+01  1.141E+00 
7.861E+01   7.887E+01  1.133E+00 
7.963E+01   7.942E+01  1.125E+00 
8.067E+01   7.998E+01  1.117E+00 
8.172E+01   8.054E+01  1.110E+00 
8.278E+01   8.110E+01  1.102E+00 
8.385E+01   8.166E+01  1.095E+00 
8.494E+01   8.223E+01  1.087E+00 
8.605E+01   8.280E+01  1.079E+00 
8.717E+01   8.337E+01  1.072E+00 
8.830E+01   8.394E+01  1.064E+00 
8.945E+01   8.452E+01  1.057E+00 
9.061E+01   8.510E+01  1.050E+00 
9.179E+01   8.568E+01  1.042E+00 
9.298E+01   8.627E+01  1.035E+00 
9.419E+01   8.686E+01  1.027E+00 
9.541E+01   8.745E+01  1.020E+00 
9.665E+01   8.804E+01  1.013E+00 
9.791E+01   8.863E+01  1.006E+00 
9.918E+01   8.923E+01  9.983E-01 
1.005E+02   8.983E+01  9.911E-01 
1.018E+02   9.043E+01  9.840E-01 
1.031E+02   9.103E+01  9.768E-01 
1.044E+02   9.164E+01  9.697E-01 
1.058E+02   9.225E+01  9.626E-01 
1.072E+02   9.286E+01  9.556E-01 
1.086E+02   9.347E+01  9.486E-01 
1.100E+02   9.408E+01  9.416E-01 
1.114E+02   9.470E+01  9.346E-01 
1.129E+02   9.532E+01  9.277E-01 
1.143E+02   9.594E+01  9.208E-01 
1.158E+02   9.656E+01  9.139E-01 
1.173E+02   9.718E+01  9.071E-01 
1.188E+02   9.781E+01  9.003E-01 
1.204E+02   9.844E+01  8.935E-01 
1.219E+02   9.907E+01  8.868E-01 
1.235E+02   9.970E+01  8.801E-01 
1.251E+02   1.003E+02  8.734E-01 
1.268E+02   1.010E+02  8.668E-01 
1.284E+02   1.016E+02  8.602E-01 
1.301E+02   1.022E+02  8.536E-01 
1.318E+02   1.029E+02  8.471E-01 
1.335E+02   1.035E+02  8.406E-01 
1.352E+02   1.041E+02  8.341E-01 
1.370E+02   1.048E+02  8.277E-01 
1.388E+02   1.054E+02  8.213E-01 
1.406E+02   1.061E+02  8.149E-01 
1.424E+02   1.067E+02  8.085E-01 
1.442E+02   1.074E+02  8.022E-01 
1.461E+02   1.080E+02  7.960E-01 
1.480E+02   1.086E+02  7.897E-01 
1.499E+02   1.093E+02  7.835E-01 
1.519E+02   1.099E+02  7.774E-01 
1.539E+02   1.106E+02  7.712E-01 
1.559E+02   1.112E+02  7.651E-01 
1.579E+02   1.119E+02  7.590E-01 
1.599E+02   1.125E+02  7.530E-01 
1.620E+02   1.132E+02  7.470E-01 
1.641E+02   1.138E+02  7.410E-01 
1.662E+02   1.145E+02  7.351E-01 
1.684E+02   1.151E+02  7.292E-01 
1.706E+02   1.158E+02  7.233E-01 
1.728E+02   1.164E+02  7.175E-01 
1.751E+02   1.170E+02  7.117E-01 
1.773E+02   1.177E+02  7.060E-01 
1.796E+02   1.183E+02  7.002E-01 
1.820E+02   1.190E+02  6.945E-01 
1.843E+02   1.196E+02  6.889E-01 
1.867E+02   1.202E+02  6.832E-01 
1.892E+02   1.209E+02  6.776E-01 
1.916E+02   1.215E+02  6.721E-01 
1.941E+02   1.222E+02  6.666E-01 
1.966E+02   1.228E+02  6.611E-01 
1.992E+02   1.234E+02  6.556E-01 
2.018E+02   1.240E+02  6.502E-01 
2.044E+02   1.247E+02  6.448E-01 
2.071E+02   1.253E+02  6.394E-01 
2.097E+02   1.259E+02  6.341E-01 
2.125E+02   1.265E+02  6.288E-01 
2.152E+02   1.272E+02  6.236E-01 
2.180E+02   1.278E+02  6.184E-01 
2.209E+02   1.284E+02  6.132E-01 
2.237E+02   1.290E+02  6.080E-01 
2.266E+02   1.296E+02  6.029E-01 
2.296E+02   1.302E+02  5.978E-01 
2.326E+02   1.308E+02  5.928E-01 
2.356E+02   1.314E+02  5.877E-01 
2.387E+02   1.320E+02  5.828E-01 
2.418E+02   1.326E+02  5.778E-01 
2.449E+02   1.332E+02  5.729E-01 
2.481E+02   1.337E+02  5.680E-01 
2.513E+02   1.343E+02  5.631E-01 
2.546E+02   1.349E+02  5.583E-01 
2.579E+02   1.355E+02  5.535E-01 
2.612E+02   1.360E+02  5.488E-01 
2.646E+02   1.366E+02  5.440E-01 
2.681E+02   1.371E+02  5.394E-01 
2.716E+02   1.377E+02  5.347E-01 
2.751E+02   1.382E+02  5.301E-01 
2.787E+02   1.388E+02  5.255E-01 
2.823E+02   1.393E+02  5.209E-01 
2.859E+02   1.398E+02  5.164E-01 
2.897E+02   1.403E+02  5.119E-01 
2.934E+02   1.408E+02  5.074E-01 
2.972E+02   1.414E+02  5.030E-01 
3.011E+02   1.419E+02  4.986E-01 
3.050E+02   1.423E+02  4.942E-01 
3.090E+02   1.428E+02  4.899E-01 
3.130E+02   1.433E+02  4.855E-01 
3.171E+02   1.438E+02  4.813E-01 
3.212E+02   1.443E+02  4.770E-01 
3.254E+02   1.447E+02  4.728E-01 
3.296E+02   1.452E+02  4.686E-01 
3.339E+02   1.456E+02  4.645E-01 
3.382E+02   1.461E+02  4.603E-01 
3.426E+02   1.465E+02  4.562E-01 
3.471E+02   1.469E+02  4.522E-01 
3.516E+02   1.473E+02  4.481E-01 
3.561E+02   1.477E+02  4.441E-01 
3.608E+02   1.481E+02  4.402E-01 
3.655E+02   1.485E+02  4.362E-01 
3.702E+02   1.489E+02  4.323E-01 
3.750E+02   1.493E+02  4.284E-01 
3.799E+02   1.496E+02  4.245E-01 
3.848E+02   1.500E+02  4.207E-01 
3.898E+02   1.503E+02  4.169E-01 
3.949E+02   1.507E+02  4.132E-01 
4.000E+02   1.510E+02  4.094E-01 
4.052E+02   1.513E+02  4.101E-01 
4.105E+02   1.516E+02  4.063E-01 
4.158E+02   1.519E+02  4.026E-01 
4.212E+02   1.522E+02  3.990E-01 
4.267E+02   1.525E+02  3.953E-01 
4.323E+02   1.528E+02  3.917E-01 
4.379E+02   1.530E+02  3.881E-01 
4.436E+02   1.533E+02  3.846E-01 
4.493E+02   1.535E+02  3.810E-01 
4.552E+02   1.538E+02  3.775E-01 
4.611E+02   1.540E+02  3.740E-01 
4.671E+02   1.542E+02  3.706E-01 
4.731E+02   1.544E+02  3.672E-01 
4.793E+02   1.546E+02  3.638E-01 
4.855E+02   1.548E+02  3.604E-01 
4.918E+02   1.549E+02  3.570E-01 
4.982E+02   1.551E+02  3.537E-01 
5.047E+02   1.552E+02  3.504E-01 
5.113E+02   1.554E+02  3.472E-01 
5.179E+02   1.555E+02  3.439E-01 
5.246E+02   1.556E+02  3.407E-01 
5.315E+02   1.557E+02  3.375E-01 
5.384E+02   1.558E+02  3.344E-01 
5.454E+02   1.559E+02  3.312E-01 
5.524E+02   1.560E+02  3.281E-01 
5.596E+02   1.560E+02  3.250E-01 
5.669E+02   1.561E+02  3.220E-01 
5.743E+02   1.561E+02  3.189E-01 
5.817E+02   1.561E+02  3.159E-01 
5.893E+02   1.561E+02  3.129E-01 
5.969E+02   1.561E+02  3.100E-01 
6.047E+02   1.561E+02  3.070E-01 
6.126E+02   1.561E+02  3.041E-01 
6.205E+02   1.561E+02  3.012E-01 
6.286E+02   1.560E+02  2.984E-01 
6.368E+02   1.560E+02  2.955E-01 
6.450E+02   1.559E+02  2.927E-01 
6.534E+02   1.559E+02  2.899E-01 
6.619E+02   1.558E+02  2.872E-01 
6.705E+02   1.557E+02  2.844E-01 
6.792E+02   1.556E+02  2.817E-01 
6.881E+02   1.554E+02  2.790E-01 
6.970E+02   1.553E+02  2.763E-01 
7.061E+02   1.552E+02  2.737E-01 
7.152E+02   1.550E+02  2.710E-01 
7.245E+02   1.549E+02  2.684E-01 
7.339E+02   1.547E+02  2.658E-01 
7.435E+02   1.545E+02  2.633E-01 
7.531E+02   1.543E+02  2.607E-01 
7.629E+02   1.541E+02  2.582E-01 
7.728E+02   1.539E+02  2.557E-01 
7.829E+02   1.537E+02  2.532E-01 
7.931E+02   1.534E+02  2.508E-01 
8.034E+02   1.532E+02  2.483E-01 
8.138E+02   1.529E+02  2.459E-01 
8.244E+02   1.527E+02  2.435E-01 
8.351E+02   1.524E+02  2.412E-01 
8.460E+02   1.521E+02  2.388E-01 
8.570E+02   1.518E+02  2.365E-01 
8.681E+02   1.515E+02  2.342E-01 
8.794E+02   1.512E+02  2.319E-01 
8.908E+02   1.509E+02  2.296E-01 
9.024E+02   1.505E+02  2.274E-01 
9.141E+02   1.502E+02  2.251E-01 
9.260E+02   1.498E+02  2.229E-01 
9.380E+02   1.495E+02  2.207E-01 
9.502E+02   1.491E+02  2.186E-01 
9.626E+02   1.487E+02  2.164E-01 
9.751E+02   1.483E+02  2.143E-01 
9.877E+02   1.479E+02  2.122E-01 
1.001E+03   1.475E+02  2.101E-01 
1.014E+03   1.471E+02  2.080E-01 
1.027E+03   1.467E+02  2.059E-01 
1.040E+03   1.463E+02  2.039E-01 
1.054E+03   1.458E+02  2.019E-01 
1.067E+03   1.454E+02  1.999E-01 
1.081E+03   1.449E+02  1.979E-01 
1.095E+03   1.445E+02  1.959E-01 
1.109E+03   1.440E+02  1.940E-01 
1.124E+03   1.435E+02  1.921E-01 
1.138E+03   1.430E+02  1.901E-01 
1.153E+03   1.426E+02  1.883E-01 
1.168E+03   1.421E+02  1.864E-01 
1.183E+03   1.416E+02  1.845E-01 
1.199E+03   1.411E+02  1.827E-01 
1.214E+03   1.405E+02  1.808E-01 
1.230E+03   1.400E+02  1.790E-01 
1.246E+03   1.395E+02  1.772E-01 
1.262E+03   1.390E+02  1.755E-01 
1.279E+03   1.384E+02  1.737E-01 
1.295E+03   1.379E+02  1.720E-01 
1.312E+03   1.373E+02  1.702E-01 
1.329E+03   1.368E+02  1.685E-01 
1.347E+03   1.362E+02  1.668E-01 
1.364E+03   1.357E+02  1.652E-01 
1.382E+03   1.351E+02  1.635E-01 
1.400E+03   1.345E+02  1.618E-01 
1.418E+03   1.339E+02  1.602E-01 
1.436E+03   1.334E+02  1.586E-01 
1.455E+03   1.328E+02  1.570E-01 
1.474E+03   1.322E+02  1.554E-01 
1.493E+03   1.316E+02  1.538E-01 
1.513E+03   1.310E+02  1.523E-01 
1.532E+03   1.304E+02  1.507E-01 
1.552E+03   1.298E+02  1.492E-01 
1.572E+03   1.292E+02  1.477E-01 
1.593E+03   1.285E+02  1.462E-01 
1.613E+03   1.279E+02  1.447E-01 
1.634E+03   1.273E+02  1.432E-01 
1.656E+03   1.267E+02  1.418E-01 
1.677E+03   1.261E+02  1.403E-01 
1.699E+03   1.254E+02  1.389E-01 
1.721E+03   1.248E+02  1.375E-01 
1.743E+03   1.242E+02  1.361E-01 
1.766E+03   1.235E+02  1.347E-01 
1.789E+03   1.229E+02  1.333E-01 
1.812E+03   1.223E+02  1.319E-01 
1.836E+03   1.216E+02  1.306E-01 
1.860E+03   1.210E+02  1.293E-01 
1.884E+03   1.203E+02  1.279E-01 
1.908E+03   1.197E+02  1.266E-01 
1.933E+03   1.190E+02  1.253E-01 
1.958E+03   1.184E+02  1.240E-01 
1.984E+03   1.177E+02  1.228E-01 
2.009E+03   1.171E+02  1.215E-01 
2.036E+03   1.164E+02  1.203E-01 
2.062E+03   1.158E+02  1.190E-01 
2.089E+03   1.151E+02  1.178E-01 
2.116E+03   1.145E+02  1.166E-01 
2.143E+03   1.138E+02  1.154E-01 
2.171E+03   1.132E+02  1.142E-01 
2.200E+03   1.125E+02  1.130E-01 
2.228E+03   1.119E+02  1.118E-01 
2.257E+03   1.112E+02  1.107E-01 
2.286E+03   1.105E+02  1.095E-01 
2.316E+03   1.099E+02  1.084E-01 
2.346E+03   1.092E+02  1.073E-01 
2.377E+03   1.086E+02  1.062E-01 
2.408E+03   1.079E+02  1.051E-01 
2.439E+03   1.073E+02  1.040E-01 
2.471E+03   1.066E+02  1.029E-01 
2.503E+03   1.060E+02  1.018E-01 
2.535E+03   1.053E+02  1.008E-01 
2.568E+03   1.047E+02  9.972E-02 
2.602E+03   1.040E+02  9.868E-02 
2.635E+03   1.034E+02  9.766E-02 
2.670E+03   1.027E+02  9.664E-02 
2.704E+03   1.021E+02  9.563E-02 
2.740E+03   1.014E+02  9.463E-02 
2.775E+03   1.008E+02  9.365E-02 
2.811E+03   1.001E+02  9.267E-02 
2.848E+03   9.949E+01  9.170E-02 
2.885E+03   9.884E+01  9.074E-02 
2.922E+03   9.820E+01  8.979E-02 
2.960E+03   9.757E+01  8.885E-02 
2.999E+03   9.693E+01  8.792E-02 
3.038E+03   9.629E+01  8.700E-02 
3.077E+03   9.566E+01  8.609E-02 
3.117E+03   9.503E+01  8.519E-02 
3.158E+03   9.440E+01  8.429E-02 
3.199E+03   9.377E+01  8.341E-02 
3.240E+03   9.314E+01  8.253E-02 
3.282E+03   9.252E+01  8.167E-02 
3.325E+03   9.190E+01  8.081E-02 
3.368E+03   9.128E+01  7.996E-02 
3.412E+03   9.066E+01  7.912E-02 
3.456E+03   9.004E+01  7.828E-02 
3.501E+03   8.943E+01  7.746E-02 
3.547E+03   8.882E+01  7.664E-02 
3.593E+03   8.821E+01  7.583E-02 
3.640E+03   8.760E+01  7.503E-02 
3.687E+03   8.700E+01  7.424E-02 
3.735E+03   8.640E+01  7.346E-02 
3.783E+03   8.580E+01  7.268E-02 
3.832E+03   8.520E+01  7.191E-02 
3.882E+03   8.461E+01  7.115E-02 
3.933E+03   8.402E+01  7.040E-02 
3.984E+03   8.343E+01  6.965E-02 
4.036E+03   8.284E+01  6.892E-02 
4.088E+03   8.225E+01  6.819E-02 
4.141E+03   8.167E+01  6.746E-02 
4.195E+03   8.109E+01  6.675E-02 
4.250E+03   8.052E+01  6.604E-02 
4.305E+03   7.994E+01  6.534E-02 
4.361E+03   7.937E+01  6.464E-02 
4.417E+03   7.880E+01  6.396E-02 
4.475E+03   7.824E+01  6.328E-02 
4.533E+03   7.768E+01  6.260E-02 
4.592E+03   7.712E+01  6.194E-02 
4.652E+03   7.656E+01  6.128E-02 
4.712E+03   7.601E+01  6.062E-02 
4.773E+03   7.545E+01  5.998E-02 
4.835E+03   7.491E+01  5.934E-02 
4.898E+03   7.436E+01  5.871E-02 
4.962E+03   7.382E+01  5.808E-02 
5.026E+03   7.328E+01  5.746E-02 
5.092E+03   7.274E+01  5.685E-02 
5.158E+03   7.221E+01  5.624E-02 
5.225E+03   7.168E+01  5.564E-02 
5.293E+03   7.115E+01  5.504E-02 
5.362E+03   7.062E+01  5.445E-02 
5.431E+03   7.010E+01  5.387E-02 
5.502E+03   6.958E+01  5.329E-02 
5.573E+03   6.907E+01  5.272E-02 
5.646E+03   6.855E+01  5.216E-02 
5.719E+03   6.804E+01  5.160E-02 
5.793E+03   6.754E+01  5.105E-02 
5.869E+03   6.703E+01  5.050E-02 
5.945E+03   6.653E+01  4.996E-02 
6.022E+03   6.603E+01  4.942E-02 
6.101E+03   6.554E+01  4.889E-02 
6.180E+03   6.504E+01  4.836E-02 
6.260E+03   6.456E+01  4.784E-02 
6.341E+03   6.407E+01  4.733E-02 
6.424E+03   6.359E+01  4.682E-02 
6.507E+03   6.311E+01  4.631E-02 
6.592E+03   6.263E+01  4.582E-02 
6.678E+03   6.215E+01  4.532E-02 
6.764E+03   6.168E+01  4.483E-02 
6.852E+03   6.121E+01  4.435E-02 
6.941E+03   6.075E+01  4.387E-02 
7.032E+03   6.029E+01  4.340E-02 
7.123E+03   5.983E+01  4.293E-02 
7.216E+03   5.937E+01  4.247E-02 
7.309E+03   5.892E+01  4.201E-02 
7.404E+03   5.847E+01  4.155E-02 
7.501E+03   5.802E+01  4.110E-02 
7.598E+03   5.757E+01  4.066E-02 
7.697E+03   5.713E+01  4.022E-02 
7.797E+03   5.669E+01  3.978E-02 
7.898E+03   5.626E+01  3.935E-02 
8.001E+03   5.582E+01  3.893E-02 
8.105E+03   5.548E+01  3.851E-02 
8.210E+03   5.514E+01  3.809E-02 
8.317E+03   5.479E+01  3.768E-02 
8.425E+03   5.443E+01  3.727E-02 
8.534E+03   5.408E+01  3.686E-02 
8.645E+03   5.371E+01  3.646E-02 
8.758E+03   5.335E+01  3.607E-02 
8.871E+03   5.297E+01  3.567E-02 
8.987E+03   5.260E+01  3.529E-02 
9.104E+03   5.221E+01  3.490E-02 
9.222E+03   5.183E+01  3.452E-02 
9.342E+03   5.143E+01  3.415E-02 
9.463E+03   5.104E+01  3.378E-02 
9.586E+03   5.064E+01  3.341E-02 
9.711E+03   5.025E+01  3.304E-02 
9.837E+03   4.986E+01  3.268E-02 
9.965E+03   4.948E+01  3.233E-02 
1.009E+04   4.910E+01  3.198E-02 
1.023E+04   4.872E+01  3.163E-02 
1.036E+04   4.834E+01  3.128E-02 
1.049E+04   4.797E+01  3.094E-02 
1.063E+04   4.760E+01  3.060E-02 
1.077E+04   4.723E+01  3.027E-02 
1.091E+04   4.686E+01  2.994E-02 
1.105E+04   4.650E+01  2.961E-02 
1.119E+04   4.613E+01  2.929E-02 
1.134E+04   4.577E+01  2.897E-02 
1.149E+04   4.541E+01  2.865E-02 
1.163E+04   4.506E+01  2.834E-02 
1.179E+04   4.470E+01  2.803E-02 
1.194E+04   4.435E+01  2.772E-02 
1.209E+04   4.400E+01  2.742E-02 
1.225E+04   4.365E+01  2.712E-02 
1.241E+04   4.331E+01  2.682E-02 
1.257E+04   4.297E+01  2.652E-02 
1.274E+04   4.262E+01  2.623E-02 
1.290E+04   4.229E+01  2.595E-02 
1.307E+04   4.195E+01  2.566E-02 
1.324E+04   4.161E+01  2.538E-02 
1.341E+04   4.128E+01  2.510E-02 
1.358E+04   4.095E+01  2.482E-02 
1.376E+04   4.062E+01  2.455E-02 
1.394E+04   4.030E+01  2.428E-02 
1.412E+04   3.997E+01  2.401E-02 
1.431E+04   3.965E+01  2.375E-02 
1.449E+04   3.933E+01  2.349E-02 
1.468E+04   3.901E+01  2.323E-02 
1.487E+04   3.870E+01  2.297E-02 
1.506E+04   3.838E+01  2.272E-02 
1.526E+04   3.807E+01  2.247E-02 
1.546E+04   3.776E+01  2.222E-02 
1.566E+04   3.745E+01  2.198E-02 
1.586E+04   3.715E+01  2.174E-02 
1.607E+04   3.684E+01  2.150E-02 
1.628E+04   3.654E+01  2.126E-02 
1.649E+04   3.624E+01  2.103E-02 
1.670E+04   3.594E+01  2.079E-02 
1.692E+04   3.565E+01  2.056E-02 
1.714E+04   3.535E+01  2.034E-02 
1.736E+04   3.506E+01  2.011E-02 
1.759E+04   3.477E+01  1.989E-02 
1.782E+04   3.449E+01  1.967E-02 
1.805E+04   3.420E+01  1.945E-02 
1.828E+04   3.392E+01  1.924E-02 
1.852E+04   3.363E+01  1.902E-02 
1.876E+04   3.335E+01  1.881E-02 
1.900E+04   3.308E+01  1.861E-02 
1.925E+04   3.280E+01  1.840E-02 
1.950E+04   3.253E+01  1.820E-02 
1.976E+04   3.225E+01  1.799E-02 
2.001E+04   3.198E+01  1.779E-02 
2.027E+04   3.171E+01  1.760E-02 
2.054E+04   3.145E+01  1.740E-02 
2.080E+04   3.118E+01  1.721E-02 
2.107E+04   3.092E+01  1.702E-02 
2.135E+04   3.066E+01  1.683E-02 
2.162E+04   3.040E+01  1.664E-02 
2.191E+04   3.014E+01  1.646E-02 
2.219E+04   2.989E+01  1.627E-02 
2.248E+04   2.963E+01  1.609E-02 
2.277E+04   2.938E+01  1.591E-02 
2.307E+04   2.913E+01  1.574E-02 
2.337E+04   2.888E+01  1.556E-02 
2.367E+04   2.864E+01  1.539E-02 
2.398E+04   2.839E+01  1.522E-02 
2.429E+04   2.815E+01  1.505E-02 
2.461E+04   2.791E+01  1.488E-02 
2.492E+04   2.767E+01  1.472E-02 
2.525E+04   2.743E+01  1.455E-02 
2.558E+04   2.719E+01  1.439E-02 
2.591E+04   2.696E+01  1.423E-02 
2.625E+04   2.673E+01  1.407E-02 
2.659E+04   2.650E+01  1.391E-02 
2.693E+04   2.627E+01  1.376E-02 
2.728E+04   2.604E+01  1.361E-02 
2.764E+04   2.581E+01  1.345E-02 
2.800E+04   2.559E+01  1.330E-02 
2.836E+04   2.537E+01  1.316E-02 
2.873E+04   2.515E+01  1.301E-02 
2.910E+04   2.493E+01  1.286E-02 
2.948E+04   2.471E+01  1.272E-02 
2.986E+04   2.449E+01  1.258E-02 
3.025E+04   2.428E+01  1.244E-02 
3.065E+04   2.407E+01  1.230E-02 
3.104E+04   2.386E+01  1.216E-02 
3.145E+04   2.365E+01  1.202E-02 
3.186E+04   2.344E+01  1.189E-02 
3.227E+04   2.323E+01  1.176E-02 
3.269E+04   2.303E+01  1.162E-02 
3.311E+04   2.283E+01  1.149E-02 
3.354E+04   2.262E+01  1.137E-02 
3.398E+04   2.242E+01  1.124E-02 
3.442E+04   2.223E+01  1.111E-02 
3.487E+04   2.203E+01  1.099E-02 
3.532E+04   2.183E+01  1.087E-02 
3.578E+04   2.164E+01  1.074E-02 
3.625E+04   2.145E+01  1.062E-02 
3.672E+04   2.126E+01  1.050E-02 
3.719E+04   2.107E+01  1.039E-02 
3.768E+04   2.088E+01  1.027E-02 
3.817E+04   2.069E+01  1.015E-02 
3.866E+04   2.051E+01  1.004E-02 
3.917E+04   2.032E+01  9.927E-03 
3.968E+04   2.014E+01  9.816E-03 
4.019E+04   1.996E+01  9.705E-03 
4.071E+04   1.978E+01  9.596E-03 
4.124E+04   1.960E+01  9.488E-03 
4.178E+04   1.943E+01  9.382E-03 
4.232E+04   1.925E+01  9.276E-03 
4.287E+04   1.908E+01  9.172E-03 
4.343E+04   1.891E+01  9.069E-03 
4.399E+04   1.874E+01  8.967E-03 
4.456E+04   1.857E+01  8.866E-03 
4.514E+04   1.840E+01  8.766E-03 
4.573E+04   1.823E+01  8.667E-03 
4.632E+04   1.807E+01  8.570E-03 
4.693E+04   1.790E+01  8.473E-03 
4.754E+04   1.774E+01  8.378E-03 
4.815E+04   1.758E+01  8.283E-03 
4.878E+04   1.742E+01  8.190E-03 
4.941E+04   1.726E+01  8.097E-03 
5.006E+04   1.710E+01  8.006E-03 
5.071E+04   1.695E+01  7.916E-03 
5.137E+04   1.679E+01  7.826E-03 
5.203E+04   1.664E+01  7.738E-03 
5.271E+04   1.649E+01  7.651E-03 
5.340E+04   1.634E+01  7.564E-03 
5.409E+04   1.619E+01  7.479E-03 
5.479E+04   1.604E+01  7.395E-03 
5.550E+04   1.589E+01  7.311E-03 
5.623E+04   1.574E+01  7.228E-03 
5.696E+04   1.560E+01  7.147E-03 
5.770E+04   1.546E+01  7.066E-03 
5.845E+04   1.531E+01  6.986E-03 
5.921E+04   1.517E+01  6.907E-03 
5.998E+04   1.503E+01  6.829E-03 
6.075E+04   1.489E+01  6.752E-03 
6.154E+04   1.475E+01  6.675E-03 
6.234E+04   1.462E+01  6.600E-03 
6.315E+04   1.448E+01  6.525E-03 
6.398E+04   1.435E+01  6.451E-03 
6.481E+04   1.422E+01  6.378E-03 
6.565E+04   1.408E+01  6.306E-03 
6.650E+04   1.395E+01  6.234E-03 
6.737E+04   1.382E+01  6.164E-03 
6.824E+04   1.369E+01  6.094E-03 
6.913E+04   1.357E+01  6.025E-03 
7.003E+04   1.344E+01  5.956E-03 
7.094E+04   1.332E+01  5.889E-03 
7.186E+04   1.319E+01  5.822E-03 
7.279E+04   1.307E+01  5.756E-03 
7.374E+04   1.295E+01  5.691E-03 
7.470E+04   1.283E+01  5.626E-03 
7.567E+04   1.271E+01  5.562E-03 
7.665E+04   1.259E+01  5.499E-03 
7.765E+04   1.247E+01  5.437E-03 
7.866E+04   1.235E+01  5.375E-03 
7.968E+04   1.224E+01  5.314E-03 
8.072E+04   1.212E+01  5.253E-03 
8.176E+04   1.201E+01  5.194E-03 
8.283E+04   1.190E+01  5.135E-03 
8.390E+04   1.178E+01  5.076E-03 
8.499E+04   1.167E+01  5.019E-03 
8.610E+04   1.156E+01  4.961E-03 
8.722E+04   1.145E+01  4.905E-03 
8.835E+04   1.135E+01  4.849E-03 
8.950E+04   1.124E+01  4.794E-03 
9.066E+04   1.113E+01  4.739E-03 
9.184E+04   1.103E+01  4.685E-03 
9.303E+04   1.092E+01  4.632E-03 
9.424E+04   1.082E+01  4.579E-03 
9.547E+04   1.072E+01  4.527E-03 
9.671E+04   1.062E+01  4.476E-03 
9.797E+04   1.052E+01  4.425E-03 
9.924E+04   1.042E+01  4.374E-03 
1.005E+05   1.032E+01  4.324E-03 
1.018E+05   1.022E+01  4.275E-03 
1.032E+05   1.013E+01  4.226E-03 
1.045E+05   1.003E+01  4.178E-03 
1.059E+05   9.935E+00  4.130E-03 
1.072E+05   9.841E+00  4.083E-03 
1.086E+05   9.747E+00  4.037E-03 
1.100E+05   9.655E+00  3.991E-03 
1.115E+05   9.563E+00  3.945E-03 
1.129E+05   9.473E+00  3.900E-03 
1.144E+05   9.383E+00  3.855E-03 
1.159E+05   9.294E+00  3.811E-03 
1.174E+05   9.206E+00  3.768E-03 
1.189E+05   9.118E+00  3.725E-03 
1.204E+05   9.032E+00  3.682E-03 
1.220E+05   8.946E+00  3.640E-03 
1.236E+05   8.861E+00  3.599E-03 
1.252E+05   8.777E+00  3.557E-03 
1.268E+05   8.693E+00  3.517E-03 
1.285E+05   8.611E+00  3.477E-03 
1.302E+05   8.529E+00  3.437E-03 
1.318E+05   8.448E+00  3.397E-03 
1.336E+05   8.367E+00  3.359E-03 
1.353E+05   8.288E+00  3.320E-03 
1.371E+05   8.209E+00  3.282E-03 
1.388E+05   8.131E+00  3.245E-03 
1.406E+05   8.053E+00  3.207E-03 
1.425E+05   7.977E+00  3.171E-03 
1.443E+05   7.901E+00  3.134E-03 
1.462E+05   7.826E+00  3.098E-03 
1.481E+05   7.751E+00  3.063E-03 
1.500E+05   7.678E+00  3.028E-03 
1.520E+05   7.604E+00  2.993E-03 
1.539E+05   7.532E+00  2.959E-03 
1.559E+05   7.460E+00  2.925E-03 
1.580E+05   7.389E+00  2.891E-03 
1.600E+05   7.319E+00  2.858E-03 
1.621E+05   7.250E+00  2.825E-03 
1.642E+05   7.181E+00  2.793E-03 
1.663E+05   7.112E+00  2.761E-03 
1.685E+05   7.045E+00  2.729E-03 
1.707E+05   6.978E+00  2.698E-03 
1.729E+05   6.911E+00  2.667E-03 
1.752E+05   6.846E+00  2.636E-03 
1.774E+05   6.781E+00  2.606E-03 
1.797E+05   6.716E+00  2.576E-03 
1.821E+05   6.652E+00  2.546E-03 
1.844E+05   6.589E+00  2.517E-03 
1.868E+05   6.527E+00  2.488E-03 
1.893E+05   6.465E+00  2.460E-03 
1.917E+05   6.403E+00  2.431E-03 
1.942E+05   6.343E+00  2.403E-03 
1.967E+05   6.282E+00  2.376E-03 
1.993E+05   6.223E+00  2.348E-03 
2.019E+05   6.164E+00  2.321E-03 
2.045E+05   6.106E+00  2.295E-03 
2.072E+05   6.048E+00  2.268E-03 
2.099E+05   5.991E+00  2.242E-03 
2.126E+05   5.934E+00  2.216E-03 
2.154E+05   5.878E+00  2.191E-03 
2.182E+05   5.822E+00  2.166E-03 
2.210E+05   5.767E+00  2.141E-03 
2.239E+05   5.713E+00  2.116E-03 
2.268E+05   5.659E+00  2.092E-03 
2.297E+05   5.605E+00  2.068E-03 
2.327E+05   5.553E+00  2.044E-03 
2.357E+05   5.500E+00  2.020E-03 
2.388E+05   5.448E+00  1.997E-03 
2.419E+05   5.397E+00  1.974E-03 
2.450E+05   5.346E+00  1.951E-03 
2.482E+05   5.296E+00  1.929E-03 
2.515E+05   5.246E+00  1.906E-03 
2.547E+05   5.197E+00  1.884E-03 
2.580E+05   5.148E+00  1.863E-03 
2.614E+05   5.100E+00  1.841E-03 
2.648E+05   5.052E+00  1.820E-03 
2.682E+05   5.005E+00  1.799E-03 
2.717E+05   4.958E+00  1.778E-03 
2.752E+05   4.912E+00  1.758E-03 
2.788E+05   4.866E+00  1.737E-03 
2.824E+05   4.821E+00  1.717E-03 
2.861E+05   4.776E+00  1.697E-03 
2.898E+05   4.731E+00  1.678E-03 
2.936E+05   4.687E+00  1.658E-03 
2.974E+05   4.644E+00  1.639E-03 
3.013E+05   4.601E+00  1.620E-03 
3.052E+05   4.558E+00  1.602E-03 
3.092E+05   4.516E+00  1.583E-03 
3.132E+05   4.474E+00  1.565E-03 
3.172E+05   4.433E+00  1.547E-03 
3.214E+05   4.392E+00  1.529E-03 
3.255E+05   4.351E+00  1.511E-03 
3.298E+05   4.311E+00  1.494E-03 
3.341E+05   4.272E+00  1.476E-03 
3.384E+05   4.232E+00  1.459E-03 
3.428E+05   4.193E+00  1.442E-03 
3.473E+05   4.155E+00  1.426E-03 
3.518E+05   4.117E+00  1.409E-03 
3.563E+05   4.079E+00  1.393E-03 
3.610E+05   4.042E+00  1.377E-03 
3.657E+05   4.005E+00  1.361E-03 
3.704E+05   3.969E+00  1.345E-03 
3.752E+05   3.933E+00  1.329E-03 
3.801E+05   3.897E+00  1.314E-03 
3.851E+05   3.862E+00  1.299E-03 
3.901E+05   3.827E+00  1.284E-03 
3.951E+05   3.792E+00  1.269E-03 
4.003E+05   3.758E+00  1.254E-03 
