Ion = Helium      . Mass = 4.0026
Tgt = Ga (Solid). Density = 5.904 g/cm3
Stopping Units =  eV/(1E15 atoms/cm2)
Energy(keV)  S(Elec)    S(Nuc)
1.000E+00   3.228E+00  2.906E+00 
1.013E+00   3.249E+00  2.911E+00 
1.026E+00   3.270E+00  2.916E+00 
1.039E+00   3.291E+00  2.920E+00 
1.053E+00   3.312E+00  2.925E+00 
1.067E+00   3.334E+00  2.929E+00 
1.081E+00   3.355E+00  2.933E+00 
1.095E+00   3.377E+00  2.938E+00 
1.109E+00   3.399E+00  2.942E+00 
1.123E+00   3.421E+00  2.946E+00 
1.138E+00   3.443E+00  2.950E+00 
1.153E+00   3.465E+00  2.954E+00 
1.168E+00   3.488E+00  2.958E+00 
1.183E+00   3.510E+00  2.962E+00 
1.198E+00   3.533E+00  2.966E+00 
1.214E+00   3.556E+00  2.970E+00 
1.229E+00   3.579E+00  2.974E+00 
1.245E+00   3.602E+00  2.978E+00 
1.262E+00   3.625E+00  2.981E+00 
1.278E+00   3.649E+00  2.985E+00 
1.295E+00   3.673E+00  2.988E+00 
1.311E+00   3.696E+00  2.991E+00 
1.329E+00   3.720E+00  2.995E+00 
1.346E+00   3.744E+00  2.998E+00 
1.363E+00   3.769E+00  3.001E+00 
1.381E+00   3.793E+00  3.004E+00 
1.399E+00   3.818E+00  3.007E+00 
1.417E+00   3.842E+00  3.010E+00 
1.436E+00   3.867E+00  3.013E+00 
1.454E+00   3.892E+00  3.016E+00 
1.473E+00   3.917E+00  3.019E+00 
1.492E+00   3.943E+00  3.021E+00 
1.512E+00   3.968E+00  3.024E+00 
1.531E+00   3.994E+00  3.027E+00 
1.551E+00   4.020E+00  3.029E+00 
1.571E+00   4.046E+00  3.031E+00 
1.592E+00   4.072E+00  3.034E+00 
1.612E+00   4.099E+00  3.036E+00 
1.633E+00   4.125E+00  3.038E+00 
1.655E+00   4.152E+00  3.040E+00 
1.676E+00   4.179E+00  3.042E+00 
1.698E+00   4.206E+00  3.044E+00 
1.720E+00   4.233E+00  3.046E+00 
1.742E+00   4.260E+00  3.047E+00 
1.765E+00   4.288E+00  3.049E+00 
1.788E+00   4.316E+00  3.050E+00 
1.811E+00   4.344E+00  3.052E+00 
1.835E+00   4.372E+00  3.053E+00 
1.859E+00   4.400E+00  3.055E+00 
1.883E+00   4.429E+00  3.056E+00 
1.907E+00   4.457E+00  3.057E+00 
1.932E+00   4.486E+00  3.058E+00 
1.957E+00   4.515E+00  3.059E+00 
1.983E+00   4.545E+00  3.060E+00 
2.008E+00   4.574E+00  3.061E+00 
2.034E+00   4.604E+00  3.061E+00 
2.061E+00   4.633E+00  3.062E+00 
2.088E+00   4.664E+00  3.063E+00 
2.115E+00   4.694E+00  3.063E+00 
2.142E+00   4.724E+00  3.063E+00 
2.170E+00   4.755E+00  3.064E+00 
2.198E+00   4.786E+00  3.064E+00 
2.227E+00   4.817E+00  3.064E+00 
2.256E+00   4.848E+00  3.064E+00 
2.285E+00   4.879E+00  3.064E+00 
2.315E+00   4.911E+00  3.064E+00 
2.345E+00   4.943E+00  3.064E+00 
2.375E+00   4.975E+00  3.063E+00 
2.406E+00   5.007E+00  3.063E+00 
2.438E+00   5.039E+00  3.062E+00 
2.469E+00   5.072E+00  3.062E+00 
2.501E+00   5.105E+00  3.061E+00 
2.534E+00   5.138E+00  3.060E+00 
2.567E+00   5.171E+00  3.059E+00 
2.600E+00   5.205E+00  3.058E+00 
2.634E+00   5.238E+00  3.057E+00 
2.668E+00   5.272E+00  3.056E+00 
2.703E+00   5.306E+00  3.055E+00 
2.738E+00   5.341E+00  3.054E+00 
2.773E+00   5.375E+00  3.052E+00 
2.810E+00   5.410E+00  3.051E+00 
2.846E+00   5.445E+00  3.049E+00 
2.883E+00   5.480E+00  3.047E+00 
2.921E+00   5.516E+00  3.045E+00 
2.958E+00   5.552E+00  3.044E+00 
2.997E+00   5.588E+00  3.042E+00 
3.036E+00   5.624E+00  3.039E+00 
3.075E+00   5.660E+00  3.037E+00 
3.115E+00   5.697E+00  3.035E+00 
3.156E+00   5.734E+00  3.033E+00 
3.197E+00   5.771E+00  3.030E+00 
3.238E+00   5.808E+00  3.028E+00 
3.280E+00   5.846E+00  3.025E+00 
3.323E+00   5.884E+00  3.022E+00 
3.366E+00   5.922E+00  3.020E+00 
3.410E+00   5.960E+00  3.017E+00 
3.454E+00   5.999E+00  3.014E+00 
3.499E+00   6.038E+00  3.010E+00 
3.545E+00   6.077E+00  3.007E+00 
3.591E+00   6.116E+00  3.004E+00 
3.637E+00   6.156E+00  3.001E+00 
3.685E+00   6.196E+00  2.997E+00 
3.733E+00   6.236E+00  2.994E+00 
3.781E+00   6.276E+00  2.990E+00 
3.830E+00   6.317E+00  2.986E+00 
3.880E+00   6.358E+00  2.982E+00 
3.930E+00   6.399E+00  2.978E+00 
3.982E+00   6.440E+00  2.974E+00 
4.033E+00   6.482E+00  2.970E+00 
4.086E+00   6.524E+00  2.966E+00 
4.139E+00   6.566E+00  2.962E+00 
4.193E+00   6.609E+00  2.957E+00 
4.247E+00   6.652E+00  2.953E+00 
4.302E+00   6.695E+00  2.948E+00 
4.358E+00   6.738E+00  2.944E+00 
4.415E+00   6.782E+00  2.939E+00 
4.472E+00   6.826E+00  2.934E+00 
4.530E+00   6.870E+00  2.929E+00 
4.589E+00   6.914E+00  2.924E+00 
4.649E+00   6.959E+00  2.919E+00 
4.709E+00   7.004E+00  2.914E+00 
4.770E+00   7.050E+00  2.909E+00 
4.832E+00   7.095E+00  2.903E+00 
4.895E+00   7.141E+00  2.898E+00 
4.959E+00   7.188E+00  2.892E+00 
5.023E+00   7.234E+00  2.887E+00 
5.089E+00   7.281E+00  2.881E+00 
5.155E+00   7.328E+00  2.875E+00 
5.222E+00   7.376E+00  2.869E+00 
5.290E+00   7.423E+00  2.863E+00 
5.358E+00   7.471E+00  2.857E+00 
5.428E+00   7.520E+00  2.851E+00 
5.499E+00   7.569E+00  2.845E+00 
5.570E+00   7.618E+00  2.838E+00 
5.642E+00   7.667E+00  2.832E+00 
5.716E+00   7.717E+00  2.826E+00 
5.790E+00   7.767E+00  2.819E+00 
5.865E+00   7.817E+00  2.812E+00 
5.942E+00   7.867E+00  2.806E+00 
6.019E+00   7.918E+00  2.799E+00 
6.097E+00   7.970E+00  2.792E+00 
6.176E+00   8.021E+00  2.785E+00 
6.256E+00   8.073E+00  2.778E+00 
6.338E+00   8.126E+00  2.771E+00 
6.420E+00   8.178E+00  2.764E+00 
6.504E+00   8.231E+00  2.756E+00 
6.588E+00   8.285E+00  2.749E+00 
6.674E+00   8.338E+00  2.742E+00 
6.760E+00   8.392E+00  2.734E+00 
6.848E+00   8.447E+00  2.727E+00 
6.937E+00   8.501E+00  2.719E+00 
7.027E+00   8.556E+00  2.711E+00 
7.119E+00   8.612E+00  2.704E+00 
7.211E+00   8.668E+00  2.696E+00 
7.305E+00   8.724E+00  2.688E+00 
7.400E+00   8.780E+00  2.680E+00 
7.496E+00   8.837E+00  2.672E+00 
7.594E+00   8.894E+00  2.664E+00 
7.692E+00   8.952E+00  2.655E+00 
7.792E+00   9.010E+00  2.647E+00 
7.894E+00   9.068E+00  2.639E+00 
7.996E+00   9.127E+00  2.631E+00 
8.100E+00   9.193E+00  2.622E+00 
8.205E+00   9.261E+00  2.614E+00 
8.312E+00   9.329E+00  2.605E+00 
8.420E+00   9.398E+00  2.596E+00 
8.529E+00   9.467E+00  2.588E+00 
8.640E+00   9.536E+00  2.579E+00 
8.753E+00   9.607E+00  2.570E+00 
8.866E+00   9.677E+00  2.561E+00 
8.982E+00   9.748E+00  2.552E+00 
9.098E+00   9.820E+00  2.543E+00 
9.217E+00   9.892E+00  2.534E+00 
9.336E+00   9.965E+00  2.525E+00 
9.458E+00   1.004E+01  2.516E+00 
9.581E+00   1.011E+01  2.507E+00 
9.705E+00   1.019E+01  2.498E+00 
9.831E+00   1.026E+01  2.489E+00 
9.959E+00   1.034E+01  2.479E+00 
1.009E+01   1.041E+01  2.470E+00 
1.022E+01   1.049E+01  2.460E+00 
1.035E+01   1.057E+01  2.451E+00 
1.049E+01   1.064E+01  2.441E+00 
1.062E+01   1.072E+01  2.432E+00 
1.076E+01   1.080E+01  2.422E+00 
1.090E+01   1.088E+01  2.413E+00 
1.104E+01   1.096E+01  2.403E+00 
1.119E+01   1.104E+01  2.393E+00 
1.133E+01   1.112E+01  2.383E+00 
1.148E+01   1.121E+01  2.374E+00 
1.163E+01   1.129E+01  2.364E+00 
1.178E+01   1.137E+01  2.354E+00 
1.193E+01   1.145E+01  2.344E+00 
1.209E+01   1.154E+01  2.334E+00 
1.224E+01   1.162E+01  2.324E+00 
1.240E+01   1.171E+01  2.314E+00 
1.256E+01   1.180E+01  2.304E+00 
1.273E+01   1.188E+01  2.294E+00 
1.289E+01   1.197E+01  2.284E+00 
1.306E+01   1.206E+01  2.273E+00 
1.323E+01   1.215E+01  2.263E+00 
1.340E+01   1.224E+01  2.253E+00 
1.358E+01   1.233E+01  2.243E+00 
1.375E+01   1.242E+01  2.232E+00 
1.393E+01   1.251E+01  2.222E+00 
1.411E+01   1.260E+01  2.212E+00 
1.430E+01   1.269E+01  2.202E+00 
1.448E+01   1.279E+01  2.191E+00 
1.467E+01   1.288E+01  2.181E+00 
1.486E+01   1.298E+01  2.170E+00 
1.505E+01   1.307E+01  2.160E+00 
1.525E+01   1.317E+01  2.150E+00 
1.545E+01   1.326E+01  2.139E+00 
1.565E+01   1.336E+01  2.129E+00 
1.585E+01   1.346E+01  2.118E+00 
1.606E+01   1.356E+01  2.108E+00 
1.627E+01   1.366E+01  2.097E+00 
1.648E+01   1.376E+01  2.087E+00 
1.669E+01   1.386E+01  2.076E+00 
1.691E+01   1.396E+01  2.065E+00 
1.713E+01   1.407E+01  2.055E+00 
1.735E+01   1.417E+01  2.044E+00 
1.758E+01   1.427E+01  2.034E+00 
1.781E+01   1.438E+01  2.023E+00 
1.804E+01   1.448E+01  2.013E+00 
1.827E+01   1.459E+01  2.002E+00 
1.851E+01   1.470E+01  1.991E+00 
1.875E+01   1.481E+01  1.981E+00 
1.899E+01   1.491E+01  1.970E+00 
1.924E+01   1.502E+01  1.959E+00 
1.949E+01   1.513E+01  1.949E+00 
1.974E+01   1.525E+01  1.938E+00 
2.000E+01   1.536E+01  1.928E+00 
2.026E+01   1.547E+01  1.917E+00 
2.052E+01   1.558E+01  1.906E+00 
2.079E+01   1.570E+01  1.896E+00 
2.106E+01   1.581E+01  1.885E+00 
2.133E+01   1.593E+01  1.875E+00 
2.161E+01   1.605E+01  1.864E+00 
2.189E+01   1.616E+01  1.853E+00 
2.218E+01   1.628E+01  1.843E+00 
2.247E+01   1.640E+01  1.832E+00 
2.276E+01   1.652E+01  1.822E+00 
2.305E+01   1.664E+01  1.811E+00 
2.335E+01   1.677E+01  1.800E+00 
2.366E+01   1.689E+01  1.790E+00 
2.396E+01   1.701E+01  1.779E+00 
2.428E+01   1.714E+01  1.769E+00 
2.459E+01   1.726E+01  1.758E+00 
2.491E+01   1.739E+01  1.748E+00 
2.523E+01   1.752E+01  1.737E+00 
2.556E+01   1.765E+01  1.727E+00 
2.589E+01   1.778E+01  1.716E+00 
2.623E+01   1.791E+01  1.706E+00 
2.657E+01   1.804E+01  1.696E+00 
2.692E+01   1.817E+01  1.685E+00 
2.727E+01   1.830E+01  1.675E+00 
2.762E+01   1.844E+01  1.664E+00 
2.798E+01   1.857E+01  1.654E+00 
2.834E+01   1.871E+01  1.644E+00 
2.871E+01   1.884E+01  1.633E+00 
2.909E+01   1.898E+01  1.623E+00 
2.946E+01   1.912E+01  1.613E+00 
2.985E+01   1.926E+01  1.603E+00 
3.023E+01   1.940E+01  1.592E+00 
3.063E+01   1.954E+01  1.582E+00 
3.103E+01   1.969E+01  1.572E+00 
3.143E+01   1.983E+01  1.562E+00 
3.184E+01   1.997E+01  1.552E+00 
3.225E+01   2.012E+01  1.542E+00 
3.267E+01   2.027E+01  1.532E+00 
3.309E+01   2.042E+01  1.522E+00 
3.352E+01   2.056E+01  1.512E+00 
3.396E+01   2.071E+01  1.502E+00 
3.440E+01   2.087E+01  1.492E+00 
3.485E+01   2.102E+01  1.482E+00 
3.530E+01   2.117E+01  1.472E+00 
3.576E+01   2.132E+01  1.462E+00 
3.623E+01   2.148E+01  1.452E+00 
3.670E+01   2.164E+01  1.442E+00 
3.717E+01   2.179E+01  1.432E+00 
3.766E+01   2.195E+01  1.423E+00 
3.815E+01   2.211E+01  1.413E+00 
3.864E+01   2.227E+01  1.403E+00 
3.914E+01   2.243E+01  1.394E+00 
3.965E+01   2.260E+01  1.384E+00 
4.017E+01   2.276E+01  1.374E+00 
4.069E+01   2.293E+01  1.365E+00 
4.122E+01   2.309E+01  1.355E+00 
4.175E+01   2.326E+01  1.346E+00 
4.230E+01   2.343E+01  1.336E+00 
4.285E+01   2.360E+01  1.327E+00 
4.340E+01   2.377E+01  1.318E+00 
4.397E+01   2.394E+01  1.308E+00 
4.454E+01   2.411E+01  1.299E+00 
4.512E+01   2.429E+01  1.290E+00 
4.570E+01   2.446E+01  1.280E+00 
4.630E+01   2.464E+01  1.271E+00 
4.690E+01   2.482E+01  1.262E+00 
4.751E+01   2.500E+01  1.253E+00 
4.813E+01   2.518E+01  1.244E+00 
4.875E+01   2.536E+01  1.235E+00 
4.939E+01   2.554E+01  1.226E+00 
5.003E+01   2.573E+01  1.217E+00 
5.068E+01   2.591E+01  1.208E+00 
5.134E+01   2.610E+01  1.199E+00 
5.200E+01   2.628E+01  1.190E+00 
5.268E+01   2.647E+01  1.181E+00 
5.336E+01   2.666E+01  1.173E+00 
5.406E+01   2.685E+01  1.164E+00 
5.476E+01   2.705E+01  1.155E+00 
5.547E+01   2.724E+01  1.146E+00 
5.619E+01   2.743E+01  1.138E+00 
5.692E+01   2.763E+01  1.129E+00 
5.766E+01   2.783E+01  1.121E+00 
5.841E+01   2.803E+01  1.112E+00 
5.917E+01   2.823E+01  1.104E+00 
5.994E+01   2.843E+01  1.095E+00 
6.072E+01   2.863E+01  1.087E+00 
6.151E+01   2.883E+01  1.079E+00 
6.231E+01   2.904E+01  1.070E+00 
6.312E+01   2.925E+01  1.062E+00 
6.394E+01   2.945E+01  1.054E+00 
6.477E+01   2.966E+01  1.046E+00 
6.561E+01   2.987E+01  1.038E+00 
6.646E+01   3.008E+01  1.030E+00 
6.733E+01   3.030E+01  1.022E+00 
6.820E+01   3.051E+01  1.014E+00 
6.909E+01   3.073E+01  1.006E+00 
6.999E+01   3.094E+01  9.978E-01 
7.090E+01   3.116E+01  9.899E-01 
7.182E+01   3.138E+01  9.821E-01 
7.275E+01   3.160E+01  9.744E-01 
7.370E+01   3.182E+01  9.666E-01 
7.465E+01   3.205E+01  9.589E-01 
7.562E+01   3.227E+01  9.513E-01 
7.661E+01   3.250E+01  9.437E-01 
7.760E+01   3.272E+01  9.362E-01 
7.861E+01   3.295E+01  9.286E-01 
7.963E+01   3.318E+01  9.212E-01 
8.067E+01   3.341E+01  9.137E-01 
8.172E+01   3.365E+01  9.064E-01 
8.278E+01   3.388E+01  8.990E-01 
8.385E+01   3.411E+01  8.917E-01 
8.494E+01   3.435E+01  8.845E-01 
8.605E+01   3.459E+01  8.773E-01 
8.717E+01   3.483E+01  8.701E-01 
8.830E+01   3.507E+01  8.630E-01 
8.945E+01   3.531E+01  8.559E-01 
9.061E+01   3.555E+01  8.489E-01 
9.179E+01   3.580E+01  8.419E-01 
9.298E+01   3.604E+01  8.349E-01 
9.419E+01   3.629E+01  8.280E-01 
9.541E+01   3.654E+01  8.212E-01 
9.665E+01   3.679E+01  8.143E-01 
9.791E+01   3.704E+01  8.076E-01 
9.918E+01   3.729E+01  8.008E-01 
1.005E+02   3.755E+01  7.941E-01 
1.018E+02   3.780E+01  7.875E-01 
1.031E+02   3.806E+01  7.809E-01 
1.044E+02   3.831E+01  7.743E-01 
1.058E+02   3.857E+01  7.678E-01 
1.072E+02   3.883E+01  7.613E-01 
1.086E+02   3.910E+01  7.549E-01 
1.100E+02   3.936E+01  7.485E-01 
1.114E+02   3.962E+01  7.421E-01 
1.129E+02   3.989E+01  7.358E-01 
1.143E+02   4.015E+01  7.296E-01 
1.158E+02   4.042E+01  7.233E-01 
1.173E+02   4.069E+01  7.172E-01 
1.188E+02   4.096E+01  7.110E-01 
1.204E+02   4.123E+01  7.049E-01 
1.219E+02   4.150E+01  6.989E-01 
1.235E+02   4.178E+01  6.928E-01 
1.251E+02   4.205E+01  6.869E-01 
1.268E+02   4.233E+01  6.809E-01 
1.284E+02   4.261E+01  6.750E-01 
1.301E+02   4.288E+01  6.692E-01 
1.318E+02   4.316E+01  6.634E-01 
1.335E+02   4.344E+01  6.576E-01 
1.352E+02   4.373E+01  6.519E-01 
1.370E+02   4.401E+01  6.462E-01 
1.388E+02   4.429E+01  6.405E-01 
1.406E+02   4.458E+01  6.349E-01 
1.424E+02   4.487E+01  6.294E-01 
1.442E+02   4.515E+01  6.238E-01 
1.461E+02   4.544E+01  6.183E-01 
1.480E+02   4.573E+01  6.129E-01 
1.499E+02   4.602E+01  6.075E-01 
1.519E+02   4.631E+01  6.021E-01 
1.539E+02   4.661E+01  5.968E-01 
1.559E+02   4.690E+01  5.915E-01 
1.579E+02   4.719E+01  5.862E-01 
1.599E+02   4.749E+01  5.810E-01 
1.620E+02   4.778E+01  5.758E-01 
1.641E+02   4.808E+01  5.707E-01 
1.662E+02   4.838E+01  5.656E-01 
1.684E+02   4.868E+01  5.605E-01 
1.706E+02   4.898E+01  5.555E-01 
1.728E+02   4.928E+01  5.505E-01 
1.751E+02   4.958E+01  5.456E-01 
1.773E+02   4.988E+01  5.406E-01 
1.796E+02   5.019E+01  5.358E-01 
1.820E+02   5.049E+01  5.309E-01 
1.843E+02   5.079E+01  5.261E-01 
1.867E+02   5.110E+01  5.214E-01 
1.892E+02   5.140E+01  5.166E-01 
1.916E+02   5.171E+01  5.119E-01 
1.941E+02   5.202E+01  5.073E-01 
1.966E+02   5.232E+01  5.027E-01 
1.992E+02   5.263E+01  4.981E-01 
2.018E+02   5.294E+01  4.935E-01 
2.044E+02   5.325E+01  4.778E-01 
2.071E+02   5.356E+01  4.735E-01 
2.097E+02   5.387E+01  4.692E-01 
2.125E+02   5.418E+01  4.649E-01 
2.152E+02   5.449E+01  4.607E-01 
2.180E+02   5.480E+01  4.564E-01 
2.209E+02   5.511E+01  4.523E-01 
2.237E+02   5.542E+01  4.481E-01 
2.266E+02   5.573E+01  4.440E-01 
2.296E+02   5.604E+01  4.399E-01 
2.326E+02   5.635E+01  4.359E-01 
2.356E+02   5.667E+01  4.319E-01 
2.387E+02   5.698E+01  4.279E-01 
2.418E+02   5.729E+01  4.239E-01 
2.449E+02   5.760E+01  4.200E-01 
2.481E+02   5.791E+01  4.161E-01 
2.513E+02   5.822E+01  4.122E-01 
2.546E+02   5.854E+01  4.084E-01 
2.579E+02   5.885E+01  4.046E-01 
2.612E+02   5.916E+01  4.008E-01 
2.646E+02   5.947E+01  3.971E-01 
2.681E+02   5.978E+01  3.934E-01 
2.716E+02   6.009E+01  3.897E-01 
2.751E+02   6.040E+01  3.860E-01 
2.787E+02   6.071E+01  3.824E-01 
2.823E+02   6.101E+01  3.788E-01 
2.859E+02   6.132E+01  3.753E-01 
2.897E+02   6.163E+01  3.717E-01 
2.934E+02   6.194E+01  3.682E-01 
2.972E+02   6.224E+01  3.647E-01 
3.011E+02   6.255E+01  3.613E-01 
3.050E+02   6.285E+01  3.579E-01 
3.090E+02   6.315E+01  3.545E-01 
3.130E+02   6.346E+01  3.511E-01 
3.171E+02   6.376E+01  3.478E-01 
3.212E+02   6.406E+01  3.445E-01 
3.254E+02   6.436E+01  3.412E-01 
3.296E+02   6.466E+01  3.379E-01 
3.339E+02   6.495E+01  3.347E-01 
3.382E+02   6.525E+01  3.315E-01 
3.426E+02   6.554E+01  3.283E-01 
3.471E+02   6.583E+01  3.252E-01 
3.516E+02   6.613E+01  3.221E-01 
3.561E+02   6.642E+01  3.190E-01 
3.608E+02   6.670E+01  3.159E-01 
3.655E+02   6.699E+01  3.129E-01 
3.702E+02   6.727E+01  3.099E-01 
3.750E+02   6.756E+01  3.069E-01 
3.799E+02   6.784E+01  3.039E-01 
3.848E+02   6.812E+01  3.010E-01 
3.898E+02   6.840E+01  2.981E-01 
3.949E+02   6.867E+01  2.952E-01 
4.000E+02   6.894E+01  2.923E-01 
4.052E+02   6.922E+01  2.895E-01 
4.105E+02   6.948E+01  2.867E-01 
4.158E+02   6.975E+01  2.839E-01 
4.212E+02   7.002E+01  2.811E-01 
4.267E+02   7.028E+01  2.784E-01 
4.323E+02   7.054E+01  2.757E-01 
4.379E+02   7.079E+01  2.730E-01 
4.436E+02   7.105E+01  2.703E-01 
4.493E+02   7.130E+01  2.677E-01 
4.552E+02   7.155E+01  2.651E-01 
4.611E+02   7.180E+01  2.625E-01 
4.671E+02   7.204E+01  2.599E-01 
4.731E+02   7.228E+01  2.573E-01 
4.793E+02   7.252E+01  2.548E-01 
4.855E+02   7.275E+01  2.523E-01 
4.918E+02   7.298E+01  2.498E-01 
4.982E+02   7.321E+01  2.474E-01 
5.047E+02   7.343E+01  2.449E-01 
5.113E+02   7.366E+01  2.425E-01 
5.179E+02   7.387E+01  2.401E-01 
5.246E+02   7.409E+01  2.377E-01 
5.315E+02   7.430E+01  2.354E-01 
5.384E+02   7.451E+01  2.330E-01 
5.454E+02   7.471E+01  2.307E-01 
5.524E+02   7.491E+01  2.284E-01 
5.596E+02   7.511E+01  2.262E-01 
5.669E+02   7.530E+01  2.239E-01 
5.743E+02   7.549E+01  2.217E-01 
5.817E+02   7.567E+01  2.195E-01 
5.893E+02   7.585E+01  2.173E-01 
5.969E+02   7.603E+01  2.151E-01 
6.047E+02   7.620E+01  2.130E-01 
6.126E+02   7.637E+01  2.109E-01 
6.205E+02   7.653E+01  2.088E-01 
6.286E+02   7.669E+01  2.067E-01 
6.368E+02   7.685E+01  2.046E-01 
6.450E+02   7.700E+01  2.026E-01 
6.534E+02   7.714E+01  2.005E-01 
6.619E+02   7.729E+01  1.985E-01 
6.705E+02   7.742E+01  1.965E-01 
6.792E+02   7.756E+01  1.945E-01 
6.881E+02   7.768E+01  1.926E-01 
6.970E+02   7.781E+01  1.906E-01 
7.061E+02   7.793E+01  1.887E-01 
7.152E+02   7.804E+01  1.868E-01 
7.245E+02   7.815E+01  1.849E-01 
7.339E+02   7.825E+01  1.831E-01 
7.435E+02   7.835E+01  1.812E-01 
7.531E+02   7.844E+01  1.794E-01 
7.629E+02   7.853E+01  1.776E-01 
7.728E+02   7.862E+01  1.758E-01 
7.829E+02   7.870E+01  1.740E-01 
7.931E+02   7.877E+01  1.722E-01 
8.034E+02   7.884E+01  1.705E-01 
8.138E+02   7.890E+01  1.687E-01 
8.244E+02   7.896E+01  1.670E-01 
8.351E+02   7.901E+01  1.653E-01 
8.460E+02   7.906E+01  1.636E-01 
8.570E+02   7.910E+01  1.620E-01 
8.681E+02   7.914E+01  1.603E-01 
8.794E+02   7.917E+01  1.587E-01 
8.908E+02   7.920E+01  1.571E-01 
9.024E+02   7.922E+01  1.555E-01 
9.141E+02   7.923E+01  1.539E-01 
9.260E+02   7.924E+01  1.523E-01 
9.380E+02   7.925E+01  1.507E-01 
9.502E+02   7.925E+01  1.492E-01 
9.626E+02   7.924E+01  1.477E-01 
9.751E+02   7.923E+01  1.462E-01 
9.877E+02   7.921E+01  1.447E-01 
1.001E+03   7.919E+01  1.432E-01 
1.014E+03   7.916E+01  1.417E-01 
1.027E+03   7.913E+01  1.402E-01 
1.040E+03   7.909E+01  1.388E-01 
1.054E+03   7.904E+01  1.374E-01 
1.067E+03   7.899E+01  1.360E-01 
1.081E+03   7.894E+01  1.346E-01 
1.095E+03   7.888E+01  1.332E-01 
1.109E+03   7.881E+01  1.318E-01 
1.124E+03   7.874E+01  1.304E-01 
1.138E+03   7.866E+01  1.291E-01 
1.153E+03   7.858E+01  1.277E-01 
1.168E+03   7.849E+01  1.264E-01 
1.183E+03   7.840E+01  1.251E-01 
1.199E+03   7.830E+01  1.238E-01 
1.214E+03   7.820E+01  1.225E-01 
1.230E+03   7.809E+01  1.213E-01 
1.246E+03   7.797E+01  1.200E-01 
1.262E+03   7.785E+01  1.188E-01 
1.279E+03   7.773E+01  1.175E-01 
1.295E+03   7.760E+01  1.163E-01 
1.312E+03   7.747E+01  1.151E-01 
1.329E+03   7.733E+01  1.139E-01 
1.347E+03   7.718E+01  1.127E-01 
1.364E+03   7.703E+01  1.115E-01 
1.382E+03   7.688E+01  1.104E-01 
1.400E+03   7.672E+01  1.092E-01 
1.418E+03   7.655E+01  1.081E-01 
1.436E+03   7.638E+01  1.070E-01 
1.455E+03   7.621E+01  1.058E-01 
1.474E+03   7.603E+01  1.047E-01 
1.493E+03   7.585E+01  1.036E-01 
1.513E+03   7.566E+01  1.026E-01 
1.532E+03   7.547E+01  1.015E-01 
1.552E+03   7.527E+01  1.004E-01 
1.572E+03   7.507E+01  9.936E-02 
1.593E+03   7.486E+01  9.832E-02 
1.613E+03   7.465E+01  9.729E-02 
1.634E+03   7.444E+01  9.627E-02 
1.656E+03   7.422E+01  9.526E-02 
1.677E+03   7.400E+01  9.425E-02 
1.699E+03   7.377E+01  9.326E-02 
1.721E+03   7.354E+01  9.228E-02 
1.743E+03   7.330E+01  9.131E-02 
1.766E+03   7.307E+01  9.035E-02 
1.789E+03   7.282E+01  8.940E-02 
1.812E+03   7.258E+01  8.846E-02 
1.836E+03   7.233E+01  8.752E-02 
1.860E+03   7.207E+01  8.660E-02 
1.884E+03   7.182E+01  8.568E-02 
1.908E+03   7.155E+01  8.478E-02 
1.933E+03   7.129E+01  8.388E-02 
1.958E+03   7.102E+01  8.300E-02 
1.984E+03   7.075E+01  8.212E-02 
2.009E+03   7.048E+01  8.125E-02 
2.036E+03   7.020E+01  8.039E-02 
2.062E+03   6.992E+01  7.954E-02 
2.089E+03   6.964E+01  7.869E-02 
2.116E+03   6.935E+01  7.786E-02 
2.143E+03   6.906E+01  7.703E-02 
2.171E+03   6.877E+01  7.622E-02 
2.200E+03   6.847E+01  7.541E-02 
2.228E+03   6.818E+01  7.461E-02 
2.257E+03   6.788E+01  7.381E-02 
2.286E+03   6.758E+01  7.303E-02 
2.316E+03   6.727E+01  7.225E-02 
2.346E+03   6.696E+01  7.148E-02 
2.377E+03   6.665E+01  7.072E-02 
2.408E+03   6.634E+01  6.997E-02 
2.439E+03   6.603E+01  6.922E-02 
2.471E+03   6.571E+01  6.848E-02 
2.503E+03   6.539E+01  6.775E-02 
2.535E+03   6.507E+01  6.703E-02 
2.568E+03   6.475E+01  6.631E-02 
2.602E+03   6.443E+01  6.561E-02 
2.635E+03   6.410E+01  6.490E-02 
2.670E+03   6.378E+01  6.421E-02 
2.704E+03   6.345E+01  6.352E-02 
2.740E+03   6.312E+01  6.284E-02 
2.775E+03   6.279E+01  6.217E-02 
2.811E+03   6.246E+01  6.151E-02 
2.848E+03   6.212E+01  6.085E-02 
2.885E+03   6.179E+01  6.019E-02 
2.922E+03   6.145E+01  5.955E-02 
2.960E+03   6.111E+01  5.891E-02 
2.999E+03   6.077E+01  5.828E-02 
3.038E+03   6.043E+01  5.765E-02 
3.077E+03   6.009E+01  5.703E-02 
3.117E+03   5.975E+01  5.642E-02 
3.158E+03   5.941E+01  5.581E-02 
3.199E+03   5.907E+01  5.521E-02 
3.240E+03   5.872E+01  5.462E-02 
3.282E+03   5.838E+01  5.403E-02 
3.325E+03   5.803E+01  5.345E-02 
3.368E+03   5.769E+01  5.287E-02 
3.412E+03   5.734E+01  5.230E-02 
3.456E+03   5.700E+01  5.174E-02 
3.501E+03   5.665E+01  5.118E-02 
3.547E+03   5.630E+01  5.063E-02 
3.593E+03   5.596E+01  5.008E-02 
3.640E+03   5.561E+01  4.954E-02 
3.687E+03   5.526E+01  4.901E-02 
3.735E+03   5.492E+01  4.848E-02 
3.783E+03   5.457E+01  4.796E-02 
3.832E+03   5.422E+01  4.744E-02 
3.882E+03   5.387E+01  4.692E-02 
3.933E+03   5.353E+01  4.642E-02 
3.984E+03   5.318E+01  4.591E-02 
4.036E+03   5.283E+01  4.542E-02 
4.088E+03   5.249E+01  4.492E-02 
4.141E+03   5.214E+01  4.444E-02 
4.195E+03   5.180E+01  4.396E-02 
4.250E+03   5.145E+01  4.348E-02 
4.305E+03   5.111E+01  4.301E-02 
4.361E+03   5.076E+01  4.254E-02 
4.417E+03   5.042E+01  4.208E-02 
4.475E+03   5.008E+01  4.162E-02 
4.533E+03   4.973E+01  4.117E-02 
4.592E+03   4.939E+01  4.072E-02 
4.652E+03   4.905E+01  4.028E-02 
4.712E+03   4.871E+01  3.984E-02 
4.773E+03   4.837E+01  3.941E-02 
4.835E+03   4.803E+01  3.898E-02 
4.898E+03   4.770E+01  3.855E-02 
4.962E+03   4.736E+01  3.813E-02 
5.026E+03   4.702E+01  3.772E-02 
5.092E+03   4.669E+01  3.731E-02 
5.158E+03   4.635E+01  3.690E-02 
5.225E+03   4.602E+01  3.650E-02 
5.293E+03   4.569E+01  3.610E-02 
5.362E+03   4.536E+01  3.571E-02 
5.431E+03   4.503E+01  3.532E-02 
5.502E+03   4.470E+01  3.493E-02 
5.573E+03   4.437E+01  3.455E-02 
5.646E+03   4.404E+01  3.417E-02 
5.719E+03   4.372E+01  3.380E-02 
5.793E+03   4.340E+01  3.343E-02 
5.869E+03   4.307E+01  3.306E-02 
5.945E+03   4.275E+01  3.270E-02 
6.022E+03   4.243E+01  3.234E-02 
6.101E+03   4.211E+01  3.199E-02 
6.180E+03   4.179E+01  3.164E-02 
6.260E+03   4.148E+01  3.129E-02 
6.341E+03   4.116E+01  3.095E-02 
6.424E+03   4.085E+01  3.061E-02 
6.507E+03   4.054E+01  3.027E-02 
6.592E+03   4.023E+01  2.994E-02 
6.678E+03   3.992E+01  2.961E-02 
6.764E+03   3.961E+01  2.929E-02 
6.852E+03   3.930E+01  2.897E-02 
6.941E+03   3.900E+01  2.865E-02 
7.032E+03   3.869E+01  2.833E-02 
7.123E+03   3.839E+01  2.802E-02 
7.216E+03   3.809E+01  2.771E-02 
7.309E+03   3.779E+01  2.741E-02 
7.404E+03   3.750E+01  2.711E-02 
7.501E+03   3.720E+01  2.681E-02 
7.598E+03   3.691E+01  2.651E-02 
7.697E+03   3.661E+01  2.622E-02 
7.797E+03   3.632E+01  2.593E-02 
7.898E+03   3.603E+01  2.565E-02 
8.001E+03   3.574E+01  2.536E-02 
8.105E+03   3.552E+01  2.508E-02 
8.210E+03   3.529E+01  2.481E-02 
8.317E+03   3.506E+01  2.453E-02 
8.425E+03   3.482E+01  2.426E-02 
8.534E+03   3.459E+01  2.399E-02 
8.645E+03   3.435E+01  2.373E-02 
8.758E+03   3.410E+01  2.347E-02 
8.871E+03   3.386E+01  2.321E-02 
8.987E+03   3.361E+01  2.295E-02 
9.104E+03   3.336E+01  2.270E-02 
9.222E+03   3.310E+01  2.245E-02 
9.342E+03   3.284E+01  2.220E-02 
9.463E+03   3.258E+01  2.195E-02 
9.586E+03   3.231E+01  2.171E-02 
9.711E+03   3.205E+01  2.147E-02 
9.837E+03   3.179E+01  2.123E-02 
9.965E+03   3.154E+01  2.100E-02 
1.009E+04   3.128E+01  2.076E-02 
1.023E+04   3.103E+01  2.053E-02 
1.036E+04   3.077E+01  2.031E-02 
1.049E+04   3.052E+01  2.008E-02 
1.063E+04   3.028E+01  1.986E-02 
1.077E+04   3.003E+01  1.964E-02 
1.091E+04   2.978E+01  1.942E-02 
1.105E+04   2.954E+01  1.920E-02 
1.119E+04   2.930E+01  1.899E-02 
1.134E+04   2.905E+01  1.878E-02 
1.149E+04   2.882E+01  1.857E-02 
1.163E+04   2.858E+01  1.836E-02 
1.179E+04   2.834E+01  1.816E-02 
1.194E+04   2.811E+01  1.796E-02 
1.209E+04   2.787E+01  1.776E-02 
1.225E+04   2.764E+01  1.756E-02 
1.241E+04   2.741E+01  1.737E-02 
1.257E+04   2.718E+01  1.717E-02 
1.274E+04   2.695E+01  1.698E-02 
1.290E+04   2.673E+01  1.679E-02 
1.307E+04   2.650E+01  1.661E-02 
1.324E+04   2.628E+01  1.642E-02 
1.341E+04   2.606E+01  1.624E-02 
1.358E+04   2.584E+01  1.606E-02 
1.376E+04   2.562E+01  1.588E-02 
1.394E+04   2.541E+01  1.570E-02 
1.412E+04   2.519E+01  1.552E-02 
1.431E+04   2.498E+01  1.535E-02 
1.449E+04   2.476E+01  1.518E-02 
1.468E+04   2.455E+01  1.501E-02 
1.487E+04   2.434E+01  1.484E-02 
1.506E+04   2.414E+01  1.468E-02 
1.526E+04   2.393E+01  1.451E-02 
1.546E+04   2.372E+01  1.435E-02 
1.566E+04   2.352E+01  1.419E-02 
1.586E+04   2.332E+01  1.403E-02 
1.607E+04   2.312E+01  1.387E-02 
1.628E+04   2.292E+01  1.372E-02 
1.649E+04   2.272E+01  1.357E-02 
1.670E+04   2.252E+01  1.341E-02 
1.692E+04   2.233E+01  1.326E-02 
1.714E+04   2.213E+01  1.312E-02 
1.736E+04   2.194E+01  1.297E-02 
1.759E+04   2.175E+01  1.282E-02 
1.782E+04   2.156E+01  1.268E-02 
1.805E+04   2.137E+01  1.254E-02 
1.828E+04   2.119E+01  1.240E-02 
1.852E+04   2.100E+01  1.226E-02 
1.876E+04   2.082E+01  1.212E-02 
1.900E+04   2.063E+01  1.198E-02 
1.925E+04   2.045E+01  1.185E-02 
1.950E+04   2.027E+01  1.172E-02 
1.976E+04   2.009E+01  1.159E-02 
2.001E+04   1.992E+01  1.146E-02 
2.027E+04   1.974E+01  1.133E-02 
2.054E+04   1.957E+01  1.120E-02 
2.080E+04   1.939E+01  1.107E-02 
2.107E+04   1.922E+01  1.095E-02 
2.135E+04   1.905E+01  1.083E-02 
2.162E+04   1.888E+01  1.070E-02 
2.191E+04   1.871E+01  1.058E-02 
2.219E+04   1.855E+01  1.046E-02 
2.248E+04   1.838E+01  1.035E-02 
2.277E+04   1.822E+01  1.023E-02 
2.307E+04   1.805E+01  1.011E-02 
2.337E+04   1.789E+01  1.000E-02 
2.367E+04   1.773E+01  9.888E-03 
2.398E+04   1.757E+01  9.777E-03 
2.429E+04   1.741E+01  9.667E-03 
2.461E+04   1.726E+01  9.558E-03 
2.492E+04   1.710E+01  9.450E-03 
2.525E+04   1.695E+01  9.344E-03 
2.558E+04   1.679E+01  9.238E-03 
2.591E+04   1.664E+01  9.134E-03 
2.625E+04   1.649E+01  9.031E-03 
2.659E+04   1.634E+01  8.929E-03 
2.693E+04   1.619E+01  8.828E-03 
2.728E+04   1.604E+01  8.728E-03 
2.764E+04   1.590E+01  8.630E-03 
2.800E+04   1.575E+01  8.532E-03 
2.836E+04   1.561E+01  8.436E-03 
2.873E+04   1.547E+01  8.341E-03 
2.910E+04   1.532E+01  8.246E-03 
2.948E+04   1.518E+01  8.153E-03 
2.986E+04   1.505E+01  8.061E-03 
3.025E+04   1.491E+01  7.970E-03 
3.065E+04   1.477E+01  7.880E-03 
3.104E+04   1.463E+01  7.790E-03 
3.145E+04   1.450E+01  7.702E-03 
3.186E+04   1.437E+01  7.615E-03 
3.227E+04   1.423E+01  7.529E-03 
3.269E+04   1.410E+01  7.444E-03 
3.311E+04   1.397E+01  7.359E-03 
3.354E+04   1.384E+01  7.276E-03 
3.398E+04   1.371E+01  7.194E-03 
3.442E+04   1.359E+01  7.112E-03 
3.487E+04   1.346E+01  7.031E-03 
3.532E+04   1.334E+01  6.952E-03 
3.578E+04   1.321E+01  6.873E-03 
3.625E+04   1.309E+01  6.795E-03 
3.672E+04   1.297E+01  6.718E-03 
3.719E+04   1.285E+01  6.642E-03 
3.768E+04   1.273E+01  6.566E-03 
3.817E+04   1.261E+01  6.492E-03 
3.866E+04   1.249E+01  6.418E-03 
3.917E+04   1.237E+01  6.345E-03 
3.968E+04   1.226E+01  6.273E-03 
4.019E+04   1.214E+01  6.202E-03 
4.071E+04   1.203E+01  6.131E-03 
4.124E+04   1.191E+01  6.062E-03 
4.178E+04   1.180E+01  5.993E-03 
4.232E+04   1.169E+01  5.925E-03 
4.287E+04   1.158E+01  5.857E-03 
4.343E+04   1.147E+01  5.791E-03 
4.399E+04   1.136E+01  5.725E-03 
4.456E+04   1.126E+01  5.660E-03 
4.514E+04   1.115E+01  5.595E-03 
4.573E+04   1.104E+01  5.532E-03 
4.632E+04   1.094E+01  5.469E-03 
4.693E+04   1.084E+01  5.406E-03 
4.754E+04   1.073E+01  5.345E-03 
4.815E+04   1.063E+01  5.284E-03 
4.878E+04   1.053E+01  5.224E-03 
4.941E+04   1.043E+01  5.164E-03 
5.006E+04   1.033E+01  5.105E-03 
5.071E+04   1.023E+01  5.047E-03 
5.137E+04   1.014E+01  4.990E-03 
5.203E+04   1.004E+01  4.933E-03 
5.271E+04   9.943E+00  4.876E-03 
5.340E+04   9.848E+00  4.821E-03 
5.409E+04   9.754E+00  4.766E-03 
5.479E+04   9.661E+00  4.711E-03 
5.550E+04   9.568E+00  4.658E-03 
5.623E+04   9.477E+00  4.605E-03 
5.696E+04   9.386E+00  4.552E-03 
5.770E+04   9.296E+00  4.500E-03 
5.845E+04   9.207E+00  4.449E-03 
5.921E+04   9.119E+00  4.398E-03 
5.998E+04   9.031E+00  4.348E-03 
6.075E+04   8.944E+00  4.298E-03 
6.154E+04   8.858E+00  4.249E-03 
6.234E+04   8.773E+00  4.200E-03 
6.315E+04   8.689E+00  4.152E-03 
6.398E+04   8.605E+00  4.105E-03 
6.481E+04   8.522E+00  4.058E-03 
6.565E+04   8.440E+00  4.011E-03 
6.650E+04   8.359E+00  3.965E-03 
6.737E+04   8.278E+00  3.920E-03 
6.824E+04   8.198E+00  3.875E-03 
6.913E+04   8.119E+00  3.831E-03 
7.003E+04   8.040E+00  3.787E-03 
7.094E+04   7.963E+00  3.744E-03 
7.186E+04   7.886E+00  3.701E-03 
7.279E+04   7.809E+00  3.658E-03 
7.374E+04   7.734E+00  3.616E-03 
7.470E+04   7.659E+00  3.575E-03 
7.567E+04   7.585E+00  3.534E-03 
7.665E+04   7.511E+00  3.494E-03 
7.765E+04   7.438E+00  3.453E-03 
7.866E+04   7.366E+00  3.414E-03 
7.968E+04   7.294E+00  3.375E-03 
8.072E+04   7.224E+00  3.336E-03 
8.176E+04   7.153E+00  3.298E-03 
8.283E+04   7.084E+00  3.260E-03 
8.390E+04   7.015E+00  3.223E-03 
8.499E+04   6.947E+00  3.186E-03 
8.610E+04   6.879E+00  3.149E-03 
8.722E+04   6.812E+00  3.113E-03 
8.835E+04   6.746E+00  3.077E-03 
8.950E+04   6.680E+00  3.042E-03 
9.066E+04   6.615E+00  3.007E-03 
9.184E+04   6.551E+00  2.972E-03 
9.303E+04   6.487E+00  2.938E-03 
9.424E+04   6.424E+00  2.904E-03 
9.547E+04   6.361E+00  2.871E-03 
9.671E+04   6.299E+00  2.838E-03 
9.797E+04   6.237E+00  2.805E-03 
9.924E+04   6.177E+00  2.773E-03 
1.005E+05   6.116E+00  2.741E-03 
1.018E+05   6.057E+00  2.710E-03 
1.032E+05   5.997E+00  2.679E-03 
1.045E+05   5.939E+00  2.648E-03 
1.059E+05   5.881E+00  2.617E-03 
1.072E+05   5.823E+00  2.587E-03 
1.086E+05   5.767E+00  2.557E-03 
1.100E+05   5.710E+00  2.528E-03 
1.115E+05   5.654E+00  2.499E-03 
1.129E+05   5.599E+00  2.470E-03 
1.144E+05   5.544E+00  2.442E-03 
1.159E+05   5.490E+00  2.413E-03 
1.174E+05   5.436E+00  2.386E-03 
1.189E+05   5.383E+00  2.358E-03 
1.204E+05   5.331E+00  2.331E-03 
1.220E+05   5.279E+00  2.304E-03 
1.236E+05   5.227E+00  2.278E-03 
1.252E+05   5.176E+00  2.251E-03 
1.268E+05   5.125E+00  2.225E-03 
1.285E+05   5.075E+00  2.200E-03 
1.302E+05   5.025E+00  2.174E-03 
1.318E+05   4.976E+00  2.149E-03 
1.336E+05   4.928E+00  2.124E-03 
1.353E+05   4.879E+00  2.100E-03 
1.371E+05   4.832E+00  2.076E-03 
1.388E+05   4.784E+00  2.052E-03 
1.406E+05   4.738E+00  2.028E-03 
1.425E+05   4.691E+00  2.005E-03 
1.443E+05   4.645E+00  1.981E-03 
1.462E+05   4.600E+00  1.959E-03 
1.481E+05   4.555E+00  1.936E-03 
1.500E+05   4.511E+00  1.914E-03 
1.520E+05   4.467E+00  1.891E-03 
1.539E+05   4.423E+00  1.870E-03 
1.559E+05   4.380E+00  1.848E-03 
1.580E+05   4.337E+00  1.827E-03 
1.600E+05   4.295E+00  1.805E-03 
1.621E+05   4.253E+00  1.785E-03 
1.642E+05   4.211E+00  1.764E-03 
1.663E+05   4.170E+00  1.744E-03 
1.685E+05   4.130E+00  1.723E-03 
1.707E+05   4.089E+00  1.703E-03 
1.729E+05   4.049E+00  1.684E-03 
1.752E+05   4.010E+00  1.664E-03 
1.774E+05   3.971E+00  1.645E-03 
1.797E+05   3.932E+00  1.626E-03 
1.821E+05   3.894E+00  1.607E-03 
1.844E+05   3.856E+00  1.589E-03 
1.868E+05   3.819E+00  1.570E-03 
1.893E+05   3.782E+00  1.552E-03 
1.917E+05   3.745E+00  1.534E-03 
1.942E+05   3.708E+00  1.516E-03 
1.967E+05   3.672E+00  1.499E-03 
1.993E+05   3.637E+00  1.481E-03 
2.019E+05   3.602E+00  1.464E-03 
2.045E+05   3.567E+00  1.447E-03 
2.072E+05   3.532E+00  1.430E-03 
2.099E+05   3.498E+00  1.414E-03 
2.126E+05   3.464E+00  1.397E-03 
2.154E+05   3.431E+00  1.381E-03 
2.182E+05   3.397E+00  1.365E-03 
2.210E+05   3.365E+00  1.349E-03 
2.239E+05   3.332E+00  1.334E-03 
2.268E+05   3.300E+00  1.318E-03 
2.297E+05   3.268E+00  1.303E-03 
2.327E+05   3.237E+00  1.288E-03 
2.357E+05   3.206E+00  1.273E-03 
2.388E+05   3.175E+00  1.258E-03 
2.419E+05   3.144E+00  1.243E-03 
2.450E+05   3.114E+00  1.229E-03 
2.482E+05   3.084E+00  1.215E-03 
2.515E+05   3.055E+00  1.201E-03 
2.547E+05   3.025E+00  1.187E-03 
2.580E+05   2.996E+00  1.173E-03 
2.614E+05   2.968E+00  1.159E-03 
2.648E+05   2.939E+00  1.146E-03 
2.682E+05   2.911E+00  1.132E-03 
2.717E+05   2.883E+00  1.119E-03 
2.752E+05   2.856E+00  1.106E-03 
2.788E+05   2.829E+00  1.093E-03 
2.824E+05   2.802E+00  1.081E-03 
2.861E+05   2.775E+00  1.068E-03 
2.898E+05   2.749E+00  1.056E-03 
2.936E+05   2.723E+00  1.043E-03 
2.974E+05   2.697E+00  1.031E-03 
3.013E+05   2.671E+00  1.019E-03 
3.052E+05   2.646E+00  1.007E-03 
3.092E+05   2.621E+00  9.957E-04 
3.132E+05   2.597E+00  9.841E-04 
3.172E+05   2.572E+00  9.726E-04 
3.214E+05   2.548E+00  9.613E-04 
3.255E+05   2.524E+00  9.501E-04 
3.298E+05   2.500E+00  9.390E-04 
3.341E+05   2.477E+00  9.281E-04 
3.384E+05   2.454E+00  9.173E-04 
3.428E+05   2.431E+00  9.066E-04 
3.473E+05   2.408E+00  8.960E-04 
3.518E+05   2.386E+00  8.856E-04 
3.563E+05   2.363E+00  8.753E-04 
3.610E+05   2.341E+00  8.651E-04 
3.657E+05   2.320E+00  8.550E-04 
3.704E+05   2.298E+00  8.450E-04 
3.752E+05   2.277E+00  8.351E-04 
3.801E+05   2.256E+00  8.254E-04 
3.851E+05   2.235E+00  8.158E-04 
3.901E+05   2.214E+00  8.063E-04 
3.951E+05   2.194E+00  7.969E-04 
4.003E+05   2.174E+00  7.876E-04 
