Ion = Hydrogen    . Mass = 1.0079
Tgt = Lu (Solid). Density = 9.841 g/cm3
Stopping Units =  eV/(1E15 atoms/cm2)
Energy(keV)  S(Elec)    S(Nuc)
1.000E+00   6.834E+00  2.673E-01 
1.012E+00   6.873E+00  2.677E-01 
1.023E+00   6.913E+00  2.680E-01 
1.035E+00   6.953E+00  2.683E-01 
1.047E+00   6.993E+00  2.686E-01 
1.059E+00   7.034E+00  2.690E-01 
1.072E+00   7.074E+00  2.693E-01 
1.084E+00   7.115E+00  2.696E-01 
1.097E+00   7.156E+00  2.699E-01 
1.109E+00   7.198E+00  2.702E-01 
1.122E+00   7.239E+00  2.705E-01 
1.135E+00   7.281E+00  2.708E-01 
1.148E+00   7.323E+00  2.711E-01 
1.162E+00   7.366E+00  2.714E-01 
1.175E+00   7.408E+00  2.717E-01 
1.189E+00   7.451E+00  2.720E-01 
1.203E+00   7.494E+00  2.723E-01 
1.217E+00   7.538E+00  2.726E-01 
1.231E+00   7.581E+00  2.728E-01 
1.245E+00   7.625E+00  2.731E-01 
1.259E+00   7.669E+00  2.734E-01 
1.274E+00   7.714E+00  2.736E-01 
1.289E+00   7.758E+00  2.739E-01 
1.304E+00   7.803E+00  2.741E-01 
1.319E+00   7.848E+00  2.744E-01 
1.334E+00   7.893E+00  2.746E-01 
1.350E+00   7.939E+00  2.749E-01 
1.365E+00   7.985E+00  2.751E-01 
1.381E+00   8.031E+00  2.754E-01 
1.397E+00   8.078E+00  2.756E-01 
1.413E+00   8.124E+00  2.758E-01 
1.430E+00   8.171E+00  2.760E-01 
1.446E+00   8.219E+00  2.763E-01 
1.463E+00   8.266E+00  2.765E-01 
1.480E+00   8.314E+00  2.767E-01 
1.497E+00   8.362E+00  2.769E-01 
1.515E+00   8.410E+00  2.771E-01 
1.532E+00   8.459E+00  2.773E-01 
1.550E+00   8.508E+00  2.775E-01 
1.568E+00   8.557E+00  2.777E-01 
1.586E+00   8.607E+00  2.778E-01 
1.605E+00   8.656E+00  2.780E-01 
1.623E+00   8.706E+00  2.782E-01 
1.642E+00   8.757E+00  2.784E-01 
1.661E+00   8.807E+00  2.785E-01 
1.680E+00   8.858E+00  2.787E-01 
1.700E+00   8.910E+00  2.789E-01 
1.719E+00   8.961E+00  2.790E-01 
1.739E+00   9.013E+00  2.792E-01 
1.760E+00   9.065E+00  2.793E-01 
1.780E+00   9.117E+00  2.794E-01 
1.801E+00   9.170E+00  2.796E-01 
1.822E+00   9.223E+00  2.797E-01 
1.843E+00   9.277E+00  2.798E-01 
1.864E+00   9.330E+00  2.800E-01 
1.886E+00   9.384E+00  2.801E-01 
1.908E+00   9.438E+00  2.802E-01 
1.930E+00   9.493E+00  2.803E-01 
1.952E+00   9.548E+00  2.804E-01 
1.975E+00   9.603E+00  2.805E-01 
1.998E+00   9.659E+00  2.806E-01 
2.021E+00   9.713E+00  2.807E-01 
2.044E+00   9.763E+00  2.808E-01 
2.068E+00   9.813E+00  2.808E-01 
2.092E+00   9.863E+00  2.809E-01 
2.116E+00   9.913E+00  2.810E-01 
2.141E+00   9.964E+00  2.811E-01 
2.166E+00   1.001E+01  2.811E-01 
2.191E+00   1.007E+01  2.812E-01 
2.216E+00   1.012E+01  2.812E-01 
2.242E+00   1.017E+01  2.813E-01 
2.268E+00   1.022E+01  2.813E-01 
2.294E+00   1.027E+01  2.813E-01 
2.321E+00   1.033E+01  2.814E-01 
2.348E+00   1.038E+01  2.814E-01 
2.375E+00   1.043E+01  2.814E-01 
2.402E+00   1.049E+01  2.814E-01 
2.430E+00   1.054E+01  2.814E-01 
2.458E+00   1.059E+01  2.815E-01 
2.487E+00   1.065E+01  2.815E-01 
2.516E+00   1.070E+01  2.814E-01 
2.545E+00   1.076E+01  2.814E-01 
2.574E+00   1.081E+01  2.814E-01 
2.604E+00   1.087E+01  2.814E-01 
2.635E+00   1.092E+01  2.814E-01 
2.665E+00   1.098E+01  2.813E-01 
2.696E+00   1.104E+01  2.813E-01 
2.727E+00   1.109E+01  2.813E-01 
2.759E+00   1.115E+01  2.812E-01 
2.791E+00   1.121E+01  2.812E-01 
2.823E+00   1.126E+01  2.811E-01 
2.856E+00   1.132E+01  2.811E-01 
2.889E+00   1.138E+01  2.810E-01 
2.923E+00   1.144E+01  2.809E-01 
2.957E+00   1.150E+01  2.808E-01 
2.991E+00   1.156E+01  2.808E-01 
3.026E+00   1.161E+01  2.807E-01 
3.061E+00   1.167E+01  2.806E-01 
3.096E+00   1.173E+01  2.805E-01 
3.132E+00   1.179E+01  2.804E-01 
3.168E+00   1.185E+01  2.803E-01 
3.205E+00   1.192E+01  2.801E-01 
3.242E+00   1.198E+01  2.800E-01 
3.280E+00   1.204E+01  2.799E-01 
3.318E+00   1.210E+01  2.798E-01 
3.356E+00   1.216E+01  2.796E-01 
3.395E+00   1.222E+01  2.795E-01 
3.435E+00   1.229E+01  2.793E-01 
3.475E+00   1.235E+01  2.792E-01 
3.515E+00   1.241E+01  2.790E-01 
3.556E+00   1.248E+01  2.789E-01 
3.597E+00   1.254E+01  2.787E-01 
3.639E+00   1.261E+01  2.785E-01 
3.681E+00   1.267E+01  2.783E-01 
3.724E+00   1.274E+01  2.781E-01 
3.767E+00   1.280E+01  2.779E-01 
3.810E+00   1.287E+01  2.777E-01 
3.855E+00   1.293E+01  2.775E-01 
3.899E+00   1.300E+01  2.773E-01 
3.945E+00   1.307E+01  2.771E-01 
3.990E+00   1.313E+01  2.769E-01 
4.037E+00   1.320E+01  2.767E-01 
4.083E+00   1.327E+01  2.764E-01 
4.131E+00   1.334E+01  2.762E-01 
4.179E+00   1.340E+01  2.760E-01 
4.227E+00   1.347E+01  2.757E-01 
4.276E+00   1.354E+01  2.755E-01 
4.326E+00   1.361E+01  2.752E-01 
4.376E+00   1.368E+01  2.749E-01 
4.427E+00   1.375E+01  2.747E-01 
4.478E+00   1.382E+01  2.744E-01 
4.530E+00   1.389E+01  2.741E-01 
4.583E+00   1.396E+01  2.738E-01 
4.636E+00   1.404E+01  2.735E-01 
4.690E+00   1.411E+01  2.732E-01 
4.744E+00   1.418E+01  2.729E-01 
4.799E+00   1.425E+01  2.726E-01 
4.855E+00   1.433E+01  2.723E-01 
4.911E+00   1.440E+01  2.720E-01 
4.968E+00   1.447E+01  2.716E-01 
5.026E+00   1.455E+01  2.713E-01 
5.084E+00   1.462E+01  2.710E-01 
5.143E+00   1.470E+01  2.706E-01 
5.202E+00   1.477E+01  2.703E-01 
5.263E+00   1.485E+01  2.699E-01 
5.324E+00   1.492E+01  2.696E-01 
5.386E+00   1.500E+01  2.692E-01 
5.448E+00   1.508E+01  2.688E-01 
5.511E+00   1.515E+01  2.684E-01 
5.575E+00   1.523E+01  2.681E-01 
5.640E+00   1.531E+01  2.677E-01 
5.705E+00   1.539E+01  2.673E-01 
5.771E+00   1.547E+01  2.669E-01 
5.838E+00   1.555E+01  2.665E-01 
5.906E+00   1.563E+01  2.661E-01 
5.975E+00   1.571E+01  2.656E-01 
6.044E+00   1.579E+01  2.652E-01 
6.114E+00   1.587E+01  2.648E-01 
6.185E+00   1.595E+01  2.644E-01 
6.257E+00   1.603E+01  2.639E-01 
6.329E+00   1.611E+01  2.635E-01 
6.403E+00   1.619E+01  2.630E-01 
6.477E+00   1.628E+01  2.626E-01 
6.552E+00   1.636E+01  2.621E-01 
6.628E+00   1.644E+01  2.617E-01 
6.705E+00   1.653E+01  2.612E-01 
6.783E+00   1.661E+01  2.607E-01 
6.861E+00   1.670E+01  2.602E-01 
6.941E+00   1.678E+01  2.597E-01 
7.021E+00   1.687E+01  2.592E-01 
7.103E+00   1.695E+01  2.588E-01 
7.185E+00   1.704E+01  2.582E-01 
7.269E+00   1.713E+01  2.577E-01 
7.353E+00   1.721E+01  2.572E-01 
7.438E+00   1.730E+01  2.567E-01 
7.524E+00   1.739E+01  2.562E-01 
7.612E+00   1.748E+01  2.557E-01 
7.700E+00   1.757E+01  2.551E-01 
7.789E+00   1.766E+01  2.546E-01 
7.880E+00   1.775E+01  2.540E-01 
7.971E+00   1.784E+01  2.535E-01 
8.064E+00   1.793E+01  2.529E-01 
8.157E+00   1.802E+01  2.524E-01 
8.252E+00   1.811E+01  2.518E-01 
8.347E+00   1.820E+01  2.513E-01 
8.444E+00   1.829E+01  2.507E-01 
8.542E+00   1.838E+01  2.501E-01 
8.641E+00   1.848E+01  2.495E-01 
8.741E+00   1.857E+01  2.489E-01 
8.843E+00   1.867E+01  2.483E-01 
8.945E+00   1.876E+01  2.478E-01 
9.049E+00   1.885E+01  2.472E-01 
9.154E+00   1.895E+01  2.465E-01 
9.260E+00   1.905E+01  2.459E-01 
9.368E+00   1.914E+01  2.453E-01 
9.476E+00   1.924E+01  2.447E-01 
9.586E+00   1.934E+01  2.441E-01 
9.698E+00   1.943E+01  2.435E-01 
9.810E+00   1.953E+01  2.428E-01 
9.924E+00   1.963E+01  2.422E-01 
1.004E+01   1.973E+01  2.415E-01 
1.016E+01   1.983E+01  2.409E-01 
1.027E+01   1.993E+01  2.402E-01 
1.039E+01   2.003E+01  2.396E-01 
1.051E+01   2.013E+01  2.389E-01 
1.063E+01   2.023E+01  2.383E-01 
1.076E+01   2.033E+01  2.376E-01 
1.088E+01   2.043E+01  2.369E-01 
1.101E+01   2.053E+01  2.363E-01 
1.114E+01   2.064E+01  2.356E-01 
1.127E+01   2.074E+01  2.349E-01 
1.140E+01   2.084E+01  2.342E-01 
1.153E+01   2.095E+01  2.335E-01 
1.166E+01   2.105E+01  2.328E-01 
1.180E+01   2.116E+01  2.321E-01 
1.193E+01   2.126E+01  2.314E-01 
1.207E+01   2.137E+01  2.307E-01 
1.221E+01   2.147E+01  2.300E-01 
1.235E+01   2.158E+01  2.293E-01 
1.250E+01   2.169E+01  2.286E-01 
1.264E+01   2.180E+01  2.279E-01 
1.279E+01   2.190E+01  2.271E-01 
1.294E+01   2.201E+01  2.264E-01 
1.309E+01   2.212E+01  2.257E-01 
1.324E+01   2.223E+01  2.249E-01 
1.339E+01   2.234E+01  2.242E-01 
1.355E+01   2.245E+01  2.235E-01 
1.371E+01   2.256E+01  2.227E-01 
1.387E+01   2.267E+01  2.220E-01 
1.403E+01   2.278E+01  2.212E-01 
1.419E+01   2.289E+01  2.205E-01 
1.435E+01   2.301E+01  2.197E-01 
1.452E+01   2.312E+01  2.190E-01 
1.469E+01   2.323E+01  2.182E-01 
1.486E+01   2.335E+01  2.174E-01 
1.503E+01   2.346E+01  2.167E-01 
1.521E+01   2.358E+01  2.159E-01 
1.538E+01   2.369E+01  2.151E-01 
1.556E+01   2.381E+01  2.144E-01 
1.574E+01   2.392E+01  2.136E-01 
1.592E+01   2.404E+01  2.128E-01 
1.611E+01   2.415E+01  2.120E-01 
1.629E+01   2.427E+01  2.112E-01 
1.648E+01   2.439E+01  2.104E-01 
1.667E+01   2.451E+01  2.096E-01 
1.687E+01   2.462E+01  2.089E-01 
1.706E+01   2.474E+01  2.081E-01 
1.726E+01   2.486E+01  2.073E-01 
1.746E+01   2.498E+01  2.065E-01 
1.766E+01   2.510E+01  2.057E-01 
1.787E+01   2.522E+01  2.049E-01 
1.808E+01   2.534E+01  2.041E-01 
1.829E+01   2.546E+01  2.033E-01 
1.850E+01   2.559E+01  2.024E-01 
1.871E+01   2.571E+01  2.016E-01 
1.893E+01   2.583E+01  2.008E-01 
1.915E+01   2.595E+01  2.000E-01 
1.937E+01   2.607E+01  1.992E-01 
1.960E+01   2.620E+01  1.984E-01 
1.982E+01   2.632E+01  1.976E-01 
2.005E+01   2.645E+01  1.967E-01 
2.029E+01   2.657E+01  1.959E-01 
2.052E+01   2.670E+01  1.951E-01 
2.076E+01   2.682E+01  1.943E-01 
2.100E+01   2.695E+01  1.935E-01 
2.124E+01   2.707E+01  1.926E-01 
2.149E+01   2.720E+01  1.918E-01 
2.174E+01   2.732E+01  1.910E-01 
2.199E+01   2.745E+01  1.901E-01 
2.225E+01   2.758E+01  1.893E-01 
2.250E+01   2.771E+01  1.885E-01 
2.277E+01   2.783E+01  1.876E-01 
2.303E+01   2.796E+01  1.868E-01 
2.330E+01   2.809E+01  1.860E-01 
2.357E+01   2.822E+01  1.851E-01 
2.384E+01   2.835E+01  1.843E-01 
2.412E+01   2.848E+01  1.835E-01 
2.440E+01   2.861E+01  1.826E-01 
2.468E+01   2.874E+01  1.818E-01 
2.497E+01   2.887E+01  1.810E-01 
2.526E+01   2.900E+01  1.801E-01 
2.555E+01   2.913E+01  1.793E-01 
2.584E+01   2.926E+01  1.784E-01 
2.614E+01   2.939E+01  1.776E-01 
2.645E+01   2.952E+01  1.768E-01 
2.675E+01   2.965E+01  1.759E-01 
2.707E+01   2.978E+01  1.751E-01 
2.738E+01   2.992E+01  1.743E-01 
2.770E+01   3.005E+01  1.734E-01 
2.802E+01   3.018E+01  1.726E-01 
2.834E+01   3.031E+01  1.717E-01 
2.867E+01   3.045E+01  1.709E-01 
2.900E+01   3.058E+01  1.701E-01 
2.934E+01   3.071E+01  1.692E-01 
2.968E+01   3.085E+01  1.684E-01 
3.003E+01   3.098E+01  1.675E-01 
3.037E+01   3.111E+01  1.667E-01 
3.073E+01   3.125E+01  1.659E-01 
3.108E+01   3.138E+01  1.650E-01 
3.144E+01   3.151E+01  1.642E-01 
3.181E+01   3.165E+01  1.634E-01 
3.218E+01   3.178E+01  1.625E-01 
3.255E+01   3.192E+01  1.617E-01 
3.293E+01   3.205E+01  1.609E-01 
3.331E+01   3.218E+01  1.600E-01 
3.370E+01   3.232E+01  1.592E-01 
3.409E+01   3.245E+01  1.584E-01 
3.448E+01   3.259E+01  1.575E-01 
3.488E+01   3.272E+01  1.567E-01 
3.529E+01   3.285E+01  1.559E-01 
3.570E+01   3.299E+01  1.550E-01 
3.611E+01   3.312E+01  1.542E-01 
3.653E+01   3.326E+01  1.534E-01 
3.695E+01   3.339E+01  1.526E-01 
3.738E+01   3.353E+01  1.517E-01 
3.781E+01   3.366E+01  1.509E-01 
3.825E+01   3.379E+01  1.501E-01 
3.870E+01   3.393E+01  1.493E-01 
3.915E+01   3.406E+01  1.484E-01 
3.960E+01   3.419E+01  1.476E-01 
4.006E+01   3.433E+01  1.468E-01 
4.052E+01   3.446E+01  1.460E-01 
4.099E+01   3.459E+01  1.452E-01 
4.147E+01   3.472E+01  1.444E-01 
4.195E+01   3.486E+01  1.436E-01 
4.244E+01   3.499E+01  1.428E-01 
4.293E+01   3.512E+01  1.419E-01 
4.343E+01   3.525E+01  1.411E-01 
4.393E+01   3.538E+01  1.403E-01 
4.444E+01   3.551E+01  1.395E-01 
4.496E+01   3.564E+01  1.387E-01 
4.548E+01   3.577E+01  1.379E-01 
4.600E+01   3.590E+01  1.371E-01 
4.654E+01   3.603E+01  1.363E-01 
4.708E+01   3.616E+01  1.356E-01 
4.762E+01   3.629E+01  1.348E-01 
4.818E+01   3.642E+01  1.340E-01 
4.873E+01   3.654E+01  1.332E-01 
4.930E+01   3.667E+01  1.324E-01 
4.987E+01   3.680E+01  1.316E-01 
5.045E+01   3.692E+01  1.308E-01 
5.104E+01   3.705E+01  1.301E-01 
5.163E+01   3.717E+01  1.293E-01 
5.223E+01   3.730E+01  1.285E-01 
5.283E+01   3.742E+01  1.277E-01 
5.344E+01   3.754E+01  1.270E-01 
5.406E+01   3.767E+01  1.262E-01 
5.469E+01   3.779E+01  1.254E-01 
5.533E+01   3.791E+01  1.247E-01 
5.597E+01   3.803E+01  1.239E-01 
5.662E+01   3.815E+01  1.231E-01 
5.727E+01   3.827E+01  1.224E-01 
5.794E+01   3.838E+01  1.216E-01 
5.861E+01   3.850E+01  1.209E-01 
5.929E+01   3.862E+01  1.201E-01 
5.998E+01   3.873E+01  1.194E-01 
6.067E+01   3.884E+01  1.186E-01 
6.138E+01   3.896E+01  1.179E-01 
6.209E+01   3.907E+01  1.171E-01 
6.281E+01   3.918E+01  1.164E-01 
6.354E+01   3.929E+01  1.157E-01 
6.427E+01   3.940E+01  1.149E-01 
6.502E+01   3.951E+01  1.142E-01 
6.577E+01   3.961E+01  1.135E-01 
6.654E+01   3.972E+01  1.128E-01 
6.731E+01   3.982E+01  1.120E-01 
6.809E+01   3.993E+01  1.113E-01 
6.888E+01   4.003E+01  1.106E-01 
6.968E+01   4.013E+01  1.099E-01 
7.049E+01   4.023E+01  1.092E-01 
7.130E+01   4.033E+01  1.085E-01 
7.213E+01   4.042E+01  1.078E-01 
7.297E+01   4.052E+01  1.070E-01 
7.381E+01   4.061E+01  1.063E-01 
7.467E+01   4.071E+01  1.056E-01 
7.554E+01   4.080E+01  1.050E-01 
7.641E+01   4.089E+01  1.043E-01 
7.730E+01   4.097E+01  1.036E-01 
7.820E+01   4.106E+01  1.029E-01 
7.910E+01   4.115E+01  1.022E-01 
8.002E+01   4.123E+01  1.015E-01 
8.095E+01   4.131E+01  1.008E-01 
8.189E+01   4.139E+01  1.002E-01 
8.284E+01   4.147E+01  9.949E-02 
8.380E+01   4.155E+01  9.882E-02 
8.477E+01   4.162E+01  9.815E-02 
8.575E+01   4.169E+01  9.749E-02 
8.675E+01   4.176E+01  9.683E-02 
8.775E+01   4.183E+01  9.617E-02 
8.877E+01   4.190E+01  9.551E-02 
8.980E+01   4.197E+01  9.486E-02 
9.084E+01   4.203E+01  9.421E-02 
9.190E+01   4.209E+01  9.356E-02 
9.296E+01   4.215E+01  9.292E-02 
9.404E+01   4.221E+01  9.228E-02 
9.513E+01   4.226E+01  9.164E-02 
9.624E+01   4.232E+01  9.101E-02 
9.735E+01   4.237E+01  9.038E-02 
9.848E+01   4.242E+01  8.975E-02 
9.962E+01   4.247E+01  8.912E-02 
1.008E+02   4.251E+01  8.850E-02 
1.019E+02   4.255E+01  8.788E-02 
1.031E+02   4.259E+01  8.726E-02 
1.043E+02   4.263E+01  8.665E-02 
1.055E+02   4.267E+01  8.604E-02 
1.068E+02   4.270E+01  8.543E-02 
1.080E+02   4.273E+01  8.482E-02 
1.093E+02   4.276E+01  8.422E-02 
1.105E+02   4.279E+01  8.362E-02 
1.118E+02   4.281E+01  8.303E-02 
1.131E+02   4.283E+01  8.243E-02 
1.144E+02   4.285E+01  8.184E-02 
1.157E+02   4.287E+01  8.126E-02 
1.171E+02   4.288E+01  8.067E-02 
1.184E+02   4.289E+01  8.009E-02 
1.198E+02   4.290E+01  7.952E-02 
1.212E+02   4.291E+01  7.894E-02 
1.226E+02   4.291E+01  7.837E-02 
1.240E+02   4.291E+01  7.780E-02 
1.255E+02   4.291E+01  7.724E-02 
1.269E+02   4.290E+01  7.667E-02 
1.284E+02   4.290E+01  7.611E-02 
1.299E+02   4.289E+01  7.556E-02 
1.314E+02   4.287E+01  7.500E-02 
1.329E+02   4.286E+01  7.445E-02 
1.345E+02   4.284E+01  7.391E-02 
1.360E+02   4.282E+01  7.336E-02 
1.376E+02   4.280E+01  7.282E-02 
1.392E+02   4.277E+01  7.228E-02 
1.408E+02   4.274E+01  7.175E-02 
1.424E+02   4.271E+01  7.121E-02 
1.441E+02   4.267E+01  7.068E-02 
1.458E+02   4.264E+01  7.016E-02 
1.475E+02   4.259E+01  6.963E-02 
1.492E+02   4.255E+01  6.911E-02 
1.509E+02   4.250E+01  6.860E-02 
1.526E+02   4.246E+01  6.808E-02 
1.544E+02   4.240E+01  6.757E-02 
1.562E+02   4.235E+01  6.706E-02 
1.580E+02   4.229E+01  6.656E-02 
1.598E+02   4.223E+01  6.605E-02 
1.617E+02   4.217E+01  6.556E-02 
1.636E+02   4.210E+01  6.506E-02 
1.655E+02   4.203E+01  6.457E-02 
1.674E+02   4.196E+01  6.407E-02 
1.693E+02   4.188E+01  6.359E-02 
1.713E+02   4.181E+01  6.310E-02 
1.733E+02   4.173E+01  6.262E-02 
1.753E+02   4.164E+01  6.214E-02 
1.773E+02   4.156E+01  6.166E-02 
1.794E+02   4.147E+01  6.119E-02 
1.815E+02   4.138E+01  6.072E-02 
1.836E+02   4.128E+01  6.025E-02 
1.857E+02   4.119E+01  5.979E-02 
1.879E+02   4.109E+01  5.933E-02 
1.900E+02   4.098E+01  5.887E-02 
1.922E+02   4.088E+01  5.841E-02 
1.945E+02   4.077E+01  5.796E-02 
1.967E+02   4.066E+01  5.751E-02 
1.990E+02   4.055E+01  5.706E-02 
2.013E+02   4.043E+01  5.662E-02 
2.036E+02   4.031E+01  5.617E-02 
2.060E+02   4.019E+01  5.574E-02 
2.084E+02   4.007E+01  5.530E-02 
2.108E+02   3.994E+01  5.487E-02 
2.133E+02   3.981E+01  5.444E-02 
2.157E+02   3.968E+01  5.401E-02 
2.182E+02   3.955E+01  5.358E-02 
2.208E+02   3.941E+01  5.316E-02 
2.233E+02   3.928E+01  5.274E-02 
2.259E+02   3.914E+01  5.232E-02 
2.285E+02   3.899E+01  5.191E-02 
2.312E+02   3.885E+01  5.150E-02 
2.339E+02   3.870E+01  5.109E-02 
2.366E+02   3.855E+01  5.068E-02 
2.393E+02   3.840E+01  5.028E-02 
2.421E+02   3.825E+01  5.310E-02 
2.449E+02   3.809E+01  5.267E-02 
2.478E+02   3.794E+01  5.224E-02 
2.506E+02   3.778E+01  5.182E-02 
2.535E+02   3.762E+01  5.140E-02 
2.565E+02   3.746E+01  5.098E-02 
2.595E+02   3.729E+01  5.056E-02 
2.625E+02   3.713E+01  5.015E-02 
2.655E+02   3.696E+01  4.974E-02 
2.686E+02   3.679E+01  4.933E-02 
2.717E+02   3.662E+01  4.892E-02 
2.749E+02   3.645E+01  4.852E-02 
2.780E+02   3.627E+01  4.812E-02 
2.813E+02   3.610E+01  4.772E-02 
2.845E+02   3.592E+01  4.733E-02 
2.878E+02   3.574E+01  4.694E-02 
2.912E+02   3.557E+01  4.655E-02 
2.945E+02   3.539E+01  4.616E-02 
2.980E+02   3.521E+01  4.578E-02 
3.014E+02   3.502E+01  4.540E-02 
3.049E+02   3.484E+01  4.502E-02 
3.085E+02   3.466E+01  4.465E-02 
3.120E+02   3.447E+01  4.428E-02 
3.156E+02   3.429E+01  4.391E-02 
3.193E+02   3.410E+01  4.354E-02 
3.230E+02   3.391E+01  4.317E-02 
3.268E+02   3.373E+01  4.281E-02 
3.306E+02   3.354E+01  4.245E-02 
3.344E+02   3.335E+01  4.210E-02 
3.383E+02   3.316E+01  4.174E-02 
3.422E+02   3.297E+01  4.139E-02 
3.462E+02   3.278E+01  4.104E-02 
3.502E+02   3.259E+01  4.070E-02 
3.542E+02   3.240E+01  4.035E-02 
3.583E+02   3.221E+01  4.001E-02 
3.625E+02   3.202E+01  3.967E-02 
3.667E+02   3.183E+01  3.934E-02 
3.710E+02   3.164E+01  3.900E-02 
3.753E+02   3.145E+01  3.867E-02 
3.796E+02   3.126E+01  3.834E-02 
3.840E+02   3.107E+01  3.802E-02 
3.885E+02   3.088E+01  3.769E-02 
3.930E+02   3.069E+01  3.737E-02 
3.975E+02   3.050E+01  3.705E-02 
4.021E+02   3.031E+01  3.674E-02 
4.068E+02   3.013E+01  3.642E-02 
4.115E+02   2.994E+01  3.611E-02 
4.163E+02   2.975E+01  3.580E-02 
4.211E+02   2.957E+01  3.549E-02 
4.260E+02   2.938E+01  3.519E-02 
4.310E+02   2.920E+01  3.489E-02 
4.360E+02   2.901E+01  3.459E-02 
4.410E+02   2.883E+01  3.429E-02 
4.461E+02   2.865E+01  3.399E-02 
4.513E+02   2.847E+01  3.370E-02 
4.565E+02   2.829E+01  3.341E-02 
4.618E+02   2.811E+01  3.312E-02 
4.672E+02   2.793E+01  3.283E-02 
4.726E+02   2.775E+01  3.255E-02 
4.781E+02   2.758E+01  3.227E-02 
4.836E+02   2.740E+01  3.199E-02 
4.892E+02   2.723E+01  3.171E-02 
4.949E+02   2.706E+01  3.143E-02 
5.007E+02   2.689E+01  3.116E-02 
5.065E+02   2.672E+01  3.089E-02 
5.123E+02   2.655E+01  3.062E-02 
5.183E+02   2.639E+01  3.035E-02 
5.243E+02   2.622E+01  3.009E-02 
5.304E+02   2.606E+01  2.983E-02 
5.365E+02   2.590E+01  2.956E-02 
5.428E+02   2.574E+01  2.931E-02 
5.490E+02   2.558E+01  2.905E-02 
5.554E+02   2.542E+01  2.879E-02 
5.619E+02   2.527E+01  2.854E-02 
5.684E+02   2.511E+01  2.829E-02 
5.750E+02   2.496E+01  2.804E-02 
5.816E+02   2.481E+01  2.780E-02 
5.884E+02   2.466E+01  2.755E-02 
5.952E+02   2.452E+01  2.731E-02 
6.021E+02   2.437E+01  2.707E-02 
6.091E+02   2.423E+01  2.683E-02 
6.162E+02   2.409E+01  2.659E-02 
6.233E+02   2.395E+01  2.636E-02 
6.305E+02   2.381E+01  2.612E-02 
6.378E+02   2.368E+01  2.589E-02 
6.452E+02   2.354E+01  2.566E-02 
6.527E+02   2.341E+01  2.544E-02 
6.603E+02   2.328E+01  2.521E-02 
6.680E+02   2.315E+01  2.499E-02 
6.757E+02   2.303E+01  2.476E-02 
6.835E+02   2.290E+01  2.454E-02 
6.915E+02   2.278E+01  2.433E-02 
6.995E+02   2.266E+01  2.411E-02 
7.076E+02   2.254E+01  2.389E-02 
7.158E+02   2.242E+01  2.368E-02 
7.241E+02   2.231E+01  2.347E-02 
7.325E+02   2.219E+01  2.326E-02 
7.410E+02   2.208E+01  2.305E-02 
7.496E+02   2.197E+01  2.285E-02 
7.583E+02   2.187E+01  2.264E-02 
7.671E+02   2.176E+01  2.244E-02 
7.760E+02   2.166E+01  2.224E-02 
7.850E+02   2.155E+01  2.204E-02 
7.941E+02   2.145E+01  2.184E-02 
8.033E+02   2.136E+01  2.164E-02 
8.126E+02   2.126E+01  2.145E-02 
8.221E+02   2.116E+01  2.126E-02 
8.316E+02   2.107E+01  2.106E-02 
8.412E+02   2.098E+01  2.088E-02 
8.510E+02   2.089E+01  2.069E-02 
8.609E+02   2.080E+01  2.050E-02 
8.709E+02   2.072E+01  2.032E-02 
8.810E+02   2.063E+01  2.013E-02 
8.912E+02   2.055E+01  1.995E-02 
9.015E+02   2.047E+01  1.977E-02 
9.120E+02   2.039E+01  1.959E-02 
9.225E+02   2.031E+01  1.941E-02 
9.332E+02   2.023E+01  1.924E-02 
9.441E+02   2.016E+01  1.906E-02 
9.550E+02   2.009E+01  1.889E-02 
9.661E+02   2.002E+01  1.872E-02 
9.773E+02   1.995E+01  1.855E-02 
9.886E+02   1.988E+01  1.838E-02 
1.000E+03   1.981E+01  1.821E-02 
1.012E+03   1.974E+01  1.805E-02 
1.023E+03   1.965E+01  1.788E-02 
1.035E+03   1.956E+01  1.772E-02 
1.047E+03   1.947E+01  1.756E-02 
1.059E+03   1.937E+01  1.740E-02 
1.072E+03   1.928E+01  1.724E-02 
1.084E+03   1.919E+01  1.708E-02 
1.097E+03   1.909E+01  1.692E-02 
1.109E+03   1.899E+01  1.677E-02 
1.122E+03   1.889E+01  1.662E-02 
1.135E+03   1.880E+01  1.646E-02 
1.149E+03   1.870E+01  1.631E-02 
1.162E+03   1.859E+01  1.616E-02 
1.175E+03   1.849E+01  1.602E-02 
1.189E+03   1.839E+01  1.587E-02 
1.203E+03   1.828E+01  1.572E-02 
1.217E+03   1.818E+01  1.558E-02 
1.231E+03   1.809E+01  1.544E-02 
1.245E+03   1.800E+01  1.529E-02 
1.260E+03   1.791E+01  1.515E-02 
1.274E+03   1.781E+01  1.501E-02 
1.289E+03   1.772E+01  1.487E-02 
1.304E+03   1.763E+01  1.474E-02 
1.319E+03   1.754E+01  1.460E-02 
1.334E+03   1.744E+01  1.447E-02 
1.350E+03   1.735E+01  1.433E-02 
1.365E+03   1.726E+01  1.420E-02 
1.381E+03   1.717E+01  1.407E-02 
1.397E+03   1.708E+01  1.394E-02 
1.414E+03   1.699E+01  1.381E-02 
1.430E+03   1.690E+01  1.368E-02 
1.446E+03   1.681E+01  1.356E-02 
1.463E+03   1.672E+01  1.343E-02 
1.480E+03   1.662E+01  1.331E-02 
1.497E+03   1.654E+01  1.318E-02 
1.515E+03   1.645E+01  1.306E-02 
1.532E+03   1.636E+01  1.294E-02 
1.550E+03   1.627E+01  1.282E-02 
1.568E+03   1.618E+01  1.270E-02 
1.586E+03   1.609E+01  1.258E-02 
1.605E+03   1.600E+01  1.246E-02 
1.623E+03   1.591E+01  1.235E-02 
1.642E+03   1.582E+01  1.223E-02 
1.661E+03   1.573E+01  1.212E-02 
1.680E+03   1.565E+01  1.201E-02 
1.700E+03   1.556E+01  1.189E-02 
1.720E+03   1.547E+01  1.178E-02 
1.740E+03   1.539E+01  1.167E-02 
1.760E+03   1.530E+01  1.156E-02 
1.780E+03   1.521E+01  1.145E-02 
1.801E+03   1.513E+01  1.135E-02 
1.822E+03   1.504E+01  1.124E-02 
1.843E+03   1.495E+01  1.114E-02 
1.864E+03   1.487E+01  1.103E-02 
1.886E+03   1.478E+01  1.093E-02 
1.908E+03   1.470E+01  1.083E-02 
1.930E+03   1.461E+01  1.072E-02 
1.952E+03   1.453E+01  1.062E-02 
1.975E+03   1.444E+01  1.052E-02 
1.998E+03   1.436E+01  1.043E-02 
2.021E+03   1.428E+01  1.033E-02 
2.044E+03   1.419E+01  1.023E-02 
2.068E+03   1.411E+01  1.013E-02 
2.092E+03   1.403E+01  1.004E-02 
2.116E+03   1.394E+01  9.944E-03 
2.141E+03   1.386E+01  9.850E-03 
2.166E+03   1.378E+01  9.758E-03 
2.191E+03   1.370E+01  9.666E-03 
2.216E+03   1.361E+01  9.574E-03 
2.242E+03   1.353E+01  9.484E-03 
2.268E+03   1.345E+01  9.394E-03 
2.294E+03   1.337E+01  9.306E-03 
2.321E+03   1.329E+01  9.218E-03 
2.348E+03   1.321E+01  9.131E-03 
2.375E+03   1.313E+01  9.044E-03 
2.403E+03   1.305E+01  8.959E-03 
2.431E+03   1.297E+01  8.874E-03 
2.459E+03   1.289E+01  8.790E-03 
2.487E+03   1.281E+01  8.707E-03 
2.516E+03   1.273E+01  8.624E-03 
2.545E+03   1.265E+01  8.542E-03 
2.575E+03   1.258E+01  8.461E-03 
2.605E+03   1.250E+01  8.381E-03 
2.635E+03   1.242E+01  8.301E-03 
2.665E+03   1.234E+01  8.223E-03 
2.696E+03   1.227E+01  8.144E-03 
2.728E+03   1.219E+01  8.067E-03 
2.759E+03   1.211E+01  7.990E-03 
2.791E+03   1.204E+01  7.914E-03 
2.824E+03   1.196E+01  7.839E-03 
2.856E+03   1.189E+01  7.764E-03 
2.889E+03   1.181E+01  7.690E-03 
2.923E+03   1.174E+01  7.617E-03 
2.957E+03   1.166E+01  7.545E-03 
2.991E+03   1.159E+01  7.473E-03 
3.026E+03   1.151E+01  7.401E-03 
3.061E+03   1.144E+01  7.331E-03 
3.097E+03   1.137E+01  7.261E-03 
3.132E+03   1.129E+01  7.191E-03 
3.169E+03   1.122E+01  7.123E-03 
3.206E+03   1.115E+01  7.055E-03 
3.243E+03   1.108E+01  6.987E-03 
3.280E+03   1.101E+01  6.920E-03 
3.318E+03   1.093E+01  6.854E-03 
3.357E+03   1.086E+01  6.788E-03 
3.396E+03   1.079E+01  6.723E-03 
3.435E+03   1.072E+01  6.659E-03 
3.475E+03   1.065E+01  6.595E-03 
3.515E+03   1.058E+01  6.532E-03 
3.556E+03   1.051E+01  6.469E-03 
3.597E+03   1.044E+01  6.407E-03 
3.639E+03   1.037E+01  6.346E-03 
3.681E+03   1.031E+01  6.285E-03 
3.724E+03   1.024E+01  6.224E-03 
3.767E+03   1.017E+01  6.165E-03 
3.811E+03   1.010E+01  6.105E-03 
3.855E+03   1.003E+01  6.047E-03 
3.900E+03   9.968E+00  5.988E-03 
3.945E+03   9.901E+00  5.931E-03 
3.991E+03   9.834E+00  5.874E-03 
4.037E+03   9.768E+00  5.817E-03 
4.084E+03   9.703E+00  5.761E-03 
4.131E+03   9.637E+00  5.706E-03 
4.179E+03   9.572E+00  5.651E-03 
4.228E+03   9.507E+00  5.596E-03 
4.277E+03   9.443E+00  5.542E-03 
4.326E+03   9.378E+00  5.489E-03 
4.376E+03   9.315E+00  5.436E-03 
4.427E+03   9.251E+00  5.383E-03 
4.479E+03   9.188E+00  5.331E-03 
4.531E+03   9.125E+00  5.280E-03 
4.583E+03   9.062E+00  5.229E-03 
4.636E+03   9.000E+00  5.178E-03 
4.690E+03   8.938E+00  5.128E-03 
4.744E+03   8.876E+00  5.078E-03 
4.799E+03   8.815E+00  5.029E-03 
4.855E+03   8.754E+00  4.981E-03 
4.911E+03   8.693E+00  4.932E-03 
4.968E+03   8.633E+00  4.885E-03 
5.026E+03   8.573E+00  4.837E-03 
5.084E+03   8.513E+00  4.790E-03 
5.143E+03   8.453E+00  4.744E-03 
5.203E+03   8.394E+00  4.698E-03 
5.263E+03   8.335E+00  4.652E-03 
5.324E+03   8.277E+00  4.607E-03 
5.386E+03   8.219E+00  4.562E-03 
5.449E+03   8.161E+00  4.518E-03 
5.512E+03   8.103E+00  4.474E-03 
5.576E+03   8.046E+00  4.431E-03 
5.640E+03   7.989E+00  4.388E-03 
5.706E+03   7.932E+00  4.345E-03 
5.772E+03   7.876E+00  4.303E-03 
5.839E+03   7.820E+00  4.261E-03 
5.907E+03   7.764E+00  4.219E-03 
5.975E+03   7.709E+00  4.178E-03 
6.045E+03   7.654E+00  4.137E-03 
6.115E+03   7.599E+00  4.097E-03 
6.186E+03   7.544E+00  4.057E-03 
6.257E+03   7.490E+00  4.018E-03 
6.330E+03   7.436E+00  3.978E-03 
6.403E+03   7.382E+00  3.940E-03 
6.478E+03   7.329E+00  3.901E-03 
6.553E+03   7.276E+00  3.863E-03 
6.629E+03   7.223E+00  3.825E-03 
6.706E+03   7.171E+00  3.788E-03 
6.783E+03   7.119E+00  3.751E-03 
6.862E+03   7.067E+00  3.714E-03 
6.942E+03   7.016E+00  3.678E-03 
7.022E+03   6.964E+00  3.642E-03 
7.104E+03   6.914E+00  3.606E-03 
7.186E+03   6.863E+00  3.571E-03 
7.269E+03   6.813E+00  3.536E-03 
7.354E+03   6.763E+00  3.502E-03 
7.439E+03   6.713E+00  3.467E-03 
7.525E+03   6.664E+00  3.433E-03 
7.613E+03   6.614E+00  3.400E-03 
7.701E+03   6.566E+00  3.366E-03 
7.790E+03   6.517E+00  3.333E-03 
7.881E+03   6.469E+00  3.301E-03 
7.972E+03   6.421E+00  3.268E-03 
8.064E+03   6.373E+00  3.236E-03 
8.158E+03   6.326E+00  3.204E-03 
8.253E+03   6.279E+00  3.173E-03 
8.348E+03   6.232E+00  3.142E-03 
8.445E+03   6.185E+00  3.111E-03 
8.543E+03   6.139E+00  3.080E-03 
8.642E+03   6.093E+00  3.050E-03 
8.742E+03   6.047E+00  3.020E-03 
8.844E+03   6.002E+00  2.990E-03 
8.946E+03   5.957E+00  2.961E-03 
9.050E+03   5.912E+00  2.932E-03 
9.155E+03   5.868E+00  2.903E-03 
9.261E+03   5.823E+00  2.874E-03 
9.369E+03   5.779E+00  2.846E-03 
9.477E+03   5.736E+00  2.818E-03 
9.587E+03   5.692E+00  2.790E-03 
9.699E+03   5.649E+00  2.763E-03 
9.811E+03   5.606E+00  2.736E-03 
9.925E+03   5.563E+00  2.709E-03 
1.004E+04   5.521E+00  2.682E-03 
1.016E+04   5.479E+00  2.655E-03 
1.027E+04   5.437E+00  2.629E-03 
1.039E+04   5.396E+00  2.603E-03 
1.051E+04   5.354E+00  2.577E-03 
1.064E+04   5.313E+00  2.552E-03 
1.076E+04   5.273E+00  2.527E-03 
1.088E+04   5.232E+00  2.502E-03 
1.101E+04   5.192E+00  2.477E-03 
1.114E+04   5.152E+00  2.453E-03 
1.127E+04   5.112E+00  2.428E-03 
1.140E+04   5.073E+00  2.404E-03 
1.153E+04   5.034E+00  2.381E-03 
1.166E+04   4.995E+00  2.357E-03 
1.180E+04   4.956E+00  2.334E-03 
1.194E+04   4.918E+00  2.311E-03 
1.207E+04   4.880E+00  2.288E-03 
1.221E+04   4.842E+00  2.265E-03 
1.236E+04   4.804E+00  2.243E-03 
1.250E+04   4.767E+00  2.220E-03 
1.264E+04   4.730E+00  2.198E-03 
1.279E+04   4.693E+00  2.177E-03 
1.294E+04   4.656E+00  2.155E-03 
1.309E+04   4.620E+00  2.134E-03 
1.324E+04   4.584E+00  2.112E-03 
1.340E+04   4.548E+00  2.091E-03 
1.355E+04   4.512E+00  2.071E-03 
1.371E+04   4.477E+00  2.050E-03 
1.387E+04   4.441E+00  2.030E-03 
1.403E+04   4.407E+00  2.010E-03 
1.419E+04   4.372E+00  1.990E-03 
1.435E+04   4.337E+00  1.970E-03 
1.452E+04   4.303E+00  1.950E-03 
1.469E+04   4.269E+00  1.931E-03 
1.486E+04   4.236E+00  1.912E-03 
1.503E+04   4.202E+00  1.893E-03 
1.521E+04   4.169E+00  1.874E-03 
1.538E+04   4.136E+00  1.855E-03 
1.556E+04   4.103E+00  1.837E-03 
1.574E+04   4.070E+00  1.818E-03 
1.592E+04   4.038E+00  1.800E-03 
1.611E+04   4.006E+00  1.782E-03 
1.630E+04   3.974E+00  1.765E-03 
1.649E+04   3.942E+00  1.747E-03 
1.668E+04   3.911E+00  1.730E-03 
1.687E+04   3.880E+00  1.712E-03 
1.707E+04   3.849E+00  1.695E-03 
1.726E+04   3.818E+00  1.678E-03 
1.746E+04   3.788E+00  1.662E-03 
1.767E+04   3.757E+00  1.645E-03 
1.787E+04   3.727E+00  1.629E-03 
1.808E+04   3.697E+00  1.612E-03 
1.829E+04   3.668E+00  1.596E-03 
1.850E+04   3.638E+00  1.580E-03 
1.871E+04   3.609E+00  1.564E-03 
1.893E+04   3.580E+00  1.549E-03 
1.915E+04   3.551E+00  1.533E-03 
1.937E+04   3.522E+00  1.518E-03 
1.960E+04   3.494E+00  1.503E-03 
1.983E+04   3.466E+00  1.488E-03 
2.006E+04   3.438E+00  1.473E-03 
2.029E+04   3.410E+00  1.458E-03 
2.052E+04   3.383E+00  1.444E-03 
2.076E+04   3.355E+00  1.429E-03 
2.100E+04   3.328E+00  1.415E-03 
2.125E+04   3.301E+00  1.401E-03 
2.149E+04   3.274E+00  1.387E-03 
2.174E+04   3.248E+00  1.373E-03 
2.199E+04   3.221E+00  1.359E-03 
2.225E+04   3.195E+00  1.345E-03 
2.251E+04   3.169E+00  1.332E-03 
2.277E+04   3.144E+00  1.318E-03 
2.303E+04   3.118E+00  1.305E-03 
2.330E+04   3.093E+00  1.292E-03 
2.357E+04   3.067E+00  1.279E-03 
2.384E+04   3.042E+00  1.266E-03 
2.412E+04   3.018E+00  1.254E-03 
2.440E+04   2.993E+00  1.241E-03 
2.468E+04   2.969E+00  1.229E-03 
2.497E+04   2.944E+00  1.216E-03 
2.526E+04   2.920E+00  1.204E-03 
2.555E+04   2.896E+00  1.192E-03 
2.585E+04   2.873E+00  1.180E-03 
2.615E+04   2.849E+00  1.168E-03 
2.645E+04   2.826E+00  1.156E-03 
2.676E+04   2.803E+00  1.145E-03 
2.707E+04   2.780E+00  1.133E-03 
2.738E+04   2.757E+00  1.122E-03 
2.770E+04   2.734E+00  1.110E-03 
2.802E+04   2.712E+00  1.099E-03 
2.835E+04   2.690E+00  1.088E-03 
2.867E+04   2.668E+00  1.077E-03 
2.901E+04   2.646E+00  1.066E-03 
2.934E+04   2.624E+00  1.056E-03 
2.968E+04   2.602E+00  1.045E-03 
3.003E+04   2.581E+00  1.034E-03 
3.038E+04   2.560E+00  1.024E-03 
3.073E+04   2.539E+00  1.014E-03 
3.109E+04   2.518E+00  1.003E-03 
3.145E+04   2.497E+00  9.934E-04 
3.181E+04   2.476E+00  9.833E-04 
3.218E+04   2.456E+00  9.734E-04 
3.255E+04   2.436E+00  9.636E-04 
3.293E+04   2.416E+00  9.539E-04 
3.331E+04   2.396E+00  9.442E-04 
3.370E+04   2.376E+00  9.347E-04 
3.409E+04   2.356E+00  9.253E-04 
3.449E+04   2.337E+00  9.159E-04 
3.489E+04   2.318E+00  9.067E-04 
3.529E+04   2.298E+00  8.975E-04 
3.570E+04   2.279E+00  8.884E-04 
3.611E+04   2.261E+00  8.795E-04 
3.653E+04   2.242E+00  8.706E-04 
3.696E+04   2.223E+00  8.618E-04 
3.738E+04   2.205E+00  8.530E-04 
3.782E+04   2.187E+00  8.444E-04 
3.826E+04   2.169E+00  8.359E-04 
3.870E+04   2.151E+00  8.274E-04 
3.915E+04   2.133E+00  8.190E-04 
3.960E+04   2.115E+00  8.107E-04 
4.006E+04   2.098E+00  8.025E-04 
4.053E+04   2.080E+00  7.944E-04 
4.100E+04   2.063E+00  7.864E-04 
4.147E+04   2.046E+00  7.784E-04 
4.195E+04   2.029E+00  7.705E-04 
4.244E+04   2.012E+00  7.627E-04 
4.293E+04   1.996E+00  7.550E-04 
4.343E+04   1.979E+00  7.473E-04 
4.394E+04   1.963E+00  7.397E-04 
4.444E+04   1.947E+00  7.322E-04 
4.496E+04   1.931E+00  7.248E-04 
4.548E+04   1.915E+00  7.175E-04 
4.601E+04   1.899E+00  7.102E-04 
4.654E+04   1.883E+00  7.030E-04 
4.708E+04   1.868E+00  6.958E-04 
4.763E+04   1.852E+00  6.888E-04 
4.818E+04   1.837E+00  6.818E-04 
4.874E+04   1.822E+00  6.749E-04 
4.931E+04   1.807E+00  6.680E-04 
4.988E+04   1.792E+00  6.612E-04 
5.046E+04   1.777E+00  6.545E-04 
5.104E+04   1.762E+00  6.478E-04 
5.163E+04   1.748E+00  6.413E-04 
5.223E+04   1.733E+00  6.347E-04 
5.284E+04   1.719E+00  6.283E-04 
5.345E+04   1.705E+00  6.219E-04 
5.407E+04   1.691E+00  6.156E-04 
5.470E+04   1.677E+00  6.093E-04 
5.533E+04   1.663E+00  6.031E-04 
5.597E+04   1.649E+00  5.970E-04 
5.662E+04   1.636E+00  5.909E-04 
5.728E+04   1.622E+00  5.849E-04 
5.794E+04   1.609E+00  5.789E-04 
5.862E+04   1.595E+00  5.730E-04 
5.930E+04   1.582E+00  5.672E-04 
5.998E+04   1.569E+00  5.614E-04 
6.068E+04   1.556E+00  5.557E-04 
6.138E+04   1.544E+00  5.500E-04 
6.210E+04   1.531E+00  5.444E-04 
6.282E+04   1.518E+00  5.389E-04 
6.354E+04   1.506E+00  5.334E-04 
6.428E+04   1.494E+00  5.280E-04 
6.503E+04   1.481E+00  5.226E-04 
6.578E+04   1.469E+00  5.172E-04 
6.654E+04   1.457E+00  5.120E-04 
6.732E+04   1.445E+00  5.067E-04 
6.810E+04   1.433E+00  5.016E-04 
6.889E+04   1.422E+00  4.965E-04 
6.969E+04   1.410E+00  4.914E-04 
7.049E+04   1.399E+00  4.864E-04 
7.131E+04   1.387E+00  4.814E-04 
7.214E+04   1.376E+00  4.765E-04 
7.298E+04   1.365E+00  4.716E-04 
7.382E+04   1.354E+00  4.668E-04 
7.468E+04   1.343E+00  4.620E-04 
7.555E+04   1.332E+00  4.573E-04 
7.642E+04   1.321E+00  4.526E-04 
7.731E+04   1.310E+00  4.480E-04 
7.820E+04   1.300E+00  4.434E-04 
7.911E+04   1.289E+00  4.389E-04 
8.003E+04   1.279E+00  4.344E-04 
8.096E+04   1.268E+00  4.300E-04 
8.190E+04   1.258E+00  4.256E-04 
8.285E+04   1.248E+00  4.212E-04 
8.381E+04   1.238E+00  4.169E-04 
8.478E+04   1.228E+00  4.126E-04 
8.576E+04   1.218E+00  4.084E-04 
8.676E+04   1.208E+00  4.042E-04 
8.776E+04   1.198E+00  4.001E-04 
8.878E+04   1.189E+00  3.960E-04 
8.981E+04   1.179E+00  3.919E-04 
9.085E+04   1.170E+00  3.879E-04 
9.191E+04   1.161E+00  3.840E-04 
9.297E+04   1.151E+00  3.800E-04 
9.405E+04   1.142E+00  3.761E-04 
9.514E+04   1.133E+00  3.723E-04 
9.625E+04   1.124E+00  3.685E-04 
9.736E+04   1.115E+00  3.647E-04 
9.849E+04   1.106E+00  3.609E-04 
9.963E+04   1.097E+00  3.572E-04 
1.008E+05   1.089E+00  3.536E-04 
