Ion = Hydrogen    . Mass = 1.0079
Tgt = Sn (Solid). Density = 7.2816 g/cm3
Stopping Units =  eV/(1E15 atoms/cm2)
Energy(keV)  S(Elec)    S(Nuc)
1.000E+00   5.993E+00  3.305E-01 
1.012E+00   6.027E+00  3.307E-01 
1.023E+00   6.062E+00  3.310E-01 
1.035E+00   6.097E+00  3.312E-01 
1.047E+00   6.132E+00  3.314E-01 
1.059E+00   6.168E+00  3.316E-01 
1.072E+00   6.204E+00  3.319E-01 
1.084E+00   6.239E+00  3.321E-01 
1.097E+00   6.276E+00  3.323E-01 
1.109E+00   6.312E+00  3.325E-01 
1.122E+00   6.348E+00  3.327E-01 
1.135E+00   6.385E+00  3.329E-01 
1.148E+00   6.422E+00  3.331E-01 
1.162E+00   6.459E+00  3.332E-01 
1.175E+00   6.496E+00  3.334E-01 
1.189E+00   6.534E+00  3.336E-01 
1.203E+00   6.572E+00  3.337E-01 
1.217E+00   6.610E+00  3.339E-01 
1.231E+00   6.648E+00  3.340E-01 
1.245E+00   6.686E+00  3.342E-01 
1.259E+00   6.725E+00  3.343E-01 
1.274E+00   6.764E+00  3.344E-01 
1.289E+00   6.803E+00  3.346E-01 
1.304E+00   6.842E+00  3.347E-01 
1.319E+00   6.882E+00  3.348E-01 
1.334E+00   6.922E+00  3.349E-01 
1.350E+00   6.962E+00  3.350E-01 
1.365E+00   7.002E+00  3.351E-01 
1.381E+00   7.043E+00  3.352E-01 
1.397E+00   7.083E+00  3.353E-01 
1.413E+00   7.124E+00  3.354E-01 
1.430E+00   7.166E+00  3.354E-01 
1.446E+00   7.207E+00  3.355E-01 
1.463E+00   7.249E+00  3.355E-01 
1.480E+00   7.291E+00  3.356E-01 
1.497E+00   7.333E+00  3.356E-01 
1.515E+00   7.375E+00  3.357E-01 
1.532E+00   7.418E+00  3.357E-01 
1.550E+00   7.461E+00  3.357E-01 
1.568E+00   7.504E+00  3.358E-01 
1.586E+00   7.547E+00  3.358E-01 
1.605E+00   7.591E+00  3.358E-01 
1.623E+00   7.635E+00  3.358E-01 
1.642E+00   7.679E+00  3.358E-01 
1.661E+00   7.723E+00  3.358E-01 
1.680E+00   7.768E+00  3.357E-01 
1.700E+00   7.813E+00  3.357E-01 
1.719E+00   7.858E+00  3.357E-01 
1.739E+00   7.904E+00  3.356E-01 
1.760E+00   7.949E+00  3.356E-01 
1.780E+00   7.995E+00  3.356E-01 
1.801E+00   8.041E+00  3.355E-01 
1.822E+00   8.088E+00  3.354E-01 
1.843E+00   8.135E+00  3.354E-01 
1.864E+00   8.182E+00  3.353E-01 
1.886E+00   8.229E+00  3.352E-01 
1.908E+00   8.277E+00  3.351E-01 
1.930E+00   8.324E+00  3.350E-01 
1.952E+00   8.373E+00  3.349E-01 
1.975E+00   8.421E+00  3.348E-01 
1.998E+00   8.470E+00  3.347E-01 
2.021E+00   8.519E+00  3.345E-01 
2.044E+00   8.568E+00  3.344E-01 
2.068E+00   8.618E+00  3.343E-01 
2.092E+00   8.668E+00  3.341E-01 
2.116E+00   8.718E+00  3.340E-01 
2.141E+00   8.769E+00  3.338E-01 
2.166E+00   8.819E+00  3.336E-01 
2.191E+00   8.870E+00  3.335E-01 
2.216E+00   8.922E+00  3.333E-01 
2.242E+00   8.974E+00  3.331E-01 
2.268E+00   9.026E+00  3.329E-01 
2.294E+00   9.078E+00  3.327E-01 
2.321E+00   9.131E+00  3.325E-01 
2.348E+00   9.184E+00  3.323E-01 
2.375E+00   9.237E+00  3.320E-01 
2.402E+00   9.290E+00  3.318E-01 
2.430E+00   9.344E+00  3.316E-01 
2.458E+00   9.399E+00  3.313E-01 
2.487E+00   9.453E+00  3.311E-01 
2.516E+00   9.508E+00  3.308E-01 
2.545E+00   9.563E+00  3.306E-01 
2.574E+00   9.619E+00  3.303E-01 
2.604E+00   9.674E+00  3.300E-01 
2.635E+00   9.730E+00  3.297E-01 
2.665E+00   9.787E+00  3.294E-01 
2.696E+00   9.844E+00  3.291E-01 
2.727E+00   9.901E+00  3.288E-01 
2.759E+00   9.958E+00  3.285E-01 
2.791E+00   1.002E+01  3.282E-01 
2.823E+00   1.007E+01  3.279E-01 
2.856E+00   1.013E+01  3.275E-01 
2.889E+00   1.019E+01  3.272E-01 
2.923E+00   1.025E+01  3.268E-01 
2.957E+00   1.031E+01  3.265E-01 
2.991E+00   1.037E+01  3.261E-01 
3.026E+00   1.043E+01  3.258E-01 
3.061E+00   1.049E+01  3.254E-01 
3.096E+00   1.055E+01  3.250E-01 
3.132E+00   1.061E+01  3.246E-01 
3.168E+00   1.067E+01  3.242E-01 
3.205E+00   1.074E+01  3.238E-01 
3.242E+00   1.080E+01  3.234E-01 
3.280E+00   1.086E+01  3.230E-01 
3.318E+00   1.092E+01  3.225E-01 
3.356E+00   1.099E+01  3.221E-01 
3.395E+00   1.105E+01  3.217E-01 
3.435E+00   1.112E+01  3.212E-01 
3.475E+00   1.118E+01  3.208E-01 
3.515E+00   1.124E+01  3.203E-01 
3.556E+00   1.131E+01  3.198E-01 
3.597E+00   1.138E+01  3.194E-01 
3.639E+00   1.144E+01  3.189E-01 
3.681E+00   1.151E+01  3.184E-01 
3.724E+00   1.157E+01  3.179E-01 
3.767E+00   1.164E+01  3.174E-01 
3.810E+00   1.171E+01  3.169E-01 
3.855E+00   1.178E+01  3.164E-01 
3.899E+00   1.184E+01  3.159E-01 
3.945E+00   1.191E+01  3.153E-01 
3.990E+00   1.198E+01  3.148E-01 
4.037E+00   1.205E+01  3.143E-01 
4.083E+00   1.212E+01  3.137E-01 
4.131E+00   1.219E+01  3.132E-01 
4.179E+00   1.226E+01  3.126E-01 
4.227E+00   1.233E+01  3.120E-01 
4.276E+00   1.241E+01  3.115E-01 
4.326E+00   1.248E+01  3.109E-01 
4.376E+00   1.255E+01  3.103E-01 
4.427E+00   1.262E+01  3.097E-01 
4.478E+00   1.269E+01  3.091E-01 
4.530E+00   1.277E+01  3.085E-01 
4.583E+00   1.284E+01  3.079E-01 
4.636E+00   1.292E+01  3.072E-01 
4.690E+00   1.299E+01  3.066E-01 
4.744E+00   1.307E+01  3.060E-01 
4.799E+00   1.314E+01  3.054E-01 
4.855E+00   1.322E+01  3.047E-01 
4.911E+00   1.329E+01  3.041E-01 
4.968E+00   1.337E+01  3.034E-01 
5.026E+00   1.345E+01  3.027E-01 
5.084E+00   1.353E+01  3.021E-01 
5.143E+00   1.360E+01  3.014E-01 
5.202E+00   1.368E+01  3.007E-01 
5.263E+00   1.376E+01  3.000E-01 
5.324E+00   1.384E+01  2.993E-01 
5.386E+00   1.392E+01  2.986E-01 
5.448E+00   1.400E+01  2.979E-01 
5.511E+00   1.408E+01  2.972E-01 
5.575E+00   1.416E+01  2.965E-01 
5.640E+00   1.425E+01  2.958E-01 
5.705E+00   1.433E+01  2.950E-01 
5.771E+00   1.441E+01  2.943E-01 
5.838E+00   1.449E+01  2.936E-01 
5.906E+00   1.458E+01  2.928E-01 
5.975E+00   1.466E+01  2.921E-01 
6.044E+00   1.475E+01  2.913E-01 
6.114E+00   1.483E+01  2.906E-01 
6.185E+00   1.492E+01  2.898E-01 
6.257E+00   1.500E+01  2.890E-01 
6.329E+00   1.509E+01  2.882E-01 
6.403E+00   1.517E+01  2.875E-01 
6.477E+00   1.526E+01  2.867E-01 
6.552E+00   1.535E+01  2.859E-01 
6.628E+00   1.544E+01  2.851E-01 
6.705E+00   1.553E+01  2.843E-01 
6.783E+00   1.562E+01  2.835E-01 
6.861E+00   1.571E+01  2.827E-01 
6.941E+00   1.580E+01  2.818E-01 
7.021E+00   1.589E+01  2.810E-01 
7.103E+00   1.598E+01  2.802E-01 
7.185E+00   1.607E+01  2.793E-01 
7.269E+00   1.616E+01  2.785E-01 
7.353E+00   1.625E+01  2.777E-01 
7.438E+00   1.635E+01  2.768E-01 
7.524E+00   1.644E+01  2.760E-01 
7.612E+00   1.653E+01  2.751E-01 
7.700E+00   1.663E+01  2.743E-01 
7.789E+00   1.672E+01  2.734E-01 
7.880E+00   1.682E+01  2.725E-01 
7.971E+00   1.692E+01  2.717E-01 
8.064E+00   1.701E+01  2.708E-01 
8.157E+00   1.711E+01  2.699E-01 
8.252E+00   1.721E+01  2.690E-01 
8.347E+00   1.730E+01  2.681E-01 
8.444E+00   1.740E+01  2.672E-01 
8.542E+00   1.750E+01  2.663E-01 
8.641E+00   1.760E+01  2.654E-01 
8.741E+00   1.770E+01  2.645E-01 
8.843E+00   1.780E+01  2.636E-01 
8.945E+00   1.790E+01  2.627E-01 
9.049E+00   1.800E+01  2.618E-01 
9.154E+00   1.811E+01  2.609E-01 
9.260E+00   1.821E+01  2.600E-01 
9.368E+00   1.831E+01  2.590E-01 
9.476E+00   1.842E+01  2.581E-01 
9.586E+00   1.852E+01  2.572E-01 
9.698E+00   1.862E+01  2.562E-01 
9.810E+00   1.873E+01  2.553E-01 
9.924E+00   1.884E+01  2.544E-01 
1.004E+01   1.894E+01  2.534E-01 
1.016E+01   1.905E+01  2.525E-01 
1.027E+01   1.916E+01  2.515E-01 
1.039E+01   1.926E+01  2.506E-01 
1.051E+01   1.937E+01  2.496E-01 
1.063E+01   1.948E+01  2.487E-01 
1.076E+01   1.959E+01  2.477E-01 
1.088E+01   1.970E+01  2.467E-01 
1.101E+01   1.981E+01  2.458E-01 
1.114E+01   1.992E+01  2.448E-01 
1.127E+01   2.003E+01  2.438E-01 
1.140E+01   2.014E+01  2.429E-01 
1.153E+01   2.026E+01  2.419E-01 
1.166E+01   2.037E+01  2.409E-01 
1.180E+01   2.048E+01  2.399E-01 
1.193E+01   2.060E+01  2.389E-01 
1.207E+01   2.071E+01  2.380E-01 
1.221E+01   2.083E+01  2.370E-01 
1.235E+01   2.094E+01  2.360E-01 
1.250E+01   2.106E+01  2.350E-01 
1.264E+01   2.118E+01  2.340E-01 
1.279E+01   2.129E+01  2.330E-01 
1.294E+01   2.141E+01  2.320E-01 
1.309E+01   2.153E+01  2.310E-01 
1.324E+01   2.165E+01  2.300E-01 
1.339E+01   2.177E+01  2.290E-01 
1.355E+01   2.189E+01  2.281E-01 
1.371E+01   2.201E+01  2.271E-01 
1.387E+01   2.213E+01  2.261E-01 
1.403E+01   2.225E+01  2.251E-01 
1.419E+01   2.237E+01  2.240E-01 
1.435E+01   2.249E+01  2.230E-01 
1.452E+01   2.261E+01  2.220E-01 
1.469E+01   2.274E+01  2.210E-01 
1.486E+01   2.286E+01  2.200E-01 
1.503E+01   2.298E+01  2.190E-01 
1.521E+01   2.311E+01  2.180E-01 
1.538E+01   2.323E+01  2.170E-01 
1.556E+01   2.336E+01  2.160E-01 
1.574E+01   2.348E+01  2.150E-01 
1.592E+01   2.361E+01  2.140E-01 
1.611E+01   2.374E+01  2.130E-01 
1.629E+01   2.387E+01  2.120E-01 
1.648E+01   2.399E+01  2.110E-01 
1.667E+01   2.412E+01  2.099E-01 
1.687E+01   2.425E+01  2.089E-01 
1.706E+01   2.438E+01  2.079E-01 
1.726E+01   2.451E+01  2.069E-01 
1.746E+01   2.464E+01  2.059E-01 
1.766E+01   2.477E+01  2.049E-01 
1.787E+01   2.490E+01  2.039E-01 
1.808E+01   2.503E+01  2.029E-01 
1.829E+01   2.516E+01  2.019E-01 
1.850E+01   2.530E+01  2.009E-01 
1.871E+01   2.543E+01  1.998E-01 
1.893E+01   2.556E+01  1.988E-01 
1.915E+01   2.569E+01  1.978E-01 
1.937E+01   2.583E+01  1.968E-01 
1.960E+01   2.596E+01  1.958E-01 
1.982E+01   2.610E+01  1.948E-01 
2.005E+01   2.623E+01  1.938E-01 
2.029E+01   2.637E+01  1.928E-01 
2.052E+01   2.650E+01  1.918E-01 
2.076E+01   2.664E+01  1.908E-01 
2.100E+01   2.678E+01  1.898E-01 
2.124E+01   2.691E+01  1.888E-01 
2.149E+01   2.705E+01  1.878E-01 
2.174E+01   2.719E+01  1.868E-01 
2.199E+01   2.732E+01  1.858E-01 
2.225E+01   2.746E+01  1.848E-01 
2.250E+01   2.760E+01  1.838E-01 
2.277E+01   2.774E+01  1.828E-01 
2.303E+01   2.788E+01  1.818E-01 
2.330E+01   2.802E+01  1.809E-01 
2.357E+01   2.815E+01  1.799E-01 
2.384E+01   2.829E+01  1.789E-01 
2.412E+01   2.843E+01  1.779E-01 
2.440E+01   2.857E+01  1.769E-01 
2.468E+01   2.871E+01  1.759E-01 
2.497E+01   2.885E+01  1.749E-01 
2.526E+01   2.899E+01  1.740E-01 
2.555E+01   2.914E+01  1.730E-01 
2.584E+01   2.928E+01  1.720E-01 
2.614E+01   2.942E+01  1.710E-01 
2.645E+01   2.956E+01  1.701E-01 
2.675E+01   2.970E+01  1.691E-01 
2.707E+01   2.984E+01  1.681E-01 
2.738E+01   2.998E+01  1.672E-01 
2.770E+01   3.012E+01  1.662E-01 
2.802E+01   3.026E+01  1.653E-01 
2.834E+01   3.041E+01  1.643E-01 
2.867E+01   3.055E+01  1.633E-01 
2.900E+01   3.069E+01  1.624E-01 
2.934E+01   3.083E+01  1.614E-01 
2.968E+01   3.097E+01  1.605E-01 
3.003E+01   3.111E+01  1.595E-01 
3.037E+01   3.125E+01  1.586E-01 
3.073E+01   3.140E+01  1.577E-01 
3.108E+01   3.154E+01  1.567E-01 
3.144E+01   3.168E+01  1.558E-01 
3.181E+01   3.182E+01  1.548E-01 
3.218E+01   3.196E+01  1.539E-01 
3.255E+01   3.210E+01  1.530E-01 
3.293E+01   3.224E+01  1.521E-01 
3.331E+01   3.238E+01  1.511E-01 
3.370E+01   3.252E+01  1.502E-01 
3.409E+01   3.266E+01  1.493E-01 
3.448E+01   3.280E+01  1.484E-01 
3.488E+01   3.294E+01  1.475E-01 
3.529E+01   3.308E+01  1.466E-01 
3.570E+01   3.322E+01  1.456E-01 
3.611E+01   3.336E+01  1.447E-01 
3.653E+01   3.350E+01  1.438E-01 
3.695E+01   3.363E+01  1.429E-01 
3.738E+01   3.377E+01  1.420E-01 
3.781E+01   3.391E+01  1.412E-01 
3.825E+01   3.404E+01  1.403E-01 
3.870E+01   3.418E+01  1.394E-01 
3.915E+01   3.432E+01  1.385E-01 
3.960E+01   3.445E+01  1.376E-01 
4.006E+01   3.459E+01  1.367E-01 
4.052E+01   3.472E+01  1.359E-01 
4.099E+01   3.485E+01  1.350E-01 
4.147E+01   3.498E+01  1.341E-01 
4.195E+01   3.512E+01  1.333E-01 
4.244E+01   3.525E+01  1.324E-01 
4.293E+01   3.538E+01  1.315E-01 
4.343E+01   3.551E+01  1.307E-01 
4.393E+01   3.564E+01  1.298E-01 
4.444E+01   3.577E+01  1.290E-01 
4.496E+01   3.589E+01  1.281E-01 
4.548E+01   3.602E+01  1.273E-01 
4.600E+01   3.615E+01  1.265E-01 
4.654E+01   3.627E+01  1.256E-01 
4.708E+01   3.639E+01  1.248E-01 
4.762E+01   3.652E+01  1.240E-01 
4.818E+01   3.664E+01  1.231E-01 
4.873E+01   3.676E+01  1.223E-01 
4.930E+01   3.688E+01  1.215E-01 
4.987E+01   3.700E+01  1.207E-01 
5.045E+01   3.712E+01  1.199E-01 
5.104E+01   3.723E+01  1.191E-01 
5.163E+01   3.735E+01  1.183E-01 
5.223E+01   3.746E+01  1.175E-01 
5.283E+01   3.757E+01  1.167E-01 
5.344E+01   3.769E+01  1.159E-01 
5.406E+01   3.780E+01  1.151E-01 
5.469E+01   3.791E+01  1.143E-01 
5.533E+01   3.801E+01  1.135E-01 
5.597E+01   3.812E+01  1.127E-01 
5.662E+01   3.822E+01  1.120E-01 
5.727E+01   3.833E+01  1.112E-01 
5.794E+01   3.843E+01  1.104E-01 
5.861E+01   3.853E+01  1.097E-01 
5.929E+01   3.863E+01  1.089E-01 
5.998E+01   3.873E+01  1.081E-01 
6.067E+01   3.882E+01  1.074E-01 
6.138E+01   3.892E+01  1.066E-01 
6.209E+01   3.901E+01  1.059E-01 
6.281E+01   3.910E+01  1.051E-01 
6.354E+01   3.919E+01  1.044E-01 
6.427E+01   3.927E+01  1.037E-01 
6.502E+01   3.936E+01  1.029E-01 
6.577E+01   3.944E+01  1.022E-01 
6.654E+01   3.952E+01  1.015E-01 
6.731E+01   3.960E+01  1.008E-01 
6.809E+01   3.968E+01  1.000E-01 
6.888E+01   3.976E+01  9.932E-02 
6.968E+01   3.983E+01  9.861E-02 
7.049E+01   3.990E+01  9.790E-02 
7.130E+01   3.997E+01  9.720E-02 
7.213E+01   4.004E+01  9.650E-02 
7.297E+01   4.011E+01  9.580E-02 
7.381E+01   4.017E+01  9.511E-02 
7.467E+01   4.023E+01  9.442E-02 
7.554E+01   4.029E+01  9.374E-02 
7.641E+01   4.035E+01  9.305E-02 
7.730E+01   4.040E+01  9.238E-02 
7.820E+01   4.046E+01  9.170E-02 
7.910E+01   4.051E+01  9.103E-02 
8.002E+01   4.056E+01  9.036E-02 
8.095E+01   4.060E+01  8.970E-02 
8.189E+01   4.065E+01  8.904E-02 
8.284E+01   4.069E+01  8.838E-02 
8.380E+01   4.073E+01  8.773E-02 
8.477E+01   4.076E+01  8.708E-02 
8.575E+01   4.080E+01  8.644E-02 
8.675E+01   4.083E+01  8.580E-02 
8.775E+01   4.086E+01  8.516E-02 
8.877E+01   4.088E+01  8.452E-02 
8.980E+01   4.091E+01  8.389E-02 
9.084E+01   4.093E+01  8.327E-02 
9.190E+01   4.095E+01  8.264E-02 
9.296E+01   4.096E+01  8.202E-02 
9.404E+01   4.098E+01  8.141E-02 
9.513E+01   4.099E+01  8.079E-02 
9.624E+01   4.100E+01  8.018E-02 
9.735E+01   4.100E+01  7.958E-02 
9.848E+01   4.101E+01  7.898E-02 
9.962E+01   4.101E+01  7.838E-02 
1.008E+02   4.101E+01  7.778E-02 
1.019E+02   4.100E+01  7.719E-02 
1.031E+02   4.100E+01  7.660E-02 
1.043E+02   4.099E+01  7.602E-02 
1.055E+02   4.098E+01  7.544E-02 
1.068E+02   4.096E+01  7.486E-02 
1.080E+02   4.094E+01  7.429E-02 
1.093E+02   4.092E+01  7.372E-02 
1.105E+02   4.090E+01  7.315E-02 
1.118E+02   4.088E+01  7.259E-02 
1.131E+02   4.085E+01  7.203E-02 
1.144E+02   4.082E+01  7.147E-02 
1.157E+02   4.078E+01  7.092E-02 
1.171E+02   4.075E+01  7.037E-02 
1.184E+02   4.071E+01  6.982E-02 
1.198E+02   4.067E+01  6.928E-02 
1.212E+02   4.063E+01  6.874E-02 
1.226E+02   4.058E+01  6.820E-02 
1.240E+02   4.053E+01  6.767E-02 
1.255E+02   4.048E+01  6.714E-02 
1.269E+02   4.043E+01  6.662E-02 
1.284E+02   4.037E+01  6.609E-02 
1.299E+02   4.031E+01  6.557E-02 
1.314E+02   4.025E+01  6.506E-02 
1.329E+02   4.019E+01  6.455E-02 
1.345E+02   4.012E+01  6.404E-02 
1.360E+02   4.005E+01  6.353E-02 
1.376E+02   3.998E+01  6.303E-02 
1.392E+02   3.991E+01  6.253E-02 
1.408E+02   3.983E+01  6.203E-02 
1.424E+02   3.976E+01  6.154E-02 
1.441E+02   3.968E+01  6.105E-02 
1.458E+02   3.959E+01  6.057E-02 
1.475E+02   3.951E+01  6.008E-02 
1.492E+02   3.942E+01  5.960E-02 
1.509E+02   3.933E+01  5.913E-02 
1.526E+02   3.924E+01  5.865E-02 
1.544E+02   3.915E+01  5.818E-02 
1.562E+02   3.905E+01  5.772E-02 
1.580E+02   3.895E+01  5.725E-02 
1.598E+02   3.885E+01  5.679E-02 
1.617E+02   3.875E+01  5.816E-02 
1.636E+02   3.865E+01  5.769E-02 
1.655E+02   3.854E+01  5.722E-02 
1.674E+02   3.843E+01  5.675E-02 
1.693E+02   3.833E+01  5.629E-02 
1.713E+02   3.821E+01  5.583E-02 
1.733E+02   3.810E+01  5.537E-02 
1.753E+02   3.799E+01  5.492E-02 
1.773E+02   3.787E+01  5.447E-02 
1.794E+02   3.775E+01  5.402E-02 
1.815E+02   3.763E+01  5.358E-02 
1.836E+02   3.751E+01  5.314E-02 
1.857E+02   3.739E+01  5.270E-02 
1.879E+02   3.726E+01  5.227E-02 
1.900E+02   3.714E+01  5.183E-02 
1.922E+02   3.701E+01  5.140E-02 
1.945E+02   3.688E+01  5.098E-02 
1.967E+02   3.675E+01  5.056E-02 
1.990E+02   3.662E+01  5.014E-02 
2.013E+02   3.649E+01  4.972E-02 
2.036E+02   3.635E+01  4.931E-02 
2.060E+02   3.622E+01  4.890E-02 
2.084E+02   3.608E+01  4.849E-02 
2.108E+02   3.594E+01  4.808E-02 
2.133E+02   3.580E+01  4.768E-02 
2.157E+02   3.566E+01  4.728E-02 
2.182E+02   3.552E+01  4.689E-02 
2.208E+02   3.538E+01  4.649E-02 
2.233E+02   3.524E+01  4.610E-02 
2.259E+02   3.510E+01  4.571E-02 
2.285E+02   3.495E+01  4.533E-02 
2.312E+02   3.481E+01  4.495E-02 
2.339E+02   3.466E+01  4.457E-02 
2.366E+02   3.452E+01  4.419E-02 
2.393E+02   3.437E+01  4.382E-02 
2.421E+02   3.422E+01  4.345E-02 
2.449E+02   3.407E+01  4.308E-02 
2.478E+02   3.392E+01  4.271E-02 
2.506E+02   3.378E+01  4.235E-02 
2.535E+02   3.363E+01  4.199E-02 
2.565E+02   3.348E+01  4.163E-02 
2.595E+02   3.332E+01  4.128E-02 
2.625E+02   3.317E+01  4.093E-02 
2.655E+02   3.302E+01  4.058E-02 
2.686E+02   3.287E+01  4.023E-02 
2.717E+02   3.272E+01  3.989E-02 
2.749E+02   3.257E+01  3.954E-02 
2.780E+02   3.241E+01  3.921E-02 
2.813E+02   3.226E+01  3.887E-02 
2.845E+02   3.211E+01  3.854E-02 
2.878E+02   3.196E+01  3.820E-02 
2.912E+02   3.180E+01  3.788E-02 
2.945E+02   3.165E+01  3.755E-02 
2.980E+02   3.150E+01  3.723E-02 
3.014E+02   3.134E+01  3.690E-02 
3.049E+02   3.119E+01  3.659E-02 
3.085E+02   3.104E+01  3.627E-02 
3.120E+02   3.088E+01  3.596E-02 
3.156E+02   3.073E+01  3.564E-02 
3.193E+02   3.058E+01  3.534E-02 
3.230E+02   3.042E+01  3.503E-02 
3.268E+02   3.027E+01  3.472E-02 
3.306E+02   3.012E+01  3.442E-02 
3.344E+02   2.997E+01  3.412E-02 
3.383E+02   2.981E+01  3.383E-02 
3.422E+02   2.966E+01  3.353E-02 
3.462E+02   2.951E+01  3.324E-02 
3.502E+02   2.936E+01  3.295E-02 
3.542E+02   2.921E+01  3.266E-02 
3.583E+02   2.906E+01  3.237E-02 
3.625E+02   2.891E+01  3.209E-02 
3.667E+02   2.876E+01  3.181E-02 
3.710E+02   2.861E+01  3.153E-02 
3.753E+02   2.846E+01  3.125E-02 
3.796E+02   2.831E+01  3.098E-02 
3.840E+02   2.816E+01  3.071E-02 
3.885E+02   2.801E+01  3.044E-02 
3.930E+02   2.787E+01  3.017E-02 
3.975E+02   2.772E+01  2.990E-02 
4.021E+02   2.757E+01  2.964E-02 
4.068E+02   2.742E+01  2.938E-02 
4.115E+02   2.728E+01  2.912E-02 
4.163E+02   2.713E+01  2.886E-02 
4.211E+02   2.699E+01  2.861E-02 
4.260E+02   2.684E+01  2.835E-02 
4.310E+02   2.670E+01  2.810E-02 
4.360E+02   2.655E+01  2.785E-02 
4.410E+02   2.641E+01  2.761E-02 
4.461E+02   2.627E+01  2.736E-02 
4.513E+02   2.613E+01  2.712E-02 
4.565E+02   2.599E+01  2.688E-02 
4.618E+02   2.584E+01  2.664E-02 
4.672E+02   2.570E+01  2.640E-02 
4.726E+02   2.556E+01  2.616E-02 
4.781E+02   2.542E+01  2.593E-02 
4.836E+02   2.529E+01  2.570E-02 
4.892E+02   2.515E+01  2.547E-02 
4.949E+02   2.501E+01  2.524E-02 
5.007E+02   2.487E+01  2.502E-02 
5.065E+02   2.473E+01  2.479E-02 
5.123E+02   2.460E+01  2.457E-02 
5.183E+02   2.446E+01  2.435E-02 
5.243E+02   2.433E+01  2.413E-02 
5.304E+02   2.419E+01  2.391E-02 
5.365E+02   2.406E+01  2.370E-02 
5.428E+02   2.393E+01  2.349E-02 
5.490E+02   2.379E+01  2.328E-02 
5.554E+02   2.366E+01  2.307E-02 
5.619E+02   2.353E+01  2.286E-02 
5.684E+02   2.340E+01  2.265E-02 
5.750E+02   2.327E+01  2.245E-02 
5.816E+02   2.314E+01  2.224E-02 
5.884E+02   2.301E+01  2.204E-02 
5.952E+02   2.288E+01  2.184E-02 
6.021E+02   2.275E+01  2.165E-02 
6.091E+02   2.262E+01  2.145E-02 
6.162E+02   2.249E+01  2.126E-02 
6.233E+02   2.237E+01  2.106E-02 
6.305E+02   2.224E+01  2.087E-02 
6.378E+02   2.212E+01  2.068E-02 
6.452E+02   2.199E+01  2.050E-02 
6.527E+02   2.187E+01  2.031E-02 
6.603E+02   2.174E+01  2.013E-02 
6.680E+02   2.162E+01  1.994E-02 
6.757E+02   2.150E+01  1.976E-02 
6.835E+02   2.137E+01  1.958E-02 
6.915E+02   2.125E+01  1.940E-02 
6.995E+02   2.113E+01  1.923E-02 
7.076E+02   2.101E+01  1.905E-02 
7.158E+02   2.089E+01  1.888E-02 
7.241E+02   2.077E+01  1.870E-02 
7.325E+02   2.065E+01  1.853E-02 
7.410E+02   2.053E+01  1.836E-02 
7.496E+02   2.042E+01  1.819E-02 
7.583E+02   2.030E+01  1.803E-02 
7.671E+02   2.018E+01  1.786E-02 
7.760E+02   2.007E+01  1.770E-02 
7.850E+02   1.995E+01  1.754E-02 
7.941E+02   1.984E+01  1.738E-02 
8.033E+02   1.972E+01  1.722E-02 
8.126E+02   1.961E+01  1.706E-02 
8.221E+02   1.949E+01  1.690E-02 
8.316E+02   1.938E+01  1.675E-02 
8.412E+02   1.927E+01  1.659E-02 
8.510E+02   1.915E+01  1.644E-02 
8.609E+02   1.904E+01  1.629E-02 
8.709E+02   1.893E+01  1.614E-02 
8.810E+02   1.882E+01  1.599E-02 
8.912E+02   1.871E+01  1.584E-02 
9.015E+02   1.860E+01  1.569E-02 
9.120E+02   1.849E+01  1.555E-02 
9.225E+02   1.838E+01  1.541E-02 
9.332E+02   1.828E+01  1.526E-02 
9.441E+02   1.817E+01  1.512E-02 
9.550E+02   1.806E+01  1.498E-02 
9.661E+02   1.796E+01  1.484E-02 
9.773E+02   1.785E+01  1.470E-02 
9.886E+02   1.774E+01  1.457E-02 
1.000E+03   1.764E+01  1.443E-02 
1.012E+03   1.754E+01  1.430E-02 
1.023E+03   1.745E+01  1.417E-02 
1.035E+03   1.735E+01  1.403E-02 
1.047E+03   1.726E+01  1.390E-02 
1.059E+03   1.716E+01  1.377E-02 
1.072E+03   1.707E+01  1.365E-02 
1.084E+03   1.697E+01  1.352E-02 
1.097E+03   1.687E+01  1.339E-02 
1.109E+03   1.677E+01  1.327E-02 
1.122E+03   1.667E+01  1.314E-02 
1.135E+03   1.657E+01  1.302E-02 
1.149E+03   1.646E+01  1.290E-02 
1.162E+03   1.636E+01  1.278E-02 
1.175E+03   1.625E+01  1.266E-02 
1.189E+03   1.614E+01  1.254E-02 
1.203E+03   1.604E+01  1.242E-02 
1.217E+03   1.594E+01  1.231E-02 
1.231E+03   1.584E+01  1.219E-02 
1.245E+03   1.575E+01  1.208E-02 
1.260E+03   1.565E+01  1.197E-02 
1.274E+03   1.556E+01  1.185E-02 
1.289E+03   1.547E+01  1.174E-02 
1.304E+03   1.537E+01  1.163E-02 
1.319E+03   1.528E+01  1.152E-02 
1.334E+03   1.519E+01  1.141E-02 
1.350E+03   1.510E+01  1.131E-02 
1.365E+03   1.500E+01  1.120E-02 
1.381E+03   1.491E+01  1.110E-02 
1.397E+03   1.482E+01  1.099E-02 
1.414E+03   1.473E+01  1.089E-02 
1.430E+03   1.464E+01  1.079E-02 
1.446E+03   1.455E+01  1.068E-02 
1.463E+03   1.446E+01  1.058E-02 
1.480E+03   1.437E+01  1.048E-02 
1.497E+03   1.428E+01  1.038E-02 
1.515E+03   1.419E+01  1.029E-02 
1.532E+03   1.410E+01  1.019E-02 
1.550E+03   1.401E+01  1.009E-02 
1.568E+03   1.392E+01  9.997E-03 
1.586E+03   1.383E+01  9.903E-03 
1.605E+03   1.374E+01  9.809E-03 
1.623E+03   1.366E+01  9.716E-03 
1.642E+03   1.357E+01  9.624E-03 
1.661E+03   1.348E+01  9.533E-03 
1.680E+03   1.340E+01  9.442E-03 
1.700E+03   1.331E+01  9.353E-03 
1.720E+03   1.322E+01  9.264E-03 
1.740E+03   1.314E+01  9.176E-03 
1.760E+03   1.305E+01  9.089E-03 
1.780E+03   1.297E+01  9.003E-03 
1.801E+03   1.289E+01  8.917E-03 
1.822E+03   1.280E+01  8.832E-03 
1.843E+03   1.272E+01  8.748E-03 
1.864E+03   1.264E+01  8.665E-03 
1.886E+03   1.255E+01  8.583E-03 
1.908E+03   1.247E+01  8.501E-03 
1.930E+03   1.239E+01  8.420E-03 
1.952E+03   1.231E+01  8.340E-03 
1.975E+03   1.223E+01  8.260E-03 
1.998E+03   1.215E+01  8.182E-03 
2.021E+03   1.207E+01  8.103E-03 
2.044E+03   1.199E+01  8.026E-03 
2.068E+03   1.191E+01  7.950E-03 
2.092E+03   1.183E+01  7.874E-03 
2.116E+03   1.175E+01  7.798E-03 
2.141E+03   1.168E+01  7.724E-03 
2.166E+03   1.160E+01  7.650E-03 
2.191E+03   1.152E+01  7.577E-03 
2.216E+03   1.145E+01  7.504E-03 
2.242E+03   1.137E+01  7.432E-03 
2.268E+03   1.129E+01  7.361E-03 
2.294E+03   1.122E+01  7.291E-03 
2.321E+03   1.114E+01  7.221E-03 
2.348E+03   1.107E+01  7.152E-03 
2.375E+03   1.099E+01  7.083E-03 
2.403E+03   1.092E+01  7.015E-03 
2.431E+03   1.085E+01  6.948E-03 
2.459E+03   1.077E+01  6.881E-03 
2.487E+03   1.070E+01  6.815E-03 
2.516E+03   1.063E+01  6.749E-03 
2.545E+03   1.056E+01  6.685E-03 
2.575E+03   1.048E+01  6.620E-03 
2.605E+03   1.041E+01  6.557E-03 
2.635E+03   1.034E+01  6.493E-03 
2.665E+03   1.027E+01  6.431E-03 
2.696E+03   1.020E+01  6.369E-03 
2.728E+03   1.013E+01  6.308E-03 
2.759E+03   1.006E+01  6.247E-03 
2.791E+03   9.995E+00  6.187E-03 
2.824E+03   9.927E+00  6.127E-03 
2.856E+03   9.859E+00  6.068E-03 
2.889E+03   9.791E+00  6.009E-03 
2.923E+03   9.724E+00  5.951E-03 
2.957E+03   9.657E+00  5.894E-03 
2.991E+03   9.590E+00  5.837E-03 
3.026E+03   9.524E+00  5.780E-03 
3.061E+03   9.458E+00  5.725E-03 
3.097E+03   9.393E+00  5.669E-03 
3.132E+03   9.328E+00  5.614E-03 
3.169E+03   9.263E+00  5.560E-03 
3.206E+03   9.199E+00  5.506E-03 
3.243E+03   9.135E+00  5.453E-03 
3.280E+03   9.071E+00  5.400E-03 
3.318E+03   9.008E+00  5.348E-03 
3.357E+03   8.945E+00  5.296E-03 
3.396E+03   8.882E+00  5.245E-03 
3.435E+03   8.820E+00  5.194E-03 
3.475E+03   8.758E+00  5.143E-03 
3.515E+03   8.697E+00  5.093E-03 
3.556E+03   8.636E+00  5.044E-03 
3.597E+03   8.575E+00  4.995E-03 
3.639E+03   8.514E+00  4.947E-03 
3.681E+03   8.454E+00  4.898E-03 
3.724E+03   8.394E+00  4.851E-03 
3.767E+03   8.335E+00  4.804E-03 
3.811E+03   8.276E+00  4.757E-03 
3.855E+03   8.217E+00  4.711E-03 
3.900E+03   8.159E+00  4.665E-03 
3.945E+03   8.101E+00  4.619E-03 
3.991E+03   8.043E+00  4.574E-03 
4.037E+03   7.985E+00  4.530E-03 
4.084E+03   7.928E+00  4.486E-03 
4.131E+03   7.871E+00  4.442E-03 
4.179E+03   7.815E+00  4.399E-03 
4.228E+03   7.759E+00  4.356E-03 
4.277E+03   7.703E+00  4.313E-03 
4.326E+03   7.648E+00  4.271E-03 
4.376E+03   7.592E+00  4.229E-03 
4.427E+03   7.538E+00  4.188E-03 
4.479E+03   7.483E+00  4.147E-03 
4.531E+03   7.429E+00  4.107E-03 
4.583E+03   7.375E+00  4.067E-03 
4.636E+03   7.321E+00  4.027E-03 
4.690E+03   7.268E+00  3.987E-03 
4.744E+03   7.215E+00  3.948E-03 
4.799E+03   7.163E+00  3.910E-03 
4.855E+03   7.110E+00  3.871E-03 
4.911E+03   7.058E+00  3.834E-03 
4.968E+03   7.007E+00  3.796E-03 
5.026E+03   6.955E+00  3.759E-03 
5.084E+03   6.904E+00  3.722E-03 
5.143E+03   6.853E+00  3.686E-03 
5.203E+03   6.803E+00  3.649E-03 
5.263E+03   6.753E+00  3.614E-03 
5.324E+03   6.703E+00  3.578E-03 
5.386E+03   6.653E+00  3.543E-03 
5.449E+03   6.604E+00  3.508E-03 
5.512E+03   6.555E+00  3.474E-03 
5.576E+03   6.506E+00  3.440E-03 
5.640E+03   6.458E+00  3.406E-03 
5.706E+03   6.410E+00  3.372E-03 
5.772E+03   6.362E+00  3.339E-03 
5.839E+03   6.315E+00  3.306E-03 
5.907E+03   6.268E+00  3.274E-03 
5.975E+03   6.221E+00  3.242E-03 
6.045E+03   6.174E+00  3.210E-03 
6.115E+03   6.128E+00  3.178E-03 
6.186E+03   6.082E+00  3.147E-03 
6.257E+03   6.036E+00  3.116E-03 
6.330E+03   5.990E+00  3.085E-03 
6.403E+03   5.945E+00  3.055E-03 
6.478E+03   5.900E+00  3.025E-03 
6.553E+03   5.855E+00  2.995E-03 
6.629E+03   5.811E+00  2.965E-03 
6.706E+03   5.767E+00  2.936E-03 
6.783E+03   5.723E+00  2.907E-03 
6.862E+03   5.680E+00  2.878E-03 
6.942E+03   5.636E+00  2.850E-03 
7.022E+03   5.593E+00  2.822E-03 
7.104E+03   5.551E+00  2.794E-03 
7.186E+03   5.508E+00  2.766E-03 
7.269E+03   5.466E+00  2.739E-03 
7.354E+03   5.424E+00  2.712E-03 
7.439E+03   5.382E+00  2.685E-03 
7.525E+03   5.341E+00  2.659E-03 
7.613E+03   5.300E+00  2.632E-03 
7.701E+03   5.259E+00  2.606E-03 
7.790E+03   5.219E+00  2.580E-03 
7.881E+03   5.178E+00  2.555E-03 
7.972E+03   5.138E+00  2.530E-03 
8.064E+03   5.098E+00  2.505E-03 
8.158E+03   5.059E+00  2.480E-03 
8.253E+03   5.020E+00  2.455E-03 
8.348E+03   4.981E+00  2.431E-03 
8.445E+03   4.942E+00  2.407E-03 
8.543E+03   4.903E+00  2.383E-03 
8.642E+03   4.865E+00  2.359E-03 
8.742E+03   4.827E+00  2.336E-03 
8.844E+03   4.789E+00  2.313E-03 
8.946E+03   4.752E+00  2.290E-03 
9.050E+03   4.714E+00  2.267E-03 
9.155E+03   4.677E+00  2.244E-03 
9.261E+03   4.641E+00  2.222E-03 
9.369E+03   4.604E+00  2.200E-03 
9.477E+03   4.568E+00  2.178E-03 
9.587E+03   4.532E+00  2.156E-03 
9.699E+03   4.496E+00  2.135E-03 
9.811E+03   4.461E+00  2.114E-03 
9.925E+03   4.425E+00  2.093E-03 
1.004E+04   4.390E+00  2.072E-03 
1.016E+04   4.355E+00  2.051E-03 
1.027E+04   4.321E+00  2.031E-03 
1.039E+04   4.286E+00  2.011E-03 
1.051E+04   4.252E+00  1.991E-03 
1.064E+04   4.218E+00  1.971E-03 
1.076E+04   4.185E+00  1.951E-03 
1.088E+04   4.151E+00  1.932E-03 
1.101E+04   4.118E+00  1.912E-03 
1.114E+04   4.085E+00  1.893E-03 
1.127E+04   4.053E+00  1.875E-03 
1.140E+04   4.020E+00  1.856E-03 
1.153E+04   3.988E+00  1.837E-03 
1.166E+04   3.956E+00  1.819E-03 
1.180E+04   3.924E+00  1.801E-03 
1.194E+04   3.892E+00  1.783E-03 
1.207E+04   3.861E+00  1.765E-03 
1.221E+04   3.830E+00  1.747E-03 
1.236E+04   3.799E+00  1.730E-03 
1.250E+04   3.768E+00  1.713E-03 
1.264E+04   3.738E+00  1.696E-03 
1.279E+04   3.707E+00  1.679E-03 
1.294E+04   3.677E+00  1.662E-03 
1.309E+04   3.648E+00  1.645E-03 
1.324E+04   3.618E+00  1.629E-03 
1.340E+04   3.589E+00  1.612E-03 
1.355E+04   3.559E+00  1.596E-03 
1.371E+04   3.530E+00  1.580E-03 
1.387E+04   3.502E+00  1.564E-03 
1.403E+04   3.473E+00  1.549E-03 
1.419E+04   3.445E+00  1.533E-03 
1.435E+04   3.416E+00  1.518E-03 
1.452E+04   3.389E+00  1.503E-03 
1.469E+04   3.361E+00  1.488E-03 
1.486E+04   3.333E+00  1.473E-03 
1.503E+04   3.306E+00  1.458E-03 
1.521E+04   3.279E+00  1.443E-03 
1.538E+04   3.252E+00  1.429E-03 
1.556E+04   3.225E+00  1.415E-03 
1.574E+04   3.199E+00  1.400E-03 
1.592E+04   3.172E+00  1.386E-03 
1.611E+04   3.146E+00  1.372E-03 
1.630E+04   3.120E+00  1.359E-03 
1.649E+04   3.094E+00  1.345E-03 
1.668E+04   3.069E+00  1.331E-03 
1.687E+04   3.043E+00  1.318E-03 
1.707E+04   3.018E+00  1.305E-03 
1.726E+04   2.993E+00  1.292E-03 
1.746E+04   2.968E+00  1.279E-03 
1.767E+04   2.944E+00  1.266E-03 
1.787E+04   2.919E+00  1.253E-03 
1.808E+04   2.895E+00  1.240E-03 
1.829E+04   2.871E+00  1.228E-03 
1.850E+04   2.847E+00  1.216E-03 
1.871E+04   2.824E+00  1.203E-03 
1.893E+04   2.800E+00  1.191E-03 
1.915E+04   2.777E+00  1.179E-03 
1.937E+04   2.754E+00  1.167E-03 
1.960E+04   2.731E+00  1.156E-03 
1.983E+04   2.708E+00  1.144E-03 
2.006E+04   2.685E+00  1.132E-03 
2.029E+04   2.663E+00  1.121E-03 
2.052E+04   2.640E+00  1.110E-03 
2.076E+04   2.618E+00  1.099E-03 
2.100E+04   2.596E+00  1.087E-03 
2.125E+04   2.575E+00  1.077E-03 
2.149E+04   2.553E+00  1.066E-03 
2.174E+04   2.532E+00  1.055E-03 
2.199E+04   2.510E+00  1.044E-03 
2.225E+04   2.489E+00  1.034E-03 
2.251E+04   2.468E+00  1.023E-03 
2.277E+04   2.448E+00  1.013E-03 
2.303E+04   2.427E+00  1.003E-03 
2.330E+04   2.407E+00  9.926E-04 
2.357E+04   2.386E+00  9.825E-04 
2.384E+04   2.366E+00  9.726E-04 
2.412E+04   2.346E+00  9.628E-04 
2.440E+04   2.327E+00  9.531E-04 
2.468E+04   2.307E+00  9.434E-04 
2.497E+04   2.288E+00  9.339E-04 
2.526E+04   2.268E+00  9.244E-04 
2.555E+04   2.249E+00  9.151E-04 
2.585E+04   2.230E+00  9.058E-04 
2.615E+04   2.211E+00  8.966E-04 
2.645E+04   2.193E+00  8.876E-04 
2.676E+04   2.174E+00  8.786E-04 
2.707E+04   2.156E+00  8.697E-04 
2.738E+04   2.137E+00  8.609E-04 
2.770E+04   2.119E+00  8.521E-04 
2.802E+04   2.101E+00  8.435E-04 
2.835E+04   2.084E+00  8.350E-04 
2.867E+04   2.066E+00  8.265E-04 
2.901E+04   2.048E+00  8.181E-04 
2.934E+04   2.031E+00  8.098E-04 
2.968E+04   2.014E+00  8.016E-04 
3.003E+04   1.997E+00  7.935E-04 
3.038E+04   1.980E+00  7.854E-04 
3.073E+04   1.963E+00  7.775E-04 
3.109E+04   1.946E+00  7.696E-04 
3.145E+04   1.930E+00  7.618E-04 
3.181E+04   1.914E+00  7.540E-04 
3.218E+04   1.897E+00  7.464E-04 
3.255E+04   1.881E+00  7.388E-04 
3.293E+04   1.865E+00  7.313E-04 
3.331E+04   1.849E+00  7.239E-04 
3.370E+04   1.834E+00  7.165E-04 
3.409E+04   1.818E+00  7.092E-04 
3.449E+04   1.803E+00  7.020E-04 
3.489E+04   1.787E+00  6.949E-04 
3.529E+04   1.772E+00  6.878E-04 
3.570E+04   1.757E+00  6.808E-04 
3.611E+04   1.742E+00  6.739E-04 
3.653E+04   1.727E+00  6.670E-04 
3.696E+04   1.713E+00  6.602E-04 
3.738E+04   1.698E+00  6.535E-04 
3.782E+04   1.684E+00  6.469E-04 
3.826E+04   1.669E+00  6.403E-04 
3.870E+04   1.655E+00  6.338E-04 
3.915E+04   1.641E+00  6.273E-04 
3.960E+04   1.627E+00  6.209E-04 
4.006E+04   1.613E+00  6.146E-04 
4.053E+04   1.599E+00  6.083E-04 
4.100E+04   1.586E+00  6.021E-04 
4.147E+04   1.572E+00  5.960E-04 
4.195E+04   1.559E+00  5.899E-04 
4.244E+04   1.546E+00  5.839E-04 
4.293E+04   1.533E+00  5.780E-04 
4.343E+04   1.520E+00  5.721E-04 
4.394E+04   1.507E+00  5.662E-04 
4.444E+04   1.494E+00  5.605E-04 
4.496E+04   1.481E+00  5.547E-04 
4.548E+04   1.469E+00  5.491E-04 
4.601E+04   1.456E+00  5.435E-04 
4.654E+04   1.444E+00  5.379E-04 
4.708E+04   1.432E+00  5.324E-04 
4.763E+04   1.419E+00  5.270E-04 
4.818E+04   1.407E+00  5.216E-04 
4.874E+04   1.395E+00  5.163E-04 
4.931E+04   1.384E+00  5.110E-04 
4.988E+04   1.372E+00  5.058E-04 
5.046E+04   1.360E+00  5.006E-04 
5.104E+04   1.349E+00  4.955E-04 
5.163E+04   1.337E+00  4.904E-04 
5.223E+04   1.326E+00  4.854E-04 
5.284E+04   1.315E+00  4.805E-04 
5.345E+04   1.304E+00  4.756E-04 
5.407E+04   1.293E+00  4.707E-04 
5.470E+04   1.282E+00  4.659E-04 
5.533E+04   1.271E+00  4.611E-04 
5.597E+04   1.260E+00  4.564E-04 
5.662E+04   1.250E+00  4.517E-04 
5.728E+04   1.239E+00  4.471E-04 
5.794E+04   1.229E+00  4.425E-04 
5.862E+04   1.218E+00  4.380E-04 
5.930E+04   1.208E+00  4.335E-04 
5.998E+04   1.198E+00  4.291E-04 
6.068E+04   1.188E+00  4.247E-04 
6.138E+04   1.178E+00  4.203E-04 
6.210E+04   1.168E+00  4.160E-04 
6.282E+04   1.158E+00  4.118E-04 
6.354E+04   1.148E+00  4.075E-04 
6.428E+04   1.139E+00  4.034E-04 
6.503E+04   1.129E+00  3.992E-04 
6.578E+04   1.120E+00  3.951E-04 
6.654E+04   1.110E+00  3.911E-04 
6.732E+04   1.101E+00  3.871E-04 
6.810E+04   1.092E+00  3.831E-04 
6.889E+04   1.083E+00  3.792E-04 
6.969E+04   1.074E+00  3.753E-04 
7.049E+04   1.065E+00  3.714E-04 
7.131E+04   1.056E+00  3.676E-04 
7.214E+04   1.047E+00  3.638E-04 
7.298E+04   1.038E+00  3.601E-04 
7.382E+04   1.030E+00  3.564E-04 
7.468E+04   1.021E+00  3.527E-04 
7.555E+04   1.013E+00  3.491E-04 
7.642E+04   1.004E+00  3.455E-04 
7.731E+04   9.960E-01  3.420E-04 
7.820E+04   9.877E-01  3.385E-04 
7.911E+04   9.796E-01  3.350E-04 
8.003E+04   9.715E-01  3.315E-04 
8.096E+04   9.635E-01  3.281E-04 
8.190E+04   9.555E-01  3.248E-04 
8.285E+04   9.477E-01  3.214E-04 
8.381E+04   9.399E-01  3.181E-04 
8.478E+04   9.322E-01  3.148E-04 
8.576E+04   9.245E-01  3.116E-04 
8.676E+04   9.169E-01  3.084E-04 
8.776E+04   9.094E-01  3.052E-04 
8.878E+04   9.020E-01  3.021E-04 
8.981E+04   8.946E-01  2.990E-04 
9.085E+04   8.873E-01  2.959E-04 
9.191E+04   8.801E-01  2.929E-04 
9.297E+04   8.729E-01  2.898E-04 
9.405E+04   8.658E-01  2.869E-04 
9.514E+04   8.588E-01  2.839E-04 
9.625E+04   8.518E-01  2.810E-04 
9.736E+04   8.449E-01  2.781E-04 
9.849E+04   8.381E-01  2.752E-04 
9.963E+04   8.313E-01  2.724E-04 
1.008E+05   8.246E-01  2.696E-04 
