Ion = Hydrogen    . Mass = 1.0079
Tgt =  W (Solid). Density = 19.35 g/cm3
Stopping Units =  eV/(1E15 atoms/cm2)
Energy(keV)  S(Elec)    S(Nuc)
1.000E+00   4.598E+00  2.645E-01 
1.012E+00   4.624E+00  2.649E-01 
1.023E+00   4.651E+00  2.652E-01 
1.035E+00   4.678E+00  2.656E-01 
1.047E+00   4.705E+00  2.660E-01 
1.059E+00   4.732E+00  2.663E-01 
1.072E+00   4.760E+00  2.667E-01 
1.084E+00   4.787E+00  2.670E-01 
1.097E+00   4.815E+00  2.674E-01 
1.109E+00   4.843E+00  2.677E-01 
1.122E+00   4.871E+00  2.681E-01 
1.135E+00   4.899E+00  2.684E-01 
1.148E+00   4.927E+00  2.687E-01 
1.162E+00   4.956E+00  2.691E-01 
1.175E+00   4.984E+00  2.694E-01 
1.189E+00   5.013E+00  2.697E-01 
1.203E+00   5.042E+00  2.700E-01 
1.217E+00   5.071E+00  2.703E-01 
1.231E+00   5.101E+00  2.706E-01 
1.245E+00   5.130E+00  2.709E-01 
1.259E+00   5.160E+00  2.712E-01 
1.274E+00   5.190E+00  2.715E-01 
1.289E+00   5.220E+00  2.718E-01 
1.304E+00   5.250E+00  2.721E-01 
1.319E+00   5.280E+00  2.724E-01 
1.334E+00   5.311E+00  2.727E-01 
1.350E+00   5.341E+00  2.730E-01 
1.365E+00   5.372E+00  2.733E-01 
1.381E+00   5.403E+00  2.735E-01 
1.397E+00   5.434E+00  2.738E-01 
1.413E+00   5.466E+00  2.741E-01 
1.430E+00   5.498E+00  2.743E-01 
1.446E+00   5.529E+00  2.746E-01 
1.463E+00   5.561E+00  2.748E-01 
1.480E+00   5.593E+00  2.751E-01 
1.497E+00   5.626E+00  2.753E-01 
1.515E+00   5.658E+00  2.756E-01 
1.532E+00   5.691E+00  2.758E-01 
1.550E+00   5.724E+00  2.760E-01 
1.568E+00   5.757E+00  2.763E-01 
1.586E+00   5.790E+00  2.765E-01 
1.605E+00   5.824E+00  2.767E-01 
1.623E+00   5.858E+00  2.769E-01 
1.642E+00   5.891E+00  2.771E-01 
1.661E+00   5.925E+00  2.773E-01 
1.680E+00   5.960E+00  2.775E-01 
1.700E+00   5.994E+00  2.777E-01 
1.719E+00   6.029E+00  2.779E-01 
1.739E+00   6.064E+00  2.781E-01 
1.760E+00   6.099E+00  2.783E-01 
1.780E+00   6.134E+00  2.785E-01 
1.801E+00   6.170E+00  2.786E-01 
1.822E+00   6.205E+00  2.788E-01 
1.843E+00   6.241E+00  2.790E-01 
1.864E+00   6.277E+00  2.791E-01 
1.886E+00   6.313E+00  2.793E-01 
1.908E+00   6.350E+00  2.794E-01 
1.930E+00   6.387E+00  2.796E-01 
1.952E+00   6.424E+00  2.797E-01 
1.975E+00   6.461E+00  2.799E-01 
1.998E+00   6.498E+00  2.800E-01 
2.021E+00   6.534E+00  2.801E-01 
2.044E+00   6.564E+00  2.802E-01 
2.068E+00   6.594E+00  2.804E-01 
2.092E+00   6.625E+00  2.805E-01 
2.116E+00   6.655E+00  2.806E-01 
2.141E+00   6.687E+00  2.807E-01 
2.166E+00   6.718E+00  2.808E-01 
2.191E+00   6.750E+00  2.809E-01 
2.216E+00   6.781E+00  2.810E-01 
2.242E+00   6.814E+00  2.810E-01 
2.268E+00   6.846E+00  2.811E-01 
2.294E+00   6.879E+00  2.812E-01 
2.321E+00   6.912E+00  2.813E-01 
2.348E+00   6.945E+00  2.813E-01 
2.375E+00   6.979E+00  2.814E-01 
2.402E+00   7.013E+00  2.814E-01 
2.430E+00   7.047E+00  2.815E-01 
2.458E+00   7.082E+00  2.815E-01 
2.487E+00   7.117E+00  2.816E-01 
2.516E+00   7.152E+00  2.816E-01 
2.545E+00   7.188E+00  2.816E-01 
2.574E+00   7.224E+00  2.817E-01 
2.604E+00   7.260E+00  2.817E-01 
2.635E+00   7.297E+00  2.817E-01 
2.665E+00   7.333E+00  2.817E-01 
2.696E+00   7.371E+00  2.817E-01 
2.727E+00   7.408E+00  2.817E-01 
2.759E+00   7.446E+00  2.817E-01 
2.791E+00   7.484E+00  2.817E-01 
2.823E+00   7.523E+00  2.816E-01 
2.856E+00   7.562E+00  2.816E-01 
2.889E+00   7.601E+00  2.816E-01 
2.923E+00   7.641E+00  2.815E-01 
2.957E+00   7.681E+00  2.815E-01 
2.991E+00   7.721E+00  2.815E-01 
3.026E+00   7.762E+00  2.814E-01 
3.061E+00   7.803E+00  2.813E-01 
3.096E+00   7.844E+00  2.813E-01 
3.132E+00   7.886E+00  2.812E-01 
3.168E+00   7.928E+00  2.811E-01 
3.205E+00   7.971E+00  2.811E-01 
3.242E+00   8.014E+00  2.810E-01 
3.280E+00   8.057E+00  2.809E-01 
3.318E+00   8.101E+00  2.808E-01 
3.356E+00   8.145E+00  2.807E-01 
3.395E+00   8.190E+00  2.806E-01 
3.435E+00   8.234E+00  2.805E-01 
3.475E+00   8.280E+00  2.803E-01 
3.515E+00   8.325E+00  2.802E-01 
3.556E+00   8.372E+00  2.801E-01 
3.597E+00   8.418E+00  2.799E-01 
3.639E+00   8.465E+00  2.798E-01 
3.681E+00   8.512E+00  2.797E-01 
3.724E+00   8.560E+00  2.795E-01 
3.767E+00   8.608E+00  2.793E-01 
3.810E+00   8.657E+00  2.792E-01 
3.855E+00   8.706E+00  2.790E-01 
3.899E+00   8.755E+00  2.788E-01 
3.945E+00   8.805E+00  2.787E-01 
3.990E+00   8.856E+00  2.785E-01 
4.037E+00   8.906E+00  2.783E-01 
4.083E+00   8.958E+00  2.781E-01 
4.131E+00   9.009E+00  2.779E-01 
4.179E+00   9.061E+00  2.777E-01 
4.227E+00   9.114E+00  2.774E-01 
4.276E+00   9.167E+00  2.772E-01 
4.326E+00   9.220E+00  2.770E-01 
4.376E+00   9.274E+00  2.767E-01 
4.427E+00   9.329E+00  2.765E-01 
4.478E+00   9.384E+00  2.763E-01 
4.530E+00   9.439E+00  2.760E-01 
4.583E+00   9.495E+00  2.758E-01 
4.636E+00   9.551E+00  2.755E-01 
4.690E+00   9.608E+00  2.752E-01 
4.744E+00   9.665E+00  2.749E-01 
4.799E+00   9.723E+00  2.747E-01 
4.855E+00   9.781E+00  2.744E-01 
4.911E+00   9.840E+00  2.741E-01 
4.968E+00   9.899E+00  2.738E-01 
5.026E+00   9.959E+00  2.735E-01 
5.084E+00   1.002E+01  2.732E-01 
5.143E+00   1.008E+01  2.729E-01 
5.202E+00   1.014E+01  2.725E-01 
5.263E+00   1.020E+01  2.722E-01 
5.324E+00   1.027E+01  2.719E-01 
5.386E+00   1.033E+01  2.715E-01 
5.448E+00   1.039E+01  2.712E-01 
5.511E+00   1.046E+01  2.708E-01 
5.575E+00   1.052E+01  2.705E-01 
5.640E+00   1.058E+01  2.701E-01 
5.705E+00   1.065E+01  2.698E-01 
5.771E+00   1.072E+01  2.694E-01 
5.838E+00   1.078E+01  2.690E-01 
5.906E+00   1.085E+01  2.686E-01 
5.975E+00   1.092E+01  2.682E-01 
6.044E+00   1.099E+01  2.678E-01 
6.114E+00   1.105E+01  2.674E-01 
6.185E+00   1.112E+01  2.670E-01 
6.257E+00   1.119E+01  2.666E-01 
6.329E+00   1.126E+01  2.662E-01 
6.403E+00   1.133E+01  2.658E-01 
6.477E+00   1.141E+01  2.653E-01 
6.552E+00   1.148E+01  2.649E-01 
6.628E+00   1.155E+01  2.645E-01 
6.705E+00   1.162E+01  2.640E-01 
6.783E+00   1.170E+01  2.636E-01 
6.861E+00   1.177E+01  2.631E-01 
6.941E+00   1.185E+01  2.626E-01 
7.021E+00   1.192E+01  2.622E-01 
7.103E+00   1.200E+01  2.617E-01 
7.185E+00   1.208E+01  2.612E-01 
7.269E+00   1.215E+01  2.607E-01 
7.353E+00   1.223E+01  2.602E-01 
7.438E+00   1.231E+01  2.597E-01 
7.524E+00   1.239E+01  2.592E-01 
7.612E+00   1.247E+01  2.587E-01 
7.700E+00   1.255E+01  2.582E-01 
7.789E+00   1.263E+01  2.577E-01 
7.880E+00   1.271E+01  2.572E-01 
7.971E+00   1.279E+01  2.566E-01 
8.064E+00   1.287E+01  2.561E-01 
8.157E+00   1.296E+01  2.556E-01 
8.252E+00   1.304E+01  2.550E-01 
8.347E+00   1.313E+01  2.545E-01 
8.444E+00   1.321E+01  2.539E-01 
8.542E+00   1.330E+01  2.534E-01 
8.641E+00   1.338E+01  2.528E-01 
8.741E+00   1.347E+01  2.522E-01 
8.843E+00   1.356E+01  2.516E-01 
8.945E+00   1.365E+01  2.511E-01 
9.049E+00   1.373E+01  2.505E-01 
9.154E+00   1.382E+01  2.499E-01 
9.260E+00   1.391E+01  2.493E-01 
9.368E+00   1.400E+01  2.487E-01 
9.476E+00   1.410E+01  2.481E-01 
9.586E+00   1.419E+01  2.475E-01 
9.698E+00   1.428E+01  2.469E-01 
9.810E+00   1.437E+01  2.462E-01 
9.924E+00   1.447E+01  2.456E-01 
1.004E+01   1.456E+01  2.450E-01 
1.016E+01   1.466E+01  2.444E-01 
1.027E+01   1.475E+01  2.437E-01 
1.039E+01   1.485E+01  2.431E-01 
1.051E+01   1.494E+01  2.424E-01 
1.063E+01   1.504E+01  2.418E-01 
1.076E+01   1.514E+01  2.411E-01 
1.088E+01   1.524E+01  2.405E-01 
1.101E+01   1.534E+01  2.398E-01 
1.114E+01   1.544E+01  2.391E-01 
1.127E+01   1.554E+01  2.385E-01 
1.140E+01   1.564E+01  2.378E-01 
1.153E+01   1.574E+01  2.371E-01 
1.166E+01   1.584E+01  2.364E-01 
1.180E+01   1.594E+01  2.357E-01 
1.193E+01   1.605E+01  2.351E-01 
1.207E+01   1.615E+01  2.344E-01 
1.221E+01   1.626E+01  2.337E-01 
1.235E+01   1.636E+01  2.330E-01 
1.250E+01   1.647E+01  2.322E-01 
1.264E+01   1.657E+01  2.315E-01 
1.279E+01   1.668E+01  2.308E-01 
1.294E+01   1.679E+01  2.301E-01 
1.309E+01   1.690E+01  2.294E-01 
1.324E+01   1.701E+01  2.286E-01 
1.339E+01   1.712E+01  2.279E-01 
1.355E+01   1.723E+01  2.272E-01 
1.371E+01   1.734E+01  2.264E-01 
1.387E+01   1.745E+01  2.257E-01 
1.403E+01   1.756E+01  2.250E-01 
1.419E+01   1.767E+01  2.242E-01 
1.435E+01   1.778E+01  2.235E-01 
1.452E+01   1.790E+01  2.227E-01 
1.469E+01   1.801E+01  2.220E-01 
1.486E+01   1.813E+01  2.212E-01 
1.503E+01   1.824E+01  2.204E-01 
1.521E+01   1.836E+01  2.197E-01 
1.538E+01   1.847E+01  2.189E-01 
1.556E+01   1.859E+01  2.181E-01 
1.574E+01   1.871E+01  2.174E-01 
1.592E+01   1.882E+01  2.166E-01 
1.611E+01   1.894E+01  2.158E-01 
1.629E+01   1.906E+01  2.150E-01 
1.648E+01   1.918E+01  2.142E-01 
1.667E+01   1.930E+01  2.134E-01 
1.687E+01   1.942E+01  2.127E-01 
1.706E+01   1.954E+01  2.119E-01 
1.726E+01   1.966E+01  2.111E-01 
1.746E+01   1.978E+01  2.103E-01 
1.766E+01   1.990E+01  2.095E-01 
1.787E+01   2.003E+01  2.087E-01 
1.808E+01   2.015E+01  2.079E-01 
1.829E+01   2.027E+01  2.071E-01 
1.850E+01   2.040E+01  2.063E-01 
1.871E+01   2.052E+01  2.054E-01 
1.893E+01   2.065E+01  2.046E-01 
1.915E+01   2.077E+01  2.038E-01 
1.937E+01   2.090E+01  2.030E-01 
1.960E+01   2.102E+01  2.022E-01 
1.982E+01   2.115E+01  2.014E-01 
2.005E+01   2.128E+01  2.005E-01 
2.029E+01   2.140E+01  1.997E-01 
2.052E+01   2.153E+01  1.989E-01 
2.076E+01   2.166E+01  1.981E-01 
2.100E+01   2.179E+01  1.973E-01 
2.124E+01   2.192E+01  1.964E-01 
2.149E+01   2.205E+01  1.956E-01 
2.174E+01   2.218E+01  1.948E-01 
2.199E+01   2.230E+01  1.939E-01 
2.225E+01   2.243E+01  1.931E-01 
2.250E+01   2.257E+01  1.923E-01 
2.277E+01   2.270E+01  1.914E-01 
2.303E+01   2.283E+01  1.906E-01 
2.330E+01   2.296E+01  1.898E-01 
2.357E+01   2.309E+01  1.889E-01 
2.384E+01   2.322E+01  1.881E-01 
2.412E+01   2.335E+01  1.872E-01 
2.440E+01   2.348E+01  1.864E-01 
2.468E+01   2.362E+01  1.855E-01 
2.497E+01   2.375E+01  1.847E-01 
2.526E+01   2.388E+01  1.839E-01 
2.555E+01   2.402E+01  1.830E-01 
2.584E+01   2.415E+01  1.822E-01 
2.614E+01   2.428E+01  1.813E-01 
2.645E+01   2.442E+01  1.805E-01 
2.675E+01   2.455E+01  1.796E-01 
2.707E+01   2.468E+01  1.788E-01 
2.738E+01   2.482E+01  1.780E-01 
2.770E+01   2.495E+01  1.771E-01 
2.802E+01   2.508E+01  1.763E-01 
2.834E+01   2.522E+01  1.754E-01 
2.867E+01   2.535E+01  1.746E-01 
2.900E+01   2.549E+01  1.737E-01 
2.934E+01   2.562E+01  1.729E-01 
2.968E+01   2.575E+01  1.720E-01 
3.003E+01   2.589E+01  1.712E-01 
3.037E+01   2.602E+01  1.703E-01 
3.073E+01   2.616E+01  1.695E-01 
3.108E+01   2.629E+01  1.686E-01 
3.144E+01   2.642E+01  1.678E-01 
3.181E+01   2.656E+01  1.670E-01 
3.218E+01   2.669E+01  1.661E-01 
3.255E+01   2.682E+01  1.653E-01 
3.293E+01   2.696E+01  1.644E-01 
3.331E+01   2.709E+01  1.636E-01 
3.370E+01   2.722E+01  1.627E-01 
3.409E+01   2.736E+01  1.619E-01 
3.448E+01   2.749E+01  1.611E-01 
3.488E+01   2.762E+01  1.602E-01 
3.529E+01   2.775E+01  1.594E-01 
3.570E+01   2.789E+01  1.585E-01 
3.611E+01   2.802E+01  1.577E-01 
3.653E+01   2.815E+01  1.569E-01 
3.695E+01   2.828E+01  1.560E-01 
3.738E+01   2.841E+01  1.552E-01 
3.781E+01   2.854E+01  1.544E-01 
3.825E+01   2.867E+01  1.535E-01 
3.870E+01   2.880E+01  1.527E-01 
3.915E+01   2.893E+01  1.519E-01 
3.960E+01   2.906E+01  1.511E-01 
4.006E+01   2.919E+01  1.502E-01 
4.052E+01   2.931E+01  1.494E-01 
4.099E+01   2.944E+01  1.486E-01 
4.147E+01   2.957E+01  1.478E-01 
4.195E+01   2.969E+01  1.469E-01 
4.244E+01   2.982E+01  1.461E-01 
4.293E+01   2.994E+01  1.453E-01 
4.343E+01   3.007E+01  1.445E-01 
4.393E+01   3.019E+01  1.437E-01 
4.444E+01   3.032E+01  1.428E-01 
4.496E+01   3.044E+01  1.420E-01 
4.548E+01   3.056E+01  1.412E-01 
4.600E+01   3.068E+01  1.404E-01 
4.654E+01   3.080E+01  1.396E-01 
4.708E+01   3.092E+01  1.388E-01 
4.762E+01   3.104E+01  1.380E-01 
4.818E+01   3.116E+01  1.372E-01 
4.873E+01   3.127E+01  1.364E-01 
4.930E+01   3.139E+01  1.356E-01 
4.987E+01   3.151E+01  1.348E-01 
5.045E+01   3.162E+01  1.340E-01 
5.104E+01   3.173E+01  1.332E-01 
5.163E+01   3.185E+01  1.324E-01 
5.223E+01   3.196E+01  1.316E-01 
5.283E+01   3.207E+01  1.309E-01 
5.344E+01   3.218E+01  1.301E-01 
5.406E+01   3.229E+01  1.293E-01 
5.469E+01   3.239E+01  1.285E-01 
5.533E+01   3.250E+01  1.277E-01 
5.597E+01   3.261E+01  1.270E-01 
5.662E+01   3.271E+01  1.262E-01 
5.727E+01   3.281E+01  1.254E-01 
5.794E+01   3.292E+01  1.247E-01 
5.861E+01   3.302E+01  1.239E-01 
5.929E+01   3.312E+01  1.231E-01 
5.998E+01   3.322E+01  1.224E-01 
6.067E+01   3.331E+01  1.216E-01 
6.138E+01   3.341E+01  1.208E-01 
6.209E+01   3.350E+01  1.201E-01 
6.281E+01   3.360E+01  1.193E-01 
6.354E+01   3.369E+01  1.186E-01 
6.427E+01   3.378E+01  1.178E-01 
6.502E+01   3.387E+01  1.171E-01 
6.577E+01   3.396E+01  1.164E-01 
6.654E+01   3.404E+01  1.156E-01 
6.731E+01   3.413E+01  1.149E-01 
6.809E+01   3.421E+01  1.142E-01 
6.888E+01   3.430E+01  1.134E-01 
6.968E+01   3.438E+01  1.127E-01 
7.049E+01   3.446E+01  1.120E-01 
7.130E+01   3.454E+01  1.112E-01 
7.213E+01   3.461E+01  1.105E-01 
7.297E+01   3.469E+01  1.098E-01 
7.381E+01   3.476E+01  1.091E-01 
7.467E+01   3.483E+01  1.084E-01 
7.554E+01   3.490E+01  1.077E-01 
7.641E+01   3.497E+01  1.070E-01 
7.730E+01   3.504E+01  1.063E-01 
7.820E+01   3.510E+01  1.056E-01 
7.910E+01   3.517E+01  1.049E-01 
8.002E+01   3.523E+01  1.042E-01 
8.095E+01   3.529E+01  1.035E-01 
8.189E+01   3.535E+01  1.028E-01 
8.284E+01   3.541E+01  1.021E-01 
8.380E+01   3.546E+01  1.014E-01 
8.477E+01   3.552E+01  1.007E-01 
8.575E+01   3.557E+01  1.001E-01 
8.675E+01   3.562E+01  9.939E-02 
8.775E+01   3.567E+01  9.871E-02 
8.877E+01   3.572E+01  9.805E-02 
8.980E+01   3.576E+01  9.738E-02 
9.084E+01   3.581E+01  9.672E-02 
9.190E+01   3.585E+01  9.606E-02 
9.296E+01   3.589E+01  9.540E-02 
9.404E+01   3.593E+01  9.474E-02 
9.513E+01   3.596E+01  9.409E-02 
9.624E+01   3.600E+01  9.345E-02 
9.735E+01   3.603E+01  9.280E-02 
9.848E+01   3.606E+01  9.216E-02 
9.962E+01   3.609E+01  9.152E-02 
1.008E+02   3.612E+01  9.088E-02 
1.019E+02   3.615E+01  9.025E-02 
1.031E+02   3.617E+01  8.962E-02 
1.043E+02   3.619E+01  8.899E-02 
1.055E+02   3.621E+01  8.837E-02 
1.068E+02   3.623E+01  8.775E-02 
1.080E+02   3.625E+01  8.713E-02 
1.093E+02   3.626E+01  8.651E-02 
1.105E+02   3.628E+01  8.590E-02 
1.118E+02   3.629E+01  8.529E-02 
1.131E+02   3.630E+01  8.469E-02 
1.144E+02   3.631E+01  8.408E-02 
1.157E+02   3.631E+01  8.348E-02 
1.171E+02   3.632E+01  8.289E-02 
1.184E+02   3.632E+01  8.229E-02 
1.198E+02   3.632E+01  8.170E-02 
1.212E+02   3.632E+01  8.111E-02 
1.226E+02   3.631E+01  8.053E-02 
1.240E+02   3.631E+01  7.995E-02 
1.255E+02   3.630E+01  7.937E-02 
1.269E+02   3.629E+01  7.879E-02 
1.284E+02   3.628E+01  7.822E-02 
1.299E+02   3.627E+01  7.765E-02 
1.314E+02   3.626E+01  7.709E-02 
1.329E+02   3.624E+01  7.652E-02 
1.345E+02   3.623E+01  7.596E-02 
1.360E+02   3.621E+01  7.541E-02 
1.376E+02   3.619E+01  7.485E-02 
1.392E+02   3.617E+01  7.430E-02 
1.408E+02   3.614E+01  7.375E-02 
1.424E+02   3.612E+01  7.321E-02 
1.441E+02   3.609E+01  7.267E-02 
1.458E+02   3.606E+01  7.213E-02 
1.475E+02   3.603E+01  7.159E-02 
1.492E+02   3.600E+01  7.106E-02 
1.509E+02   3.596E+01  7.053E-02 
1.526E+02   3.593E+01  7.000E-02 
1.544E+02   3.589E+01  6.948E-02 
1.562E+02   3.585E+01  6.896E-02 
1.580E+02   3.581E+01  6.844E-02 
1.598E+02   3.577E+01  6.792E-02 
1.617E+02   3.573E+01  6.741E-02 
1.636E+02   3.568E+01  6.690E-02 
1.655E+02   3.564E+01  6.640E-02 
1.674E+02   3.559E+01  6.590E-02 
1.693E+02   3.554E+01  6.540E-02 
1.713E+02   3.549E+01  6.490E-02 
1.733E+02   3.544E+01  6.441E-02 
1.753E+02   3.538E+01  6.391E-02 
1.773E+02   3.533E+01  6.343E-02 
1.794E+02   3.527E+01  6.294E-02 
1.815E+02   3.521E+01  6.246E-02 
1.836E+02   3.515E+01  6.198E-02 
1.857E+02   3.509E+01  6.150E-02 
1.879E+02   3.503E+01  6.103E-02 
1.900E+02   3.497E+01  6.056E-02 
1.922E+02   3.490E+01  6.009E-02 
1.945E+02   3.484E+01  5.963E-02 
1.967E+02   3.477E+01  5.917E-02 
1.990E+02   3.470E+01  5.871E-02 
2.013E+02   3.463E+01  5.825E-02 
2.036E+02   3.456E+01  5.780E-02 
2.060E+02   3.449E+01  5.735E-02 
2.084E+02   3.441E+01  5.690E-02 
2.108E+02   3.434E+01  5.646E-02 
2.133E+02   3.426E+01  5.602E-02 
2.157E+02   3.419E+01  5.558E-02 
2.182E+02   3.411E+01  5.514E-02 
2.208E+02   3.403E+01  5.471E-02 
2.233E+02   3.395E+01  5.428E-02 
2.259E+02   3.387E+01  5.385E-02 
2.285E+02   3.378E+01  5.342E-02 
2.312E+02   3.370E+01  5.300E-02 
2.339E+02   3.362E+01  5.258E-02 
2.366E+02   3.353E+01  5.217E-02 
2.393E+02   3.344E+01  5.175E-02 
2.421E+02   3.336E+01  5.134E-02 
2.449E+02   3.327E+01  5.093E-02 
2.478E+02   3.318E+01  5.053E-02 
2.506E+02   3.309E+01  5.012E-02 
2.535E+02   3.300E+01  5.240E-02 
2.565E+02   3.290E+01  5.197E-02 
2.595E+02   3.281E+01  5.155E-02 
2.625E+02   3.272E+01  5.113E-02 
2.655E+02   3.262E+01  5.071E-02 
2.686E+02   3.253E+01  5.030E-02 
2.717E+02   3.243E+01  4.989E-02 
2.749E+02   3.233E+01  4.948E-02 
2.780E+02   3.224E+01  4.907E-02 
2.813E+02   3.214E+01  4.867E-02 
2.845E+02   3.204E+01  4.827E-02 
2.878E+02   3.194E+01  4.787E-02 
2.912E+02   3.184E+01  4.748E-02 
2.945E+02   3.174E+01  4.709E-02 
2.980E+02   3.164E+01  4.670E-02 
3.014E+02   3.153E+01  4.631E-02 
3.049E+02   3.143E+01  4.593E-02 
3.085E+02   3.133E+01  4.555E-02 
3.120E+02   3.122E+01  4.517E-02 
3.156E+02   3.112E+01  4.480E-02 
3.193E+02   3.101E+01  4.442E-02 
3.230E+02   3.091E+01  4.405E-02 
3.268E+02   3.080E+01  4.369E-02 
3.306E+02   3.069E+01  4.332E-02 
3.344E+02   3.058E+01  4.296E-02 
3.383E+02   3.048E+01  4.260E-02 
3.422E+02   3.037E+01  4.224E-02 
3.462E+02   3.026E+01  4.189E-02 
3.502E+02   3.015E+01  4.154E-02 
3.542E+02   3.004E+01  4.119E-02 
3.583E+02   2.993E+01  4.084E-02 
3.625E+02   2.982E+01  4.050E-02 
3.667E+02   2.971E+01  4.016E-02 
3.710E+02   2.960E+01  3.982E-02 
3.753E+02   2.949E+01  3.948E-02 
3.796E+02   2.938E+01  3.915E-02 
3.840E+02   2.926E+01  3.881E-02 
3.885E+02   2.915E+01  3.849E-02 
3.930E+02   2.904E+01  3.816E-02 
3.975E+02   2.893E+01  3.783E-02 
4.021E+02   2.881E+01  3.751E-02 
4.068E+02   2.870E+01  3.719E-02 
4.115E+02   2.859E+01  3.688E-02 
4.163E+02   2.847E+01  3.656E-02 
4.211E+02   2.836E+01  3.625E-02 
4.260E+02   2.825E+01  3.594E-02 
4.310E+02   2.813E+01  3.563E-02 
4.360E+02   2.802E+01  3.533E-02 
4.410E+02   2.790E+01  3.502E-02 
4.461E+02   2.779E+01  3.472E-02 
4.513E+02   2.767E+01  3.442E-02 
4.565E+02   2.756E+01  3.413E-02 
4.618E+02   2.744E+01  3.383E-02 
4.672E+02   2.733E+01  3.354E-02 
4.726E+02   2.721E+01  3.325E-02 
4.781E+02   2.710E+01  3.297E-02 
4.836E+02   2.698E+01  3.268E-02 
4.892E+02   2.687E+01  3.240E-02 
4.949E+02   2.675E+01  3.212E-02 
5.007E+02   2.664E+01  3.184E-02 
5.065E+02   2.652E+01  3.156E-02 
5.123E+02   2.641E+01  3.129E-02 
5.183E+02   2.629E+01  3.102E-02 
5.243E+02   2.617E+01  3.075E-02 
5.304E+02   2.606E+01  3.048E-02 
5.365E+02   2.594E+01  3.022E-02 
5.428E+02   2.583E+01  2.995E-02 
5.490E+02   2.571E+01  2.969E-02 
5.554E+02   2.560E+01  2.943E-02 
5.619E+02   2.548E+01  2.917E-02 
5.684E+02   2.537E+01  2.892E-02 
5.750E+02   2.525E+01  2.866E-02 
5.816E+02   2.514E+01  2.841E-02 
5.884E+02   2.502E+01  2.816E-02 
5.952E+02   2.491E+01  2.792E-02 
6.021E+02   2.480E+01  2.767E-02 
6.091E+02   2.468E+01  2.743E-02 
6.162E+02   2.457E+01  2.719E-02 
6.233E+02   2.445E+01  2.695E-02 
6.305E+02   2.434E+01  2.671E-02 
6.378E+02   2.423E+01  2.647E-02 
6.452E+02   2.411E+01  2.624E-02 
6.527E+02   2.400E+01  2.601E-02 
6.603E+02   2.389E+01  2.578E-02 
6.680E+02   2.377E+01  2.555E-02 
6.757E+02   2.366E+01  2.532E-02 
6.835E+02   2.355E+01  2.510E-02 
6.915E+02   2.343E+01  2.488E-02 
6.995E+02   2.332E+01  2.466E-02 
7.076E+02   2.321E+01  2.444E-02 
7.158E+02   2.310E+01  2.422E-02 
7.241E+02   2.299E+01  2.400E-02 
7.325E+02   2.288E+01  2.379E-02 
7.410E+02   2.276E+01  2.358E-02 
7.496E+02   2.265E+01  2.337E-02 
7.583E+02   2.254E+01  2.316E-02 
7.671E+02   2.243E+01  2.295E-02 
7.760E+02   2.232E+01  2.275E-02 
7.850E+02   2.221E+01  2.254E-02 
7.941E+02   2.210E+01  2.234E-02 
8.033E+02   2.199E+01  2.214E-02 
8.126E+02   2.189E+01  2.194E-02 
8.221E+02   2.178E+01  2.175E-02 
8.316E+02   2.167E+01  2.155E-02 
8.412E+02   2.156E+01  2.136E-02 
8.510E+02   2.145E+01  2.117E-02 
8.609E+02   2.135E+01  2.098E-02 
8.709E+02   2.124E+01  2.079E-02 
8.810E+02   2.113E+01  2.060E-02 
8.912E+02   2.102E+01  2.041E-02 
9.015E+02   2.092E+01  2.023E-02 
9.120E+02   2.081E+01  2.005E-02 
9.225E+02   2.071E+01  1.987E-02 
9.332E+02   2.060E+01  1.969E-02 
9.441E+02   2.050E+01  1.951E-02 
9.550E+02   2.039E+01  1.933E-02 
9.661E+02   2.029E+01  1.916E-02 
9.773E+02   2.018E+01  1.898E-02 
9.886E+02   2.008E+01  1.881E-02 
1.000E+03   1.998E+01  1.864E-02 
1.012E+03   1.988E+01  1.847E-02 
1.023E+03   1.979E+01  1.830E-02 
1.035E+03   1.970E+01  1.814E-02 
1.047E+03   1.960E+01  1.797E-02 
1.059E+03   1.951E+01  1.781E-02 
1.072E+03   1.942E+01  1.765E-02 
1.084E+03   1.932E+01  1.749E-02 
1.097E+03   1.923E+01  1.733E-02 
1.109E+03   1.913E+01  1.717E-02 
1.122E+03   1.903E+01  1.701E-02 
1.135E+03   1.893E+01  1.686E-02 
1.149E+03   1.883E+01  1.670E-02 
1.162E+03   1.873E+01  1.655E-02 
1.175E+03   1.862E+01  1.640E-02 
1.189E+03   1.852E+01  1.625E-02 
1.203E+03   1.841E+01  1.610E-02 
1.217E+03   1.832E+01  1.595E-02 
1.231E+03   1.822E+01  1.581E-02 
1.245E+03   1.813E+01  1.566E-02 
1.260E+03   1.804E+01  1.552E-02 
1.274E+03   1.795E+01  1.537E-02 
1.289E+03   1.786E+01  1.523E-02 
1.304E+03   1.777E+01  1.509E-02 
1.319E+03   1.768E+01  1.495E-02 
1.334E+03   1.759E+01  1.482E-02 
1.350E+03   1.750E+01  1.468E-02 
1.365E+03   1.741E+01  1.454E-02 
1.381E+03   1.732E+01  1.441E-02 
1.397E+03   1.723E+01  1.428E-02 
1.414E+03   1.714E+01  1.414E-02 
1.430E+03   1.705E+01  1.401E-02 
1.446E+03   1.696E+01  1.388E-02 
1.463E+03   1.687E+01  1.376E-02 
1.480E+03   1.678E+01  1.363E-02 
1.497E+03   1.670E+01  1.350E-02 
1.515E+03   1.661E+01  1.338E-02 
1.532E+03   1.652E+01  1.325E-02 
1.550E+03   1.643E+01  1.313E-02 
1.568E+03   1.635E+01  1.301E-02 
1.586E+03   1.626E+01  1.289E-02 
1.605E+03   1.617E+01  1.277E-02 
1.623E+03   1.608E+01  1.265E-02 
1.642E+03   1.600E+01  1.253E-02 
1.661E+03   1.591E+01  1.242E-02 
1.680E+03   1.583E+01  1.230E-02 
1.700E+03   1.574E+01  1.219E-02 
1.720E+03   1.565E+01  1.207E-02 
1.740E+03   1.557E+01  1.196E-02 
1.760E+03   1.548E+01  1.185E-02 
1.780E+03   1.540E+01  1.174E-02 
1.801E+03   1.531E+01  1.163E-02 
1.822E+03   1.523E+01  1.152E-02 
1.843E+03   1.514E+01  1.141E-02 
1.864E+03   1.506E+01  1.130E-02 
1.886E+03   1.498E+01  1.120E-02 
1.908E+03   1.489E+01  1.109E-02 
1.930E+03   1.481E+01  1.099E-02 
1.952E+03   1.472E+01  1.089E-02 
1.975E+03   1.464E+01  1.079E-02 
1.998E+03   1.456E+01  1.068E-02 
2.021E+03   1.447E+01  1.058E-02 
2.044E+03   1.439E+01  1.048E-02 
2.068E+03   1.431E+01  1.039E-02 
2.092E+03   1.423E+01  1.029E-02 
2.116E+03   1.414E+01  1.019E-02 
2.141E+03   1.406E+01  1.010E-02 
2.166E+03   1.398E+01  1.000E-02 
2.191E+03   1.390E+01  9.907E-03 
2.216E+03   1.382E+01  9.814E-03 
2.242E+03   1.374E+01  9.721E-03 
2.268E+03   1.366E+01  9.630E-03 
2.294E+03   1.358E+01  9.539E-03 
2.321E+03   1.350E+01  9.449E-03 
2.348E+03   1.342E+01  9.360E-03 
2.375E+03   1.334E+01  9.271E-03 
2.403E+03   1.326E+01  9.184E-03 
2.431E+03   1.318E+01  9.097E-03 
2.459E+03   1.310E+01  9.011E-03 
2.487E+03   1.302E+01  8.926E-03 
2.516E+03   1.294E+01  8.841E-03 
2.545E+03   1.286E+01  8.758E-03 
2.575E+03   1.278E+01  8.675E-03 
2.605E+03   1.271E+01  8.592E-03 
2.635E+03   1.263E+01  8.511E-03 
2.665E+03   1.255E+01  8.430E-03 
2.696E+03   1.247E+01  8.350E-03 
2.728E+03   1.240E+01  8.271E-03 
2.759E+03   1.232E+01  8.193E-03 
2.791E+03   1.225E+01  8.115E-03 
2.824E+03   1.217E+01  8.038E-03 
2.856E+03   1.209E+01  7.961E-03 
2.889E+03   1.202E+01  7.886E-03 
2.923E+03   1.194E+01  7.811E-03 
2.957E+03   1.187E+01  7.736E-03 
2.991E+03   1.179E+01  7.663E-03 
3.026E+03   1.172E+01  7.590E-03 
3.061E+03   1.165E+01  7.517E-03 
3.097E+03   1.157E+01  7.446E-03 
3.132E+03   1.150E+01  7.375E-03 
3.169E+03   1.142E+01  7.304E-03 
3.206E+03   1.135E+01  7.235E-03 
3.243E+03   1.128E+01  7.166E-03 
3.280E+03   1.121E+01  7.097E-03 
3.318E+03   1.114E+01  7.029E-03 
3.357E+03   1.106E+01  6.962E-03 
3.396E+03   1.099E+01  6.896E-03 
3.435E+03   1.092E+01  6.830E-03 
3.475E+03   1.085E+01  6.764E-03 
3.515E+03   1.078E+01  6.700E-03 
3.556E+03   1.071E+01  6.635E-03 
3.597E+03   1.064E+01  6.572E-03 
3.639E+03   1.057E+01  6.509E-03 
3.681E+03   1.050E+01  6.446E-03 
3.724E+03   1.043E+01  6.385E-03 
3.767E+03   1.036E+01  6.323E-03 
3.811E+03   1.029E+01  6.263E-03 
3.855E+03   1.023E+01  6.203E-03 
3.900E+03   1.016E+01  6.143E-03 
3.945E+03   1.009E+01  6.084E-03 
3.991E+03   1.002E+01  6.025E-03 
4.037E+03   9.957E+00  5.968E-03 
4.084E+03   9.890E+00  5.910E-03 
4.131E+03   9.824E+00  5.853E-03 
4.179E+03   9.758E+00  5.797E-03 
4.228E+03   9.692E+00  5.741E-03 
4.277E+03   9.627E+00  5.686E-03 
4.326E+03   9.562E+00  5.631E-03 
4.376E+03   9.497E+00  5.577E-03 
4.427E+03   9.433E+00  5.523E-03 
4.479E+03   9.369E+00  5.470E-03 
4.531E+03   9.305E+00  5.417E-03 
4.583E+03   9.242E+00  5.365E-03 
4.636E+03   9.178E+00  5.313E-03 
4.690E+03   9.116E+00  5.262E-03 
4.744E+03   9.053E+00  5.211E-03 
4.799E+03   8.991E+00  5.160E-03 
4.855E+03   8.929E+00  5.110E-03 
4.911E+03   8.867E+00  5.061E-03 
4.968E+03   8.806E+00  5.012E-03 
5.026E+03   8.745E+00  4.964E-03 
5.084E+03   8.685E+00  4.915E-03 
5.143E+03   8.624E+00  4.868E-03 
5.203E+03   8.564E+00  4.821E-03 
5.263E+03   8.505E+00  4.774E-03 
5.324E+03   8.445E+00  4.728E-03 
5.386E+03   8.386E+00  4.682E-03 
5.449E+03   8.327E+00  4.636E-03 
5.512E+03   8.269E+00  4.591E-03 
5.576E+03   8.211E+00  4.547E-03 
5.640E+03   8.153E+00  4.503E-03 
5.706E+03   8.095E+00  4.459E-03 
5.772E+03   8.038E+00  4.416E-03 
5.839E+03   7.981E+00  4.373E-03 
5.907E+03   7.925E+00  4.330E-03 
5.975E+03   7.868E+00  4.288E-03 
6.045E+03   7.812E+00  4.246E-03 
6.115E+03   7.757E+00  4.205E-03 
6.186E+03   7.701E+00  4.164E-03 
6.257E+03   7.646E+00  4.124E-03 
6.330E+03   7.592E+00  4.083E-03 
6.403E+03   7.537E+00  4.044E-03 
6.478E+03   7.483E+00  4.004E-03 
6.553E+03   7.429E+00  3.965E-03 
6.629E+03   7.376E+00  3.926E-03 
6.706E+03   7.323E+00  3.888E-03 
6.783E+03   7.270E+00  3.850E-03 
6.862E+03   7.217E+00  3.813E-03 
6.942E+03   7.165E+00  3.775E-03 
7.022E+03   7.113E+00  3.739E-03 
7.104E+03   7.061E+00  3.702E-03 
7.186E+03   7.010E+00  3.666E-03 
7.269E+03   6.959E+00  3.630E-03 
7.354E+03   6.908E+00  3.595E-03 
7.439E+03   6.857E+00  3.559E-03 
7.525E+03   6.807E+00  3.525E-03 
7.613E+03   6.757E+00  3.490E-03 
7.701E+03   6.708E+00  3.456E-03 
7.790E+03   6.658E+00  3.422E-03 
7.881E+03   6.609E+00  3.388E-03 
7.972E+03   6.561E+00  3.355E-03 
8.064E+03   6.512E+00  3.322E-03 
8.158E+03   6.464E+00  3.290E-03 
8.253E+03   6.416E+00  3.258E-03 
8.348E+03   6.369E+00  3.226E-03 
8.445E+03   6.321E+00  3.194E-03 
8.543E+03   6.274E+00  3.163E-03 
8.642E+03   6.228E+00  3.132E-03 
8.742E+03   6.181E+00  3.101E-03 
8.844E+03   6.135E+00  3.070E-03 
8.946E+03   6.089E+00  3.040E-03 
9.050E+03   6.044E+00  3.010E-03 
9.155E+03   5.998E+00  2.981E-03 
9.261E+03   5.953E+00  2.951E-03 
9.369E+03   5.909E+00  2.922E-03 
9.477E+03   5.864E+00  2.894E-03 
9.587E+03   5.820E+00  2.865E-03 
9.699E+03   5.776E+00  2.837E-03 
9.811E+03   5.733E+00  2.809E-03 
9.925E+03   5.689E+00  2.781E-03 
1.004E+04   5.646E+00  2.754E-03 
1.016E+04   5.604E+00  2.727E-03 
1.027E+04   5.561E+00  2.700E-03 
1.039E+04   5.519E+00  2.673E-03 
1.051E+04   5.477E+00  2.647E-03 
1.064E+04   5.435E+00  2.621E-03 
1.076E+04   5.394E+00  2.595E-03 
1.088E+04   5.353E+00  2.569E-03 
1.101E+04   5.312E+00  2.544E-03 
1.114E+04   5.271E+00  2.519E-03 
1.127E+04   5.231E+00  2.494E-03 
1.140E+04   5.191E+00  2.469E-03 
1.153E+04   5.151E+00  2.445E-03 
1.166E+04   5.111E+00  2.421E-03 
1.180E+04   5.072E+00  2.397E-03 
1.194E+04   5.033E+00  2.373E-03 
1.207E+04   4.994E+00  2.350E-03 
1.221E+04   4.956E+00  2.326E-03 
1.236E+04   4.917E+00  2.303E-03 
1.250E+04   4.879E+00  2.280E-03 
1.264E+04   4.842E+00  2.258E-03 
1.279E+04   4.804E+00  2.235E-03 
1.294E+04   4.767E+00  2.213E-03 
1.309E+04   4.730E+00  2.191E-03 
1.324E+04   4.693E+00  2.170E-03 
1.340E+04   4.657E+00  2.148E-03 
1.355E+04   4.620E+00  2.127E-03 
1.371E+04   4.584E+00  2.106E-03 
1.387E+04   4.549E+00  2.085E-03 
1.403E+04   4.513E+00  2.064E-03 
1.419E+04   4.478E+00  2.044E-03 
1.435E+04   4.443E+00  2.023E-03 
1.452E+04   4.408E+00  2.003E-03 
1.469E+04   4.373E+00  1.983E-03 
1.486E+04   4.339E+00  1.964E-03 
1.503E+04   4.305E+00  1.944E-03 
1.521E+04   4.271E+00  1.925E-03 
1.538E+04   4.237E+00  1.906E-03 
1.556E+04   4.204E+00  1.887E-03 
1.574E+04   4.171E+00  1.868E-03 
1.592E+04   4.138E+00  1.849E-03 
1.611E+04   4.105E+00  1.831E-03 
1.630E+04   4.073E+00  1.813E-03 
1.649E+04   4.041E+00  1.795E-03 
1.668E+04   4.009E+00  1.777E-03 
1.687E+04   3.977E+00  1.759E-03 
1.707E+04   3.945E+00  1.742E-03 
1.726E+04   3.914E+00  1.724E-03 
1.746E+04   3.883E+00  1.707E-03 
1.767E+04   3.852E+00  1.690E-03 
1.787E+04   3.821E+00  1.673E-03 
1.808E+04   3.791E+00  1.656E-03 
1.829E+04   3.761E+00  1.640E-03 
1.850E+04   3.731E+00  1.623E-03 
1.871E+04   3.701E+00  1.607E-03 
1.893E+04   3.671E+00  1.591E-03 
1.915E+04   3.642E+00  1.575E-03 
1.937E+04   3.613E+00  1.560E-03 
1.960E+04   3.584E+00  1.544E-03 
1.983E+04   3.555E+00  1.529E-03 
2.006E+04   3.527E+00  1.513E-03 
2.029E+04   3.498E+00  1.498E-03 
2.052E+04   3.470E+00  1.483E-03 
2.076E+04   3.442E+00  1.468E-03 
2.100E+04   3.415E+00  1.454E-03 
2.125E+04   3.387E+00  1.439E-03 
2.149E+04   3.360E+00  1.425E-03 
2.174E+04   3.333E+00  1.410E-03 
2.199E+04   3.306E+00  1.396E-03 
2.225E+04   3.279E+00  1.382E-03 
2.251E+04   3.253E+00  1.368E-03 
2.277E+04   3.226E+00  1.355E-03 
2.303E+04   3.200E+00  1.341E-03 
2.330E+04   3.174E+00  1.328E-03 
2.357E+04   3.149E+00  1.314E-03 
2.384E+04   3.123E+00  1.301E-03 
2.412E+04   3.098E+00  1.288E-03 
2.440E+04   3.073E+00  1.275E-03 
2.468E+04   3.048E+00  1.262E-03 
2.497E+04   3.023E+00  1.250E-03 
2.526E+04   2.999E+00  1.237E-03 
2.555E+04   2.974E+00  1.225E-03 
2.585E+04   2.950E+00  1.213E-03 
2.615E+04   2.926E+00  1.200E-03 
2.645E+04   2.902E+00  1.188E-03 
2.676E+04   2.879E+00  1.176E-03 
2.707E+04   2.855E+00  1.165E-03 
2.738E+04   2.832E+00  1.153E-03 
2.770E+04   2.809E+00  1.141E-03 
2.802E+04   2.786E+00  1.130E-03 
2.835E+04   2.763E+00  1.118E-03 
2.867E+04   2.741E+00  1.107E-03 
2.901E+04   2.718E+00  1.096E-03 
2.934E+04   2.696E+00  1.085E-03 
2.968E+04   2.674E+00  1.074E-03 
3.003E+04   2.652E+00  1.063E-03 
3.038E+04   2.630E+00  1.052E-03 
3.073E+04   2.609E+00  1.042E-03 
3.109E+04   2.587E+00  1.031E-03 
3.145E+04   2.566E+00  1.021E-03 
3.181E+04   2.545E+00  1.011E-03 
3.218E+04   2.524E+00  1.001E-03 
3.255E+04   2.504E+00  9.904E-04 
3.293E+04   2.483E+00  9.804E-04 
3.331E+04   2.463E+00  9.706E-04 
3.370E+04   2.442E+00  9.608E-04 
3.409E+04   2.422E+00  9.511E-04 
3.449E+04   2.403E+00  9.415E-04 
3.489E+04   2.383E+00  9.320E-04 
3.529E+04   2.363E+00  9.226E-04 
3.570E+04   2.344E+00  9.132E-04 
3.611E+04   2.325E+00  9.040E-04 
3.653E+04   2.305E+00  8.949E-04 
3.696E+04   2.286E+00  8.858E-04 
3.738E+04   2.268E+00  8.769E-04 
3.782E+04   2.249E+00  8.680E-04 
3.826E+04   2.231E+00  8.592E-04 
3.870E+04   2.212E+00  8.506E-04 
3.915E+04   2.194E+00  8.420E-04 
3.960E+04   2.176E+00  8.334E-04 
4.006E+04   2.158E+00  8.250E-04 
4.053E+04   2.140E+00  8.167E-04 
4.100E+04   2.123E+00  8.084E-04 
4.147E+04   2.105E+00  8.002E-04 
4.195E+04   2.088E+00  7.921E-04 
4.244E+04   2.071E+00  7.841E-04 
4.293E+04   2.054E+00  7.761E-04 
4.343E+04   2.037E+00  7.683E-04 
4.394E+04   2.020E+00  7.605E-04 
4.444E+04   2.003E+00  7.528E-04 
4.496E+04   1.987E+00  7.452E-04 
4.548E+04   1.970E+00  7.376E-04 
4.601E+04   1.954E+00  7.301E-04 
4.654E+04   1.938E+00  7.227E-04 
4.708E+04   1.922E+00  7.154E-04 
4.763E+04   1.906E+00  7.081E-04 
4.818E+04   1.891E+00  7.009E-04 
4.874E+04   1.875E+00  6.938E-04 
4.931E+04   1.860E+00  6.868E-04 
4.988E+04   1.844E+00  6.798E-04 
5.046E+04   1.829E+00  6.729E-04 
5.104E+04   1.814E+00  6.661E-04 
5.163E+04   1.799E+00  6.593E-04 
5.223E+04   1.784E+00  6.526E-04 
5.284E+04   1.770E+00  6.460E-04 
5.345E+04   1.755E+00  6.394E-04 
5.407E+04   1.741E+00  6.329E-04 
5.470E+04   1.727E+00  6.265E-04 
5.533E+04   1.712E+00  6.201E-04 
5.597E+04   1.698E+00  6.138E-04 
5.662E+04   1.684E+00  6.076E-04 
5.728E+04   1.671E+00  6.014E-04 
5.794E+04   1.657E+00  5.953E-04 
5.862E+04   1.643E+00  5.892E-04 
5.930E+04   1.630E+00  5.832E-04 
5.998E+04   1.616E+00  5.773E-04 
6.068E+04   1.603E+00  5.714E-04 
6.138E+04   1.590E+00  5.656E-04 
6.210E+04   1.577E+00  5.598E-04 
6.282E+04   1.564E+00  5.541E-04 
6.354E+04   1.551E+00  5.485E-04 
6.428E+04   1.539E+00  5.429E-04 
6.503E+04   1.526E+00  5.374E-04 
6.578E+04   1.514E+00  5.319E-04 
6.654E+04   1.501E+00  5.265E-04 
6.732E+04   1.489E+00  5.211E-04 
6.810E+04   1.477E+00  5.158E-04 
6.889E+04   1.465E+00  5.105E-04 
6.969E+04   1.453E+00  5.053E-04 
7.049E+04   1.441E+00  5.002E-04 
7.131E+04   1.430E+00  4.951E-04 
7.214E+04   1.418E+00  4.900E-04 
7.298E+04   1.406E+00  4.850E-04 
7.382E+04   1.395E+00  4.801E-04 
7.468E+04   1.384E+00  4.751E-04 
7.555E+04   1.373E+00  4.703E-04 
7.642E+04   1.361E+00  4.655E-04 
7.731E+04   1.350E+00  4.607E-04 
7.820E+04   1.340E+00  4.560E-04 
7.911E+04   1.329E+00  4.514E-04 
8.003E+04   1.318E+00  4.468E-04 
8.096E+04   1.307E+00  4.422E-04 
8.190E+04   1.297E+00  4.377E-04 
8.285E+04   1.286E+00  4.332E-04 
8.381E+04   1.276E+00  4.288E-04 
8.478E+04   1.266E+00  4.244E-04 
8.576E+04   1.256E+00  4.200E-04 
8.676E+04   1.246E+00  4.157E-04 
8.776E+04   1.236E+00  4.115E-04 
8.878E+04   1.226E+00  4.073E-04 
8.981E+04   1.216E+00  4.031E-04 
9.085E+04   1.206E+00  3.990E-04 
9.191E+04   1.197E+00  3.949E-04 
9.297E+04   1.187E+00  3.909E-04 
9.405E+04   1.178E+00  3.869E-04 
9.514E+04   1.168E+00  3.829E-04 
9.625E+04   1.159E+00  3.790E-04 
9.736E+04   1.150E+00  3.751E-04 
9.849E+04   1.141E+00  3.712E-04 
9.963E+04   1.132E+00  3.674E-04 
1.008E+05   1.123E+00  3.637E-04 
