Ion = Hydrogen    . Mass = 1.0079
Tgt = Er (Solid). Density = 9.066 g/cm3
Stopping Units =  eV/(1E15 atoms/cm2)
Energy(keV)  S(Elec)    S(Nuc)
1.000E+00   6.313E+00  2.753E-01 
1.012E+00   6.349E+00  2.756E-01 
1.023E+00   6.386E+00  2.760E-01 
1.035E+00   6.423E+00  2.763E-01 
1.047E+00   6.460E+00  2.766E-01 
1.059E+00   6.497E+00  2.769E-01 
1.072E+00   6.535E+00  2.772E-01 
1.084E+00   6.573E+00  2.775E-01 
1.097E+00   6.611E+00  2.778E-01 
1.109E+00   6.649E+00  2.781E-01 
1.122E+00   6.687E+00  2.784E-01 
1.135E+00   6.726E+00  2.787E-01 
1.148E+00   6.765E+00  2.790E-01 
1.162E+00   6.804E+00  2.793E-01 
1.175E+00   6.844E+00  2.796E-01 
1.189E+00   6.883E+00  2.798E-01 
1.203E+00   6.923E+00  2.801E-01 
1.217E+00   6.963E+00  2.804E-01 
1.231E+00   7.003E+00  2.806E-01 
1.245E+00   7.044E+00  2.809E-01 
1.259E+00   7.084E+00  2.812E-01 
1.274E+00   7.125E+00  2.814E-01 
1.289E+00   7.167E+00  2.816E-01 
1.304E+00   7.208E+00  2.819E-01 
1.319E+00   7.250E+00  2.821E-01 
1.334E+00   7.292E+00  2.824E-01 
1.350E+00   7.334E+00  2.826E-01 
1.365E+00   7.376E+00  2.828E-01 
1.381E+00   7.419E+00  2.830E-01 
1.397E+00   7.462E+00  2.833E-01 
1.413E+00   7.505E+00  2.835E-01 
1.430E+00   7.548E+00  2.837E-01 
1.446E+00   7.592E+00  2.839E-01 
1.463E+00   7.636E+00  2.841E-01 
1.480E+00   7.680E+00  2.843E-01 
1.497E+00   7.724E+00  2.845E-01 
1.515E+00   7.769E+00  2.846E-01 
1.532E+00   7.814E+00  2.848E-01 
1.550E+00   7.859E+00  2.850E-01 
1.568E+00   7.905E+00  2.852E-01 
1.586E+00   7.950E+00  2.853E-01 
1.605E+00   7.996E+00  2.855E-01 
1.623E+00   8.043E+00  2.857E-01 
1.642E+00   8.089E+00  2.858E-01 
1.661E+00   8.136E+00  2.860E-01 
1.680E+00   8.183E+00  2.861E-01 
1.700E+00   8.230E+00  2.863E-01 
1.719E+00   8.278E+00  2.864E-01 
1.739E+00   8.326E+00  2.865E-01 
1.760E+00   8.374E+00  2.866E-01 
1.780E+00   8.422E+00  2.868E-01 
1.801E+00   8.471E+00  2.869E-01 
1.822E+00   8.520E+00  2.870E-01 
1.843E+00   8.569E+00  2.871E-01 
1.864E+00   8.619E+00  2.872E-01 
1.886E+00   8.669E+00  2.873E-01 
1.908E+00   8.719E+00  2.874E-01 
1.930E+00   8.769E+00  2.875E-01 
1.952E+00   8.820E+00  2.876E-01 
1.975E+00   8.871E+00  2.876E-01 
1.998E+00   8.922E+00  2.877E-01 
2.021E+00   8.972E+00  2.878E-01 
2.044E+00   9.018E+00  2.878E-01 
2.068E+00   9.063E+00  2.879E-01 
2.092E+00   9.109E+00  2.879E-01 
2.116E+00   9.155E+00  2.880E-01 
2.141E+00   9.201E+00  2.880E-01 
2.166E+00   9.247E+00  2.881E-01 
2.191E+00   9.294E+00  2.881E-01 
2.216E+00   9.341E+00  2.881E-01 
2.242E+00   9.389E+00  2.881E-01 
2.268E+00   9.437E+00  2.882E-01 
2.294E+00   9.485E+00  2.882E-01 
2.321E+00   9.533E+00  2.882E-01 
2.348E+00   9.582E+00  2.882E-01 
2.375E+00   9.631E+00  2.882E-01 
2.402E+00   9.680E+00  2.882E-01 
2.430E+00   9.729E+00  2.881E-01 
2.458E+00   9.779E+00  2.881E-01 
2.487E+00   9.829E+00  2.881E-01 
2.516E+00   9.880E+00  2.881E-01 
2.545E+00   9.930E+00  2.880E-01 
2.574E+00   9.982E+00  2.880E-01 
2.604E+00   1.003E+01  2.879E-01 
2.635E+00   1.008E+01  2.879E-01 
2.665E+00   1.014E+01  2.878E-01 
2.696E+00   1.019E+01  2.878E-01 
2.727E+00   1.024E+01  2.877E-01 
2.759E+00   1.029E+01  2.876E-01 
2.791E+00   1.035E+01  2.875E-01 
2.823E+00   1.040E+01  2.875E-01 
2.856E+00   1.046E+01  2.874E-01 
2.889E+00   1.051E+01  2.873E-01 
2.923E+00   1.056E+01  2.872E-01 
2.957E+00   1.062E+01  2.871E-01 
2.991E+00   1.067E+01  2.869E-01 
3.026E+00   1.073E+01  2.868E-01 
3.061E+00   1.079E+01  2.867E-01 
3.096E+00   1.084E+01  2.866E-01 
3.132E+00   1.090E+01  2.864E-01 
3.168E+00   1.096E+01  2.863E-01 
3.205E+00   1.101E+01  2.861E-01 
3.242E+00   1.107E+01  2.860E-01 
3.280E+00   1.113E+01  2.858E-01 
3.318E+00   1.119E+01  2.857E-01 
3.356E+00   1.125E+01  2.855E-01 
3.395E+00   1.131E+01  2.853E-01 
3.435E+00   1.137E+01  2.851E-01 
3.475E+00   1.143E+01  2.849E-01 
3.515E+00   1.149E+01  2.847E-01 
3.556E+00   1.155E+01  2.846E-01 
3.597E+00   1.161E+01  2.843E-01 
3.639E+00   1.167E+01  2.841E-01 
3.681E+00   1.173E+01  2.839E-01 
3.724E+00   1.179E+01  2.837E-01 
3.767E+00   1.186E+01  2.835E-01 
3.810E+00   1.192E+01  2.832E-01 
3.855E+00   1.198E+01  2.830E-01 
3.899E+00   1.205E+01  2.828E-01 
3.945E+00   1.211E+01  2.825E-01 
3.990E+00   1.217E+01  2.822E-01 
4.037E+00   1.224E+01  2.820E-01 
4.083E+00   1.230E+01  2.817E-01 
4.131E+00   1.237E+01  2.814E-01 
4.179E+00   1.244E+01  2.812E-01 
4.227E+00   1.250E+01  2.809E-01 
4.276E+00   1.257E+01  2.806E-01 
4.326E+00   1.264E+01  2.803E-01 
4.376E+00   1.270E+01  2.800E-01 
4.427E+00   1.277E+01  2.797E-01 
4.478E+00   1.284E+01  2.794E-01 
4.530E+00   1.291E+01  2.790E-01 
4.583E+00   1.298E+01  2.787E-01 
4.636E+00   1.305E+01  2.784E-01 
4.690E+00   1.312E+01  2.780E-01 
4.744E+00   1.319E+01  2.777E-01 
4.799E+00   1.326E+01  2.774E-01 
4.855E+00   1.333E+01  2.770E-01 
4.911E+00   1.340E+01  2.766E-01 
4.968E+00   1.347E+01  2.763E-01 
5.026E+00   1.355E+01  2.759E-01 
5.084E+00   1.362E+01  2.755E-01 
5.143E+00   1.369E+01  2.751E-01 
5.202E+00   1.377E+01  2.748E-01 
5.263E+00   1.384E+01  2.744E-01 
5.324E+00   1.392E+01  2.740E-01 
5.386E+00   1.399E+01  2.736E-01 
5.448E+00   1.407E+01  2.731E-01 
5.511E+00   1.414E+01  2.727E-01 
5.575E+00   1.422E+01  2.723E-01 
5.640E+00   1.430E+01  2.719E-01 
5.705E+00   1.437E+01  2.714E-01 
5.771E+00   1.445E+01  2.710E-01 
5.838E+00   1.453E+01  2.706E-01 
5.906E+00   1.461E+01  2.701E-01 
5.975E+00   1.469E+01  2.696E-01 
6.044E+00   1.477E+01  2.692E-01 
6.114E+00   1.485E+01  2.687E-01 
6.185E+00   1.493E+01  2.682E-01 
6.257E+00   1.501E+01  2.678E-01 
6.329E+00   1.509E+01  2.673E-01 
6.403E+00   1.518E+01  2.668E-01 
6.477E+00   1.526E+01  2.663E-01 
6.552E+00   1.534E+01  2.658E-01 
6.628E+00   1.542E+01  2.653E-01 
6.705E+00   1.551E+01  2.648E-01 
6.783E+00   1.559E+01  2.643E-01 
6.861E+00   1.568E+01  2.637E-01 
6.941E+00   1.576E+01  2.632E-01 
7.021E+00   1.585E+01  2.627E-01 
7.103E+00   1.594E+01  2.621E-01 
7.185E+00   1.602E+01  2.616E-01 
7.269E+00   1.611E+01  2.610E-01 
7.353E+00   1.620E+01  2.605E-01 
7.438E+00   1.629E+01  2.599E-01 
7.524E+00   1.638E+01  2.594E-01 
7.612E+00   1.647E+01  2.588E-01 
7.700E+00   1.656E+01  2.582E-01 
7.789E+00   1.665E+01  2.577E-01 
7.880E+00   1.674E+01  2.571E-01 
7.971E+00   1.683E+01  2.565E-01 
8.064E+00   1.692E+01  2.559E-01 
8.157E+00   1.701E+01  2.553E-01 
8.252E+00   1.711E+01  2.547E-01 
8.347E+00   1.720E+01  2.541E-01 
8.444E+00   1.729E+01  2.535E-01 
8.542E+00   1.739E+01  2.528E-01 
8.641E+00   1.748E+01  2.522E-01 
8.741E+00   1.758E+01  2.516E-01 
8.843E+00   1.767E+01  2.510E-01 
8.945E+00   1.777E+01  2.503E-01 
9.049E+00   1.787E+01  2.497E-01 
9.154E+00   1.797E+01  2.490E-01 
9.260E+00   1.806E+01  2.484E-01 
9.368E+00   1.816E+01  2.477E-01 
9.476E+00   1.826E+01  2.471E-01 
9.586E+00   1.836E+01  2.464E-01 
9.698E+00   1.846E+01  2.457E-01 
9.810E+00   1.856E+01  2.451E-01 
9.924E+00   1.866E+01  2.444E-01 
1.004E+01   1.877E+01  2.437E-01 
1.016E+01   1.887E+01  2.430E-01 
1.027E+01   1.897E+01  2.423E-01 
1.039E+01   1.907E+01  2.416E-01 
1.051E+01   1.918E+01  2.409E-01 
1.063E+01   1.928E+01  2.402E-01 
1.076E+01   1.939E+01  2.395E-01 
1.088E+01   1.949E+01  2.388E-01 
1.101E+01   1.960E+01  2.381E-01 
1.114E+01   1.971E+01  2.374E-01 
1.127E+01   1.981E+01  2.367E-01 
1.140E+01   1.992E+01  2.359E-01 
1.153E+01   2.003E+01  2.352E-01 
1.166E+01   2.014E+01  2.345E-01 
1.180E+01   2.025E+01  2.337E-01 
1.193E+01   2.036E+01  2.330E-01 
1.207E+01   2.047E+01  2.323E-01 
1.221E+01   2.058E+01  2.315E-01 
1.235E+01   2.069E+01  2.308E-01 
1.250E+01   2.080E+01  2.300E-01 
1.264E+01   2.091E+01  2.293E-01 
1.279E+01   2.103E+01  2.285E-01 
1.294E+01   2.114E+01  2.277E-01 
1.309E+01   2.125E+01  2.270E-01 
1.324E+01   2.137E+01  2.262E-01 
1.339E+01   2.148E+01  2.254E-01 
1.355E+01   2.160E+01  2.246E-01 
1.371E+01   2.171E+01  2.239E-01 
1.387E+01   2.183E+01  2.231E-01 
1.403E+01   2.195E+01  2.223E-01 
1.419E+01   2.207E+01  2.215E-01 
1.435E+01   2.218E+01  2.207E-01 
1.452E+01   2.230E+01  2.199E-01 
1.469E+01   2.242E+01  2.191E-01 
1.486E+01   2.254E+01  2.183E-01 
1.503E+01   2.266E+01  2.175E-01 
1.521E+01   2.278E+01  2.167E-01 
1.538E+01   2.290E+01  2.159E-01 
1.556E+01   2.302E+01  2.151E-01 
1.574E+01   2.315E+01  2.143E-01 
1.592E+01   2.327E+01  2.135E-01 
1.611E+01   2.339E+01  2.127E-01 
1.629E+01   2.351E+01  2.119E-01 
1.648E+01   2.364E+01  2.110E-01 
1.667E+01   2.376E+01  2.102E-01 
1.687E+01   2.389E+01  2.094E-01 
1.706E+01   2.401E+01  2.086E-01 
1.726E+01   2.414E+01  2.077E-01 
1.746E+01   2.426E+01  2.069E-01 
1.766E+01   2.439E+01  2.061E-01 
1.787E+01   2.452E+01  2.053E-01 
1.808E+01   2.464E+01  2.044E-01 
1.829E+01   2.477E+01  2.036E-01 
1.850E+01   2.490E+01  2.027E-01 
1.871E+01   2.503E+01  2.019E-01 
1.893E+01   2.516E+01  2.011E-01 
1.915E+01   2.529E+01  2.002E-01 
1.937E+01   2.542E+01  1.994E-01 
1.960E+01   2.555E+01  1.985E-01 
1.982E+01   2.568E+01  1.977E-01 
2.005E+01   2.581E+01  1.968E-01 
2.029E+01   2.594E+01  1.960E-01 
2.052E+01   2.607E+01  1.951E-01 
2.076E+01   2.620E+01  1.943E-01 
2.100E+01   2.633E+01  1.934E-01 
2.124E+01   2.647E+01  1.926E-01 
2.149E+01   2.660E+01  1.917E-01 
2.174E+01   2.673E+01  1.909E-01 
2.199E+01   2.687E+01  1.900E-01 
2.225E+01   2.700E+01  1.892E-01 
2.250E+01   2.713E+01  1.883E-01 
2.277E+01   2.727E+01  1.875E-01 
2.303E+01   2.740E+01  1.866E-01 
2.330E+01   2.753E+01  1.857E-01 
2.357E+01   2.767E+01  1.849E-01 
2.384E+01   2.780E+01  1.840E-01 
2.412E+01   2.794E+01  1.832E-01 
2.440E+01   2.807E+01  1.823E-01 
2.468E+01   2.821E+01  1.814E-01 
2.497E+01   2.834E+01  1.806E-01 
2.526E+01   2.848E+01  1.797E-01 
2.555E+01   2.862E+01  1.789E-01 
2.584E+01   2.875E+01  1.780E-01 
2.614E+01   2.889E+01  1.771E-01 
2.645E+01   2.902E+01  1.763E-01 
2.675E+01   2.916E+01  1.754E-01 
2.707E+01   2.929E+01  1.746E-01 
2.738E+01   2.943E+01  1.737E-01 
2.770E+01   2.957E+01  1.728E-01 
2.802E+01   2.970E+01  1.720E-01 
2.834E+01   2.984E+01  1.711E-01 
2.867E+01   2.997E+01  1.703E-01 
2.900E+01   3.011E+01  1.694E-01 
2.934E+01   3.024E+01  1.686E-01 
2.968E+01   3.038E+01  1.677E-01 
3.003E+01   3.052E+01  1.668E-01 
3.037E+01   3.065E+01  1.660E-01 
3.073E+01   3.079E+01  1.651E-01 
3.108E+01   3.092E+01  1.643E-01 
3.144E+01   3.105E+01  1.634E-01 
3.181E+01   3.119E+01  1.626E-01 
3.218E+01   3.132E+01  1.617E-01 
3.255E+01   3.146E+01  1.609E-01 
3.293E+01   3.159E+01  1.600E-01 
3.331E+01   3.172E+01  1.592E-01 
3.370E+01   3.186E+01  1.583E-01 
3.409E+01   3.199E+01  1.575E-01 
3.448E+01   3.212E+01  1.566E-01 
3.488E+01   3.225E+01  1.558E-01 
3.529E+01   3.238E+01  1.549E-01 
3.570E+01   3.251E+01  1.541E-01 
3.611E+01   3.264E+01  1.533E-01 
3.653E+01   3.277E+01  1.524E-01 
3.695E+01   3.290E+01  1.516E-01 
3.738E+01   3.303E+01  1.507E-01 
3.781E+01   3.316E+01  1.499E-01 
3.825E+01   3.328E+01  1.491E-01 
3.870E+01   3.341E+01  1.482E-01 
3.915E+01   3.354E+01  1.474E-01 
3.960E+01   3.366E+01  1.466E-01 
4.006E+01   3.379E+01  1.457E-01 
4.052E+01   3.391E+01  1.449E-01 
4.099E+01   3.403E+01  1.441E-01 
4.147E+01   3.416E+01  1.433E-01 
4.195E+01   3.428E+01  1.425E-01 
4.244E+01   3.440E+01  1.416E-01 
4.293E+01   3.452E+01  1.408E-01 
4.343E+01   3.464E+01  1.400E-01 
4.393E+01   3.475E+01  1.392E-01 
4.444E+01   3.487E+01  1.384E-01 
4.496E+01   3.499E+01  1.376E-01 
4.548E+01   3.510E+01  1.368E-01 
4.600E+01   3.521E+01  1.360E-01 
4.654E+01   3.533E+01  1.351E-01 
4.708E+01   3.544E+01  1.343E-01 
4.762E+01   3.555E+01  1.335E-01 
4.818E+01   3.566E+01  1.328E-01 
4.873E+01   3.577E+01  1.320E-01 
4.930E+01   3.587E+01  1.312E-01 
4.987E+01   3.598E+01  1.304E-01 
5.045E+01   3.608E+01  1.296E-01 
5.104E+01   3.619E+01  1.288E-01 
5.163E+01   3.629E+01  1.280E-01 
5.223E+01   3.639E+01  1.272E-01 
5.283E+01   3.649E+01  1.265E-01 
5.344E+01   3.659E+01  1.257E-01 
5.406E+01   3.668E+01  1.249E-01 
5.469E+01   3.678E+01  1.241E-01 
5.533E+01   3.687E+01  1.234E-01 
5.597E+01   3.696E+01  1.226E-01 
5.662E+01   3.705E+01  1.218E-01 
5.727E+01   3.714E+01  1.211E-01 
5.794E+01   3.723E+01  1.203E-01 
5.861E+01   3.732E+01  1.195E-01 
5.929E+01   3.740E+01  1.188E-01 
5.998E+01   3.749E+01  1.180E-01 
6.067E+01   3.757E+01  1.173E-01 
6.138E+01   3.765E+01  1.165E-01 
6.209E+01   3.773E+01  1.158E-01 
6.281E+01   3.780E+01  1.151E-01 
6.354E+01   3.788E+01  1.143E-01 
6.427E+01   3.795E+01  1.136E-01 
6.502E+01   3.802E+01  1.128E-01 
6.577E+01   3.809E+01  1.121E-01 
6.654E+01   3.816E+01  1.114E-01 
6.731E+01   3.823E+01  1.107E-01 
6.809E+01   3.829E+01  1.099E-01 
6.888E+01   3.836E+01  1.092E-01 
6.968E+01   3.842E+01  1.085E-01 
7.049E+01   3.848E+01  1.078E-01 
7.130E+01   3.854E+01  1.071E-01 
7.213E+01   3.859E+01  1.064E-01 
7.297E+01   3.865E+01  1.057E-01 
7.381E+01   3.870E+01  1.050E-01 
7.467E+01   3.875E+01  1.043E-01 
7.554E+01   3.880E+01  1.036E-01 
7.641E+01   3.885E+01  1.029E-01 
7.730E+01   3.890E+01  1.022E-01 
7.820E+01   3.894E+01  1.015E-01 
7.910E+01   3.898E+01  1.008E-01 
8.002E+01   3.902E+01  1.001E-01 
8.095E+01   3.906E+01  9.945E-02 
8.189E+01   3.910E+01  9.878E-02 
8.284E+01   3.914E+01  9.811E-02 
8.380E+01   3.917E+01  9.744E-02 
8.477E+01   3.920E+01  9.677E-02 
8.575E+01   3.923E+01  9.611E-02 
8.675E+01   3.926E+01  9.544E-02 
8.775E+01   3.929E+01  9.479E-02 
8.877E+01   3.931E+01  9.413E-02 
8.980E+01   3.933E+01  9.348E-02 
9.084E+01   3.935E+01  9.283E-02 
9.190E+01   3.937E+01  9.219E-02 
9.296E+01   3.939E+01  9.154E-02 
9.404E+01   3.941E+01  9.090E-02 
9.513E+01   3.942E+01  9.027E-02 
9.624E+01   3.944E+01  8.963E-02 
9.735E+01   3.945E+01  8.900E-02 
9.848E+01   3.946E+01  8.838E-02 
9.962E+01   3.946E+01  8.775E-02 
1.008E+02   3.947E+01  8.713E-02 
1.019E+02   3.947E+01  8.651E-02 
1.031E+02   3.948E+01  8.590E-02 
1.043E+02   3.948E+01  8.529E-02 
1.055E+02   3.948E+01  8.468E-02 
1.068E+02   3.947E+01  8.407E-02 
1.080E+02   3.947E+01  8.347E-02 
1.093E+02   3.946E+01  8.287E-02 
1.105E+02   3.946E+01  8.228E-02 
1.118E+02   3.945E+01  8.168E-02 
1.131E+02   3.944E+01  8.109E-02 
1.144E+02   3.943E+01  8.051E-02 
1.157E+02   3.941E+01  7.992E-02 
1.171E+02   3.940E+01  7.934E-02 
1.184E+02   3.938E+01  7.876E-02 
1.198E+02   3.936E+01  7.819E-02 
1.212E+02   3.934E+01  7.762E-02 
1.226E+02   3.932E+01  7.705E-02 
1.240E+02   3.930E+01  7.649E-02 
1.255E+02   3.927E+01  7.592E-02 
1.269E+02   3.925E+01  7.536E-02 
1.284E+02   3.922E+01  7.481E-02 
1.299E+02   3.919E+01  7.426E-02 
1.314E+02   3.916E+01  7.371E-02 
1.329E+02   3.913E+01  7.316E-02 
1.345E+02   3.910E+01  7.262E-02 
1.360E+02   3.906E+01  7.208E-02 
1.376E+02   3.903E+01  7.154E-02 
1.392E+02   3.899E+01  7.100E-02 
1.408E+02   3.895E+01  7.047E-02 
1.424E+02   3.891E+01  6.994E-02 
1.441E+02   3.887E+01  6.942E-02 
1.458E+02   3.883E+01  6.890E-02 
1.475E+02   3.878E+01  6.838E-02 
1.492E+02   3.874E+01  6.786E-02 
1.509E+02   3.869E+01  6.735E-02 
1.526E+02   3.864E+01  6.684E-02 
1.544E+02   3.859E+01  6.633E-02 
1.562E+02   3.854E+01  6.583E-02 
1.580E+02   3.849E+01  6.533E-02 
1.598E+02   3.843E+01  6.483E-02 
1.617E+02   3.838E+01  6.434E-02 
1.636E+02   3.832E+01  6.384E-02 
1.655E+02   3.826E+01  6.335E-02 
1.674E+02   3.820E+01  6.287E-02 
1.693E+02   3.814E+01  6.239E-02 
1.713E+02   3.808E+01  6.191E-02 
1.733E+02   3.802E+01  6.143E-02 
1.753E+02   3.795E+01  6.095E-02 
1.773E+02   3.789E+01  6.048E-02 
1.794E+02   3.782E+01  6.001E-02 
1.815E+02   3.775E+01  5.955E-02 
1.836E+02   3.768E+01  5.909E-02 
1.857E+02   3.761E+01  5.863E-02 
1.879E+02   3.754E+01  5.817E-02 
1.900E+02   3.747E+01  5.772E-02 
1.922E+02   3.739E+01  5.727E-02 
1.945E+02   3.732E+01  5.682E-02 
1.967E+02   3.724E+01  5.637E-02 
1.990E+02   3.716E+01  5.593E-02 
2.013E+02   3.708E+01  5.549E-02 
2.036E+02   3.700E+01  5.505E-02 
2.060E+02   3.692E+01  5.462E-02 
2.084E+02   3.684E+01  5.419E-02 
2.108E+02   3.676E+01  5.376E-02 
2.133E+02   3.667E+01  5.333E-02 
2.157E+02   3.659E+01  5.291E-02 
2.182E+02   3.650E+01  5.249E-02 
2.208E+02   3.641E+01  5.208E-02 
2.233E+02   3.632E+01  5.166E-02 
2.259E+02   3.623E+01  5.125E-02 
2.285E+02   3.614E+01  5.084E-02 
2.312E+02   3.605E+01  5.342E-02 
2.339E+02   3.595E+01  5.299E-02 
2.366E+02   3.586E+01  5.256E-02 
2.393E+02   3.576E+01  5.213E-02 
2.421E+02   3.566E+01  5.171E-02 
2.449E+02   3.557E+01  5.128E-02 
2.478E+02   3.547E+01  5.087E-02 
2.506E+02   3.537E+01  5.045E-02 
2.535E+02   3.527E+01  5.004E-02 
2.565E+02   3.516E+01  4.962E-02 
2.595E+02   3.506E+01  4.922E-02 
2.625E+02   3.496E+01  4.881E-02 
2.655E+02   3.485E+01  4.841E-02 
2.686E+02   3.474E+01  4.801E-02 
2.717E+02   3.464E+01  4.761E-02 
2.749E+02   3.453E+01  4.722E-02 
2.780E+02   3.442E+01  4.683E-02 
2.813E+02   3.431E+01  4.644E-02 
2.845E+02   3.420E+01  4.605E-02 
2.878E+02   3.409E+01  4.567E-02 
2.912E+02   3.398E+01  4.529E-02 
2.945E+02   3.386E+01  4.491E-02 
2.980E+02   3.375E+01  4.454E-02 
3.014E+02   3.363E+01  4.417E-02 
3.049E+02   3.352E+01  4.380E-02 
3.085E+02   3.340E+01  4.343E-02 
3.120E+02   3.328E+01  4.307E-02 
3.156E+02   3.316E+01  4.271E-02 
3.193E+02   3.304E+01  4.235E-02 
3.230E+02   3.292E+01  4.199E-02 
3.268E+02   3.280E+01  4.164E-02 
3.306E+02   3.268E+01  4.129E-02 
3.344E+02   3.256E+01  4.094E-02 
3.383E+02   3.244E+01  4.059E-02 
3.422E+02   3.231E+01  4.025E-02 
3.462E+02   3.219E+01  3.991E-02 
3.502E+02   3.206E+01  3.957E-02 
3.542E+02   3.194E+01  3.923E-02 
3.583E+02   3.181E+01  3.890E-02 
3.625E+02   3.168E+01  3.857E-02 
3.667E+02   3.155E+01  3.824E-02 
3.710E+02   3.143E+01  3.792E-02 
3.753E+02   3.130E+01  3.759E-02 
3.796E+02   3.117E+01  3.727E-02 
3.840E+02   3.104E+01  3.695E-02 
3.885E+02   3.091E+01  3.664E-02 
3.930E+02   3.077E+01  3.632E-02 
3.975E+02   3.064E+01  3.601E-02 
4.021E+02   3.051E+01  3.570E-02 
4.068E+02   3.038E+01  3.540E-02 
4.115E+02   3.024E+01  3.509E-02 
4.163E+02   3.011E+01  3.479E-02 
4.211E+02   2.998E+01  3.449E-02 
4.260E+02   2.984E+01  3.419E-02 
4.310E+02   2.971E+01  3.390E-02 
4.360E+02   2.957E+01  3.360E-02 
4.410E+02   2.944E+01  3.331E-02 
4.461E+02   2.930E+01  3.303E-02 
4.513E+02   2.916E+01  3.274E-02 
4.565E+02   2.903E+01  3.246E-02 
4.618E+02   2.889E+01  3.217E-02 
4.672E+02   2.875E+01  3.189E-02 
4.726E+02   2.861E+01  3.162E-02 
4.781E+02   2.847E+01  3.134E-02 
4.836E+02   2.834E+01  3.107E-02 
4.892E+02   2.820E+01  3.080E-02 
4.949E+02   2.806E+01  3.053E-02 
5.007E+02   2.792E+01  3.026E-02 
5.065E+02   2.778E+01  3.000E-02 
5.123E+02   2.764E+01  2.974E-02 
5.183E+02   2.750E+01  2.948E-02 
5.243E+02   2.736E+01  2.922E-02 
5.304E+02   2.722E+01  2.896E-02 
5.365E+02   2.708E+01  2.871E-02 
5.428E+02   2.694E+01  2.846E-02 
5.490E+02   2.680E+01  2.821E-02 
5.554E+02   2.666E+01  2.796E-02 
5.619E+02   2.652E+01  2.771E-02 
5.684E+02   2.637E+01  2.747E-02 
5.750E+02   2.623E+01  2.722E-02 
5.816E+02   2.609E+01  2.698E-02 
5.884E+02   2.595E+01  2.675E-02 
5.952E+02   2.581E+01  2.651E-02 
6.021E+02   2.567E+01  2.627E-02 
6.091E+02   2.553E+01  2.604E-02 
6.162E+02   2.539E+01  2.581E-02 
6.233E+02   2.525E+01  2.558E-02 
6.305E+02   2.510E+01  2.536E-02 
6.378E+02   2.496E+01  2.513E-02 
6.452E+02   2.482E+01  2.491E-02 
6.527E+02   2.468E+01  2.469E-02 
6.603E+02   2.454E+01  2.447E-02 
6.680E+02   2.440E+01  2.425E-02 
6.757E+02   2.426E+01  2.403E-02 
6.835E+02   2.412E+01  2.382E-02 
6.915E+02   2.398E+01  2.360E-02 
6.995E+02   2.384E+01  2.339E-02 
7.076E+02   2.370E+01  2.318E-02 
7.158E+02   2.356E+01  2.298E-02 
7.241E+02   2.342E+01  2.277E-02 
7.325E+02   2.328E+01  2.257E-02 
7.410E+02   2.314E+01  2.236E-02 
7.496E+02   2.300E+01  2.216E-02 
7.583E+02   2.286E+01  2.197E-02 
7.671E+02   2.272E+01  2.177E-02 
7.760E+02   2.259E+01  2.157E-02 
7.850E+02   2.245E+01  2.138E-02 
7.941E+02   2.231E+01  2.119E-02 
8.033E+02   2.217E+01  2.099E-02 
8.126E+02   2.203E+01  2.081E-02 
8.221E+02   2.190E+01  2.062E-02 
8.316E+02   2.176E+01  2.043E-02 
8.412E+02   2.162E+01  2.025E-02 
8.510E+02   2.149E+01  2.006E-02 
8.609E+02   2.135E+01  1.988E-02 
8.709E+02   2.122E+01  1.970E-02 
8.810E+02   2.108E+01  1.952E-02 
8.912E+02   2.095E+01  1.935E-02 
9.015E+02   2.081E+01  1.917E-02 
9.120E+02   2.068E+01  1.900E-02 
9.225E+02   2.055E+01  1.882E-02 
9.332E+02   2.041E+01  1.865E-02 
9.441E+02   2.028E+01  1.848E-02 
9.550E+02   2.015E+01  1.832E-02 
9.661E+02   2.002E+01  1.815E-02 
9.773E+02   1.988E+01  1.798E-02 
9.886E+02   1.975E+01  1.782E-02 
1.000E+03   1.962E+01  1.766E-02 
1.012E+03   1.951E+01  1.750E-02 
1.023E+03   1.942E+01  1.734E-02 
1.035E+03   1.933E+01  1.718E-02 
1.047E+03   1.924E+01  1.702E-02 
1.059E+03   1.916E+01  1.687E-02 
1.072E+03   1.906E+01  1.671E-02 
1.084E+03   1.897E+01  1.656E-02 
1.097E+03   1.888E+01  1.641E-02 
1.109E+03   1.879E+01  1.626E-02 
1.122E+03   1.869E+01  1.611E-02 
1.135E+03   1.860E+01  1.596E-02 
1.149E+03   1.850E+01  1.581E-02 
1.162E+03   1.840E+01  1.567E-02 
1.175E+03   1.830E+01  1.552E-02 
1.189E+03   1.820E+01  1.538E-02 
1.203E+03   1.810E+01  1.524E-02 
1.217E+03   1.800E+01  1.510E-02 
1.231E+03   1.791E+01  1.496E-02 
1.245E+03   1.781E+01  1.482E-02 
1.260E+03   1.772E+01  1.468E-02 
1.274E+03   1.762E+01  1.455E-02 
1.289E+03   1.753E+01  1.441E-02 
1.304E+03   1.743E+01  1.428E-02 
1.319E+03   1.734E+01  1.415E-02 
1.334E+03   1.725E+01  1.402E-02 
1.350E+03   1.715E+01  1.389E-02 
1.365E+03   1.706E+01  1.376E-02 
1.381E+03   1.697E+01  1.363E-02 
1.397E+03   1.687E+01  1.351E-02 
1.414E+03   1.678E+01  1.338E-02 
1.430E+03   1.669E+01  1.326E-02 
1.446E+03   1.660E+01  1.313E-02 
1.463E+03   1.651E+01  1.301E-02 
1.480E+03   1.642E+01  1.289E-02 
1.497E+03   1.632E+01  1.277E-02 
1.515E+03   1.623E+01  1.265E-02 
1.532E+03   1.614E+01  1.253E-02 
1.550E+03   1.605E+01  1.242E-02 
1.568E+03   1.596E+01  1.230E-02 
1.586E+03   1.587E+01  1.219E-02 
1.605E+03   1.578E+01  1.207E-02 
1.623E+03   1.570E+01  1.196E-02 
1.642E+03   1.561E+01  1.185E-02 
1.661E+03   1.552E+01  1.174E-02 
1.680E+03   1.543E+01  1.163E-02 
1.700E+03   1.534E+01  1.152E-02 
1.720E+03   1.525E+01  1.141E-02 
1.740E+03   1.517E+01  1.130E-02 
1.760E+03   1.508E+01  1.120E-02 
1.780E+03   1.499E+01  1.109E-02 
1.801E+03   1.491E+01  1.099E-02 
1.822E+03   1.482E+01  1.089E-02 
1.843E+03   1.473E+01  1.078E-02 
1.864E+03   1.465E+01  1.068E-02 
1.886E+03   1.456E+01  1.058E-02 
1.908E+03   1.448E+01  1.048E-02 
1.930E+03   1.439E+01  1.038E-02 
1.952E+03   1.431E+01  1.029E-02 
1.975E+03   1.422E+01  1.019E-02 
1.998E+03   1.414E+01  1.009E-02 
2.021E+03   1.405E+01  1.000E-02 
2.044E+03   1.397E+01  9.905E-03 
2.068E+03   1.389E+01  9.812E-03 
2.092E+03   1.380E+01  9.719E-03 
2.116E+03   1.372E+01  9.628E-03 
2.141E+03   1.364E+01  9.537E-03 
2.166E+03   1.356E+01  9.447E-03 
2.191E+03   1.347E+01  9.358E-03 
2.216E+03   1.339E+01  9.269E-03 
2.242E+03   1.331E+01  9.182E-03 
2.268E+03   1.323E+01  9.095E-03 
2.294E+03   1.315E+01  9.009E-03 
2.321E+03   1.307E+01  8.923E-03 
2.348E+03   1.299E+01  8.839E-03 
2.375E+03   1.291E+01  8.755E-03 
2.403E+03   1.283E+01  8.672E-03 
2.431E+03   1.275E+01  8.590E-03 
2.459E+03   1.267E+01  8.508E-03 
2.487E+03   1.259E+01  8.428E-03 
2.516E+03   1.251E+01  8.348E-03 
2.545E+03   1.243E+01  8.268E-03 
2.575E+03   1.236E+01  8.190E-03 
2.605E+03   1.228E+01  8.112E-03 
2.635E+03   1.220E+01  8.035E-03 
2.665E+03   1.212E+01  7.958E-03 
2.696E+03   1.205E+01  7.882E-03 
2.728E+03   1.197E+01  7.807E-03 
2.759E+03   1.190E+01  7.733E-03 
2.791E+03   1.182E+01  7.659E-03 
2.824E+03   1.174E+01  7.586E-03 
2.856E+03   1.167E+01  7.514E-03 
2.889E+03   1.159E+01  7.442E-03 
2.923E+03   1.152E+01  7.371E-03 
2.957E+03   1.145E+01  7.301E-03 
2.991E+03   1.137E+01  7.231E-03 
3.026E+03   1.130E+01  7.162E-03 
3.061E+03   1.123E+01  7.094E-03 
3.097E+03   1.115E+01  7.026E-03 
3.132E+03   1.108E+01  6.959E-03 
3.169E+03   1.101E+01  6.892E-03 
3.206E+03   1.094E+01  6.826E-03 
3.243E+03   1.086E+01  6.761E-03 
3.280E+03   1.079E+01  6.696E-03 
3.318E+03   1.072E+01  6.632E-03 
3.357E+03   1.065E+01  6.568E-03 
3.396E+03   1.058E+01  6.505E-03 
3.435E+03   1.051E+01  6.443E-03 
3.475E+03   1.044E+01  6.381E-03 
3.515E+03   1.037E+01  6.319E-03 
3.556E+03   1.030E+01  6.259E-03 
3.597E+03   1.023E+01  6.199E-03 
3.639E+03   1.017E+01  6.139E-03 
3.681E+03   1.010E+01  6.080E-03 
3.724E+03   1.003E+01  6.021E-03 
3.767E+03   9.962E+00  5.964E-03 
3.811E+03   9.895E+00  5.906E-03 
3.855E+03   9.828E+00  5.849E-03 
3.900E+03   9.762E+00  5.793E-03 
3.945E+03   9.696E+00  5.737E-03 
3.991E+03   9.630E+00  5.682E-03 
4.037E+03   9.564E+00  5.627E-03 
4.084E+03   9.499E+00  5.573E-03 
4.131E+03   9.434E+00  5.519E-03 
4.179E+03   9.370E+00  5.466E-03 
4.228E+03   9.305E+00  5.413E-03 
4.277E+03   9.241E+00  5.361E-03 
4.326E+03   9.178E+00  5.309E-03 
4.376E+03   9.115E+00  5.257E-03 
4.427E+03   9.052E+00  5.207E-03 
4.479E+03   8.989E+00  5.156E-03 
4.531E+03   8.927E+00  5.106E-03 
4.583E+03   8.865E+00  5.057E-03 
4.636E+03   8.803E+00  5.008E-03 
4.690E+03   8.742E+00  4.959E-03 
4.744E+03   8.681E+00  4.911E-03 
4.799E+03   8.620E+00  4.864E-03 
4.855E+03   8.560E+00  4.817E-03 
4.911E+03   8.500E+00  4.770E-03 
4.968E+03   8.440E+00  4.724E-03 
5.026E+03   8.381E+00  4.678E-03 
5.084E+03   8.321E+00  4.632E-03 
5.143E+03   8.263E+00  4.587E-03 
5.203E+03   8.204E+00  4.543E-03 
5.263E+03   8.146E+00  4.499E-03 
5.324E+03   8.088E+00  4.455E-03 
5.386E+03   8.031E+00  4.412E-03 
5.449E+03   7.974E+00  4.369E-03 
5.512E+03   7.917E+00  4.326E-03 
5.576E+03   7.860E+00  4.284E-03 
5.640E+03   7.804E+00  4.242E-03 
5.706E+03   7.748E+00  4.201E-03 
5.772E+03   7.692E+00  4.160E-03 
5.839E+03   7.637E+00  4.120E-03 
5.907E+03   7.582E+00  4.079E-03 
5.975E+03   7.527E+00  4.040E-03 
6.045E+03   7.473E+00  4.000E-03 
6.115E+03   7.419E+00  3.961E-03 
6.186E+03   7.365E+00  3.923E-03 
6.257E+03   7.312E+00  3.884E-03 
6.330E+03   7.259E+00  3.846E-03 
6.403E+03   7.206E+00  3.809E-03 
6.478E+03   7.153E+00  3.771E-03 
6.553E+03   7.101E+00  3.735E-03 
6.629E+03   7.049E+00  3.698E-03 
6.706E+03   6.997E+00  3.662E-03 
6.783E+03   6.946E+00  3.626E-03 
6.862E+03   6.895E+00  3.591E-03 
6.942E+03   6.844E+00  3.555E-03 
7.022E+03   6.794E+00  3.521E-03 
7.104E+03   6.744E+00  3.486E-03 
7.186E+03   6.694E+00  3.452E-03 
7.269E+03   6.645E+00  3.418E-03 
7.354E+03   6.595E+00  3.385E-03 
7.439E+03   6.547E+00  3.351E-03 
7.525E+03   6.498E+00  3.319E-03 
7.613E+03   6.450E+00  3.286E-03 
7.701E+03   6.402E+00  3.254E-03 
7.790E+03   6.354E+00  3.222E-03 
7.881E+03   6.306E+00  3.190E-03 
7.972E+03   6.259E+00  3.159E-03 
8.064E+03   6.212E+00  3.128E-03 
8.158E+03   6.166E+00  3.097E-03 
8.253E+03   6.120E+00  3.067E-03 
8.348E+03   6.074E+00  3.036E-03 
8.445E+03   6.028E+00  3.007E-03 
8.543E+03   5.982E+00  2.977E-03 
8.642E+03   5.937E+00  2.948E-03 
8.742E+03   5.892E+00  2.919E-03 
8.844E+03   5.848E+00  2.890E-03 
8.946E+03   5.804E+00  2.862E-03 
9.050E+03   5.760E+00  2.833E-03 
9.155E+03   5.716E+00  2.805E-03 
9.261E+03   5.672E+00  2.778E-03 
9.369E+03   5.629E+00  2.750E-03 
9.477E+03   5.586E+00  2.723E-03 
9.587E+03   5.544E+00  2.696E-03 
9.699E+03   5.501E+00  2.670E-03 
9.811E+03   5.459E+00  2.643E-03 
9.925E+03   5.417E+00  2.617E-03 
1.004E+04   5.376E+00  2.591E-03 
1.016E+04   5.335E+00  2.566E-03 
1.027E+04   5.294E+00  2.541E-03 
1.039E+04   5.253E+00  2.515E-03 
1.051E+04   5.213E+00  2.491E-03 
1.064E+04   5.172E+00  2.466E-03 
1.076E+04   5.132E+00  2.442E-03 
1.088E+04   5.093E+00  2.417E-03 
1.101E+04   5.053E+00  2.393E-03 
1.114E+04   5.014E+00  2.370E-03 
1.127E+04   4.975E+00  2.346E-03 
1.140E+04   4.937E+00  2.323E-03 
1.153E+04   4.898E+00  2.300E-03 
1.166E+04   4.860E+00  2.277E-03 
1.180E+04   4.822E+00  2.255E-03 
1.194E+04   4.785E+00  2.232E-03 
1.207E+04   4.747E+00  2.210E-03 
1.221E+04   4.710E+00  2.188E-03 
1.236E+04   4.673E+00  2.167E-03 
1.250E+04   4.637E+00  2.145E-03 
1.264E+04   4.601E+00  2.124E-03 
1.279E+04   4.564E+00  2.103E-03 
1.294E+04   4.529E+00  2.082E-03 
1.309E+04   4.493E+00  2.061E-03 
1.324E+04   4.458E+00  2.041E-03 
1.340E+04   4.423E+00  2.020E-03 
1.355E+04   4.388E+00  2.000E-03 
1.371E+04   4.353E+00  1.980E-03 
1.387E+04   4.319E+00  1.961E-03 
1.403E+04   4.285E+00  1.941E-03 
1.419E+04   4.251E+00  1.922E-03 
1.435E+04   4.217E+00  1.903E-03 
1.452E+04   4.184E+00  1.884E-03 
1.469E+04   4.150E+00  1.865E-03 
1.486E+04   4.117E+00  1.847E-03 
1.503E+04   4.085E+00  1.828E-03 
1.521E+04   4.052E+00  1.810E-03 
1.538E+04   4.020E+00  1.792E-03 
1.556E+04   3.988E+00  1.774E-03 
1.574E+04   3.956E+00  1.756E-03 
1.592E+04   3.924E+00  1.739E-03 
1.611E+04   3.893E+00  1.721E-03 
1.630E+04   3.862E+00  1.704E-03 
1.649E+04   3.831E+00  1.687E-03 
1.668E+04   3.800E+00  1.670E-03 
1.687E+04   3.770E+00  1.654E-03 
1.707E+04   3.740E+00  1.637E-03 
1.726E+04   3.710E+00  1.621E-03 
1.746E+04   3.680E+00  1.605E-03 
1.767E+04   3.650E+00  1.589E-03 
1.787E+04   3.621E+00  1.573E-03 
1.808E+04   3.592E+00  1.557E-03 
1.829E+04   3.563E+00  1.542E-03 
1.850E+04   3.534E+00  1.526E-03 
1.871E+04   3.505E+00  1.511E-03 
1.893E+04   3.477E+00  1.496E-03 
1.915E+04   3.449E+00  1.481E-03 
1.937E+04   3.421E+00  1.466E-03 
1.960E+04   3.393E+00  1.451E-03 
1.983E+04   3.366E+00  1.437E-03 
2.006E+04   3.338E+00  1.422E-03 
2.029E+04   3.311E+00  1.408E-03 
2.052E+04   3.284E+00  1.394E-03 
2.076E+04   3.258E+00  1.380E-03 
2.100E+04   3.231E+00  1.366E-03 
2.125E+04   3.205E+00  1.352E-03 
2.149E+04   3.179E+00  1.339E-03 
2.174E+04   3.153E+00  1.325E-03 
2.199E+04   3.127E+00  1.312E-03 
2.225E+04   3.102E+00  1.299E-03 
2.251E+04   3.076E+00  1.286E-03 
2.277E+04   3.051E+00  1.273E-03 
2.303E+04   3.026E+00  1.260E-03 
2.330E+04   3.002E+00  1.248E-03 
2.357E+04   2.977E+00  1.235E-03 
2.384E+04   2.953E+00  1.223E-03 
2.412E+04   2.929E+00  1.210E-03 
2.440E+04   2.905E+00  1.198E-03 
2.468E+04   2.881E+00  1.186E-03 
2.497E+04   2.857E+00  1.174E-03 
2.526E+04   2.834E+00  1.162E-03 
2.555E+04   2.810E+00  1.151E-03 
2.585E+04   2.787E+00  1.139E-03 
2.615E+04   2.764E+00  1.128E-03 
2.645E+04   2.742E+00  1.116E-03 
2.676E+04   2.719E+00  1.105E-03 
2.707E+04   2.697E+00  1.094E-03 
2.738E+04   2.674E+00  1.083E-03 
2.770E+04   2.652E+00  1.072E-03 
2.802E+04   2.631E+00  1.061E-03 
2.835E+04   2.609E+00  1.051E-03 
2.867E+04   2.587E+00  1.040E-03 
2.901E+04   2.566E+00  1.030E-03 
2.934E+04   2.545E+00  1.019E-03 
2.968E+04   2.524E+00  1.009E-03 
3.003E+04   2.503E+00  9.987E-04 
3.038E+04   2.482E+00  9.886E-04 
3.073E+04   2.462E+00  9.786E-04 
3.109E+04   2.441E+00  9.688E-04 
3.145E+04   2.421E+00  9.590E-04 
3.181E+04   2.401E+00  9.493E-04 
3.218E+04   2.381E+00  9.397E-04 
3.255E+04   2.362E+00  9.302E-04 
3.293E+04   2.342E+00  9.208E-04 
3.331E+04   2.323E+00  9.115E-04 
3.370E+04   2.303E+00  9.023E-04 
3.409E+04   2.284E+00  8.932E-04 
3.449E+04   2.265E+00  8.842E-04 
3.489E+04   2.247E+00  8.752E-04 
3.529E+04   2.228E+00  8.664E-04 
3.570E+04   2.209E+00  8.576E-04 
3.611E+04   2.191E+00  8.489E-04 
3.653E+04   2.173E+00  8.403E-04 
3.696E+04   2.155E+00  8.318E-04 
3.738E+04   2.137E+00  8.234E-04 
3.782E+04   2.119E+00  8.151E-04 
3.826E+04   2.102E+00  8.068E-04 
3.870E+04   2.084E+00  7.986E-04 
3.915E+04   2.067E+00  7.906E-04 
3.960E+04   2.050E+00  7.826E-04 
4.006E+04   2.033E+00  7.746E-04 
4.053E+04   2.016E+00  7.668E-04 
4.100E+04   1.999E+00  7.590E-04 
4.147E+04   1.982E+00  7.513E-04 
4.195E+04   1.966E+00  7.437E-04 
4.244E+04   1.950E+00  7.361E-04 
4.293E+04   1.933E+00  7.287E-04 
4.343E+04   1.917E+00  7.213E-04 
4.394E+04   1.901E+00  7.140E-04 
4.444E+04   1.886E+00  7.067E-04 
4.496E+04   1.870E+00  6.995E-04 
4.548E+04   1.855E+00  6.924E-04 
4.601E+04   1.839E+00  6.854E-04 
4.654E+04   1.824E+00  6.784E-04 
4.708E+04   1.809E+00  6.716E-04 
4.763E+04   1.794E+00  6.647E-04 
4.818E+04   1.779E+00  6.580E-04 
4.874E+04   1.764E+00  6.513E-04 
4.931E+04   1.749E+00  6.447E-04 
4.988E+04   1.735E+00  6.381E-04 
5.046E+04   1.720E+00  6.316E-04 
5.104E+04   1.706E+00  6.252E-04 
5.163E+04   1.692E+00  6.188E-04 
5.223E+04   1.678E+00  6.126E-04 
5.284E+04   1.664E+00  6.063E-04 
5.345E+04   1.650E+00  6.001E-04 
5.407E+04   1.637E+00  5.940E-04 
5.470E+04   1.623E+00  5.880E-04 
5.533E+04   1.610E+00  5.820E-04 
5.597E+04   1.596E+00  5.761E-04 
5.662E+04   1.583E+00  5.702E-04 
5.728E+04   1.570E+00  5.644E-04 
5.794E+04   1.557E+00  5.587E-04 
5.862E+04   1.544E+00  5.530E-04 
5.930E+04   1.531E+00  5.473E-04 
5.998E+04   1.519E+00  5.417E-04 
6.068E+04   1.506E+00  5.362E-04 
6.138E+04   1.494E+00  5.308E-04 
6.210E+04   1.482E+00  5.253E-04 
6.282E+04   1.469E+00  5.200E-04 
6.354E+04   1.457E+00  5.147E-04 
6.428E+04   1.445E+00  5.094E-04 
6.503E+04   1.433E+00  5.042E-04 
6.578E+04   1.422E+00  4.991E-04 
6.654E+04   1.410E+00  4.940E-04 
6.732E+04   1.398E+00  4.889E-04 
6.810E+04   1.387E+00  4.840E-04 
6.889E+04   1.375E+00  4.790E-04 
6.969E+04   1.364E+00  4.741E-04 
7.049E+04   1.353E+00  4.693E-04 
7.131E+04   1.342E+00  4.645E-04 
7.214E+04   1.331E+00  4.597E-04 
7.298E+04   1.320E+00  4.550E-04 
7.382E+04   1.309E+00  4.504E-04 
7.468E+04   1.299E+00  4.458E-04 
7.555E+04   1.288E+00  4.412E-04 
7.642E+04   1.277E+00  4.367E-04 
7.731E+04   1.267E+00  4.322E-04 
7.820E+04   1.257E+00  4.278E-04 
7.911E+04   1.246E+00  4.234E-04 
8.003E+04   1.236E+00  4.191E-04 
8.096E+04   1.226E+00  4.148E-04 
8.190E+04   1.216E+00  4.106E-04 
8.285E+04   1.207E+00  4.064E-04 
8.381E+04   1.197E+00  4.022E-04 
8.478E+04   1.187E+00  3.981E-04 
8.576E+04   1.177E+00  3.940E-04 
8.676E+04   1.168E+00  3.900E-04 
8.776E+04   1.159E+00  3.860E-04 
8.878E+04   1.149E+00  3.820E-04 
8.981E+04   1.140E+00  3.781E-04 
9.085E+04   1.131E+00  3.742E-04 
9.191E+04   1.122E+00  3.704E-04 
9.297E+04   1.113E+00  3.666E-04 
9.405E+04   1.104E+00  3.628E-04 
9.514E+04   1.095E+00  3.591E-04 
9.625E+04   1.086E+00  3.554E-04 
9.736E+04   1.078E+00  3.518E-04 
9.849E+04   1.069E+00  3.482E-04 
9.963E+04   1.060E+00  3.446E-04 
1.008E+05   1.052E+00  3.411E-04 
