Ion = Hydrogen    . Mass = 1.0079
Tgt = Ta (Solid). Density = 16.601 g/cm3
Stopping Units =  eV/(1E15 atoms/cm2)
Energy(keV)  S(Elec)    S(Nuc)
1.000E+00   4.984E+00  2.636E-01 
1.012E+00   5.013E+00  2.639E-01 
1.023E+00   5.042E+00  2.643E-01 
1.035E+00   5.071E+00  2.646E-01 
1.047E+00   5.101E+00  2.650E-01 
1.059E+00   5.130E+00  2.653E-01 
1.072E+00   5.160E+00  2.656E-01 
1.084E+00   5.190E+00  2.660E-01 
1.097E+00   5.220E+00  2.663E-01 
1.109E+00   5.250E+00  2.666E-01 
1.122E+00   5.280E+00  2.669E-01 
1.135E+00   5.311E+00  2.673E-01 
1.148E+00   5.342E+00  2.676E-01 
1.162E+00   5.372E+00  2.679E-01 
1.175E+00   5.403E+00  2.682E-01 
1.189E+00   5.435E+00  2.685E-01 
1.203E+00   5.466E+00  2.688E-01 
1.217E+00   5.498E+00  2.691E-01 
1.231E+00   5.530E+00  2.694E-01 
1.245E+00   5.562E+00  2.697E-01 
1.259E+00   5.594E+00  2.700E-01 
1.274E+00   5.626E+00  2.702E-01 
1.289E+00   5.659E+00  2.705E-01 
1.304E+00   5.691E+00  2.708E-01 
1.319E+00   5.724E+00  2.711E-01 
1.334E+00   5.757E+00  2.713E-01 
1.350E+00   5.791E+00  2.716E-01 
1.365E+00   5.824E+00  2.719E-01 
1.381E+00   5.858E+00  2.721E-01 
1.397E+00   5.892E+00  2.724E-01 
1.413E+00   5.926E+00  2.726E-01 
1.430E+00   5.960E+00  2.729E-01 
1.446E+00   5.994E+00  2.731E-01 
1.463E+00   6.029E+00  2.733E-01 
1.480E+00   6.064E+00  2.736E-01 
1.497E+00   6.099E+00  2.738E-01 
1.515E+00   6.134E+00  2.740E-01 
1.532E+00   6.170E+00  2.742E-01 
1.550E+00   6.205E+00  2.744E-01 
1.568E+00   6.241E+00  2.747E-01 
1.586E+00   6.277E+00  2.749E-01 
1.605E+00   6.314E+00  2.751E-01 
1.623E+00   6.350E+00  2.753E-01 
1.642E+00   6.387E+00  2.754E-01 
1.661E+00   6.424E+00  2.756E-01 
1.680E+00   6.461E+00  2.758E-01 
1.700E+00   6.498E+00  2.760E-01 
1.719E+00   6.536E+00  2.762E-01 
1.739E+00   6.574E+00  2.763E-01 
1.760E+00   6.612E+00  2.765E-01 
1.780E+00   6.650E+00  2.767E-01 
1.801E+00   6.689E+00  2.768E-01 
1.822E+00   6.727E+00  2.770E-01 
1.843E+00   6.766E+00  2.771E-01 
1.864E+00   6.805E+00  2.773E-01 
1.886E+00   6.845E+00  2.774E-01 
1.908E+00   6.884E+00  2.776E-01 
1.930E+00   6.924E+00  2.777E-01 
1.952E+00   6.964E+00  2.778E-01 
1.975E+00   7.004E+00  2.779E-01 
1.998E+00   7.045E+00  2.781E-01 
2.021E+00   7.084E+00  2.782E-01 
2.044E+00   7.119E+00  2.783E-01 
2.068E+00   7.154E+00  2.784E-01 
2.092E+00   7.189E+00  2.785E-01 
2.116E+00   7.225E+00  2.786E-01 
2.141E+00   7.260E+00  2.787E-01 
2.166E+00   7.296E+00  2.787E-01 
2.191E+00   7.332E+00  2.788E-01 
2.216E+00   7.368E+00  2.789E-01 
2.242E+00   7.405E+00  2.790E-01 
2.268E+00   7.441E+00  2.790E-01 
2.294E+00   7.478E+00  2.791E-01 
2.321E+00   7.515E+00  2.791E-01 
2.348E+00   7.552E+00  2.792E-01 
2.375E+00   7.590E+00  2.792E-01 
2.402E+00   7.628E+00  2.793E-01 
2.430E+00   7.665E+00  2.793E-01 
2.458E+00   7.703E+00  2.793E-01 
2.487E+00   7.742E+00  2.794E-01 
2.516E+00   7.780E+00  2.794E-01 
2.545E+00   7.819E+00  2.794E-01 
2.574E+00   7.858E+00  2.794E-01 
2.604E+00   7.897E+00  2.794E-01 
2.635E+00   7.936E+00  2.794E-01 
2.665E+00   7.976E+00  2.794E-01 
2.696E+00   8.016E+00  2.794E-01 
2.727E+00   8.056E+00  2.794E-01 
2.759E+00   8.096E+00  2.793E-01 
2.791E+00   8.136E+00  2.793E-01 
2.823E+00   8.177E+00  2.793E-01 
2.856E+00   8.218E+00  2.792E-01 
2.889E+00   8.259E+00  2.792E-01 
2.923E+00   8.300E+00  2.792E-01 
2.957E+00   8.342E+00  2.791E-01 
2.991E+00   8.384E+00  2.790E-01 
3.026E+00   8.426E+00  2.790E-01 
3.061E+00   8.468E+00  2.789E-01 
3.096E+00   8.511E+00  2.788E-01 
3.132E+00   8.553E+00  2.787E-01 
3.168E+00   8.596E+00  2.787E-01 
3.205E+00   8.639E+00  2.786E-01 
3.242E+00   8.683E+00  2.785E-01 
3.280E+00   8.727E+00  2.784E-01 
3.318E+00   8.771E+00  2.783E-01 
3.356E+00   8.815E+00  2.781E-01 
3.395E+00   8.859E+00  2.780E-01 
3.435E+00   8.904E+00  2.779E-01 
3.475E+00   8.949E+00  2.778E-01 
3.515E+00   8.994E+00  2.776E-01 
3.556E+00   9.039E+00  2.775E-01 
3.597E+00   9.085E+00  2.774E-01 
3.639E+00   9.131E+00  2.772E-01 
3.681E+00   9.177E+00  2.770E-01 
3.724E+00   9.224E+00  2.769E-01 
3.767E+00   9.270E+00  2.767E-01 
3.810E+00   9.317E+00  2.765E-01 
3.855E+00   9.365E+00  2.764E-01 
3.899E+00   9.412E+00  2.762E-01 
3.945E+00   9.460E+00  2.760E-01 
3.990E+00   9.508E+00  2.758E-01 
4.037E+00   9.556E+00  2.756E-01 
4.083E+00   9.605E+00  2.754E-01 
4.131E+00   9.653E+00  2.752E-01 
4.179E+00   9.702E+00  2.749E-01 
4.227E+00   9.752E+00  2.747E-01 
4.276E+00   9.801E+00  2.745E-01 
4.326E+00   9.851E+00  2.742E-01 
4.376E+00   9.902E+00  2.740E-01 
4.427E+00   9.952E+00  2.738E-01 
4.478E+00   1.000E+01  2.735E-01 
4.530E+00   1.005E+01  2.732E-01 
4.583E+00   1.010E+01  2.730E-01 
4.636E+00   1.016E+01  2.727E-01 
4.690E+00   1.021E+01  2.724E-01 
4.744E+00   1.026E+01  2.722E-01 
4.799E+00   1.031E+01  2.719E-01 
4.855E+00   1.037E+01  2.716E-01 
4.911E+00   1.042E+01  2.713E-01 
4.968E+00   1.047E+01  2.710E-01 
5.026E+00   1.053E+01  2.707E-01 
5.084E+00   1.058E+01  2.703E-01 
5.143E+00   1.063E+01  2.700E-01 
5.202E+00   1.069E+01  2.697E-01 
5.263E+00   1.074E+01  2.694E-01 
5.324E+00   1.080E+01  2.690E-01 
5.386E+00   1.085E+01  2.687E-01 
5.448E+00   1.091E+01  2.683E-01 
5.511E+00   1.097E+01  2.680E-01 
5.575E+00   1.102E+01  2.676E-01 
5.640E+00   1.108E+01  2.672E-01 
5.705E+00   1.113E+01  2.669E-01 
5.771E+00   1.119E+01  2.665E-01 
5.838E+00   1.125E+01  2.661E-01 
5.906E+00   1.131E+01  2.657E-01 
5.975E+00   1.137E+01  2.653E-01 
6.044E+00   1.142E+01  2.649E-01 
6.114E+00   1.148E+01  2.645E-01 
6.185E+00   1.154E+01  2.641E-01 
6.257E+00   1.160E+01  2.637E-01 
6.329E+00   1.166E+01  2.633E-01 
6.403E+00   1.172E+01  2.628E-01 
6.477E+00   1.178E+01  2.624E-01 
6.552E+00   1.184E+01  2.620E-01 
6.628E+00   1.190E+01  2.615E-01 
6.705E+00   1.197E+01  2.611E-01 
6.783E+00   1.203E+01  2.606E-01 
6.861E+00   1.209E+01  2.602E-01 
6.941E+00   1.215E+01  2.597E-01 
7.021E+00   1.221E+01  2.592E-01 
7.103E+00   1.228E+01  2.588E-01 
7.185E+00   1.234E+01  2.583E-01 
7.269E+00   1.240E+01  2.578E-01 
7.353E+00   1.247E+01  2.573E-01 
7.438E+00   1.253E+01  2.568E-01 
7.524E+00   1.260E+01  2.563E-01 
7.612E+00   1.266E+01  2.558E-01 
7.700E+00   1.273E+01  2.553E-01 
7.789E+00   1.280E+01  2.548E-01 
7.880E+00   1.286E+01  2.542E-01 
7.971E+00   1.293E+01  2.537E-01 
8.064E+00   1.300E+01  2.532E-01 
8.157E+00   1.306E+01  2.526E-01 
8.252E+00   1.313E+01  2.521E-01 
8.347E+00   1.320E+01  2.515E-01 
8.444E+00   1.327E+01  2.510E-01 
8.542E+00   1.334E+01  2.504E-01 
8.641E+00   1.340E+01  2.499E-01 
8.741E+00   1.347E+01  2.493E-01 
8.843E+00   1.354E+01  2.487E-01 
8.945E+00   1.361E+01  2.481E-01 
9.049E+00   1.368E+01  2.476E-01 
9.154E+00   1.376E+01  2.470E-01 
9.260E+00   1.383E+01  2.464E-01 
9.368E+00   1.390E+01  2.458E-01 
9.476E+00   1.397E+01  2.452E-01 
9.586E+00   1.404E+01  2.446E-01 
9.698E+00   1.412E+01  2.440E-01 
9.810E+00   1.419E+01  2.433E-01 
9.924E+00   1.426E+01  2.427E-01 
1.004E+01   1.434E+01  2.421E-01 
1.016E+01   1.441E+01  2.415E-01 
1.027E+01   1.449E+01  2.408E-01 
1.039E+01   1.456E+01  2.402E-01 
1.051E+01   1.464E+01  2.396E-01 
1.063E+01   1.471E+01  2.389E-01 
1.076E+01   1.479E+01  2.383E-01 
1.088E+01   1.487E+01  2.376E-01 
1.101E+01   1.495E+01  2.369E-01 
1.114E+01   1.502E+01  2.363E-01 
1.127E+01   1.510E+01  2.356E-01 
1.140E+01   1.518E+01  2.349E-01 
1.153E+01   1.526E+01  2.343E-01 
1.166E+01   1.534E+01  2.336E-01 
1.180E+01   1.542E+01  2.329E-01 
1.193E+01   1.550E+01  2.322E-01 
1.207E+01   1.558E+01  2.315E-01 
1.221E+01   1.566E+01  2.308E-01 
1.235E+01   1.574E+01  2.301E-01 
1.250E+01   1.582E+01  2.294E-01 
1.264E+01   1.590E+01  2.287E-01 
1.279E+01   1.599E+01  2.280E-01 
1.294E+01   1.607E+01  2.273E-01 
1.309E+01   1.615E+01  2.266E-01 
1.324E+01   1.624E+01  2.259E-01 
1.339E+01   1.632E+01  2.251E-01 
1.355E+01   1.641E+01  2.244E-01 
1.371E+01   1.649E+01  2.237E-01 
1.387E+01   1.658E+01  2.229E-01 
1.403E+01   1.666E+01  2.222E-01 
1.419E+01   1.675E+01  2.215E-01 
1.435E+01   1.684E+01  2.207E-01 
1.452E+01   1.692E+01  2.200E-01 
1.469E+01   1.701E+01  2.192E-01 
1.486E+01   1.710E+01  2.185E-01 
1.503E+01   1.719E+01  2.177E-01 
1.521E+01   1.728E+01  2.170E-01 
1.538E+01   1.737E+01  2.162E-01 
1.556E+01   1.746E+01  2.154E-01 
1.574E+01   1.755E+01  2.147E-01 
1.592E+01   1.764E+01  2.139E-01 
1.611E+01   1.773E+01  2.131E-01 
1.629E+01   1.782E+01  2.124E-01 
1.648E+01   1.791E+01  2.116E-01 
1.667E+01   1.801E+01  2.108E-01 
1.687E+01   1.810E+01  2.100E-01 
1.706E+01   1.819E+01  2.092E-01 
1.726E+01   1.829E+01  2.084E-01 
1.746E+01   1.838E+01  2.077E-01 
1.766E+01   1.848E+01  2.069E-01 
1.787E+01   1.857E+01  2.061E-01 
1.808E+01   1.867E+01  2.053E-01 
1.829E+01   1.876E+01  2.045E-01 
1.850E+01   1.886E+01  2.037E-01 
1.871E+01   1.896E+01  2.029E-01 
1.893E+01   1.905E+01  2.021E-01 
1.915E+01   1.915E+01  2.013E-01 
1.937E+01   1.925E+01  2.005E-01 
1.960E+01   1.935E+01  1.996E-01 
1.982E+01   1.945E+01  1.988E-01 
2.005E+01   1.955E+01  1.980E-01 
2.029E+01   1.965E+01  1.972E-01 
2.052E+01   1.975E+01  1.964E-01 
2.076E+01   1.985E+01  1.956E-01 
2.100E+01   1.995E+01  1.948E-01 
2.124E+01   2.005E+01  1.939E-01 
2.149E+01   2.015E+01  1.931E-01 
2.174E+01   2.026E+01  1.923E-01 
2.199E+01   2.036E+01  1.915E-01 
2.225E+01   2.046E+01  1.907E-01 
2.250E+01   2.057E+01  1.898E-01 
2.277E+01   2.067E+01  1.890E-01 
2.303E+01   2.078E+01  1.882E-01 
2.330E+01   2.088E+01  1.873E-01 
2.357E+01   2.099E+01  1.865E-01 
2.384E+01   2.109E+01  1.857E-01 
2.412E+01   2.120E+01  1.849E-01 
2.440E+01   2.131E+01  1.840E-01 
2.468E+01   2.141E+01  1.832E-01 
2.497E+01   2.152E+01  1.824E-01 
2.526E+01   2.163E+01  1.815E-01 
2.555E+01   2.174E+01  1.807E-01 
2.584E+01   2.185E+01  1.799E-01 
2.614E+01   2.196E+01  1.790E-01 
2.645E+01   2.207E+01  1.782E-01 
2.675E+01   2.218E+01  1.774E-01 
2.707E+01   2.229E+01  1.765E-01 
2.738E+01   2.240E+01  1.757E-01 
2.770E+01   2.251E+01  1.748E-01 
2.802E+01   2.262E+01  1.740E-01 
2.834E+01   2.273E+01  1.732E-01 
2.867E+01   2.284E+01  1.723E-01 
2.900E+01   2.296E+01  1.715E-01 
2.934E+01   2.307E+01  1.707E-01 
2.968E+01   2.318E+01  1.698E-01 
3.003E+01   2.330E+01  1.690E-01 
3.037E+01   2.341E+01  1.682E-01 
3.073E+01   2.353E+01  1.673E-01 
3.108E+01   2.364E+01  1.665E-01 
3.144E+01   2.376E+01  1.657E-01 
3.181E+01   2.387E+01  1.648E-01 
3.218E+01   2.399E+01  1.640E-01 
3.255E+01   2.410E+01  1.631E-01 
3.293E+01   2.422E+01  1.623E-01 
3.331E+01   2.434E+01  1.615E-01 
3.370E+01   2.445E+01  1.607E-01 
3.409E+01   2.457E+01  1.598E-01 
3.448E+01   2.469E+01  1.590E-01 
3.488E+01   2.481E+01  1.582E-01 
3.529E+01   2.493E+01  1.573E-01 
3.570E+01   2.504E+01  1.565E-01 
3.611E+01   2.516E+01  1.557E-01 
3.653E+01   2.528E+01  1.549E-01 
3.695E+01   2.540E+01  1.540E-01 
3.738E+01   2.552E+01  1.532E-01 
3.781E+01   2.564E+01  1.524E-01 
3.825E+01   2.576E+01  1.516E-01 
3.870E+01   2.588E+01  1.507E-01 
3.915E+01   2.600E+01  1.499E-01 
3.960E+01   2.612E+01  1.491E-01 
4.006E+01   2.624E+01  1.483E-01 
4.052E+01   2.636E+01  1.475E-01 
4.099E+01   2.648E+01  1.467E-01 
4.147E+01   2.660E+01  1.458E-01 
4.195E+01   2.672E+01  1.450E-01 
4.244E+01   2.684E+01  1.442E-01 
4.293E+01   2.696E+01  1.434E-01 
4.343E+01   2.708E+01  1.426E-01 
4.393E+01   2.721E+01  1.418E-01 
4.444E+01   2.733E+01  1.410E-01 
4.496E+01   2.745E+01  1.402E-01 
4.548E+01   2.757E+01  1.394E-01 
4.600E+01   2.769E+01  1.386E-01 
4.654E+01   2.781E+01  1.378E-01 
4.708E+01   2.793E+01  1.370E-01 
4.762E+01   2.805E+01  1.362E-01 
4.818E+01   2.817E+01  1.354E-01 
4.873E+01   2.829E+01  1.346E-01 
4.930E+01   2.841E+01  1.338E-01 
4.987E+01   2.853E+01  1.331E-01 
5.045E+01   2.866E+01  1.323E-01 
5.104E+01   2.878E+01  1.315E-01 
5.163E+01   2.890E+01  1.307E-01 
5.223E+01   2.901E+01  1.299E-01 
5.283E+01   2.913E+01  1.292E-01 
5.344E+01   2.925E+01  1.284E-01 
5.406E+01   2.937E+01  1.276E-01 
5.469E+01   2.949E+01  1.268E-01 
5.533E+01   2.961E+01  1.261E-01 
5.597E+01   2.973E+01  1.253E-01 
5.662E+01   2.985E+01  1.246E-01 
5.727E+01   2.996E+01  1.238E-01 
5.794E+01   3.008E+01  1.230E-01 
5.861E+01   3.020E+01  1.223E-01 
5.929E+01   3.031E+01  1.215E-01 
5.998E+01   3.043E+01  1.208E-01 
6.067E+01   3.054E+01  1.200E-01 
6.138E+01   3.066E+01  1.193E-01 
6.209E+01   3.077E+01  1.185E-01 
6.281E+01   3.088E+01  1.178E-01 
6.354E+01   3.100E+01  1.171E-01 
6.427E+01   3.111E+01  1.163E-01 
6.502E+01   3.122E+01  1.156E-01 
6.577E+01   3.133E+01  1.149E-01 
6.654E+01   3.144E+01  1.141E-01 
6.731E+01   3.155E+01  1.134E-01 
6.809E+01   3.166E+01  1.127E-01 
6.888E+01   3.176E+01  1.119E-01 
6.968E+01   3.187E+01  1.112E-01 
7.049E+01   3.198E+01  1.105E-01 
7.130E+01   3.208E+01  1.098E-01 
7.213E+01   3.218E+01  1.091E-01 
7.297E+01   3.229E+01  1.084E-01 
7.381E+01   3.239E+01  1.077E-01 
7.467E+01   3.249E+01  1.070E-01 
7.554E+01   3.259E+01  1.063E-01 
7.641E+01   3.269E+01  1.056E-01 
7.730E+01   3.278E+01  1.049E-01 
7.820E+01   3.288E+01  1.042E-01 
7.910E+01   3.298E+01  1.035E-01 
8.002E+01   3.307E+01  1.028E-01 
8.095E+01   3.316E+01  1.021E-01 
8.189E+01   3.325E+01  1.015E-01 
8.284E+01   3.334E+01  1.008E-01 
8.380E+01   3.343E+01  1.001E-01 
8.477E+01   3.352E+01  9.943E-02 
8.575E+01   3.360E+01  9.876E-02 
8.675E+01   3.369E+01  9.809E-02 
8.775E+01   3.377E+01  9.743E-02 
8.877E+01   3.385E+01  9.677E-02 
8.980E+01   3.393E+01  9.611E-02 
9.084E+01   3.401E+01  9.546E-02 
9.190E+01   3.408E+01  9.480E-02 
9.296E+01   3.416E+01  9.416E-02 
9.404E+01   3.423E+01  9.351E-02 
9.513E+01   3.430E+01  9.287E-02 
9.624E+01   3.437E+01  9.223E-02 
9.735E+01   3.444E+01  9.159E-02 
9.848E+01   3.451E+01  9.096E-02 
9.962E+01   3.457E+01  9.033E-02 
1.008E+02   3.463E+01  8.970E-02 
1.019E+02   3.469E+01  8.907E-02 
1.031E+02   3.475E+01  8.845E-02 
1.043E+02   3.481E+01  8.783E-02 
1.055E+02   3.486E+01  8.721E-02 
1.068E+02   3.491E+01  8.660E-02 
1.080E+02   3.496E+01  8.599E-02 
1.093E+02   3.501E+01  8.538E-02 
1.105E+02   3.506E+01  8.478E-02 
1.118E+02   3.510E+01  8.418E-02 
1.131E+02   3.514E+01  8.358E-02 
1.144E+02   3.518E+01  8.299E-02 
1.157E+02   3.522E+01  8.239E-02 
1.171E+02   3.525E+01  8.180E-02 
1.184E+02   3.529E+01  8.122E-02 
1.198E+02   3.532E+01  8.063E-02 
1.212E+02   3.534E+01  8.005E-02 
1.226E+02   3.537E+01  7.948E-02 
1.240E+02   3.539E+01  7.890E-02 
1.255E+02   3.541E+01  7.833E-02 
1.269E+02   3.543E+01  7.777E-02 
1.284E+02   3.545E+01  7.720E-02 
1.299E+02   3.547E+01  7.664E-02 
1.314E+02   3.548E+01  7.608E-02 
1.329E+02   3.549E+01  7.552E-02 
1.345E+02   3.549E+01  7.497E-02 
1.360E+02   3.550E+01  7.442E-02 
1.376E+02   3.550E+01  7.387E-02 
1.392E+02   3.550E+01  7.333E-02 
1.408E+02   3.550E+01  7.279E-02 
1.424E+02   3.550E+01  7.225E-02 
1.441E+02   3.549E+01  7.172E-02 
1.458E+02   3.548E+01  7.118E-02 
1.475E+02   3.547E+01  7.066E-02 
1.492E+02   3.545E+01  7.013E-02 
1.509E+02   3.544E+01  6.961E-02 
1.526E+02   3.542E+01  6.909E-02 
1.544E+02   3.540E+01  6.857E-02 
1.562E+02   3.538E+01  6.806E-02 
1.580E+02   3.535E+01  6.755E-02 
1.598E+02   3.532E+01  6.704E-02 
1.617E+02   3.529E+01  6.653E-02 
1.636E+02   3.526E+01  6.603E-02 
1.655E+02   3.523E+01  6.553E-02 
1.674E+02   3.519E+01  6.504E-02 
1.693E+02   3.515E+01  6.454E-02 
1.713E+02   3.511E+01  6.405E-02 
1.733E+02   3.507E+01  6.356E-02 
1.753E+02   3.503E+01  6.308E-02 
1.773E+02   3.498E+01  6.260E-02 
1.794E+02   3.493E+01  6.212E-02 
1.815E+02   3.488E+01  6.164E-02 
1.836E+02   3.483E+01  6.117E-02 
1.857E+02   3.477E+01  6.070E-02 
1.879E+02   3.472E+01  6.023E-02 
1.900E+02   3.466E+01  5.977E-02 
1.922E+02   3.460E+01  5.931E-02 
1.945E+02   3.454E+01  5.885E-02 
1.967E+02   3.447E+01  5.839E-02 
1.990E+02   3.441E+01  5.794E-02 
2.013E+02   3.434E+01  5.749E-02 
2.036E+02   3.427E+01  5.704E-02 
2.060E+02   3.420E+01  5.660E-02 
2.084E+02   3.413E+01  5.616E-02 
2.108E+02   3.405E+01  5.572E-02 
2.133E+02   3.398E+01  5.528E-02 
2.157E+02   3.390E+01  5.485E-02 
2.182E+02   3.383E+01  5.442E-02 
2.208E+02   3.375E+01  5.399E-02 
2.233E+02   3.367E+01  5.357E-02 
2.259E+02   3.358E+01  5.314E-02 
2.285E+02   3.350E+01  5.273E-02 
2.312E+02   3.342E+01  5.231E-02 
2.339E+02   3.333E+01  5.189E-02 
2.366E+02   3.324E+01  5.148E-02 
2.393E+02   3.316E+01  5.107E-02 
2.421E+02   3.307E+01  5.067E-02 
2.449E+02   3.298E+01  5.027E-02 
2.478E+02   3.289E+01  4.987E-02 
2.506E+02   3.279E+01  5.247E-02 
2.535E+02   3.270E+01  5.205E-02 
2.565E+02   3.261E+01  5.162E-02 
2.595E+02   3.251E+01  5.120E-02 
2.625E+02   3.242E+01  5.079E-02 
2.655E+02   3.232E+01  5.037E-02 
2.686E+02   3.222E+01  4.996E-02 
2.717E+02   3.213E+01  4.955E-02 
2.749E+02   3.203E+01  4.914E-02 
2.780E+02   3.193E+01  4.874E-02 
2.813E+02   3.183E+01  4.834E-02 
2.845E+02   3.173E+01  4.794E-02 
2.878E+02   3.163E+01  4.755E-02 
2.912E+02   3.153E+01  4.716E-02 
2.945E+02   3.142E+01  4.677E-02 
2.980E+02   3.132E+01  4.638E-02 
3.014E+02   3.122E+01  4.599E-02 
3.049E+02   3.111E+01  4.561E-02 
3.085E+02   3.101E+01  4.523E-02 
3.120E+02   3.090E+01  4.486E-02 
3.156E+02   3.080E+01  4.449E-02 
3.193E+02   3.069E+01  4.411E-02 
3.230E+02   3.059E+01  4.375E-02 
3.268E+02   3.048E+01  4.338E-02 
3.306E+02   3.038E+01  4.302E-02 
3.344E+02   3.027E+01  4.266E-02 
3.383E+02   3.016E+01  4.230E-02 
3.422E+02   3.005E+01  4.195E-02 
3.462E+02   2.995E+01  4.159E-02 
3.502E+02   2.984E+01  4.124E-02 
3.542E+02   2.973E+01  4.090E-02 
3.583E+02   2.962E+01  4.055E-02 
3.625E+02   2.951E+01  4.021E-02 
3.667E+02   2.940E+01  3.987E-02 
3.710E+02   2.930E+01  3.953E-02 
3.753E+02   2.919E+01  3.920E-02 
3.796E+02   2.908E+01  3.887E-02 
3.840E+02   2.897E+01  3.854E-02 
3.885E+02   2.886E+01  3.821E-02 
3.930E+02   2.875E+01  3.788E-02 
3.975E+02   2.864E+01  3.756E-02 
4.021E+02   2.853E+01  3.724E-02 
4.068E+02   2.842E+01  3.692E-02 
4.115E+02   2.831E+01  3.661E-02 
4.163E+02   2.820E+01  3.630E-02 
4.211E+02   2.809E+01  3.599E-02 
4.260E+02   2.798E+01  3.568E-02 
4.310E+02   2.786E+01  3.537E-02 
4.360E+02   2.775E+01  3.507E-02 
4.410E+02   2.764E+01  3.477E-02 
4.461E+02   2.753E+01  3.447E-02 
4.513E+02   2.742E+01  3.417E-02 
4.565E+02   2.731E+01  3.388E-02 
4.618E+02   2.720E+01  3.359E-02 
4.672E+02   2.709E+01  3.330E-02 
4.726E+02   2.698E+01  3.301E-02 
4.781E+02   2.686E+01  3.272E-02 
4.836E+02   2.675E+01  3.244E-02 
4.892E+02   2.664E+01  3.216E-02 
4.949E+02   2.653E+01  3.188E-02 
5.007E+02   2.642E+01  3.160E-02 
5.065E+02   2.631E+01  3.133E-02 
5.123E+02   2.620E+01  3.106E-02 
5.183E+02   2.608E+01  3.079E-02 
5.243E+02   2.597E+01  3.052E-02 
5.304E+02   2.586E+01  3.025E-02 
5.365E+02   2.575E+01  2.999E-02 
5.428E+02   2.564E+01  2.973E-02 
5.490E+02   2.552E+01  2.947E-02 
5.554E+02   2.541E+01  2.921E-02 
5.619E+02   2.530E+01  2.895E-02 
5.684E+02   2.519E+01  2.870E-02 
5.750E+02   2.508E+01  2.845E-02 
5.816E+02   2.496E+01  2.820E-02 
5.884E+02   2.485E+01  2.795E-02 
5.952E+02   2.474E+01  2.771E-02 
6.021E+02   2.463E+01  2.746E-02 
6.091E+02   2.452E+01  2.722E-02 
6.162E+02   2.440E+01  2.698E-02 
6.233E+02   2.429E+01  2.674E-02 
6.305E+02   2.418E+01  2.651E-02 
6.378E+02   2.407E+01  2.627E-02 
6.452E+02   2.396E+01  2.604E-02 
6.527E+02   2.384E+01  2.581E-02 
6.603E+02   2.373E+01  2.558E-02 
6.680E+02   2.362E+01  2.535E-02 
6.757E+02   2.351E+01  2.513E-02 
6.835E+02   2.339E+01  2.491E-02 
6.915E+02   2.328E+01  2.469E-02 
6.995E+02   2.317E+01  2.447E-02 
7.076E+02   2.306E+01  2.425E-02 
7.158E+02   2.295E+01  2.403E-02 
7.241E+02   2.283E+01  2.382E-02 
7.325E+02   2.272E+01  2.361E-02 
7.410E+02   2.261E+01  2.340E-02 
7.496E+02   2.250E+01  2.319E-02 
7.583E+02   2.238E+01  2.298E-02 
7.671E+02   2.227E+01  2.277E-02 
7.760E+02   2.216E+01  2.257E-02 
7.850E+02   2.205E+01  2.237E-02 
7.941E+02   2.194E+01  2.217E-02 
8.033E+02   2.182E+01  2.197E-02 
8.126E+02   2.171E+01  2.177E-02 
8.221E+02   2.160E+01  2.158E-02 
8.316E+02   2.149E+01  2.138E-02 
8.412E+02   2.138E+01  2.119E-02 
8.510E+02   2.127E+01  2.100E-02 
8.609E+02   2.115E+01  2.081E-02 
8.709E+02   2.104E+01  2.062E-02 
8.810E+02   2.093E+01  2.044E-02 
8.912E+02   2.082E+01  2.025E-02 
9.015E+02   2.071E+01  2.007E-02 
9.120E+02   2.060E+01  1.989E-02 
9.225E+02   2.049E+01  1.971E-02 
9.332E+02   2.038E+01  1.953E-02 
9.441E+02   2.027E+01  1.935E-02 
9.550E+02   2.016E+01  1.918E-02 
9.661E+02   2.004E+01  1.900E-02 
9.773E+02   1.993E+01  1.883E-02 
9.886E+02   1.982E+01  1.866E-02 
1.000E+03   1.971E+01  1.849E-02 
1.012E+03   1.961E+01  1.832E-02 
1.023E+03   1.953E+01  1.816E-02 
1.035E+03   1.944E+01  1.799E-02 
1.047E+03   1.935E+01  1.783E-02 
1.059E+03   1.926E+01  1.767E-02 
1.072E+03   1.917E+01  1.751E-02 
1.084E+03   1.908E+01  1.735E-02 
1.097E+03   1.899E+01  1.719E-02 
1.109E+03   1.889E+01  1.703E-02 
1.122E+03   1.880E+01  1.687E-02 
1.135E+03   1.870E+01  1.672E-02 
1.149E+03   1.860E+01  1.657E-02 
1.162E+03   1.851E+01  1.642E-02 
1.175E+03   1.841E+01  1.627E-02 
1.189E+03   1.831E+01  1.612E-02 
1.203E+03   1.821E+01  1.597E-02 
1.217E+03   1.811E+01  1.582E-02 
1.231E+03   1.802E+01  1.568E-02 
1.245E+03   1.793E+01  1.553E-02 
1.260E+03   1.784E+01  1.539E-02 
1.274E+03   1.775E+01  1.525E-02 
1.289E+03   1.766E+01  1.511E-02 
1.304E+03   1.757E+01  1.497E-02 
1.319E+03   1.748E+01  1.483E-02 
1.334E+03   1.739E+01  1.469E-02 
1.350E+03   1.730E+01  1.456E-02 
1.365E+03   1.721E+01  1.442E-02 
1.381E+03   1.712E+01  1.429E-02 
1.397E+03   1.703E+01  1.416E-02 
1.414E+03   1.694E+01  1.403E-02 
1.430E+03   1.685E+01  1.390E-02 
1.446E+03   1.676E+01  1.377E-02 
1.463E+03   1.667E+01  1.364E-02 
1.480E+03   1.658E+01  1.352E-02 
1.497E+03   1.649E+01  1.339E-02 
1.515E+03   1.641E+01  1.327E-02 
1.532E+03   1.632E+01  1.314E-02 
1.550E+03   1.623E+01  1.302E-02 
1.568E+03   1.614E+01  1.290E-02 
1.586E+03   1.606E+01  1.278E-02 
1.605E+03   1.597E+01  1.266E-02 
1.623E+03   1.588E+01  1.254E-02 
1.642E+03   1.579E+01  1.243E-02 
1.661E+03   1.571E+01  1.231E-02 
1.680E+03   1.562E+01  1.220E-02 
1.700E+03   1.554E+01  1.208E-02 
1.720E+03   1.545E+01  1.197E-02 
1.740E+03   1.536E+01  1.186E-02 
1.760E+03   1.528E+01  1.175E-02 
1.780E+03   1.519E+01  1.164E-02 
1.801E+03   1.511E+01  1.153E-02 
1.822E+03   1.502E+01  1.142E-02 
1.843E+03   1.494E+01  1.132E-02 
1.864E+03   1.486E+01  1.121E-02 
1.886E+03   1.477E+01  1.111E-02 
1.908E+03   1.469E+01  1.100E-02 
1.930E+03   1.460E+01  1.090E-02 
1.952E+03   1.452E+01  1.080E-02 
1.975E+03   1.444E+01  1.069E-02 
1.998E+03   1.436E+01  1.059E-02 
2.021E+03   1.427E+01  1.049E-02 
2.044E+03   1.419E+01  1.040E-02 
2.068E+03   1.411E+01  1.030E-02 
2.092E+03   1.403E+01  1.020E-02 
2.116E+03   1.395E+01  1.011E-02 
2.141E+03   1.387E+01  1.001E-02 
2.166E+03   1.378E+01  9.917E-03 
2.191E+03   1.370E+01  9.823E-03 
2.216E+03   1.362E+01  9.731E-03 
2.242E+03   1.354E+01  9.639E-03 
2.268E+03   1.346E+01  9.548E-03 
2.294E+03   1.338E+01  9.458E-03 
2.321E+03   1.331E+01  9.369E-03 
2.348E+03   1.323E+01  9.280E-03 
2.375E+03   1.315E+01  9.193E-03 
2.403E+03   1.307E+01  9.106E-03 
2.431E+03   1.299E+01  9.020E-03 
2.459E+03   1.291E+01  8.934E-03 
2.487E+03   1.284E+01  8.850E-03 
2.516E+03   1.276E+01  8.766E-03 
2.545E+03   1.268E+01  8.683E-03 
2.575E+03   1.260E+01  8.601E-03 
2.605E+03   1.253E+01  8.519E-03 
2.635E+03   1.245E+01  8.438E-03 
2.665E+03   1.238E+01  8.358E-03 
2.696E+03   1.230E+01  8.279E-03 
2.728E+03   1.222E+01  8.200E-03 
2.759E+03   1.215E+01  8.123E-03 
2.791E+03   1.207E+01  8.045E-03 
2.824E+03   1.200E+01  7.969E-03 
2.856E+03   1.193E+01  7.893E-03 
2.889E+03   1.185E+01  7.818E-03 
2.923E+03   1.178E+01  7.744E-03 
2.957E+03   1.171E+01  7.670E-03 
2.991E+03   1.163E+01  7.597E-03 
3.026E+03   1.156E+01  7.524E-03 
3.061E+03   1.149E+01  7.453E-03 
3.097E+03   1.141E+01  7.382E-03 
3.132E+03   1.134E+01  7.311E-03 
3.169E+03   1.127E+01  7.241E-03 
3.206E+03   1.120E+01  7.172E-03 
3.243E+03   1.113E+01  7.104E-03 
3.280E+03   1.106E+01  7.036E-03 
3.318E+03   1.099E+01  6.969E-03 
3.357E+03   1.092E+01  6.902E-03 
3.396E+03   1.085E+01  6.836E-03 
3.435E+03   1.078E+01  6.771E-03 
3.475E+03   1.071E+01  6.706E-03 
3.515E+03   1.064E+01  6.642E-03 
3.556E+03   1.057E+01  6.578E-03 
3.597E+03   1.050E+01  6.515E-03 
3.639E+03   1.043E+01  6.452E-03 
3.681E+03   1.037E+01  6.390E-03 
3.724E+03   1.030E+01  6.329E-03 
3.767E+03   1.023E+01  6.268E-03 
3.811E+03   1.016E+01  6.208E-03 
3.855E+03   1.010E+01  6.149E-03 
3.900E+03   1.003E+01  6.089E-03 
3.945E+03   9.966E+00  6.031E-03 
3.991E+03   9.900E+00  5.973E-03 
4.037E+03   9.835E+00  5.916E-03 
4.084E+03   9.769E+00  5.859E-03 
4.131E+03   9.705E+00  5.802E-03 
4.179E+03   9.640E+00  5.746E-03 
4.228E+03   9.576E+00  5.691E-03 
4.277E+03   9.512E+00  5.636E-03 
4.326E+03   9.448E+00  5.582E-03 
4.376E+03   9.385E+00  5.528E-03 
4.427E+03   9.322E+00  5.475E-03 
4.479E+03   9.259E+00  5.422E-03 
4.531E+03   9.196E+00  5.369E-03 
4.583E+03   9.134E+00  5.318E-03 
4.636E+03   9.072E+00  5.266E-03 
4.690E+03   9.011E+00  5.215E-03 
4.744E+03   8.949E+00  5.165E-03 
4.799E+03   8.888E+00  5.115E-03 
4.855E+03   8.827E+00  5.066E-03 
4.911E+03   8.767E+00  5.016E-03 
4.968E+03   8.707E+00  4.968E-03 
5.026E+03   8.647E+00  4.920E-03 
5.084E+03   8.588E+00  4.872E-03 
5.143E+03   8.528E+00  4.825E-03 
5.203E+03   8.469E+00  4.778E-03 
5.263E+03   8.411E+00  4.732E-03 
5.324E+03   8.352E+00  4.686E-03 
5.386E+03   8.294E+00  4.641E-03 
5.449E+03   8.237E+00  4.595E-03 
5.512E+03   8.179E+00  4.551E-03 
5.576E+03   8.122E+00  4.507E-03 
5.640E+03   8.065E+00  4.463E-03 
5.706E+03   8.009E+00  4.420E-03 
5.772E+03   7.952E+00  4.377E-03 
5.839E+03   7.896E+00  4.334E-03 
5.907E+03   7.841E+00  4.292E-03 
5.975E+03   7.785E+00  4.250E-03 
6.045E+03   7.730E+00  4.209E-03 
6.115E+03   7.675E+00  4.168E-03 
6.186E+03   7.621E+00  4.127E-03 
6.257E+03   7.566E+00  4.087E-03 
6.330E+03   7.513E+00  4.047E-03 
6.403E+03   7.459E+00  4.008E-03 
6.478E+03   7.406E+00  3.969E-03 
6.553E+03   7.352E+00  3.930E-03 
6.629E+03   7.300E+00  3.892E-03 
6.706E+03   7.247E+00  3.854E-03 
6.783E+03   7.195E+00  3.816E-03 
6.862E+03   7.143E+00  3.779E-03 
6.942E+03   7.091E+00  3.742E-03 
7.022E+03   7.040E+00  3.705E-03 
7.104E+03   6.989E+00  3.669E-03 
7.186E+03   6.938E+00  3.633E-03 
7.269E+03   6.888E+00  3.598E-03 
7.354E+03   6.838E+00  3.562E-03 
7.439E+03   6.788E+00  3.528E-03 
7.525E+03   6.738E+00  3.493E-03 
7.613E+03   6.689E+00  3.459E-03 
7.701E+03   6.640E+00  3.425E-03 
7.790E+03   6.591E+00  3.391E-03 
7.881E+03   6.543E+00  3.358E-03 
7.972E+03   6.494E+00  3.325E-03 
8.064E+03   6.446E+00  3.293E-03 
8.158E+03   6.399E+00  3.260E-03 
8.253E+03   6.351E+00  3.228E-03 
8.348E+03   6.304E+00  3.197E-03 
8.445E+03   6.258E+00  3.165E-03 
8.543E+03   6.211E+00  3.134E-03 
8.642E+03   6.165E+00  3.103E-03 
8.742E+03   6.119E+00  3.073E-03 
8.844E+03   6.073E+00  3.043E-03 
8.946E+03   6.028E+00  3.013E-03 
9.050E+03   5.983E+00  2.983E-03 
9.155E+03   5.938E+00  2.954E-03 
9.261E+03   5.893E+00  2.925E-03 
9.369E+03   5.849E+00  2.896E-03 
9.477E+03   5.805E+00  2.867E-03 
9.587E+03   5.761E+00  2.839E-03 
9.699E+03   5.717E+00  2.811E-03 
9.811E+03   5.674E+00  2.784E-03 
9.925E+03   5.631E+00  2.756E-03 
1.004E+04   5.589E+00  2.729E-03 
1.016E+04   5.546E+00  2.702E-03 
1.027E+04   5.504E+00  2.675E-03 
1.039E+04   5.462E+00  2.649E-03 
1.051E+04   5.420E+00  2.623E-03 
1.064E+04   5.379E+00  2.597E-03 
1.076E+04   5.338E+00  2.571E-03 
1.088E+04   5.297E+00  2.546E-03 
1.101E+04   5.257E+00  2.521E-03 
1.114E+04   5.216E+00  2.496E-03 
1.127E+04   5.176E+00  2.471E-03 
1.140E+04   5.136E+00  2.447E-03 
1.153E+04   5.097E+00  2.423E-03 
1.166E+04   5.058E+00  2.399E-03 
1.180E+04   5.018E+00  2.375E-03 
1.194E+04   4.980E+00  2.351E-03 
1.207E+04   4.941E+00  2.328E-03 
1.221E+04   4.903E+00  2.305E-03 
1.236E+04   4.865E+00  2.282E-03 
1.250E+04   4.827E+00  2.260E-03 
1.264E+04   4.790E+00  2.237E-03 
1.279E+04   4.752E+00  2.215E-03 
1.294E+04   4.715E+00  2.193E-03 
1.309E+04   4.679E+00  2.171E-03 
1.324E+04   4.642E+00  2.150E-03 
1.340E+04   4.606E+00  2.129E-03 
1.355E+04   4.570E+00  2.107E-03 
1.371E+04   4.534E+00  2.086E-03 
1.387E+04   4.498E+00  2.066E-03 
1.403E+04   4.463E+00  2.045E-03 
1.419E+04   4.428E+00  2.025E-03 
1.435E+04   4.393E+00  2.005E-03 
1.452E+04   4.359E+00  1.985E-03 
1.469E+04   4.324E+00  1.965E-03 
1.486E+04   4.290E+00  1.946E-03 
1.503E+04   4.256E+00  1.926E-03 
1.521E+04   4.223E+00  1.907E-03 
1.538E+04   4.189E+00  1.888E-03 
1.556E+04   4.156E+00  1.869E-03 
1.574E+04   4.123E+00  1.851E-03 
1.592E+04   4.090E+00  1.832E-03 
1.611E+04   4.058E+00  1.814E-03 
1.630E+04   4.026E+00  1.796E-03 
1.649E+04   3.994E+00  1.778E-03 
1.668E+04   3.962E+00  1.760E-03 
1.687E+04   3.930E+00  1.743E-03 
1.707E+04   3.899E+00  1.726E-03 
1.726E+04   3.868E+00  1.708E-03 
1.746E+04   3.837E+00  1.691E-03 
1.767E+04   3.806E+00  1.674E-03 
1.787E+04   3.776E+00  1.658E-03 
1.808E+04   3.745E+00  1.641E-03 
1.829E+04   3.715E+00  1.625E-03 
1.850E+04   3.686E+00  1.609E-03 
1.871E+04   3.656E+00  1.592E-03 
1.893E+04   3.627E+00  1.577E-03 
1.915E+04   3.597E+00  1.561E-03 
1.937E+04   3.569E+00  1.545E-03 
1.960E+04   3.540E+00  1.530E-03 
1.983E+04   3.511E+00  1.514E-03 
2.006E+04   3.483E+00  1.499E-03 
2.029E+04   3.455E+00  1.484E-03 
2.052E+04   3.427E+00  1.469E-03 
2.076E+04   3.399E+00  1.455E-03 
2.100E+04   3.372E+00  1.440E-03 
2.125E+04   3.344E+00  1.426E-03 
2.149E+04   3.317E+00  1.412E-03 
2.174E+04   3.290E+00  1.397E-03 
2.199E+04   3.264E+00  1.383E-03 
2.225E+04   3.237E+00  1.370E-03 
2.251E+04   3.211E+00  1.356E-03 
2.277E+04   3.185E+00  1.342E-03 
2.303E+04   3.159E+00  1.329E-03 
2.330E+04   3.133E+00  1.315E-03 
2.357E+04   3.108E+00  1.302E-03 
2.384E+04   3.082E+00  1.289E-03 
2.412E+04   3.057E+00  1.276E-03 
2.440E+04   3.032E+00  1.263E-03 
2.468E+04   3.008E+00  1.251E-03 
2.497E+04   2.983E+00  1.238E-03 
2.526E+04   2.959E+00  1.226E-03 
2.555E+04   2.935E+00  1.213E-03 
2.585E+04   2.911E+00  1.201E-03 
2.615E+04   2.887E+00  1.189E-03 
2.645E+04   2.863E+00  1.177E-03 
2.676E+04   2.840E+00  1.165E-03 
2.707E+04   2.817E+00  1.154E-03 
2.738E+04   2.793E+00  1.142E-03 
2.770E+04   2.771E+00  1.131E-03 
2.802E+04   2.748E+00  1.119E-03 
2.835E+04   2.725E+00  1.108E-03 
2.867E+04   2.703E+00  1.097E-03 
2.901E+04   2.681E+00  1.086E-03 
2.934E+04   2.659E+00  1.075E-03 
2.968E+04   2.637E+00  1.064E-03 
3.003E+04   2.615E+00  1.053E-03 
3.038E+04   2.594E+00  1.043E-03 
3.073E+04   2.572E+00  1.032E-03 
3.109E+04   2.551E+00  1.022E-03 
3.145E+04   2.530E+00  1.011E-03 
3.181E+04   2.509E+00  1.001E-03 
3.218E+04   2.489E+00  9.912E-04 
3.255E+04   2.468E+00  9.812E-04 
3.293E+04   2.448E+00  9.713E-04 
3.331E+04   2.428E+00  9.615E-04 
3.370E+04   2.408E+00  9.518E-04 
3.409E+04   2.388E+00  9.422E-04 
3.449E+04   2.368E+00  9.326E-04 
3.489E+04   2.349E+00  9.232E-04 
3.529E+04   2.329E+00  9.139E-04 
3.570E+04   2.310E+00  9.047E-04 
3.611E+04   2.291E+00  8.955E-04 
3.653E+04   2.272E+00  8.865E-04 
3.696E+04   2.253E+00  8.775E-04 
3.738E+04   2.235E+00  8.687E-04 
3.782E+04   2.216E+00  8.599E-04 
3.826E+04   2.198E+00  8.512E-04 
3.870E+04   2.180E+00  8.426E-04 
3.915E+04   2.162E+00  8.340E-04 
3.960E+04   2.144E+00  8.256E-04 
4.006E+04   2.126E+00  8.172E-04 
4.053E+04   2.109E+00  8.090E-04 
4.100E+04   2.091E+00  8.008E-04 
4.147E+04   2.074E+00  7.927E-04 
4.195E+04   2.057E+00  7.846E-04 
4.244E+04   2.040E+00  7.767E-04 
4.293E+04   2.023E+00  7.688E-04 
4.343E+04   2.007E+00  7.610E-04 
4.394E+04   1.990E+00  7.533E-04 
4.444E+04   1.974E+00  7.457E-04 
4.496E+04   1.957E+00  7.381E-04 
4.548E+04   1.941E+00  7.306E-04 
4.601E+04   1.925E+00  7.232E-04 
4.654E+04   1.909E+00  7.159E-04 
4.708E+04   1.894E+00  7.086E-04 
4.763E+04   1.878E+00  7.014E-04 
4.818E+04   1.862E+00  6.943E-04 
4.874E+04   1.847E+00  6.873E-04 
4.931E+04   1.832E+00  6.803E-04 
4.988E+04   1.817E+00  6.734E-04 
5.046E+04   1.802E+00  6.666E-04 
5.104E+04   1.787E+00  6.598E-04 
5.163E+04   1.772E+00  6.531E-04 
5.223E+04   1.758E+00  6.464E-04 
5.284E+04   1.743E+00  6.399E-04 
5.345E+04   1.729E+00  6.334E-04 
5.407E+04   1.715E+00  6.269E-04 
5.470E+04   1.700E+00  6.206E-04 
5.533E+04   1.687E+00  6.143E-04 
5.597E+04   1.673E+00  6.080E-04 
5.662E+04   1.659E+00  6.018E-04 
5.728E+04   1.645E+00  5.957E-04 
5.794E+04   1.632E+00  5.896E-04 
5.862E+04   1.618E+00  5.836E-04 
5.930E+04   1.605E+00  5.777E-04 
5.998E+04   1.592E+00  5.718E-04 
6.068E+04   1.579E+00  5.660E-04 
6.138E+04   1.566E+00  5.602E-04 
6.210E+04   1.553E+00  5.545E-04 
6.282E+04   1.540E+00  5.489E-04 
6.354E+04   1.528E+00  5.433E-04 
6.428E+04   1.515E+00  5.377E-04 
6.503E+04   1.503E+00  5.323E-04 
6.578E+04   1.491E+00  5.268E-04 
6.654E+04   1.479E+00  5.215E-04 
6.732E+04   1.467E+00  5.161E-04 
6.810E+04   1.455E+00  5.109E-04 
6.889E+04   1.443E+00  5.057E-04 
6.969E+04   1.431E+00  5.005E-04 
7.049E+04   1.419E+00  4.954E-04 
7.131E+04   1.408E+00  4.903E-04 
7.214E+04   1.396E+00  4.853E-04 
7.298E+04   1.385E+00  4.804E-04 
7.382E+04   1.374E+00  4.755E-04 
7.468E+04   1.363E+00  4.706E-04 
7.555E+04   1.352E+00  4.658E-04 
7.642E+04   1.341E+00  4.611E-04 
7.731E+04   1.330E+00  4.563E-04 
7.820E+04   1.319E+00  4.517E-04 
7.911E+04   1.309E+00  4.471E-04 
8.003E+04   1.298E+00  4.425E-04 
8.096E+04   1.288E+00  4.380E-04 
8.190E+04   1.277E+00  4.335E-04 
8.285E+04   1.267E+00  4.291E-04 
8.381E+04   1.257E+00  4.247E-04 
8.478E+04   1.247E+00  4.203E-04 
8.576E+04   1.237E+00  4.160E-04 
8.676E+04   1.227E+00  4.118E-04 
8.776E+04   1.217E+00  4.076E-04 
8.878E+04   1.207E+00  4.034E-04 
8.981E+04   1.198E+00  3.993E-04 
9.085E+04   1.188E+00  3.952E-04 
9.191E+04   1.179E+00  3.911E-04 
9.297E+04   1.169E+00  3.871E-04 
9.405E+04   1.160E+00  3.832E-04 
9.514E+04   1.151E+00  3.792E-04 
9.625E+04   1.142E+00  3.753E-04 
9.736E+04   1.133E+00  3.715E-04 
9.849E+04   1.124E+00  3.677E-04 
9.963E+04   1.115E+00  3.639E-04 
1.008E+05   1.106E+00  3.602E-04 
