Ion = Hydrogen    . Mass = 1.0079
Tgt = Sm (Solid). Density = 7.52 g/cm3
Stopping Units =  eV/(1E15 atoms/cm2)
Energy(keV)  S(Elec)    S(Nuc)
1.000E+00   7.758E+00  3.009E-01 
1.012E+00   7.803E+00  3.012E-01 
1.023E+00   7.848E+00  3.016E-01 
1.035E+00   7.893E+00  3.020E-01 
1.047E+00   7.939E+00  3.023E-01 
1.059E+00   7.985E+00  3.027E-01 
1.072E+00   8.031E+00  3.030E-01 
1.084E+00   8.078E+00  3.033E-01 
1.097E+00   8.124E+00  3.037E-01 
1.109E+00   8.171E+00  3.040E-01 
1.122E+00   8.218E+00  3.043E-01 
1.135E+00   8.266E+00  3.046E-01 
1.148E+00   8.314E+00  3.050E-01 
1.162E+00   8.362E+00  3.053E-01 
1.175E+00   8.410E+00  3.056E-01 
1.189E+00   8.459E+00  3.059E-01 
1.203E+00   8.508E+00  3.062E-01 
1.217E+00   8.557E+00  3.065E-01 
1.231E+00   8.606E+00  3.067E-01 
1.245E+00   8.656E+00  3.070E-01 
1.259E+00   8.706E+00  3.073E-01 
1.274E+00   8.757E+00  3.076E-01 
1.289E+00   8.807E+00  3.078E-01 
1.304E+00   8.858E+00  3.081E-01 
1.319E+00   8.909E+00  3.084E-01 
1.334E+00   8.961E+00  3.086E-01 
1.350E+00   9.013E+00  3.088E-01 
1.365E+00   9.065E+00  3.091E-01 
1.381E+00   9.117E+00  3.093E-01 
1.397E+00   9.170E+00  3.096E-01 
1.413E+00   9.223E+00  3.098E-01 
1.430E+00   9.276E+00  3.100E-01 
1.446E+00   9.330E+00  3.102E-01 
1.463E+00   9.384E+00  3.104E-01 
1.480E+00   9.438E+00  3.106E-01 
1.497E+00   9.493E+00  3.108E-01 
1.515E+00   9.548E+00  3.110E-01 
1.532E+00   9.603E+00  3.112E-01 
1.550E+00   9.659E+00  3.114E-01 
1.568E+00   9.714E+00  3.116E-01 
1.586E+00   9.771E+00  3.117E-01 
1.605E+00   9.827E+00  3.119E-01 
1.623E+00   9.884E+00  3.121E-01 
1.642E+00   9.941E+00  3.122E-01 
1.661E+00   9.999E+00  3.124E-01 
1.680E+00   1.006E+01  3.125E-01 
1.700E+00   1.011E+01  3.126E-01 
1.719E+00   1.017E+01  3.128E-01 
1.739E+00   1.023E+01  3.129E-01 
1.760E+00   1.029E+01  3.130E-01 
1.780E+00   1.035E+01  3.131E-01 
1.801E+00   1.041E+01  3.132E-01 
1.822E+00   1.047E+01  3.133E-01 
1.843E+00   1.053E+01  3.134E-01 
1.864E+00   1.059E+01  3.135E-01 
1.886E+00   1.065E+01  3.136E-01 
1.908E+00   1.071E+01  3.137E-01 
1.930E+00   1.078E+01  3.138E-01 
1.952E+00   1.084E+01  3.138E-01 
1.975E+00   1.090E+01  3.139E-01 
1.998E+00   1.096E+01  3.139E-01 
2.021E+00   1.103E+01  3.140E-01 
2.044E+00   1.108E+01  3.140E-01 
2.068E+00   1.113E+01  3.141E-01 
2.092E+00   1.119E+01  3.141E-01 
2.116E+00   1.124E+01  3.141E-01 
2.141E+00   1.130E+01  3.141E-01 
2.166E+00   1.135E+01  3.141E-01 
2.191E+00   1.141E+01  3.141E-01 
2.216E+00   1.147E+01  3.141E-01 
2.242E+00   1.152E+01  3.141E-01 
2.268E+00   1.158E+01  3.141E-01 
2.294E+00   1.164E+01  3.141E-01 
2.321E+00   1.169E+01  3.141E-01 
2.348E+00   1.175E+01  3.140E-01 
2.375E+00   1.181E+01  3.140E-01 
2.402E+00   1.187E+01  3.140E-01 
2.430E+00   1.193E+01  3.139E-01 
2.458E+00   1.199E+01  3.138E-01 
2.487E+00   1.205E+01  3.138E-01 
2.516E+00   1.211E+01  3.137E-01 
2.545E+00   1.217E+01  3.136E-01 
2.574E+00   1.223E+01  3.135E-01 
2.604E+00   1.229E+01  3.135E-01 
2.635E+00   1.235E+01  3.134E-01 
2.665E+00   1.241E+01  3.133E-01 
2.696E+00   1.247E+01  3.131E-01 
2.727E+00   1.253E+01  3.130E-01 
2.759E+00   1.260E+01  3.129E-01 
2.791E+00   1.266E+01  3.128E-01 
2.823E+00   1.272E+01  3.126E-01 
2.856E+00   1.279E+01  3.125E-01 
2.889E+00   1.285E+01  3.123E-01 
2.923E+00   1.291E+01  3.122E-01 
2.957E+00   1.298E+01  3.120E-01 
2.991E+00   1.304E+01  3.118E-01 
3.026E+00   1.311E+01  3.117E-01 
3.061E+00   1.317E+01  3.115E-01 
3.096E+00   1.324E+01  3.113E-01 
3.132E+00   1.331E+01  3.111E-01 
3.168E+00   1.337E+01  3.109E-01 
3.205E+00   1.344E+01  3.107E-01 
3.242E+00   1.351E+01  3.105E-01 
3.280E+00   1.358E+01  3.102E-01 
3.318E+00   1.365E+01  3.100E-01 
3.356E+00   1.371E+01  3.098E-01 
3.395E+00   1.378E+01  3.095E-01 
3.435E+00   1.385E+01  3.093E-01 
3.475E+00   1.392E+01  3.090E-01 
3.515E+00   1.399E+01  3.087E-01 
3.556E+00   1.406E+01  3.085E-01 
3.597E+00   1.413E+01  3.082E-01 
3.639E+00   1.421E+01  3.079E-01 
3.681E+00   1.428E+01  3.076E-01 
3.724E+00   1.435E+01  3.073E-01 
3.767E+00   1.442E+01  3.070E-01 
3.810E+00   1.450E+01  3.067E-01 
3.855E+00   1.457E+01  3.064E-01 
3.899E+00   1.464E+01  3.061E-01 
3.945E+00   1.472E+01  3.057E-01 
3.990E+00   1.479E+01  3.054E-01 
4.037E+00   1.487E+01  3.050E-01 
4.083E+00   1.494E+01  3.047E-01 
4.131E+00   1.502E+01  3.043E-01 
4.179E+00   1.510E+01  3.040E-01 
4.227E+00   1.517E+01  3.036E-01 
4.276E+00   1.525E+01  3.032E-01 
4.326E+00   1.533E+01  3.028E-01 
4.376E+00   1.541E+01  3.024E-01 
4.427E+00   1.548E+01  3.020E-01 
4.478E+00   1.556E+01  3.016E-01 
4.530E+00   1.564E+01  3.012E-01 
4.583E+00   1.572E+01  3.008E-01 
4.636E+00   1.580E+01  3.004E-01 
4.690E+00   1.588E+01  2.999E-01 
4.744E+00   1.597E+01  2.995E-01 
4.799E+00   1.605E+01  2.990E-01 
4.855E+00   1.613E+01  2.986E-01 
4.911E+00   1.621E+01  2.981E-01 
4.968E+00   1.629E+01  2.977E-01 
5.026E+00   1.638E+01  2.972E-01 
5.084E+00   1.646E+01  2.967E-01 
5.143E+00   1.655E+01  2.962E-01 
5.202E+00   1.663E+01  2.957E-01 
5.263E+00   1.672E+01  2.952E-01 
5.324E+00   1.680E+01  2.947E-01 
5.386E+00   1.689E+01  2.942E-01 
5.448E+00   1.697E+01  2.937E-01 
5.511E+00   1.706E+01  2.932E-01 
5.575E+00   1.715E+01  2.926E-01 
5.640E+00   1.724E+01  2.921E-01 
5.705E+00   1.732E+01  2.915E-01 
5.771E+00   1.741E+01  2.910E-01 
5.838E+00   1.750E+01  2.904E-01 
5.906E+00   1.759E+01  2.899E-01 
5.975E+00   1.768E+01  2.893E-01 
6.044E+00   1.777E+01  2.887E-01 
6.114E+00   1.787E+01  2.882E-01 
6.185E+00   1.796E+01  2.876E-01 
6.257E+00   1.805E+01  2.870E-01 
6.329E+00   1.814E+01  2.864E-01 
6.403E+00   1.824E+01  2.858E-01 
6.477E+00   1.833E+01  2.852E-01 
6.552E+00   1.842E+01  2.845E-01 
6.628E+00   1.852E+01  2.839E-01 
6.705E+00   1.861E+01  2.833E-01 
6.783E+00   1.871E+01  2.827E-01 
6.861E+00   1.880E+01  2.820E-01 
6.941E+00   1.890E+01  2.814E-01 
7.021E+00   1.900E+01  2.807E-01 
7.103E+00   1.910E+01  2.801E-01 
7.185E+00   1.919E+01  2.794E-01 
7.269E+00   1.929E+01  2.787E-01 
7.353E+00   1.939E+01  2.781E-01 
7.438E+00   1.949E+01  2.774E-01 
7.524E+00   1.959E+01  2.767E-01 
7.612E+00   1.969E+01  2.760E-01 
7.700E+00   1.979E+01  2.753E-01 
7.789E+00   1.989E+01  2.746E-01 
7.880E+00   2.000E+01  2.739E-01 
7.971E+00   2.010E+01  2.732E-01 
8.064E+00   2.020E+01  2.725E-01 
8.157E+00   2.031E+01  2.717E-01 
8.252E+00   2.041E+01  2.710E-01 
8.347E+00   2.051E+01  2.703E-01 
8.444E+00   2.062E+01  2.695E-01 
8.542E+00   2.073E+01  2.688E-01 
8.641E+00   2.083E+01  2.680E-01 
8.741E+00   2.094E+01  2.673E-01 
8.843E+00   2.105E+01  2.665E-01 
8.945E+00   2.115E+01  2.658E-01 
9.049E+00   2.126E+01  2.650E-01 
9.154E+00   2.137E+01  2.642E-01 
9.260E+00   2.148E+01  2.635E-01 
9.368E+00   2.159E+01  2.627E-01 
9.476E+00   2.170E+01  2.619E-01 
9.586E+00   2.181E+01  2.611E-01 
9.698E+00   2.192E+01  2.603E-01 
9.810E+00   2.203E+01  2.595E-01 
9.924E+00   2.215E+01  2.587E-01 
1.004E+01   2.226E+01  2.579E-01 
1.016E+01   2.237E+01  2.571E-01 
1.027E+01   2.249E+01  2.563E-01 
1.039E+01   2.260E+01  2.555E-01 
1.051E+01   2.272E+01  2.546E-01 
1.063E+01   2.283E+01  2.538E-01 
1.076E+01   2.295E+01  2.530E-01 
1.088E+01   2.306E+01  2.521E-01 
1.101E+01   2.318E+01  2.513E-01 
1.114E+01   2.330E+01  2.505E-01 
1.127E+01   2.342E+01  2.496E-01 
1.140E+01   2.353E+01  2.488E-01 
1.153E+01   2.365E+01  2.479E-01 
1.166E+01   2.377E+01  2.471E-01 
1.180E+01   2.389E+01  2.462E-01 
1.193E+01   2.401E+01  2.453E-01 
1.207E+01   2.414E+01  2.445E-01 
1.221E+01   2.426E+01  2.436E-01 
1.235E+01   2.438E+01  2.427E-01 
1.250E+01   2.450E+01  2.419E-01 
1.264E+01   2.463E+01  2.410E-01 
1.279E+01   2.475E+01  2.401E-01 
1.294E+01   2.487E+01  2.392E-01 
1.309E+01   2.500E+01  2.383E-01 
1.324E+01   2.512E+01  2.374E-01 
1.339E+01   2.525E+01  2.365E-01 
1.355E+01   2.538E+01  2.356E-01 
1.371E+01   2.550E+01  2.347E-01 
1.387E+01   2.563E+01  2.338E-01 
1.403E+01   2.576E+01  2.329E-01 
1.419E+01   2.589E+01  2.320E-01 
1.435E+01   2.601E+01  2.311E-01 
1.452E+01   2.614E+01  2.302E-01 
1.469E+01   2.627E+01  2.293E-01 
1.486E+01   2.640E+01  2.284E-01 
1.503E+01   2.653E+01  2.275E-01 
1.521E+01   2.666E+01  2.265E-01 
1.538E+01   2.680E+01  2.256E-01 
1.556E+01   2.693E+01  2.247E-01 
1.574E+01   2.706E+01  2.238E-01 
1.592E+01   2.719E+01  2.228E-01 
1.611E+01   2.733E+01  2.219E-01 
1.629E+01   2.746E+01  2.210E-01 
1.648E+01   2.759E+01  2.201E-01 
1.667E+01   2.773E+01  2.191E-01 
1.687E+01   2.786E+01  2.182E-01 
1.706E+01   2.800E+01  2.173E-01 
1.726E+01   2.814E+01  2.163E-01 
1.746E+01   2.827E+01  2.154E-01 
1.766E+01   2.841E+01  2.144E-01 
1.787E+01   2.855E+01  2.135E-01 
1.808E+01   2.868E+01  2.126E-01 
1.829E+01   2.882E+01  2.116E-01 
1.850E+01   2.896E+01  2.107E-01 
1.871E+01   2.910E+01  2.097E-01 
1.893E+01   2.924E+01  2.088E-01 
1.915E+01   2.938E+01  2.078E-01 
1.937E+01   2.952E+01  2.069E-01 
1.960E+01   2.966E+01  2.059E-01 
1.982E+01   2.980E+01  2.050E-01 
2.005E+01   2.994E+01  2.040E-01 
2.029E+01   3.008E+01  2.031E-01 
2.052E+01   3.022E+01  2.021E-01 
2.076E+01   3.036E+01  2.012E-01 
2.100E+01   3.051E+01  2.002E-01 
2.124E+01   3.065E+01  1.993E-01 
2.149E+01   3.079E+01  1.983E-01 
2.174E+01   3.094E+01  1.974E-01 
2.199E+01   3.108E+01  1.964E-01 
2.225E+01   3.122E+01  1.955E-01 
2.250E+01   3.137E+01  1.945E-01 
2.277E+01   3.151E+01  1.936E-01 
2.303E+01   3.166E+01  1.926E-01 
2.330E+01   3.180E+01  1.917E-01 
2.357E+01   3.195E+01  1.907E-01 
2.384E+01   3.209E+01  1.898E-01 
2.412E+01   3.224E+01  1.888E-01 
2.440E+01   3.238E+01  1.879E-01 
2.468E+01   3.253E+01  1.869E-01 
2.497E+01   3.267E+01  1.860E-01 
2.526E+01   3.282E+01  1.850E-01 
2.555E+01   3.297E+01  1.841E-01 
2.584E+01   3.311E+01  1.831E-01 
2.614E+01   3.326E+01  1.822E-01 
2.645E+01   3.341E+01  1.812E-01 
2.675E+01   3.355E+01  1.803E-01 
2.707E+01   3.370E+01  1.794E-01 
2.738E+01   3.385E+01  1.784E-01 
2.770E+01   3.399E+01  1.775E-01 
2.802E+01   3.414E+01  1.765E-01 
2.834E+01   3.429E+01  1.756E-01 
2.867E+01   3.443E+01  1.746E-01 
2.900E+01   3.458E+01  1.737E-01 
2.934E+01   3.473E+01  1.728E-01 
2.968E+01   3.487E+01  1.718E-01 
3.003E+01   3.502E+01  1.709E-01 
3.037E+01   3.517E+01  1.700E-01 
3.073E+01   3.531E+01  1.690E-01 
3.108E+01   3.546E+01  1.681E-01 
3.144E+01   3.561E+01  1.672E-01 
3.181E+01   3.575E+01  1.663E-01 
3.218E+01   3.590E+01  1.653E-01 
3.255E+01   3.605E+01  1.644E-01 
3.293E+01   3.619E+01  1.635E-01 
3.331E+01   3.634E+01  1.626E-01 
3.370E+01   3.648E+01  1.617E-01 
3.409E+01   3.663E+01  1.607E-01 
3.448E+01   3.677E+01  1.598E-01 
3.488E+01   3.692E+01  1.589E-01 
3.529E+01   3.706E+01  1.580E-01 
3.570E+01   3.720E+01  1.571E-01 
3.611E+01   3.735E+01  1.562E-01 
3.653E+01   3.749E+01  1.553E-01 
3.695E+01   3.763E+01  1.544E-01 
3.738E+01   3.778E+01  1.535E-01 
3.781E+01   3.792E+01  1.526E-01 
3.825E+01   3.806E+01  1.517E-01 
3.870E+01   3.820E+01  1.508E-01 
3.915E+01   3.834E+01  1.499E-01 
3.960E+01   3.848E+01  1.490E-01 
4.006E+01   3.862E+01  1.481E-01 
4.052E+01   3.876E+01  1.472E-01 
4.099E+01   3.890E+01  1.464E-01 
4.147E+01   3.903E+01  1.455E-01 
4.195E+01   3.917E+01  1.446E-01 
4.244E+01   3.931E+01  1.437E-01 
4.293E+01   3.944E+01  1.429E-01 
4.343E+01   3.958E+01  1.420E-01 
4.393E+01   3.971E+01  1.411E-01 
4.444E+01   3.984E+01  1.403E-01 
4.496E+01   3.997E+01  1.394E-01 
4.548E+01   4.010E+01  1.385E-01 
4.600E+01   4.024E+01  1.377E-01 
4.654E+01   4.036E+01  1.368E-01 
4.708E+01   4.049E+01  1.360E-01 
4.762E+01   4.062E+01  1.351E-01 
4.818E+01   4.075E+01  1.343E-01 
4.873E+01   4.087E+01  1.334E-01 
4.930E+01   4.100E+01  1.326E-01 
4.987E+01   4.112E+01  1.318E-01 
5.045E+01   4.124E+01  1.309E-01 
5.104E+01   4.136E+01  1.301E-01 
5.163E+01   4.148E+01  1.293E-01 
5.223E+01   4.160E+01  1.284E-01 
5.283E+01   4.172E+01  1.276E-01 
5.344E+01   4.183E+01  1.268E-01 
5.406E+01   4.195E+01  1.260E-01 
5.469E+01   4.206E+01  1.252E-01 
5.533E+01   4.217E+01  1.244E-01 
5.597E+01   4.228E+01  1.235E-01 
5.662E+01   4.239E+01  1.227E-01 
5.727E+01   4.250E+01  1.219E-01 
5.794E+01   4.261E+01  1.211E-01 
5.861E+01   4.271E+01  1.203E-01 
5.929E+01   4.281E+01  1.196E-01 
5.998E+01   4.292E+01  1.188E-01 
6.067E+01   4.302E+01  1.180E-01 
6.138E+01   4.311E+01  1.172E-01 
6.209E+01   4.321E+01  1.164E-01 
6.281E+01   4.331E+01  1.156E-01 
6.354E+01   4.340E+01  1.149E-01 
6.427E+01   4.349E+01  1.141E-01 
6.502E+01   4.358E+01  1.133E-01 
6.577E+01   4.367E+01  1.126E-01 
6.654E+01   4.375E+01  1.118E-01 
6.731E+01   4.383E+01  1.111E-01 
6.809E+01   4.392E+01  1.103E-01 
6.888E+01   4.400E+01  1.096E-01 
6.968E+01   4.407E+01  1.088E-01 
7.049E+01   4.415E+01  1.081E-01 
7.130E+01   4.422E+01  1.073E-01 
7.213E+01   4.429E+01  1.066E-01 
7.297E+01   4.436E+01  1.059E-01 
7.381E+01   4.443E+01  1.051E-01 
7.467E+01   4.449E+01  1.044E-01 
7.554E+01   4.456E+01  1.037E-01 
7.641E+01   4.462E+01  1.030E-01 
7.730E+01   4.467E+01  1.022E-01 
7.820E+01   4.473E+01  1.015E-01 
7.910E+01   4.478E+01  1.008E-01 
8.002E+01   4.483E+01  1.001E-01 
8.095E+01   4.488E+01  9.941E-02 
8.189E+01   4.493E+01  9.871E-02 
8.284E+01   4.497E+01  9.801E-02 
8.380E+01   4.501E+01  9.732E-02 
8.477E+01   4.505E+01  9.663E-02 
8.575E+01   4.509E+01  9.594E-02 
8.675E+01   4.512E+01  9.526E-02 
8.775E+01   4.515E+01  9.458E-02 
8.877E+01   4.518E+01  9.391E-02 
8.980E+01   4.520E+01  9.324E-02 
9.084E+01   4.523E+01  9.257E-02 
9.190E+01   4.525E+01  9.190E-02 
9.296E+01   4.526E+01  9.124E-02 
9.404E+01   4.528E+01  9.058E-02 
9.513E+01   4.529E+01  8.993E-02 
9.624E+01   4.530E+01  8.928E-02 
9.735E+01   4.531E+01  8.863E-02 
9.848E+01   4.531E+01  8.799E-02 
9.962E+01   4.531E+01  8.735E-02 
1.008E+02   4.531E+01  8.671E-02 
1.019E+02   4.530E+01  8.607E-02 
1.031E+02   4.529E+01  8.544E-02 
1.043E+02   4.528E+01  8.482E-02 
1.055E+02   4.527E+01  8.419E-02 
1.068E+02   4.525E+01  8.357E-02 
1.080E+02   4.523E+01  8.296E-02 
1.093E+02   4.521E+01  8.234E-02 
1.105E+02   4.519E+01  8.173E-02 
1.118E+02   4.516E+01  8.113E-02 
1.131E+02   4.513E+01  8.052E-02 
1.144E+02   4.509E+01  7.992E-02 
1.157E+02   4.506E+01  7.933E-02 
1.171E+02   4.502E+01  7.873E-02 
1.184E+02   4.498E+01  7.814E-02 
1.198E+02   4.493E+01  7.756E-02 
1.212E+02   4.488E+01  7.698E-02 
1.226E+02   4.483E+01  7.640E-02 
1.240E+02   4.478E+01  7.582E-02 
1.255E+02   4.472E+01  7.525E-02 
1.269E+02   4.466E+01  7.468E-02 
1.284E+02   4.460E+01  7.411E-02 
1.299E+02   4.453E+01  7.355E-02 
1.314E+02   4.446E+01  7.299E-02 
1.329E+02   4.439E+01  7.244E-02 
1.345E+02   4.432E+01  7.188E-02 
1.360E+02   4.424E+01  7.133E-02 
1.376E+02   4.416E+01  7.079E-02 
1.392E+02   4.408E+01  7.025E-02 
1.408E+02   4.399E+01  6.971E-02 
1.424E+02   4.391E+01  6.917E-02 
1.441E+02   4.382E+01  6.864E-02 
1.458E+02   4.372E+01  6.811E-02 
1.475E+02   4.363E+01  6.758E-02 
1.492E+02   4.353E+01  6.706E-02 
1.509E+02   4.343E+01  6.654E-02 
1.526E+02   4.332E+01  6.602E-02 
1.544E+02   4.322E+01  6.551E-02 
1.562E+02   4.311E+01  6.500E-02 
1.580E+02   4.300E+01  6.449E-02 
1.598E+02   4.288E+01  6.399E-02 
1.617E+02   4.277E+01  6.349E-02 
1.636E+02   4.265E+01  6.299E-02 
1.655E+02   4.253E+01  6.250E-02 
1.674E+02   4.240E+01  6.201E-02 
1.693E+02   4.228E+01  6.152E-02 
1.713E+02   4.215E+01  6.104E-02 
1.733E+02   4.202E+01  6.056E-02 
1.753E+02   4.189E+01  6.008E-02 
1.773E+02   4.175E+01  5.960E-02 
1.794E+02   4.162E+01  5.913E-02 
1.815E+02   4.148E+01  5.866E-02 
1.836E+02   4.134E+01  5.820E-02 
1.857E+02   4.120E+01  5.773E-02 
1.879E+02   4.105E+01  5.727E-02 
1.900E+02   4.091E+01  5.682E-02 
1.922E+02   4.076E+01  5.636E-02 
1.945E+02   4.061E+01  5.591E-02 
1.967E+02   4.046E+01  5.546E-02 
1.990E+02   4.030E+01  5.502E-02 
2.013E+02   4.015E+01  5.458E-02 
2.036E+02   3.999E+01  5.414E-02 
2.060E+02   3.983E+01  5.370E-02 
2.084E+02   3.968E+01  5.486E-02 
2.108E+02   3.951E+01  5.441E-02 
2.133E+02   3.935E+01  5.397E-02 
2.157E+02   3.919E+01  5.353E-02 
2.182E+02   3.903E+01  5.310E-02 
2.208E+02   3.886E+01  5.266E-02 
2.233E+02   3.869E+01  5.223E-02 
2.259E+02   3.852E+01  5.180E-02 
2.285E+02   3.836E+01  5.138E-02 
2.312E+02   3.818E+01  5.096E-02 
2.339E+02   3.801E+01  5.054E-02 
2.366E+02   3.784E+01  5.012E-02 
2.393E+02   3.767E+01  4.971E-02 
2.421E+02   3.750E+01  4.930E-02 
2.449E+02   3.732E+01  4.889E-02 
2.478E+02   3.715E+01  4.849E-02 
2.506E+02   3.697E+01  4.808E-02 
2.535E+02   3.679E+01  4.769E-02 
2.565E+02   3.662E+01  4.729E-02 
2.595E+02   3.644E+01  4.690E-02 
2.625E+02   3.626E+01  4.651E-02 
2.655E+02   3.608E+01  4.612E-02 
2.686E+02   3.590E+01  4.573E-02 
2.717E+02   3.573E+01  4.535E-02 
2.749E+02   3.555E+01  4.497E-02 
2.780E+02   3.537E+01  4.459E-02 
2.813E+02   3.519E+01  4.422E-02 
2.845E+02   3.501E+01  4.385E-02 
2.878E+02   3.483E+01  4.348E-02 
2.912E+02   3.465E+01  4.312E-02 
2.945E+02   3.447E+01  4.275E-02 
2.980E+02   3.429E+01  4.239E-02 
3.014E+02   3.411E+01  4.203E-02 
3.049E+02   3.393E+01  4.168E-02 
3.085E+02   3.375E+01  4.133E-02 
3.120E+02   3.357E+01  4.098E-02 
3.156E+02   3.339E+01  4.063E-02 
3.193E+02   3.321E+01  4.028E-02 
3.230E+02   3.304E+01  3.994E-02 
3.268E+02   3.286E+01  3.960E-02 
3.306E+02   3.268E+01  3.926E-02 
3.344E+02   3.250E+01  3.893E-02 
3.383E+02   3.233E+01  3.860E-02 
3.422E+02   3.215E+01  3.827E-02 
3.462E+02   3.198E+01  3.794E-02 
3.502E+02   3.180E+01  3.762E-02 
3.542E+02   3.163E+01  3.729E-02 
3.583E+02   3.145E+01  3.697E-02 
3.625E+02   3.128E+01  3.666E-02 
3.667E+02   3.111E+01  3.634E-02 
3.710E+02   3.094E+01  3.603E-02 
3.753E+02   3.077E+01  3.572E-02 
3.796E+02   3.060E+01  3.541E-02 
3.840E+02   3.043E+01  3.511E-02 
3.885E+02   3.026E+01  3.480E-02 
3.930E+02   3.009E+01  3.450E-02 
3.975E+02   2.992E+01  3.420E-02 
4.021E+02   2.976E+01  3.391E-02 
4.068E+02   2.959E+01  3.361E-02 
4.115E+02   2.943E+01  3.332E-02 
4.163E+02   2.926E+01  3.303E-02 
4.211E+02   2.910E+01  3.275E-02 
4.260E+02   2.894E+01  3.246E-02 
4.310E+02   2.878E+01  3.218E-02 
4.360E+02   2.862E+01  3.190E-02 
4.410E+02   2.846E+01  3.162E-02 
4.461E+02   2.830E+01  3.135E-02 
4.513E+02   2.815E+01  3.107E-02 
4.565E+02   2.799E+01  3.080E-02 
4.618E+02   2.784E+01  3.053E-02 
4.672E+02   2.769E+01  3.026E-02 
4.726E+02   2.753E+01  3.000E-02 
4.781E+02   2.738E+01  2.973E-02 
4.836E+02   2.723E+01  2.947E-02 
4.892E+02   2.708E+01  2.921E-02 
4.949E+02   2.693E+01  2.896E-02 
5.007E+02   2.679E+01  2.870E-02 
5.065E+02   2.664E+01  2.845E-02 
5.123E+02   2.649E+01  2.820E-02 
5.183E+02   2.635E+01  2.795E-02 
5.243E+02   2.621E+01  2.770E-02 
5.304E+02   2.607E+01  2.746E-02 
5.365E+02   2.592E+01  2.722E-02 
5.428E+02   2.579E+01  2.698E-02 
5.490E+02   2.565E+01  2.674E-02 
5.554E+02   2.551E+01  2.650E-02 
5.619E+02   2.537E+01  2.626E-02 
5.684E+02   2.524E+01  2.603E-02 
5.750E+02   2.510E+01  2.580E-02 
5.816E+02   2.497E+01  2.557E-02 
5.884E+02   2.483E+01  2.534E-02 
5.952E+02   2.470E+01  2.512E-02 
6.021E+02   2.457E+01  2.489E-02 
6.091E+02   2.444E+01  2.467E-02 
6.162E+02   2.431E+01  2.445E-02 
6.233E+02   2.419E+01  2.423E-02 
6.305E+02   2.406E+01  2.402E-02 
6.378E+02   2.393E+01  2.380E-02 
6.452E+02   2.381E+01  2.359E-02 
6.527E+02   2.369E+01  2.338E-02 
6.603E+02   2.356E+01  2.317E-02 
6.680E+02   2.344E+01  2.296E-02 
6.757E+02   2.332E+01  2.275E-02 
6.835E+02   2.320E+01  2.255E-02 
6.915E+02   2.308E+01  2.235E-02 
6.995E+02   2.296E+01  2.215E-02 
7.076E+02   2.284E+01  2.195E-02 
7.158E+02   2.273E+01  2.175E-02 
7.241E+02   2.261E+01  2.155E-02 
7.325E+02   2.250E+01  2.136E-02 
7.410E+02   2.238E+01  2.117E-02 
7.496E+02   2.227E+01  2.098E-02 
7.583E+02   2.216E+01  2.079E-02 
7.671E+02   2.205E+01  2.060E-02 
7.760E+02   2.193E+01  2.041E-02 
7.850E+02   2.182E+01  2.023E-02 
7.941E+02   2.172E+01  2.004E-02 
8.033E+02   2.161E+01  1.986E-02 
8.126E+02   2.150E+01  1.968E-02 
8.221E+02   2.139E+01  1.950E-02 
8.316E+02   2.129E+01  1.933E-02 
8.412E+02   2.118E+01  1.915E-02 
8.510E+02   2.108E+01  1.898E-02 
8.609E+02   2.097E+01  1.880E-02 
8.709E+02   2.087E+01  1.863E-02 
8.810E+02   2.077E+01  1.846E-02 
8.912E+02   2.066E+01  1.829E-02 
9.015E+02   2.056E+01  1.813E-02 
9.120E+02   2.046E+01  1.796E-02 
9.225E+02   2.036E+01  1.780E-02 
9.332E+02   2.026E+01  1.763E-02 
9.441E+02   2.016E+01  1.747E-02 
9.550E+02   2.006E+01  1.731E-02 
9.661E+02   1.997E+01  1.715E-02 
9.773E+02   1.987E+01  1.700E-02 
9.886E+02   1.977E+01  1.684E-02 
1.000E+03   1.968E+01  1.669E-02 
1.012E+03   1.958E+01  1.653E-02 
1.023E+03   1.949E+01  1.638E-02 
1.035E+03   1.939E+01  1.623E-02 
1.047E+03   1.930E+01  1.608E-02 
1.059E+03   1.920E+01  1.593E-02 
1.072E+03   1.910E+01  1.579E-02 
1.084E+03   1.900E+01  1.564E-02 
1.097E+03   1.890E+01  1.550E-02 
1.109E+03   1.880E+01  1.536E-02 
1.122E+03   1.870E+01  1.521E-02 
1.135E+03   1.859E+01  1.507E-02 
1.149E+03   1.849E+01  1.493E-02 
1.162E+03   1.838E+01  1.480E-02 
1.175E+03   1.827E+01  1.466E-02 
1.189E+03   1.816E+01  1.452E-02 
1.203E+03   1.805E+01  1.439E-02 
1.217E+03   1.795E+01  1.426E-02 
1.231E+03   1.785E+01  1.412E-02 
1.245E+03   1.775E+01  1.399E-02 
1.260E+03   1.764E+01  1.386E-02 
1.274E+03   1.754E+01  1.374E-02 
1.289E+03   1.744E+01  1.361E-02 
1.304E+03   1.734E+01  1.348E-02 
1.319E+03   1.725E+01  1.336E-02 
1.334E+03   1.715E+01  1.323E-02 
1.350E+03   1.705E+01  1.311E-02 
1.365E+03   1.695E+01  1.299E-02 
1.381E+03   1.685E+01  1.287E-02 
1.397E+03   1.675E+01  1.275E-02 
1.414E+03   1.666E+01  1.263E-02 
1.430E+03   1.656E+01  1.251E-02 
1.446E+03   1.646E+01  1.239E-02 
1.463E+03   1.637E+01  1.228E-02 
1.480E+03   1.627E+01  1.216E-02 
1.497E+03   1.618E+01  1.205E-02 
1.515E+03   1.608E+01  1.194E-02 
1.532E+03   1.599E+01  1.182E-02 
1.550E+03   1.589E+01  1.171E-02 
1.568E+03   1.580E+01  1.160E-02 
1.586E+03   1.570E+01  1.150E-02 
1.605E+03   1.561E+01  1.139E-02 
1.623E+03   1.552E+01  1.128E-02 
1.642E+03   1.542E+01  1.118E-02 
1.661E+03   1.533E+01  1.107E-02 
1.680E+03   1.524E+01  1.097E-02 
1.700E+03   1.515E+01  1.086E-02 
1.720E+03   1.506E+01  1.076E-02 
1.740E+03   1.497E+01  1.066E-02 
1.760E+03   1.487E+01  1.056E-02 
1.780E+03   1.478E+01  1.046E-02 
1.801E+03   1.469E+01  1.036E-02 
1.822E+03   1.460E+01  1.026E-02 
1.843E+03   1.451E+01  1.017E-02 
1.864E+03   1.443E+01  1.007E-02 
1.886E+03   1.434E+01  9.977E-03 
1.908E+03   1.425E+01  9.883E-03 
1.930E+03   1.416E+01  9.789E-03 
1.952E+03   1.407E+01  9.697E-03 
1.975E+03   1.399E+01  9.605E-03 
1.998E+03   1.390E+01  9.515E-03 
2.021E+03   1.381E+01  9.425E-03 
2.044E+03   1.372E+01  9.335E-03 
2.068E+03   1.364E+01  9.247E-03 
2.092E+03   1.355E+01  9.160E-03 
2.116E+03   1.347E+01  9.073E-03 
2.141E+03   1.338E+01  8.987E-03 
2.166E+03   1.330E+01  8.902E-03 
2.191E+03   1.321E+01  8.817E-03 
2.216E+03   1.313E+01  8.734E-03 
2.242E+03   1.305E+01  8.651E-03 
2.268E+03   1.296E+01  8.569E-03 
2.294E+03   1.288E+01  8.487E-03 
2.321E+03   1.280E+01  8.406E-03 
2.348E+03   1.272E+01  8.327E-03 
2.375E+03   1.263E+01  8.247E-03 
2.403E+03   1.255E+01  8.169E-03 
2.431E+03   1.247E+01  8.091E-03 
2.459E+03   1.239E+01  8.014E-03 
2.487E+03   1.231E+01  7.938E-03 
2.516E+03   1.223E+01  7.862E-03 
2.545E+03   1.215E+01  7.787E-03 
2.575E+03   1.207E+01  7.713E-03 
2.605E+03   1.199E+01  7.639E-03 
2.635E+03   1.191E+01  7.566E-03 
2.665E+03   1.184E+01  7.494E-03 
2.696E+03   1.176E+01  7.422E-03 
2.728E+03   1.168E+01  7.351E-03 
2.759E+03   1.160E+01  7.281E-03 
2.791E+03   1.153E+01  7.212E-03 
2.824E+03   1.145E+01  7.143E-03 
2.856E+03   1.137E+01  7.074E-03 
2.889E+03   1.130E+01  7.006E-03 
2.923E+03   1.122E+01  6.939E-03 
2.957E+03   1.115E+01  6.873E-03 
2.991E+03   1.107E+01  6.807E-03 
3.026E+03   1.100E+01  6.742E-03 
3.061E+03   1.092E+01  6.677E-03 
3.097E+03   1.085E+01  6.613E-03 
3.132E+03   1.078E+01  6.549E-03 
3.169E+03   1.070E+01  6.487E-03 
3.206E+03   1.063E+01  6.424E-03 
3.243E+03   1.056E+01  6.362E-03 
3.280E+03   1.049E+01  6.301E-03 
3.318E+03   1.042E+01  6.241E-03 
3.357E+03   1.035E+01  6.181E-03 
3.396E+03   1.027E+01  6.121E-03 
3.435E+03   1.020E+01  6.062E-03 
3.475E+03   1.013E+01  6.004E-03 
3.515E+03   1.006E+01  5.946E-03 
3.556E+03   9.995E+00  5.889E-03 
3.597E+03   9.926E+00  5.832E-03 
3.639E+03   9.858E+00  5.776E-03 
3.681E+03   9.790E+00  5.720E-03 
3.724E+03   9.722E+00  5.665E-03 
3.767E+03   9.654E+00  5.610E-03 
3.811E+03   9.587E+00  5.556E-03 
3.855E+03   9.520E+00  5.502E-03 
3.900E+03   9.454E+00  5.449E-03 
3.945E+03   9.388E+00  5.396E-03 
3.991E+03   9.322E+00  5.344E-03 
4.037E+03   9.257E+00  5.292E-03 
4.084E+03   9.192E+00  5.241E-03 
4.131E+03   9.127E+00  5.190E-03 
4.179E+03   9.062E+00  5.140E-03 
4.228E+03   8.998E+00  5.090E-03 
4.277E+03   8.935E+00  5.041E-03 
4.326E+03   8.872E+00  4.992E-03 
4.376E+03   8.809E+00  4.944E-03 
4.427E+03   8.746E+00  4.896E-03 
4.479E+03   8.684E+00  4.848E-03 
4.531E+03   8.622E+00  4.801E-03 
4.583E+03   8.560E+00  4.755E-03 
4.636E+03   8.499E+00  4.708E-03 
4.690E+03   8.438E+00  4.663E-03 
4.744E+03   8.378E+00  4.617E-03 
4.799E+03   8.317E+00  4.573E-03 
4.855E+03   8.258E+00  4.528E-03 
4.911E+03   8.198E+00  4.484E-03 
4.968E+03   8.139E+00  4.440E-03 
5.026E+03   8.080E+00  4.397E-03 
5.084E+03   8.022E+00  4.354E-03 
5.143E+03   7.963E+00  4.312E-03 
5.203E+03   7.906E+00  4.270E-03 
5.263E+03   7.848E+00  4.228E-03 
5.324E+03   7.791E+00  4.187E-03 
5.386E+03   7.734E+00  4.146E-03 
5.449E+03   7.678E+00  4.106E-03 
5.512E+03   7.621E+00  4.066E-03 
5.576E+03   7.566E+00  4.026E-03 
5.640E+03   7.510E+00  3.987E-03 
5.706E+03   7.455E+00  3.948E-03 
5.772E+03   7.400E+00  3.909E-03 
5.839E+03   7.346E+00  3.871E-03 
5.907E+03   7.291E+00  3.833E-03 
5.975E+03   7.238E+00  3.796E-03 
6.045E+03   7.184E+00  3.759E-03 
6.115E+03   7.131E+00  3.722E-03 
6.186E+03   7.078E+00  3.685E-03 
6.257E+03   7.025E+00  3.649E-03 
6.330E+03   6.973E+00  3.614E-03 
6.403E+03   6.921E+00  3.578E-03 
6.478E+03   6.870E+00  3.543E-03 
6.553E+03   6.818E+00  3.508E-03 
6.629E+03   6.767E+00  3.474E-03 
6.706E+03   6.717E+00  3.440E-03 
6.783E+03   6.666E+00  3.406E-03 
6.862E+03   6.616E+00  3.373E-03 
6.942E+03   6.566E+00  3.340E-03 
7.022E+03   6.517E+00  3.307E-03 
7.104E+03   6.468E+00  3.274E-03 
7.186E+03   6.419E+00  3.242E-03 
7.269E+03   6.371E+00  3.210E-03 
7.354E+03   6.322E+00  3.179E-03 
7.439E+03   6.275E+00  3.148E-03 
7.525E+03   6.227E+00  3.117E-03 
7.613E+03   6.180E+00  3.086E-03 
7.701E+03   6.133E+00  3.056E-03 
7.790E+03   6.086E+00  3.025E-03 
7.881E+03   6.040E+00  2.996E-03 
7.972E+03   5.994E+00  2.966E-03 
8.064E+03   5.948E+00  2.937E-03 
8.158E+03   5.902E+00  2.908E-03 
8.253E+03   5.857E+00  2.879E-03 
8.348E+03   5.812E+00  2.851E-03 
8.445E+03   5.768E+00  2.823E-03 
8.543E+03   5.723E+00  2.795E-03 
8.642E+03   5.679E+00  2.767E-03 
8.742E+03   5.635E+00  2.740E-03 
8.844E+03   5.592E+00  2.713E-03 
8.946E+03   5.549E+00  2.686E-03 
9.050E+03   5.506E+00  2.660E-03 
9.155E+03   5.463E+00  2.634E-03 
9.261E+03   5.421E+00  2.607E-03 
9.369E+03   5.379E+00  2.582E-03 
9.477E+03   5.337E+00  2.556E-03 
9.587E+03   5.296E+00  2.531E-03 
9.699E+03   5.254E+00  2.506E-03 
9.811E+03   5.214E+00  2.481E-03 
9.925E+03   5.173E+00  2.457E-03 
1.004E+04   5.132E+00  2.432E-03 
1.016E+04   5.092E+00  2.408E-03 
1.027E+04   5.053E+00  2.384E-03 
1.039E+04   5.013E+00  2.361E-03 
1.051E+04   4.974E+00  2.337E-03 
1.064E+04   4.935E+00  2.314E-03 
1.076E+04   4.896E+00  2.291E-03 
1.088E+04   4.857E+00  2.268E-03 
1.101E+04   4.819E+00  2.246E-03 
1.114E+04   4.781E+00  2.224E-03 
1.127E+04   4.743E+00  2.202E-03 
1.140E+04   4.706E+00  2.180E-03 
1.153E+04   4.669E+00  2.158E-03 
1.166E+04   4.632E+00  2.137E-03 
1.180E+04   4.595E+00  2.115E-03 
1.194E+04   4.559E+00  2.094E-03 
1.207E+04   4.523E+00  2.074E-03 
1.221E+04   4.487E+00  2.053E-03 
1.236E+04   4.451E+00  2.033E-03 
1.250E+04   4.416E+00  2.012E-03 
1.264E+04   4.380E+00  1.992E-03 
1.279E+04   4.345E+00  1.973E-03 
1.294E+04   4.311E+00  1.953E-03 
1.309E+04   4.276E+00  1.933E-03 
1.324E+04   4.242E+00  1.914E-03 
1.340E+04   4.208E+00  1.895E-03 
1.355E+04   4.175E+00  1.876E-03 
1.371E+04   4.141E+00  1.858E-03 
1.387E+04   4.108E+00  1.839E-03 
1.403E+04   4.075E+00  1.821E-03 
1.419E+04   4.042E+00  1.803E-03 
1.435E+04   4.010E+00  1.785E-03 
1.452E+04   3.977E+00  1.767E-03 
1.469E+04   3.945E+00  1.749E-03 
1.486E+04   3.913E+00  1.732E-03 
1.503E+04   3.882E+00  1.714E-03 
1.521E+04   3.851E+00  1.697E-03 
1.538E+04   3.819E+00  1.680E-03 
1.556E+04   3.789E+00  1.664E-03 
1.574E+04   3.758E+00  1.647E-03 
1.592E+04   3.727E+00  1.631E-03 
1.611E+04   3.697E+00  1.614E-03 
1.630E+04   3.667E+00  1.598E-03 
1.649E+04   3.637E+00  1.582E-03 
1.668E+04   3.608E+00  1.566E-03 
1.687E+04   3.578E+00  1.551E-03 
1.707E+04   3.549E+00  1.535E-03 
1.726E+04   3.520E+00  1.520E-03 
1.746E+04   3.492E+00  1.505E-03 
1.767E+04   3.463E+00  1.489E-03 
1.787E+04   3.435E+00  1.475E-03 
1.808E+04   3.407E+00  1.460E-03 
1.829E+04   3.379E+00  1.445E-03 
1.850E+04   3.351E+00  1.431E-03 
1.871E+04   3.324E+00  1.416E-03 
1.893E+04   3.297E+00  1.402E-03 
1.915E+04   3.270E+00  1.388E-03 
1.937E+04   3.243E+00  1.374E-03 
1.960E+04   3.216E+00  1.360E-03 
1.983E+04   3.190E+00  1.347E-03 
2.006E+04   3.164E+00  1.333E-03 
2.029E+04   3.138E+00  1.320E-03 
2.052E+04   3.112E+00  1.307E-03 
2.076E+04   3.086E+00  1.293E-03 
2.100E+04   3.061E+00  1.280E-03 
2.125E+04   3.036E+00  1.268E-03 
2.149E+04   3.011E+00  1.255E-03 
2.174E+04   2.986E+00  1.242E-03 
2.199E+04   2.961E+00  1.230E-03 
2.225E+04   2.937E+00  1.217E-03 
2.251E+04   2.912E+00  1.205E-03 
2.277E+04   2.888E+00  1.193E-03 
2.303E+04   2.864E+00  1.181E-03 
2.330E+04   2.841E+00  1.169E-03 
2.357E+04   2.817E+00  1.157E-03 
2.384E+04   2.794E+00  1.146E-03 
2.412E+04   2.771E+00  1.134E-03 
2.440E+04   2.748E+00  1.123E-03 
2.468E+04   2.725E+00  1.111E-03 
2.497E+04   2.702E+00  1.100E-03 
2.526E+04   2.680E+00  1.089E-03 
2.555E+04   2.658E+00  1.078E-03 
2.585E+04   2.635E+00  1.067E-03 
2.615E+04   2.614E+00  1.057E-03 
2.645E+04   2.592E+00  1.046E-03 
2.676E+04   2.570E+00  1.035E-03 
2.707E+04   2.549E+00  1.025E-03 
2.738E+04   2.528E+00  1.015E-03 
2.770E+04   2.507E+00  1.004E-03 
2.802E+04   2.486E+00  9.942E-04 
2.835E+04   2.465E+00  9.842E-04 
2.867E+04   2.444E+00  9.743E-04 
2.901E+04   2.424E+00  9.644E-04 
2.934E+04   2.404E+00  9.547E-04 
2.968E+04   2.384E+00  9.450E-04 
3.003E+04   2.364E+00  9.355E-04 
3.038E+04   2.344E+00  9.260E-04 
3.073E+04   2.324E+00  9.167E-04 
3.109E+04   2.305E+00  9.074E-04 
3.145E+04   2.286E+00  8.982E-04 
3.181E+04   2.267E+00  8.891E-04 
3.218E+04   2.248E+00  8.801E-04 
3.255E+04   2.229E+00  8.712E-04 
3.293E+04   2.210E+00  8.624E-04 
3.331E+04   2.192E+00  8.537E-04 
3.370E+04   2.173E+00  8.451E-04 
3.409E+04   2.155E+00  8.365E-04 
3.449E+04   2.137E+00  8.280E-04 
3.489E+04   2.119E+00  8.196E-04 
3.529E+04   2.101E+00  8.113E-04 
3.570E+04   2.084E+00  8.031E-04 
3.611E+04   2.066E+00  7.950E-04 
3.653E+04   2.049E+00  7.869E-04 
3.696E+04   2.032E+00  7.789E-04 
3.738E+04   2.015E+00  7.710E-04 
3.782E+04   1.998E+00  7.632E-04 
3.826E+04   1.981E+00  7.555E-04 
3.870E+04   1.965E+00  7.478E-04 
3.915E+04   1.948E+00  7.402E-04 
3.960E+04   1.932E+00  7.327E-04 
4.006E+04   1.916E+00  7.253E-04 
4.053E+04   1.900E+00  7.179E-04 
4.100E+04   1.884E+00  7.106E-04 
4.147E+04   1.868E+00  7.034E-04 
4.195E+04   1.852E+00  6.963E-04 
4.244E+04   1.837E+00  6.892E-04 
4.293E+04   1.821E+00  6.822E-04 
4.343E+04   1.806E+00  6.753E-04 
4.394E+04   1.791E+00  6.684E-04 
4.444E+04   1.776E+00  6.616E-04 
4.496E+04   1.761E+00  6.549E-04 
4.548E+04   1.746E+00  6.482E-04 
4.601E+04   1.732E+00  6.416E-04 
4.654E+04   1.717E+00  6.351E-04 
4.708E+04   1.703E+00  6.286E-04 
4.763E+04   1.688E+00  6.222E-04 
4.818E+04   1.674E+00  6.159E-04 
4.874E+04   1.660E+00  6.096E-04 
4.931E+04   1.646E+00  6.034E-04 
4.988E+04   1.633E+00  5.973E-04 
5.046E+04   1.619E+00  5.912E-04 
5.104E+04   1.605E+00  5.852E-04 
5.163E+04   1.592E+00  5.792E-04 
5.223E+04   1.579E+00  5.733E-04 
5.284E+04   1.565E+00  5.675E-04 
5.345E+04   1.552E+00  5.617E-04 
5.407E+04   1.539E+00  5.560E-04 
5.470E+04   1.527E+00  5.503E-04 
5.533E+04   1.514E+00  5.447E-04 
5.597E+04   1.501E+00  5.391E-04 
5.662E+04   1.489E+00  5.336E-04 
5.728E+04   1.476E+00  5.282E-04 
5.794E+04   1.464E+00  5.228E-04 
5.862E+04   1.452E+00  5.175E-04 
5.930E+04   1.440E+00  5.122E-04 
5.998E+04   1.428E+00  5.070E-04 
6.068E+04   1.416E+00  5.018E-04 
6.138E+04   1.404E+00  4.967E-04 
6.210E+04   1.392E+00  4.916E-04 
6.282E+04   1.381E+00  4.866E-04 
6.354E+04   1.369E+00  4.816E-04 
6.428E+04   1.358E+00  4.767E-04 
6.503E+04   1.347E+00  4.718E-04 
6.578E+04   1.336E+00  4.670E-04 
6.654E+04   1.325E+00  4.622E-04 
6.732E+04   1.314E+00  4.575E-04 
6.810E+04   1.303E+00  4.528E-04 
6.889E+04   1.292E+00  4.482E-04 
6.969E+04   1.281E+00  4.436E-04 
7.049E+04   1.271E+00  4.391E-04 
7.131E+04   1.260E+00  4.346E-04 
7.214E+04   1.250E+00  4.301E-04 
7.298E+04   1.240E+00  4.257E-04 
7.382E+04   1.229E+00  4.214E-04 
7.468E+04   1.219E+00  4.170E-04 
7.555E+04   1.209E+00  4.128E-04 
7.642E+04   1.199E+00  4.085E-04 
7.731E+04   1.189E+00  4.044E-04 
7.820E+04   1.180E+00  4.002E-04 
7.911E+04   1.170E+00  3.961E-04 
8.003E+04   1.160E+00  3.921E-04 
8.096E+04   1.151E+00  3.880E-04 
8.190E+04   1.142E+00  3.841E-04 
8.285E+04   1.132E+00  3.801E-04 
8.381E+04   1.123E+00  3.762E-04 
8.478E+04   1.114E+00  3.724E-04 
8.576E+04   1.105E+00  3.686E-04 
8.676E+04   1.096E+00  3.648E-04 
8.776E+04   1.087E+00  3.610E-04 
8.878E+04   1.078E+00  3.573E-04 
8.981E+04   1.069E+00  3.537E-04 
9.085E+04   1.061E+00  3.500E-04 
9.191E+04   1.052E+00  3.464E-04 
9.297E+04   1.044E+00  3.429E-04 
9.405E+04   1.035E+00  3.394E-04 
9.514E+04   1.027E+00  3.359E-04 
9.625E+04   1.019E+00  3.324E-04 
9.736E+04   1.011E+00  3.290E-04 
9.849E+04   1.002E+00  3.256E-04 
9.963E+04   9.944E-01  3.223E-04 
1.008E+05   9.865E-01  3.190E-04 
