Ion = Hydrogen    . Mass = 1.0079
Tgt = As (Solid). Density = 5.727 g/cm3
Stopping Units =  eV/(1E15 atoms/cm2)
Energy(keV)  S(Elec)    S(Nuc)
1.000E+00   6.109E+00  3.808E-01 
1.012E+00   6.144E+00  3.808E-01 
1.023E+00   6.180E+00  3.809E-01 
1.035E+00   6.216E+00  3.809E-01 
1.047E+00   6.252E+00  3.810E-01 
1.059E+00   6.288E+00  3.810E-01 
1.072E+00   6.324E+00  3.810E-01 
1.084E+00   6.361E+00  3.810E-01 
1.097E+00   6.397E+00  3.810E-01 
1.109E+00   6.434E+00  3.810E-01 
1.122E+00   6.472E+00  3.810E-01 
1.135E+00   6.509E+00  3.810E-01 
1.148E+00   6.547E+00  3.810E-01 
1.162E+00   6.585E+00  3.809E-01 
1.175E+00   6.623E+00  3.809E-01 
1.189E+00   6.661E+00  3.808E-01 
1.203E+00   6.700E+00  3.808E-01 
1.217E+00   6.738E+00  3.807E-01 
1.231E+00   6.777E+00  3.806E-01 
1.245E+00   6.816E+00  3.805E-01 
1.259E+00   6.856E+00  3.804E-01 
1.274E+00   6.895E+00  3.803E-01 
1.289E+00   6.935E+00  3.802E-01 
1.304E+00   6.975E+00  3.801E-01 
1.319E+00   7.016E+00  3.800E-01 
1.334E+00   7.056E+00  3.798E-01 
1.350E+00   7.097E+00  3.797E-01 
1.365E+00   7.138E+00  3.795E-01 
1.381E+00   7.180E+00  3.794E-01 
1.397E+00   7.221E+00  3.792E-01 
1.413E+00   7.263E+00  3.790E-01 
1.430E+00   7.305E+00  3.788E-01 
1.446E+00   7.347E+00  3.786E-01 
1.463E+00   7.390E+00  3.784E-01 
1.480E+00   7.432E+00  3.782E-01 
1.497E+00   7.475E+00  3.780E-01 
1.515E+00   7.518E+00  3.778E-01 
1.532E+00   7.562E+00  3.775E-01 
1.550E+00   7.606E+00  3.773E-01 
1.568E+00   7.650E+00  3.770E-01 
1.586E+00   7.694E+00  3.768E-01 
1.605E+00   7.738E+00  3.765E-01 
1.623E+00   7.783E+00  3.762E-01 
1.642E+00   7.828E+00  3.759E-01 
1.661E+00   7.873E+00  3.756E-01 
1.680E+00   7.919E+00  3.753E-01 
1.700E+00   7.965E+00  3.750E-01 
1.719E+00   8.011E+00  3.747E-01 
1.739E+00   8.057E+00  3.743E-01 
1.760E+00   8.104E+00  3.740E-01 
1.780E+00   8.151E+00  3.736E-01 
1.801E+00   8.198E+00  3.733E-01 
1.822E+00   8.245E+00  3.729E-01 
1.843E+00   8.293E+00  3.725E-01 
1.864E+00   8.341E+00  3.722E-01 
1.886E+00   8.389E+00  3.718E-01 
1.908E+00   8.437E+00  3.714E-01 
1.930E+00   8.486E+00  3.710E-01 
1.952E+00   8.535E+00  3.705E-01 
1.975E+00   8.585E+00  3.701E-01 
1.998E+00   8.634E+00  3.697E-01 
2.021E+00   8.683E+00  3.692E-01 
2.044E+00   8.727E+00  3.688E-01 
2.068E+00   8.771E+00  3.683E-01 
2.092E+00   8.815E+00  3.678E-01 
2.116E+00   8.860E+00  3.674E-01 
2.141E+00   8.905E+00  3.669E-01 
2.166E+00   8.950E+00  3.664E-01 
2.191E+00   8.996E+00  3.659E-01 
2.216E+00   9.042E+00  3.654E-01 
2.242E+00   9.088E+00  3.648E-01 
2.268E+00   9.135E+00  3.643E-01 
2.294E+00   9.181E+00  3.638E-01 
2.321E+00   9.229E+00  3.632E-01 
2.348E+00   9.276E+00  3.627E-01 
2.375E+00   9.324E+00  3.621E-01 
2.402E+00   9.372E+00  3.615E-01 
2.430E+00   9.421E+00  3.609E-01 
2.458E+00   9.469E+00  3.604E-01 
2.487E+00   9.518E+00  3.598E-01 
2.516E+00   9.568E+00  3.592E-01 
2.545E+00   9.618E+00  3.585E-01 
2.574E+00   9.668E+00  3.579E-01 
2.604E+00   9.718E+00  3.573E-01 
2.635E+00   9.769E+00  3.567E-01 
2.665E+00   9.820E+00  3.560E-01 
2.696E+00   9.872E+00  3.554E-01 
2.727E+00   9.924E+00  3.547E-01 
2.759E+00   9.976E+00  3.540E-01 
2.791E+00   1.003E+01  3.534E-01 
2.823E+00   1.008E+01  3.527E-01 
2.856E+00   1.013E+01  3.520E-01 
2.889E+00   1.019E+01  3.513E-01 
2.923E+00   1.024E+01  3.506E-01 
2.957E+00   1.030E+01  3.499E-01 
2.991E+00   1.035E+01  3.491E-01 
3.026E+00   1.041E+01  3.484E-01 
3.061E+00   1.046E+01  3.477E-01 
3.096E+00   1.052E+01  3.469E-01 
3.132E+00   1.058E+01  3.462E-01 
3.168E+00   1.063E+01  3.454E-01 
3.205E+00   1.069E+01  3.446E-01 
3.242E+00   1.075E+01  3.439E-01 
3.280E+00   1.080E+01  3.431E-01 
3.318E+00   1.086E+01  3.423E-01 
3.356E+00   1.092E+01  3.415E-01 
3.395E+00   1.098E+01  3.407E-01 
3.435E+00   1.104E+01  3.399E-01 
3.475E+00   1.110E+01  3.391E-01 
3.515E+00   1.116E+01  3.382E-01 
3.556E+00   1.122E+01  3.374E-01 
3.597E+00   1.128E+01  3.366E-01 
3.639E+00   1.134E+01  3.357E-01 
3.681E+00   1.141E+01  3.349E-01 
3.724E+00   1.147E+01  3.340E-01 
3.767E+00   1.153E+01  3.331E-01 
3.810E+00   1.160E+01  3.323E-01 
3.855E+00   1.166E+01  3.314E-01 
3.899E+00   1.172E+01  3.305E-01 
3.945E+00   1.179E+01  3.296E-01 
3.990E+00   1.185E+01  3.287E-01 
4.037E+00   1.192E+01  3.278E-01 
4.083E+00   1.199E+01  3.269E-01 
4.131E+00   1.205E+01  3.260E-01 
4.179E+00   1.212E+01  3.251E-01 
4.227E+00   1.219E+01  3.241E-01 
4.276E+00   1.226E+01  3.232E-01 
4.326E+00   1.232E+01  3.223E-01 
4.376E+00   1.239E+01  3.213E-01 
4.427E+00   1.246E+01  3.204E-01 
4.478E+00   1.253E+01  3.194E-01 
4.530E+00   1.260E+01  3.184E-01 
4.583E+00   1.267E+01  3.175E-01 
4.636E+00   1.275E+01  3.165E-01 
4.690E+00   1.282E+01  3.155E-01 
4.744E+00   1.289E+01  3.145E-01 
4.799E+00   1.296E+01  3.136E-01 
4.855E+00   1.304E+01  3.126E-01 
4.911E+00   1.311E+01  3.116E-01 
4.968E+00   1.319E+01  3.106E-01 
5.026E+00   1.326E+01  3.095E-01 
5.084E+00   1.334E+01  3.085E-01 
5.143E+00   1.341E+01  3.075E-01 
5.202E+00   1.349E+01  3.065E-01 
5.263E+00   1.357E+01  3.055E-01 
5.324E+00   1.365E+01  3.044E-01 
5.386E+00   1.372E+01  3.034E-01 
5.448E+00   1.380E+01  3.023E-01 
5.511E+00   1.388E+01  3.013E-01 
5.575E+00   1.396E+01  3.002E-01 
5.640E+00   1.404E+01  2.992E-01 
5.705E+00   1.413E+01  2.981E-01 
5.771E+00   1.421E+01  2.971E-01 
5.838E+00   1.429E+01  2.960E-01 
5.906E+00   1.437E+01  2.949E-01 
5.975E+00   1.446E+01  2.939E-01 
6.044E+00   1.454E+01  2.928E-01 
6.114E+00   1.463E+01  2.917E-01 
6.185E+00   1.471E+01  2.906E-01 
6.257E+00   1.480E+01  2.895E-01 
6.329E+00   1.488E+01  2.884E-01 
6.403E+00   1.497E+01  2.873E-01 
6.477E+00   1.506E+01  2.862E-01 
6.552E+00   1.515E+01  2.851E-01 
6.628E+00   1.524E+01  2.840E-01 
6.705E+00   1.533E+01  2.829E-01 
6.783E+00   1.542E+01  2.818E-01 
6.861E+00   1.551E+01  2.807E-01 
6.941E+00   1.560E+01  2.796E-01 
7.021E+00   1.569E+01  2.785E-01 
7.103E+00   1.578E+01  2.773E-01 
7.185E+00   1.588E+01  2.762E-01 
7.269E+00   1.597E+01  2.751E-01 
7.353E+00   1.607E+01  2.740E-01 
7.438E+00   1.616E+01  2.728E-01 
7.524E+00   1.626E+01  2.717E-01 
7.612E+00   1.635E+01  2.706E-01 
7.700E+00   1.645E+01  2.694E-01 
7.789E+00   1.655E+01  2.683E-01 
7.880E+00   1.665E+01  2.671E-01 
7.971E+00   1.675E+01  2.660E-01 
8.064E+00   1.685E+01  2.648E-01 
8.157E+00   1.695E+01  2.637E-01 
8.252E+00   1.705E+01  2.626E-01 
8.347E+00   1.715E+01  2.614E-01 
8.444E+00   1.725E+01  2.602E-01 
8.542E+00   1.736E+01  2.591E-01 
8.641E+00   1.746E+01  2.579E-01 
8.741E+00   1.756E+01  2.568E-01 
8.843E+00   1.767E+01  2.556E-01 
8.945E+00   1.778E+01  2.545E-01 
9.049E+00   1.788E+01  2.533E-01 
9.154E+00   1.799E+01  2.522E-01 
9.260E+00   1.810E+01  2.510E-01 
9.368E+00   1.821E+01  2.498E-01 
9.476E+00   1.832E+01  2.487E-01 
9.586E+00   1.842E+01  2.475E-01 
9.698E+00   1.854E+01  2.463E-01 
9.810E+00   1.865E+01  2.452E-01 
9.924E+00   1.876E+01  2.440E-01 
1.004E+01   1.887E+01  2.429E-01 
1.016E+01   1.898E+01  2.417E-01 
1.027E+01   1.910E+01  2.405E-01 
1.039E+01   1.921E+01  2.394E-01 
1.051E+01   1.933E+01  2.382E-01 
1.063E+01   1.944E+01  2.370E-01 
1.076E+01   1.956E+01  2.359E-01 
1.088E+01   1.967E+01  2.347E-01 
1.101E+01   1.979E+01  2.335E-01 
1.114E+01   1.991E+01  2.324E-01 
1.127E+01   2.003E+01  2.312E-01 
1.140E+01   2.015E+01  2.301E-01 
1.153E+01   2.027E+01  2.289E-01 
1.166E+01   2.039E+01  2.277E-01 
1.180E+01   2.051E+01  2.266E-01 
1.193E+01   2.063E+01  2.254E-01 
1.207E+01   2.075E+01  2.243E-01 
1.221E+01   2.087E+01  2.231E-01 
1.235E+01   2.100E+01  2.219E-01 
1.250E+01   2.112E+01  2.208E-01 
1.264E+01   2.125E+01  2.196E-01 
1.279E+01   2.137E+01  2.185E-01 
1.294E+01   2.150E+01  2.173E-01 
1.309E+01   2.162E+01  2.162E-01 
1.324E+01   2.175E+01  2.150E-01 
1.339E+01   2.187E+01  2.139E-01 
1.355E+01   2.200E+01  2.127E-01 
1.371E+01   2.213E+01  2.116E-01 
1.387E+01   2.226E+01  2.104E-01 
1.403E+01   2.238E+01  2.093E-01 
1.419E+01   2.251E+01  2.081E-01 
1.435E+01   2.264E+01  2.070E-01 
1.452E+01   2.277E+01  2.059E-01 
1.469E+01   2.290E+01  2.047E-01 
1.486E+01   2.303E+01  2.036E-01 
1.503E+01   2.316E+01  2.025E-01 
1.521E+01   2.329E+01  2.013E-01 
1.538E+01   2.342E+01  2.002E-01 
1.556E+01   2.355E+01  1.991E-01 
1.574E+01   2.368E+01  1.980E-01 
1.592E+01   2.381E+01  1.968E-01 
1.611E+01   2.394E+01  1.957E-01 
1.629E+01   2.408E+01  1.946E-01 
1.648E+01   2.421E+01  1.935E-01 
1.667E+01   2.434E+01  1.924E-01 
1.687E+01   2.447E+01  1.913E-01 
1.706E+01   2.460E+01  1.901E-01 
1.726E+01   2.473E+01  1.890E-01 
1.746E+01   2.487E+01  1.879E-01 
1.766E+01   2.500E+01  1.868E-01 
1.787E+01   2.513E+01  1.857E-01 
1.808E+01   2.526E+01  1.847E-01 
1.829E+01   2.539E+01  1.836E-01 
1.850E+01   2.552E+01  1.825E-01 
1.871E+01   2.565E+01  1.814E-01 
1.893E+01   2.578E+01  1.803E-01 
1.915E+01   2.591E+01  1.792E-01 
1.937E+01   2.604E+01  1.781E-01 
1.960E+01   2.617E+01  1.771E-01 
1.982E+01   2.630E+01  1.760E-01 
2.005E+01   2.643E+01  1.749E-01 
2.029E+01   2.656E+01  1.739E-01 
2.052E+01   2.669E+01  1.728E-01 
2.076E+01   2.682E+01  1.717E-01 
2.100E+01   2.694E+01  1.707E-01 
2.124E+01   2.707E+01  1.696E-01 
2.149E+01   2.719E+01  1.686E-01 
2.174E+01   2.732E+01  1.675E-01 
2.199E+01   2.744E+01  1.665E-01 
2.225E+01   2.757E+01  1.655E-01 
2.250E+01   2.769E+01  1.644E-01 
2.277E+01   2.781E+01  1.634E-01 
2.303E+01   2.793E+01  1.624E-01 
2.330E+01   2.805E+01  1.613E-01 
2.357E+01   2.817E+01  1.603E-01 
2.384E+01   2.829E+01  1.593E-01 
2.412E+01   2.841E+01  1.583E-01 
2.440E+01   2.853E+01  1.573E-01 
2.468E+01   2.864E+01  1.563E-01 
2.497E+01   2.876E+01  1.553E-01 
2.526E+01   2.887E+01  1.543E-01 
2.555E+01   2.898E+01  1.533E-01 
2.584E+01   2.909E+01  1.523E-01 
2.614E+01   2.920E+01  1.513E-01 
2.645E+01   2.931E+01  1.503E-01 
2.675E+01   2.942E+01  1.493E-01 
2.707E+01   2.952E+01  1.483E-01 
2.738E+01   2.963E+01  1.474E-01 
2.770E+01   2.973E+01  1.464E-01 
2.802E+01   2.983E+01  1.454E-01 
2.834E+01   2.993E+01  1.445E-01 
2.867E+01   3.003E+01  1.435E-01 
2.900E+01   3.013E+01  1.425E-01 
2.934E+01   3.022E+01  1.416E-01 
2.968E+01   3.032E+01  1.406E-01 
3.003E+01   3.041E+01  1.397E-01 
3.037E+01   3.050E+01  1.388E-01 
3.073E+01   3.059E+01  1.378E-01 
3.108E+01   3.068E+01  1.369E-01 
3.144E+01   3.076E+01  1.360E-01 
3.181E+01   3.085E+01  1.350E-01 
3.218E+01   3.093E+01  1.341E-01 
3.255E+01   3.101E+01  1.332E-01 
3.293E+01   3.109E+01  1.323E-01 
3.331E+01   3.116E+01  1.314E-01 
3.370E+01   3.124E+01  1.305E-01 
3.409E+01   3.131E+01  1.296E-01 
3.448E+01   3.139E+01  1.287E-01 
3.488E+01   3.146E+01  1.278E-01 
3.529E+01   3.152E+01  1.269E-01 
3.570E+01   3.159E+01  1.260E-01 
3.611E+01   3.165E+01  1.252E-01 
3.653E+01   3.172E+01  1.243E-01 
3.695E+01   3.178E+01  1.234E-01 
3.738E+01   3.184E+01  1.226E-01 
3.781E+01   3.190E+01  1.217E-01 
3.825E+01   3.195E+01  1.208E-01 
3.870E+01   3.200E+01  1.200E-01 
3.915E+01   3.206E+01  1.191E-01 
3.960E+01   3.211E+01  1.183E-01 
4.006E+01   3.216E+01  1.175E-01 
4.052E+01   3.220E+01  1.166E-01 
4.099E+01   3.225E+01  1.158E-01 
4.147E+01   3.229E+01  1.150E-01 
4.195E+01   3.233E+01  1.141E-01 
4.244E+01   3.237E+01  1.133E-01 
4.293E+01   3.241E+01  1.125E-01 
4.343E+01   3.244E+01  1.117E-01 
4.393E+01   3.248E+01  1.109E-01 
4.444E+01   3.251E+01  1.101E-01 
4.496E+01   3.254E+01  1.093E-01 
4.548E+01   3.257E+01  1.085E-01 
4.600E+01   3.260E+01  1.077E-01 
4.654E+01   3.263E+01  1.069E-01 
4.708E+01   3.265E+01  1.061E-01 
4.762E+01   3.267E+01  1.054E-01 
4.818E+01   3.270E+01  1.046E-01 
4.873E+01   3.272E+01  1.038E-01 
4.930E+01   3.273E+01  1.031E-01 
4.987E+01   3.275E+01  1.023E-01 
5.045E+01   3.277E+01  1.015E-01 
5.104E+01   3.278E+01  1.008E-01 
5.163E+01   3.279E+01  1.000E-01 
5.223E+01   3.280E+01  9.931E-02 
5.283E+01   3.281E+01  9.857E-02 
5.344E+01   3.282E+01  9.783E-02 
5.406E+01   3.283E+01  9.710E-02 
5.469E+01   3.283E+01  9.638E-02 
5.533E+01   3.284E+01  9.566E-02 
5.597E+01   3.284E+01  9.494E-02 
5.662E+01   3.284E+01  9.422E-02 
5.727E+01   3.284E+01  9.351E-02 
5.794E+01   3.284E+01  9.281E-02 
5.861E+01   3.284E+01  9.211E-02 
5.929E+01   3.283E+01  9.141E-02 
5.998E+01   3.283E+01  9.072E-02 
6.067E+01   3.282E+01  9.003E-02 
6.138E+01   3.281E+01  8.934E-02 
6.209E+01   3.281E+01  8.866E-02 
6.281E+01   3.280E+01  8.799E-02 
6.354E+01   3.278E+01  8.731E-02 
6.427E+01   3.277E+01  8.665E-02 
6.502E+01   3.276E+01  8.598E-02 
6.577E+01   3.275E+01  8.532E-02 
6.654E+01   3.273E+01  8.466E-02 
6.731E+01   3.271E+01  8.401E-02 
6.809E+01   3.270E+01  8.336E-02 
6.888E+01   3.268E+01  8.272E-02 
6.968E+01   3.266E+01  8.208E-02 
7.049E+01   3.264E+01  8.144E-02 
7.130E+01   3.261E+01  8.081E-02 
7.213E+01   3.259E+01  8.018E-02 
7.297E+01   3.257E+01  7.956E-02 
7.381E+01   3.254E+01  7.894E-02 
7.467E+01   3.252E+01  7.832E-02 
7.554E+01   3.249E+01  7.771E-02 
7.641E+01   3.246E+01  7.710E-02 
7.730E+01   3.243E+01  7.650E-02 
7.820E+01   3.240E+01  7.589E-02 
7.910E+01   3.237E+01  7.530E-02 
8.002E+01   3.234E+01  7.470E-02 
8.095E+01   3.231E+01  7.411E-02 
8.189E+01   3.227E+01  7.353E-02 
8.284E+01   3.224E+01  7.295E-02 
8.380E+01   3.220E+01  7.237E-02 
8.477E+01   3.217E+01  7.179E-02 
8.575E+01   3.213E+01  7.122E-02 
8.675E+01   3.209E+01  7.066E-02 
8.775E+01   3.205E+01  7.009E-02 
8.877E+01   3.201E+01  6.954E-02 
8.980E+01   3.197E+01  6.898E-02 
9.084E+01   3.193E+01  6.843E-02 
9.190E+01   3.188E+01  6.788E-02 
9.296E+01   3.184E+01  6.734E-02 
9.404E+01   3.180E+01  6.679E-02 
9.513E+01   3.175E+01  6.626E-02 
9.624E+01   3.170E+01  6.572E-02 
9.735E+01   3.165E+01  6.519E-02 
9.848E+01   3.161E+01  6.467E-02 
9.962E+01   3.156E+01  6.415E-02 
1.008E+02   3.151E+01  6.450E-02 
1.019E+02   3.145E+01  6.397E-02 
1.031E+02   3.140E+01  6.345E-02 
1.043E+02   3.135E+01  6.293E-02 
1.055E+02   3.129E+01  6.242E-02 
1.068E+02   3.124E+01  6.191E-02 
1.080E+02   3.118E+01  6.141E-02 
1.093E+02   3.113E+01  6.090E-02 
1.105E+02   3.107E+01  6.040E-02 
1.118E+02   3.101E+01  5.991E-02 
1.131E+02   3.095E+01  5.941E-02 
1.144E+02   3.089E+01  5.892E-02 
1.157E+02   3.083E+01  5.844E-02 
1.171E+02   3.077E+01  5.796E-02 
1.184E+02   3.070E+01  5.748E-02 
1.198E+02   3.064E+01  5.700E-02 
1.212E+02   3.058E+01  5.653E-02 
1.226E+02   3.051E+01  5.606E-02 
1.240E+02   3.044E+01  5.560E-02 
1.255E+02   3.038E+01  5.513E-02 
1.269E+02   3.031E+01  5.467E-02 
1.284E+02   3.024E+01  5.422E-02 
1.299E+02   3.017E+01  5.377E-02 
1.314E+02   3.010E+01  5.332E-02 
1.329E+02   3.003E+01  5.287E-02 
1.345E+02   2.996E+01  5.243E-02 
1.360E+02   2.988E+01  5.199E-02 
1.376E+02   2.981E+01  5.155E-02 
1.392E+02   2.973E+01  5.112E-02 
1.408E+02   2.966E+01  5.069E-02 
1.424E+02   2.958E+01  5.026E-02 
1.441E+02   2.951E+01  4.984E-02 
1.458E+02   2.943E+01  4.942E-02 
1.475E+02   2.935E+01  4.900E-02 
1.492E+02   2.927E+01  4.858E-02 
1.509E+02   2.919E+01  4.817E-02 
1.526E+02   2.911E+01  4.777E-02 
1.544E+02   2.903E+01  4.736E-02 
1.562E+02   2.895E+01  4.696E-02 
1.580E+02   2.887E+01  4.656E-02 
1.598E+02   2.878E+01  4.616E-02 
1.617E+02   2.870E+01  4.577E-02 
1.636E+02   2.862E+01  4.538E-02 
1.655E+02   2.853E+01  4.499E-02 
1.674E+02   2.845E+01  4.461E-02 
1.693E+02   2.836E+01  4.422E-02 
1.713E+02   2.827E+01  4.385E-02 
1.733E+02   2.819E+01  4.347E-02 
1.753E+02   2.810E+01  4.310E-02 
1.773E+02   2.801E+01  4.273E-02 
1.794E+02   2.792E+01  4.236E-02 
1.815E+02   2.783E+01  4.199E-02 
1.836E+02   2.774E+01  4.163E-02 
1.857E+02   2.765E+01  4.127E-02 
1.879E+02   2.756E+01  4.092E-02 
1.900E+02   2.747E+01  4.056E-02 
1.922E+02   2.737E+01  4.021E-02 
1.945E+02   2.728E+01  3.986E-02 
1.967E+02   2.719E+01  3.952E-02 
1.990E+02   2.709E+01  3.918E-02 
2.013E+02   2.700E+01  3.884E-02 
2.036E+02   2.690E+01  3.850E-02 
2.060E+02   2.681E+01  3.816E-02 
2.084E+02   2.671E+01  3.783E-02 
2.108E+02   2.662E+01  3.750E-02 
2.133E+02   2.652E+01  3.718E-02 
2.157E+02   2.642E+01  3.685E-02 
2.182E+02   2.633E+01  3.653E-02 
2.208E+02   2.623E+01  3.621E-02 
2.233E+02   2.613E+01  3.589E-02 
2.259E+02   2.603E+01  3.558E-02 
2.285E+02   2.594E+01  3.527E-02 
2.312E+02   2.584E+01  3.496E-02 
2.339E+02   2.574E+01  3.465E-02 
2.366E+02   2.564E+01  3.435E-02 
2.393E+02   2.554E+01  3.404E-02 
2.421E+02   2.544E+01  3.374E-02 
2.449E+02   2.534E+01  3.345E-02 
2.478E+02   2.524E+01  3.315E-02 
2.506E+02   2.514E+01  3.286E-02 
2.535E+02   2.504E+01  3.257E-02 
2.565E+02   2.494E+01  3.228E-02 
2.595E+02   2.483E+01  3.200E-02 
2.625E+02   2.473E+01  3.171E-02 
2.655E+02   2.463E+01  3.143E-02 
2.686E+02   2.453E+01  3.115E-02 
2.717E+02   2.443E+01  3.088E-02 
2.749E+02   2.432E+01  3.060E-02 
2.780E+02   2.422E+01  3.033E-02 
2.813E+02   2.412E+01  3.006E-02 
2.845E+02   2.402E+01  2.979E-02 
2.878E+02   2.391E+01  2.953E-02 
2.912E+02   2.381E+01  2.927E-02 
2.945E+02   2.371E+01  2.901E-02 
2.980E+02   2.361E+01  2.875E-02 
3.014E+02   2.350E+01  2.849E-02 
3.049E+02   2.340E+01  2.824E-02 
3.085E+02   2.330E+01  2.798E-02 
3.120E+02   2.319E+01  2.773E-02 
3.156E+02   2.309E+01  2.748E-02 
3.193E+02   2.299E+01  2.724E-02 
3.230E+02   2.288E+01  2.699E-02 
3.268E+02   2.278E+01  2.675E-02 
3.306E+02   2.268E+01  2.651E-02 
3.344E+02   2.257E+01  2.627E-02 
3.383E+02   2.247E+01  2.604E-02 
3.422E+02   2.237E+01  2.580E-02 
3.462E+02   2.226E+01  2.557E-02 
3.502E+02   2.216E+01  2.534E-02 
3.542E+02   2.206E+01  2.511E-02 
3.583E+02   2.195E+01  2.488E-02 
3.625E+02   2.185E+01  2.466E-02 
3.667E+02   2.175E+01  2.444E-02 
3.710E+02   2.165E+01  2.422E-02 
3.753E+02   2.154E+01  2.400E-02 
3.796E+02   2.144E+01  2.378E-02 
3.840E+02   2.134E+01  2.356E-02 
3.885E+02   2.124E+01  2.335E-02 
3.930E+02   2.113E+01  2.314E-02 
3.975E+02   2.103E+01  2.293E-02 
4.021E+02   2.093E+01  2.272E-02 
4.068E+02   2.083E+01  2.251E-02 
4.115E+02   2.073E+01  2.231E-02 
4.163E+02   2.062E+01  2.211E-02 
4.211E+02   2.052E+01  2.190E-02 
4.260E+02   2.042E+01  2.171E-02 
4.310E+02   2.032E+01  2.151E-02 
4.360E+02   2.022E+01  2.131E-02 
4.410E+02   2.012E+01  2.112E-02 
4.461E+02   2.002E+01  2.092E-02 
4.513E+02   1.992E+01  2.073E-02 
4.565E+02   1.982E+01  2.054E-02 
4.618E+02   1.972E+01  2.035E-02 
4.672E+02   1.962E+01  2.017E-02 
4.726E+02   1.952E+01  1.998E-02 
4.781E+02   1.942E+01  1.980E-02 
4.836E+02   1.932E+01  1.962E-02 
4.892E+02   1.922E+01  1.944E-02 
4.949E+02   1.912E+01  1.926E-02 
5.007E+02   1.902E+01  1.908E-02 
5.065E+02   1.892E+01  1.891E-02 
5.123E+02   1.883E+01  1.873E-02 
5.183E+02   1.873E+01  1.856E-02 
5.243E+02   1.863E+01  1.839E-02 
5.304E+02   1.853E+01  1.822E-02 
5.365E+02   1.844E+01  1.805E-02 
5.428E+02   1.834E+01  1.789E-02 
5.490E+02   1.824E+01  1.772E-02 
5.554E+02   1.815E+01  1.756E-02 
5.619E+02   1.805E+01  1.740E-02 
5.684E+02   1.796E+01  1.724E-02 
5.750E+02   1.786E+01  1.708E-02 
5.816E+02   1.777E+01  1.692E-02 
5.884E+02   1.767E+01  1.676E-02 
5.952E+02   1.758E+01  1.661E-02 
6.021E+02   1.748E+01  1.645E-02 
6.091E+02   1.739E+01  1.630E-02 
6.162E+02   1.729E+01  1.615E-02 
6.233E+02   1.720E+01  1.600E-02 
6.305E+02   1.711E+01  1.585E-02 
6.378E+02   1.701E+01  1.570E-02 
6.452E+02   1.692E+01  1.556E-02 
6.527E+02   1.683E+01  1.541E-02 
6.603E+02   1.674E+01  1.527E-02 
6.680E+02   1.665E+01  1.513E-02 
6.757E+02   1.656E+01  1.499E-02 
6.835E+02   1.646E+01  1.485E-02 
6.915E+02   1.637E+01  1.471E-02 
6.995E+02   1.628E+01  1.457E-02 
7.076E+02   1.619E+01  1.443E-02 
7.158E+02   1.610E+01  1.430E-02 
7.241E+02   1.601E+01  1.417E-02 
7.325E+02   1.593E+01  1.403E-02 
7.410E+02   1.584E+01  1.390E-02 
7.496E+02   1.575E+01  1.377E-02 
7.583E+02   1.566E+01  1.364E-02 
7.671E+02   1.557E+01  1.351E-02 
7.760E+02   1.549E+01  1.339E-02 
7.850E+02   1.540E+01  1.326E-02 
7.941E+02   1.531E+01  1.314E-02 
8.033E+02   1.523E+01  1.302E-02 
8.126E+02   1.514E+01  1.289E-02 
8.221E+02   1.505E+01  1.277E-02 
8.316E+02   1.497E+01  1.265E-02 
8.412E+02   1.488E+01  1.253E-02 
8.510E+02   1.480E+01  1.241E-02 
8.609E+02   1.471E+01  1.230E-02 
8.709E+02   1.463E+01  1.218E-02 
8.810E+02   1.455E+01  1.207E-02 
8.912E+02   1.446E+01  1.195E-02 
9.015E+02   1.438E+01  1.184E-02 
9.120E+02   1.430E+01  1.173E-02 
9.225E+02   1.422E+01  1.162E-02 
9.332E+02   1.413E+01  1.151E-02 
9.441E+02   1.405E+01  1.140E-02 
9.550E+02   1.397E+01  1.129E-02 
9.661E+02   1.389E+01  1.119E-02 
9.773E+02   1.381E+01  1.108E-02 
9.886E+02   1.373E+01  1.098E-02 
1.000E+03   1.365E+01  1.087E-02 
1.012E+03   1.357E+01  1.077E-02 
1.023E+03   1.350E+01  1.067E-02 
1.035E+03   1.342E+01  1.057E-02 
1.047E+03   1.334E+01  1.047E-02 
1.059E+03   1.326E+01  1.037E-02 
1.072E+03   1.319E+01  1.027E-02 
1.084E+03   1.310E+01  1.017E-02 
1.097E+03   1.302E+01  1.007E-02 
1.109E+03   1.294E+01  9.978E-03 
1.122E+03   1.286E+01  9.883E-03 
1.135E+03   1.277E+01  9.789E-03 
1.149E+03   1.269E+01  9.696E-03 
1.162E+03   1.260E+01  9.604E-03 
1.175E+03   1.252E+01  9.512E-03 
1.189E+03   1.243E+01  9.422E-03 
1.203E+03   1.234E+01  9.332E-03 
1.217E+03   1.226E+01  9.243E-03 
1.231E+03   1.218E+01  9.155E-03 
1.245E+03   1.210E+01  9.068E-03 
1.260E+03   1.203E+01  8.981E-03 
1.274E+03   1.195E+01  8.895E-03 
1.289E+03   1.188E+01  8.810E-03 
1.304E+03   1.180E+01  8.726E-03 
1.319E+03   1.173E+01  8.643E-03 
1.334E+03   1.165E+01  8.560E-03 
1.350E+03   1.158E+01  8.478E-03 
1.365E+03   1.150E+01  8.397E-03 
1.381E+03   1.143E+01  8.317E-03 
1.397E+03   1.136E+01  8.237E-03 
1.414E+03   1.128E+01  8.158E-03 
1.430E+03   1.121E+01  8.080E-03 
1.446E+03   1.114E+01  8.003E-03 
1.463E+03   1.107E+01  7.926E-03 
1.480E+03   1.100E+01  7.850E-03 
1.497E+03   1.092E+01  7.775E-03 
1.515E+03   1.085E+01  7.700E-03 
1.532E+03   1.078E+01  7.626E-03 
1.550E+03   1.071E+01  7.553E-03 
1.568E+03   1.064E+01  7.480E-03 
1.586E+03   1.057E+01  7.408E-03 
1.605E+03   1.050E+01  7.337E-03 
1.623E+03   1.043E+01  7.266E-03 
1.642E+03   1.037E+01  7.196E-03 
1.661E+03   1.030E+01  7.127E-03 
1.680E+03   1.023E+01  7.059E-03 
1.700E+03   1.016E+01  6.991E-03 
1.720E+03   1.009E+01  6.923E-03 
1.740E+03   1.003E+01  6.856E-03 
1.760E+03   9.959E+00  6.790E-03 
1.780E+03   9.893E+00  6.725E-03 
1.801E+03   9.827E+00  6.660E-03 
1.822E+03   9.761E+00  6.596E-03 
1.843E+03   9.695E+00  6.532E-03 
1.864E+03   9.630E+00  6.469E-03 
1.886E+03   9.565E+00  6.406E-03 
1.908E+03   9.500E+00  6.344E-03 
1.930E+03   9.436E+00  6.283E-03 
1.952E+03   9.372E+00  6.222E-03 
1.975E+03   9.308E+00  6.162E-03 
1.998E+03   9.245E+00  6.102E-03 
2.021E+03   9.182E+00  6.043E-03 
2.044E+03   9.119E+00  5.985E-03 
2.068E+03   9.057E+00  5.927E-03 
2.092E+03   8.995E+00  5.869E-03 
2.116E+03   8.933E+00  5.812E-03 
2.141E+03   8.871E+00  5.756E-03 
2.166E+03   8.810E+00  5.700E-03 
2.191E+03   8.749E+00  5.645E-03 
2.216E+03   8.689E+00  5.590E-03 
2.242E+03   8.629E+00  5.536E-03 
2.268E+03   8.569E+00  5.482E-03 
2.294E+03   8.509E+00  5.429E-03 
2.321E+03   8.450E+00  5.376E-03 
2.348E+03   8.391E+00  5.324E-03 
2.375E+03   8.332E+00  5.272E-03 
2.403E+03   8.274E+00  5.220E-03 
2.431E+03   8.216E+00  5.170E-03 
2.459E+03   8.158E+00  5.119E-03 
2.487E+03   8.100E+00  5.069E-03 
2.516E+03   8.043E+00  5.020E-03 
2.545E+03   7.986E+00  4.971E-03 
2.575E+03   7.930E+00  4.923E-03 
2.605E+03   7.874E+00  4.875E-03 
2.635E+03   7.818E+00  4.827E-03 
2.665E+03   7.762E+00  4.780E-03 
2.696E+03   7.707E+00  4.733E-03 
2.728E+03   7.652E+00  4.687E-03 
2.759E+03   7.597E+00  4.641E-03 
2.791E+03   7.543E+00  4.596E-03 
2.824E+03   7.488E+00  4.551E-03 
2.856E+03   7.435E+00  4.507E-03 
2.889E+03   7.381E+00  4.462E-03 
2.923E+03   7.328E+00  4.419E-03 
2.957E+03   7.275E+00  4.376E-03 
2.991E+03   7.222E+00  4.333E-03 
3.026E+03   7.170E+00  4.290E-03 
3.061E+03   7.118E+00  4.248E-03 
3.097E+03   7.066E+00  4.207E-03 
3.132E+03   7.014E+00  4.166E-03 
3.169E+03   6.963E+00  4.125E-03 
3.206E+03   6.912E+00  4.084E-03 
3.243E+03   6.862E+00  4.044E-03 
3.280E+03   6.812E+00  4.005E-03 
3.318E+03   6.761E+00  3.965E-03 
3.357E+03   6.712E+00  3.926E-03 
3.396E+03   6.662E+00  3.888E-03 
3.435E+03   6.613E+00  3.850E-03 
3.475E+03   6.564E+00  3.812E-03 
3.515E+03   6.516E+00  3.774E-03 
3.556E+03   6.467E+00  3.737E-03 
3.597E+03   6.419E+00  3.700E-03 
3.639E+03   6.372E+00  3.664E-03 
3.681E+03   6.324E+00  3.628E-03 
3.724E+03   6.277E+00  3.592E-03 
3.767E+03   6.230E+00  3.557E-03 
3.811E+03   6.184E+00  3.522E-03 
3.855E+03   6.137E+00  3.487E-03 
3.900E+03   6.091E+00  3.453E-03 
3.945E+03   6.045E+00  3.419E-03 
3.991E+03   6.000E+00  3.385E-03 
4.037E+03   5.955E+00  3.352E-03 
4.084E+03   5.910E+00  3.319E-03 
4.131E+03   5.865E+00  3.286E-03 
4.179E+03   5.821E+00  3.254E-03 
4.228E+03   5.777E+00  3.222E-03 
4.277E+03   5.733E+00  3.190E-03 
4.326E+03   5.689E+00  3.158E-03 
4.376E+03   5.646E+00  3.127E-03 
4.427E+03   5.603E+00  3.096E-03 
4.479E+03   5.560E+00  3.066E-03 
4.531E+03   5.518E+00  3.035E-03 
4.583E+03   5.475E+00  3.005E-03 
4.636E+03   5.433E+00  2.976E-03 
4.690E+03   5.392E+00  2.946E-03 
4.744E+03   5.350E+00  2.917E-03 
4.799E+03   5.309E+00  2.888E-03 
4.855E+03   5.268E+00  2.859E-03 
4.911E+03   5.227E+00  2.831E-03 
4.968E+03   5.187E+00  2.803E-03 
5.026E+03   5.147E+00  2.775E-03 
5.084E+03   5.107E+00  2.748E-03 
5.143E+03   5.067E+00  2.721E-03 
5.203E+03   5.028E+00  2.694E-03 
5.263E+03   4.989E+00  2.667E-03 
5.324E+03   4.950E+00  2.640E-03 
5.386E+03   4.911E+00  2.614E-03 
5.449E+03   4.873E+00  2.588E-03 
5.512E+03   4.835E+00  2.563E-03 
5.576E+03   4.797E+00  2.537E-03 
5.640E+03   4.760E+00  2.512E-03 
5.706E+03   4.722E+00  2.487E-03 
5.772E+03   4.685E+00  2.462E-03 
5.839E+03   4.648E+00  2.438E-03 
5.907E+03   4.612E+00  2.414E-03 
5.975E+03   4.575E+00  2.390E-03 
6.045E+03   4.539E+00  2.366E-03 
6.115E+03   4.503E+00  2.342E-03 
6.186E+03   4.468E+00  2.319E-03 
6.257E+03   4.432E+00  2.296E-03 
6.330E+03   4.397E+00  2.273E-03 
6.403E+03   4.362E+00  2.250E-03 
6.478E+03   4.327E+00  2.228E-03 
6.553E+03   4.293E+00  2.206E-03 
6.629E+03   4.259E+00  2.184E-03 
6.706E+03   4.225E+00  2.162E-03 
6.783E+03   4.191E+00  2.141E-03 
6.862E+03   4.157E+00  2.119E-03 
6.942E+03   4.124E+00  2.098E-03 
7.022E+03   4.091E+00  2.077E-03 
7.104E+03   4.058E+00  2.056E-03 
7.186E+03   4.026E+00  2.036E-03 
7.269E+03   3.993E+00  2.016E-03 
7.354E+03   3.961E+00  1.995E-03 
7.439E+03   3.929E+00  1.976E-03 
7.525E+03   3.897E+00  1.956E-03 
7.613E+03   3.866E+00  1.936E-03 
7.701E+03   3.835E+00  1.917E-03 
7.790E+03   3.804E+00  1.898E-03 
7.881E+03   3.773E+00  1.879E-03 
7.972E+03   3.742E+00  1.860E-03 
8.064E+03   3.712E+00  1.841E-03 
8.158E+03   3.682E+00  1.823E-03 
8.253E+03   3.652E+00  1.805E-03 
8.348E+03   3.622E+00  1.787E-03 
8.445E+03   3.592E+00  1.769E-03 
8.543E+03   3.563E+00  1.751E-03 
8.642E+03   3.534E+00  1.734E-03 
8.742E+03   3.505E+00  1.716E-03 
8.844E+03   3.476E+00  1.699E-03 
8.946E+03   3.448E+00  1.682E-03 
9.050E+03   3.419E+00  1.665E-03 
9.155E+03   3.391E+00  1.648E-03 
9.261E+03   3.364E+00  1.632E-03 
9.369E+03   3.336E+00  1.616E-03 
9.477E+03   3.308E+00  1.599E-03 
9.587E+03   3.281E+00  1.583E-03 
9.699E+03   3.254E+00  1.567E-03 
9.811E+03   3.227E+00  1.552E-03 
9.925E+03   3.201E+00  1.536E-03 
1.004E+04   3.174E+00  1.521E-03 
1.016E+04   3.148E+00  1.505E-03 
1.027E+04   3.122E+00  1.490E-03 
1.039E+04   3.096E+00  1.475E-03 
1.051E+04   3.070E+00  1.460E-03 
1.064E+04   3.045E+00  1.446E-03 
1.076E+04   3.019E+00  1.431E-03 
1.088E+04   2.994E+00  1.417E-03 
1.101E+04   2.969E+00  1.403E-03 
1.114E+04   2.945E+00  1.389E-03 
1.127E+04   2.920E+00  1.375E-03 
1.140E+04   2.896E+00  1.361E-03 
1.153E+04   2.871E+00  1.347E-03 
1.166E+04   2.847E+00  1.333E-03 
1.180E+04   2.824E+00  1.320E-03 
1.194E+04   2.800E+00  1.307E-03 
1.207E+04   2.776E+00  1.294E-03 
1.221E+04   2.753E+00  1.281E-03 
1.236E+04   2.730E+00  1.268E-03 
1.250E+04   2.707E+00  1.255E-03 
1.264E+04   2.684E+00  1.242E-03 
1.279E+04   2.662E+00  1.230E-03 
1.294E+04   2.639E+00  1.217E-03 
1.309E+04   2.617E+00  1.205E-03 
1.324E+04   2.595E+00  1.193E-03 
1.340E+04   2.573E+00  1.181E-03 
1.355E+04   2.552E+00  1.169E-03 
1.371E+04   2.530E+00  1.157E-03 
1.387E+04   2.509E+00  1.145E-03 
1.403E+04   2.487E+00  1.134E-03 
1.419E+04   2.466E+00  1.122E-03 
1.435E+04   2.445E+00  1.111E-03 
1.452E+04   2.425E+00  1.100E-03 
1.469E+04   2.404E+00  1.089E-03 
1.486E+04   2.384E+00  1.078E-03 
1.503E+04   2.363E+00  1.067E-03 
1.521E+04   2.343E+00  1.056E-03 
1.538E+04   2.323E+00  1.045E-03 
1.556E+04   2.304E+00  1.035E-03 
1.574E+04   2.284E+00  1.024E-03 
1.592E+04   2.265E+00  1.014E-03 
1.611E+04   2.245E+00  1.004E-03 
1.630E+04   2.226E+00  9.935E-04 
1.649E+04   2.207E+00  9.835E-04 
1.668E+04   2.188E+00  9.735E-04 
1.687E+04   2.170E+00  9.636E-04 
1.707E+04   2.151E+00  9.539E-04 
1.726E+04   2.133E+00  9.442E-04 
1.746E+04   2.115E+00  9.346E-04 
1.767E+04   2.096E+00  9.252E-04 
1.787E+04   2.079E+00  9.158E-04 
1.808E+04   2.061E+00  9.065E-04 
1.829E+04   2.043E+00  8.973E-04 
1.850E+04   2.026E+00  8.882E-04 
1.871E+04   2.008E+00  8.792E-04 
1.893E+04   1.991E+00  8.703E-04 
1.915E+04   1.974E+00  8.615E-04 
1.937E+04   1.957E+00  8.527E-04 
1.960E+04   1.940E+00  8.441E-04 
1.983E+04   1.923E+00  8.355E-04 
2.006E+04   1.907E+00  8.270E-04 
2.029E+04   1.890E+00  8.186E-04 
2.052E+04   1.874E+00  8.103E-04 
2.076E+04   1.858E+00  8.021E-04 
2.100E+04   1.842E+00  7.939E-04 
2.125E+04   1.826E+00  7.858E-04 
2.149E+04   1.810E+00  7.778E-04 
2.174E+04   1.795E+00  7.699E-04 
2.199E+04   1.779E+00  7.621E-04 
2.225E+04   1.764E+00  7.544E-04 
2.251E+04   1.749E+00  7.467E-04 
2.277E+04   1.734E+00  7.391E-04 
2.303E+04   1.719E+00  7.316E-04 
2.330E+04   1.704E+00  7.241E-04 
2.357E+04   1.689E+00  7.167E-04 
2.384E+04   1.674E+00  7.095E-04 
2.412E+04   1.660E+00  7.022E-04 
2.440E+04   1.646E+00  6.951E-04 
2.468E+04   1.631E+00  6.880E-04 
2.497E+04   1.617E+00  6.810E-04 
2.526E+04   1.603E+00  6.741E-04 
2.555E+04   1.589E+00  6.672E-04 
2.585E+04   1.576E+00  6.604E-04 
2.615E+04   1.562E+00  6.537E-04 
2.645E+04   1.548E+00  6.470E-04 
2.676E+04   1.535E+00  6.404E-04 
2.707E+04   1.522E+00  6.339E-04 
2.738E+04   1.508E+00  6.274E-04 
2.770E+04   1.495E+00  6.210E-04 
2.802E+04   1.482E+00  6.147E-04 
2.835E+04   1.470E+00  6.084E-04 
2.867E+04   1.457E+00  6.022E-04 
2.901E+04   1.444E+00  5.960E-04 
2.934E+04   1.432E+00  5.899E-04 
2.968E+04   1.419E+00  5.839E-04 
3.003E+04   1.407E+00  5.780E-04 
3.038E+04   1.395E+00  5.721E-04 
3.073E+04   1.383E+00  5.662E-04 
3.109E+04   1.371E+00  5.604E-04 
3.145E+04   1.359E+00  5.547E-04 
3.181E+04   1.347E+00  5.490E-04 
3.218E+04   1.335E+00  5.434E-04 
3.255E+04   1.324E+00  5.379E-04 
3.293E+04   1.312E+00  5.324E-04 
3.331E+04   1.301E+00  5.269E-04 
3.370E+04   1.289E+00  5.215E-04 
3.409E+04   1.278E+00  5.162E-04 
3.449E+04   1.267E+00  5.109E-04 
3.489E+04   1.256E+00  5.057E-04 
3.529E+04   1.245E+00  5.005E-04 
3.570E+04   1.234E+00  4.954E-04 
3.611E+04   1.224E+00  4.903E-04 
3.653E+04   1.213E+00  4.853E-04 
3.696E+04   1.203E+00  4.803E-04 
3.738E+04   1.192E+00  4.754E-04 
3.782E+04   1.182E+00  4.705E-04 
3.826E+04   1.172E+00  4.657E-04 
3.870E+04   1.161E+00  4.609E-04 
3.915E+04   1.151E+00  4.562E-04 
3.960E+04   1.141E+00  4.515E-04 
4.006E+04   1.131E+00  4.469E-04 
4.053E+04   1.122E+00  4.423E-04 
4.100E+04   1.112E+00  4.378E-04 
4.147E+04   1.102E+00  4.333E-04 
4.195E+04   1.093E+00  4.289E-04 
4.244E+04   1.083E+00  4.245E-04 
4.293E+04   1.074E+00  4.201E-04 
4.343E+04   1.065E+00  4.158E-04 
4.394E+04   1.055E+00  4.115E-04 
4.444E+04   1.046E+00  4.073E-04 
4.496E+04   1.037E+00  4.031E-04 
4.548E+04   1.028E+00  3.990E-04 
4.601E+04   1.019E+00  3.949E-04 
4.654E+04   1.010E+00  3.908E-04 
4.708E+04   1.002E+00  3.868E-04 
4.763E+04   9.930E-01  3.828E-04 
4.818E+04   9.845E-01  3.789E-04 
4.874E+04   9.760E-01  3.750E-04 
4.931E+04   9.675E-01  3.712E-04 
4.988E+04   9.592E-01  3.673E-04 
5.046E+04   9.509E-01  3.636E-04 
5.104E+04   9.427E-01  3.598E-04 
5.163E+04   9.346E-01  3.561E-04 
5.223E+04   9.266E-01  3.525E-04 
5.284E+04   9.186E-01  3.488E-04 
5.345E+04   9.107E-01  3.452E-04 
5.407E+04   9.029E-01  3.417E-04 
5.470E+04   8.951E-01  3.382E-04 
5.533E+04   8.874E-01  3.347E-04 
5.597E+04   8.798E-01  3.313E-04 
5.662E+04   8.722E-01  3.278E-04 
5.728E+04   8.648E-01  3.245E-04 
5.794E+04   8.573E-01  3.211E-04 
5.862E+04   8.500E-01  3.178E-04 
5.930E+04   8.427E-01  3.145E-04 
5.998E+04   8.355E-01  3.113E-04 
6.068E+04   8.284E-01  3.081E-04 
6.138E+04   8.213E-01  3.049E-04 
6.210E+04   8.143E-01  3.018E-04 
6.282E+04   8.073E-01  2.987E-04 
6.354E+04   8.004E-01  2.956E-04 
6.428E+04   7.936E-01  2.925E-04 
6.503E+04   7.869E-01  2.895E-04 
6.578E+04   7.802E-01  2.865E-04 
6.654E+04   7.735E-01  2.836E-04 
6.732E+04   7.670E-01  2.807E-04 
6.810E+04   7.605E-01  2.778E-04 
6.889E+04   7.540E-01  2.749E-04 
6.969E+04   7.476E-01  2.721E-04 
7.049E+04   7.413E-01  2.693E-04 
7.131E+04   7.350E-01  2.665E-04 
7.214E+04   7.288E-01  2.637E-04 
7.298E+04   7.226E-01  2.610E-04 
7.382E+04   7.165E-01  2.583E-04 
7.468E+04   7.105E-01  2.556E-04 
7.555E+04   7.045E-01  2.530E-04 
7.642E+04   6.986E-01  2.504E-04 
7.731E+04   6.927E-01  2.478E-04 
7.820E+04   6.869E-01  2.452E-04 
7.911E+04   6.811E-01  2.427E-04 
8.003E+04   6.754E-01  2.402E-04 
8.096E+04   6.698E-01  2.377E-04 
8.190E+04   6.642E-01  2.353E-04 
8.285E+04   6.586E-01  2.328E-04 
8.381E+04   6.531E-01  2.304E-04 
8.478E+04   6.477E-01  2.280E-04 
8.576E+04   6.423E-01  2.257E-04 
8.676E+04   6.370E-01  2.233E-04 
8.776E+04   6.317E-01  2.210E-04 
8.878E+04   6.264E-01  2.187E-04 
8.981E+04   6.212E-01  2.165E-04 
9.085E+04   6.161E-01  2.142E-04 
9.191E+04   6.110E-01  2.120E-04 
9.297E+04   6.060E-01  2.098E-04 
9.405E+04   6.010E-01  2.077E-04 
9.514E+04   5.960E-01  2.055E-04 
9.625E+04   5.911E-01  2.034E-04 
9.736E+04   5.863E-01  2.013E-04 
9.849E+04   5.815E-01  1.992E-04 
9.963E+04   5.767E-01  1.971E-04 
1.008E+05   5.720E-01  1.951E-04 
