Ion = Hydrogen    . Mass = 1.0079
Tgt = Pb (Solid). Density = 11.3437 g/cm3
Stopping Units =  eV/(1E15 atoms/cm2)
Energy(keV)  S(Elec)    S(Nuc)
1.000E+00   6.498E+00  2.485E-01 
1.012E+00   6.536E+00  2.489E-01 
1.023E+00   6.574E+00  2.492E-01 
1.035E+00   6.612E+00  2.496E-01 
1.047E+00   6.650E+00  2.499E-01 
1.059E+00   6.688E+00  2.503E-01 
1.072E+00   6.727E+00  2.506E-01 
1.084E+00   6.766E+00  2.510E-01 
1.097E+00   6.805E+00  2.513E-01 
1.109E+00   6.844E+00  2.517E-01 
1.122E+00   6.884E+00  2.520E-01 
1.135E+00   6.924E+00  2.523E-01 
1.148E+00   6.964E+00  2.527E-01 
1.162E+00   7.004E+00  2.530E-01 
1.175E+00   7.045E+00  2.533E-01 
1.189E+00   7.085E+00  2.537E-01 
1.203E+00   7.126E+00  2.540E-01 
1.217E+00   7.168E+00  2.543E-01 
1.231E+00   7.209E+00  2.546E-01 
1.245E+00   7.251E+00  2.549E-01 
1.259E+00   7.293E+00  2.552E-01 
1.274E+00   7.335E+00  2.555E-01 
1.289E+00   7.377E+00  2.558E-01 
1.304E+00   7.420E+00  2.561E-01 
1.319E+00   7.463E+00  2.564E-01 
1.334E+00   7.506E+00  2.567E-01 
1.350E+00   7.549E+00  2.570E-01 
1.365E+00   7.593E+00  2.573E-01 
1.381E+00   7.637E+00  2.575E-01 
1.397E+00   7.681E+00  2.578E-01 
1.413E+00   7.725E+00  2.581E-01 
1.430E+00   7.770E+00  2.583E-01 
1.446E+00   7.815E+00  2.586E-01 
1.463E+00   7.860E+00  2.589E-01 
1.480E+00   7.906E+00  2.591E-01 
1.497E+00   7.951E+00  2.594E-01 
1.515E+00   7.997E+00  2.596E-01 
1.532E+00   8.044E+00  2.599E-01 
1.550E+00   8.090E+00  2.601E-01 
1.568E+00   8.137E+00  2.604E-01 
1.586E+00   8.184E+00  2.606E-01 
1.605E+00   8.231E+00  2.608E-01 
1.623E+00   8.279E+00  2.610E-01 
1.642E+00   8.327E+00  2.613E-01 
1.661E+00   8.375E+00  2.615E-01 
1.680E+00   8.423E+00  2.617E-01 
1.700E+00   8.472E+00  2.619E-01 
1.719E+00   8.521E+00  2.621E-01 
1.739E+00   8.570E+00  2.623E-01 
1.760E+00   8.620E+00  2.625E-01 
1.780E+00   8.670E+00  2.627E-01 
1.801E+00   8.720E+00  2.629E-01 
1.822E+00   8.770E+00  2.631E-01 
1.843E+00   8.821E+00  2.633E-01 
1.864E+00   8.872E+00  2.635E-01 
1.886E+00   8.923E+00  2.636E-01 
1.908E+00   8.975E+00  2.638E-01 
1.930E+00   9.027E+00  2.640E-01 
1.952E+00   9.079E+00  2.641E-01 
1.975E+00   9.132E+00  2.643E-01 
1.998E+00   9.184E+00  2.645E-01 
2.021E+00   9.236E+00  2.646E-01 
2.044E+00   9.283E+00  2.648E-01 
2.068E+00   9.330E+00  2.649E-01 
2.092E+00   9.377E+00  2.650E-01 
2.116E+00   9.425E+00  2.652E-01 
2.141E+00   9.472E+00  2.653E-01 
2.166E+00   9.520E+00  2.654E-01 
2.191E+00   9.568E+00  2.656E-01 
2.216E+00   9.617E+00  2.657E-01 
2.242E+00   9.666E+00  2.658E-01 
2.268E+00   9.715E+00  2.659E-01 
2.294E+00   9.764E+00  2.660E-01 
2.321E+00   9.813E+00  2.661E-01 
2.348E+00   9.863E+00  2.662E-01 
2.375E+00   9.913E+00  2.663E-01 
2.402E+00   9.963E+00  2.664E-01 
2.430E+00   1.001E+01  2.665E-01 
2.458E+00   1.006E+01  2.665E-01 
2.487E+00   1.012E+01  2.666E-01 
2.516E+00   1.017E+01  2.667E-01 
2.545E+00   1.022E+01  2.667E-01 
2.574E+00   1.027E+01  2.668E-01 
2.604E+00   1.032E+01  2.668E-01 
2.635E+00   1.037E+01  2.669E-01 
2.665E+00   1.043E+01  2.669E-01 
2.696E+00   1.048E+01  2.670E-01 
2.727E+00   1.053E+01  2.670E-01 
2.759E+00   1.059E+01  2.670E-01 
2.791E+00   1.064E+01  2.671E-01 
2.823E+00   1.069E+01  2.671E-01 
2.856E+00   1.075E+01  2.671E-01 
2.889E+00   1.080E+01  2.671E-01 
2.923E+00   1.086E+01  2.671E-01 
2.957E+00   1.091E+01  2.671E-01 
2.991E+00   1.097E+01  2.671E-01 
3.026E+00   1.102E+01  2.671E-01 
3.061E+00   1.108E+01  2.671E-01 
3.096E+00   1.113E+01  2.671E-01 
3.132E+00   1.119E+01  2.671E-01 
3.168E+00   1.125E+01  2.670E-01 
3.205E+00   1.130E+01  2.670E-01 
3.242E+00   1.136E+01  2.670E-01 
3.280E+00   1.142E+01  2.669E-01 
3.318E+00   1.148E+01  2.669E-01 
3.356E+00   1.153E+01  2.668E-01 
3.395E+00   1.159E+01  2.668E-01 
3.435E+00   1.165E+01  2.667E-01 
3.475E+00   1.171E+01  2.666E-01 
3.515E+00   1.177E+01  2.666E-01 
3.556E+00   1.183E+01  2.665E-01 
3.597E+00   1.189E+01  2.664E-01 
3.639E+00   1.195E+01  2.663E-01 
3.681E+00   1.201E+01  2.662E-01 
3.724E+00   1.207E+01  2.661E-01 
3.767E+00   1.213E+01  2.660E-01 
3.810E+00   1.219E+01  2.659E-01 
3.855E+00   1.225E+01  2.658E-01 
3.899E+00   1.232E+01  2.657E-01 
3.945E+00   1.238E+01  2.656E-01 
3.990E+00   1.244E+01  2.654E-01 
4.037E+00   1.250E+01  2.653E-01 
4.083E+00   1.257E+01  2.652E-01 
4.131E+00   1.263E+01  2.650E-01 
4.179E+00   1.270E+01  2.649E-01 
4.227E+00   1.276E+01  2.647E-01 
4.276E+00   1.282E+01  2.646E-01 
4.326E+00   1.289E+01  2.644E-01 
4.376E+00   1.295E+01  2.642E-01 
4.427E+00   1.302E+01  2.640E-01 
4.478E+00   1.309E+01  2.639E-01 
4.530E+00   1.315E+01  2.637E-01 
4.583E+00   1.322E+01  2.635E-01 
4.636E+00   1.328E+01  2.633E-01 
4.690E+00   1.335E+01  2.631E-01 
4.744E+00   1.342E+01  2.629E-01 
4.799E+00   1.349E+01  2.627E-01 
4.855E+00   1.355E+01  2.625E-01 
4.911E+00   1.362E+01  2.622E-01 
4.968E+00   1.369E+01  2.620E-01 
5.026E+00   1.376E+01  2.618E-01 
5.084E+00   1.383E+01  2.615E-01 
5.143E+00   1.390E+01  2.613E-01 
5.202E+00   1.397E+01  2.610E-01 
5.263E+00   1.404E+01  2.608E-01 
5.324E+00   1.411E+01  2.605E-01 
5.386E+00   1.418E+01  2.602E-01 
5.448E+00   1.425E+01  2.600E-01 
5.511E+00   1.433E+01  2.597E-01 
5.575E+00   1.440E+01  2.594E-01 
5.640E+00   1.447E+01  2.591E-01 
5.705E+00   1.454E+01  2.588E-01 
5.771E+00   1.462E+01  2.585E-01 
5.838E+00   1.469E+01  2.582E-01 
5.906E+00   1.477E+01  2.579E-01 
5.975E+00   1.484E+01  2.576E-01 
6.044E+00   1.491E+01  2.573E-01 
6.114E+00   1.499E+01  2.570E-01 
6.185E+00   1.507E+01  2.566E-01 
6.257E+00   1.514E+01  2.563E-01 
6.329E+00   1.522E+01  2.560E-01 
6.403E+00   1.529E+01  2.556E-01 
6.477E+00   1.537E+01  2.553E-01 
6.552E+00   1.545E+01  2.549E-01 
6.628E+00   1.553E+01  2.545E-01 
6.705E+00   1.560E+01  2.542E-01 
6.783E+00   1.568E+01  2.538E-01 
6.861E+00   1.576E+01  2.534E-01 
6.941E+00   1.584E+01  2.530E-01 
7.021E+00   1.592E+01  2.526E-01 
7.103E+00   1.600E+01  2.522E-01 
7.185E+00   1.608E+01  2.518E-01 
7.269E+00   1.616E+01  2.514E-01 
7.353E+00   1.624E+01  2.510E-01 
7.438E+00   1.632E+01  2.506E-01 
7.524E+00   1.641E+01  2.502E-01 
7.612E+00   1.649E+01  2.498E-01 
7.700E+00   1.657E+01  2.493E-01 
7.789E+00   1.665E+01  2.489E-01 
7.880E+00   1.674E+01  2.485E-01 
7.971E+00   1.682E+01  2.480E-01 
8.064E+00   1.690E+01  2.476E-01 
8.157E+00   1.699E+01  2.471E-01 
8.252E+00   1.707E+01  2.467E-01 
8.347E+00   1.716E+01  2.462E-01 
8.444E+00   1.725E+01  2.457E-01 
8.542E+00   1.733E+01  2.452E-01 
8.641E+00   1.742E+01  2.448E-01 
8.741E+00   1.751E+01  2.443E-01 
8.843E+00   1.759E+01  2.438E-01 
8.945E+00   1.768E+01  2.433E-01 
9.049E+00   1.777E+01  2.428E-01 
9.154E+00   1.786E+01  2.423E-01 
9.260E+00   1.795E+01  2.418E-01 
9.368E+00   1.804E+01  2.413E-01 
9.476E+00   1.813E+01  2.407E-01 
9.586E+00   1.822E+01  2.402E-01 
9.698E+00   1.831E+01  2.397E-01 
9.810E+00   1.840E+01  2.392E-01 
9.924E+00   1.849E+01  2.386E-01 
1.004E+01   1.858E+01  2.381E-01 
1.016E+01   1.867E+01  2.375E-01 
1.027E+01   1.877E+01  2.370E-01 
1.039E+01   1.886E+01  2.364E-01 
1.051E+01   1.895E+01  2.359E-01 
1.063E+01   1.905E+01  2.353E-01 
1.076E+01   1.914E+01  2.347E-01 
1.088E+01   1.924E+01  2.341E-01 
1.101E+01   1.933E+01  2.336E-01 
1.114E+01   1.943E+01  2.330E-01 
1.127E+01   1.953E+01  2.324E-01 
1.140E+01   1.962E+01  2.318E-01 
1.153E+01   1.972E+01  2.312E-01 
1.166E+01   1.982E+01  2.306E-01 
1.180E+01   1.991E+01  2.300E-01 
1.193E+01   2.001E+01  2.294E-01 
1.207E+01   2.011E+01  2.288E-01 
1.221E+01   2.021E+01  2.282E-01 
1.235E+01   2.031E+01  2.275E-01 
1.250E+01   2.041E+01  2.269E-01 
1.264E+01   2.051E+01  2.263E-01 
1.279E+01   2.061E+01  2.256E-01 
1.294E+01   2.071E+01  2.250E-01 
1.309E+01   2.082E+01  2.244E-01 
1.324E+01   2.092E+01  2.237E-01 
1.339E+01   2.102E+01  2.231E-01 
1.355E+01   2.112E+01  2.224E-01 
1.371E+01   2.123E+01  2.218E-01 
1.387E+01   2.133E+01  2.211E-01 
1.403E+01   2.144E+01  2.204E-01 
1.419E+01   2.154E+01  2.198E-01 
1.435E+01   2.165E+01  2.191E-01 
1.452E+01   2.175E+01  2.184E-01 
1.469E+01   2.186E+01  2.178E-01 
1.486E+01   2.196E+01  2.171E-01 
1.503E+01   2.207E+01  2.164E-01 
1.521E+01   2.218E+01  2.157E-01 
1.538E+01   2.229E+01  2.150E-01 
1.556E+01   2.240E+01  2.143E-01 
1.574E+01   2.250E+01  2.136E-01 
1.592E+01   2.261E+01  2.129E-01 
1.611E+01   2.272E+01  2.122E-01 
1.629E+01   2.283E+01  2.115E-01 
1.648E+01   2.294E+01  2.108E-01 
1.667E+01   2.306E+01  2.101E-01 
1.687E+01   2.317E+01  2.094E-01 
1.706E+01   2.328E+01  2.087E-01 
1.726E+01   2.339E+01  2.079E-01 
1.746E+01   2.350E+01  2.072E-01 
1.766E+01   2.362E+01  2.065E-01 
1.787E+01   2.373E+01  2.058E-01 
1.808E+01   2.384E+01  2.050E-01 
1.829E+01   2.396E+01  2.043E-01 
1.850E+01   2.407E+01  2.036E-01 
1.871E+01   2.419E+01  2.028E-01 
1.893E+01   2.430E+01  2.021E-01 
1.915E+01   2.442E+01  2.013E-01 
1.937E+01   2.454E+01  2.006E-01 
1.960E+01   2.465E+01  1.999E-01 
1.982E+01   2.477E+01  1.991E-01 
2.005E+01   2.489E+01  1.983E-01 
2.029E+01   2.501E+01  1.976E-01 
2.052E+01   2.513E+01  1.968E-01 
2.076E+01   2.524E+01  1.961E-01 
2.100E+01   2.536E+01  1.953E-01 
2.124E+01   2.548E+01  1.946E-01 
2.149E+01   2.560E+01  1.938E-01 
2.174E+01   2.572E+01  1.930E-01 
2.199E+01   2.585E+01  1.923E-01 
2.225E+01   2.597E+01  1.915E-01 
2.250E+01   2.609E+01  1.907E-01 
2.277E+01   2.621E+01  1.899E-01 
2.303E+01   2.633E+01  1.892E-01 
2.330E+01   2.646E+01  1.884E-01 
2.357E+01   2.658E+01  1.876E-01 
2.384E+01   2.670E+01  1.868E-01 
2.412E+01   2.683E+01  1.861E-01 
2.440E+01   2.695E+01  1.853E-01 
2.468E+01   2.708E+01  1.845E-01 
2.497E+01   2.720E+01  1.837E-01 
2.526E+01   2.733E+01  1.829E-01 
2.555E+01   2.745E+01  1.821E-01 
2.584E+01   2.758E+01  1.814E-01 
2.614E+01   2.770E+01  1.806E-01 
2.645E+01   2.783E+01  1.798E-01 
2.675E+01   2.796E+01  1.790E-01 
2.707E+01   2.809E+01  1.782E-01 
2.738E+01   2.821E+01  1.774E-01 
2.770E+01   2.834E+01  1.766E-01 
2.802E+01   2.847E+01  1.758E-01 
2.834E+01   2.860E+01  1.750E-01 
2.867E+01   2.873E+01  1.742E-01 
2.900E+01   2.886E+01  1.734E-01 
2.934E+01   2.899E+01  1.726E-01 
2.968E+01   2.912E+01  1.718E-01 
3.003E+01   2.925E+01  1.710E-01 
3.037E+01   2.938E+01  1.703E-01 
3.073E+01   2.951E+01  1.695E-01 
3.108E+01   2.964E+01  1.687E-01 
3.144E+01   2.977E+01  1.679E-01 
3.181E+01   2.990E+01  1.671E-01 
3.218E+01   3.003E+01  1.663E-01 
3.255E+01   3.016E+01  1.655E-01 
3.293E+01   3.030E+01  1.647E-01 
3.331E+01   3.043E+01  1.639E-01 
3.370E+01   3.056E+01  1.631E-01 
3.409E+01   3.069E+01  1.623E-01 
3.448E+01   3.083E+01  1.615E-01 
3.488E+01   3.096E+01  1.607E-01 
3.529E+01   3.109E+01  1.599E-01 
3.570E+01   3.123E+01  1.591E-01 
3.611E+01   3.136E+01  1.583E-01 
3.653E+01   3.149E+01  1.575E-01 
3.695E+01   3.163E+01  1.567E-01 
3.738E+01   3.176E+01  1.559E-01 
3.781E+01   3.189E+01  1.551E-01 
3.825E+01   3.203E+01  1.543E-01 
3.870E+01   3.216E+01  1.535E-01 
3.915E+01   3.230E+01  1.527E-01 
3.960E+01   3.243E+01  1.519E-01 
4.006E+01   3.256E+01  1.512E-01 
4.052E+01   3.270E+01  1.504E-01 
4.099E+01   3.283E+01  1.496E-01 
4.147E+01   3.297E+01  1.488E-01 
4.195E+01   3.310E+01  1.480E-01 
4.244E+01   3.324E+01  1.472E-01 
4.293E+01   3.337E+01  1.464E-01 
4.343E+01   3.350E+01  1.456E-01 
4.393E+01   3.364E+01  1.449E-01 
4.444E+01   3.377E+01  1.441E-01 
4.496E+01   3.391E+01  1.433E-01 
4.548E+01   3.404E+01  1.425E-01 
4.600E+01   3.417E+01  1.417E-01 
4.654E+01   3.431E+01  1.410E-01 
4.708E+01   3.444E+01  1.402E-01 
4.762E+01   3.457E+01  1.394E-01 
4.818E+01   3.471E+01  1.386E-01 
4.873E+01   3.484E+01  1.379E-01 
4.930E+01   3.497E+01  1.371E-01 
4.987E+01   3.510E+01  1.363E-01 
5.045E+01   3.524E+01  1.355E-01 
5.104E+01   3.537E+01  1.348E-01 
5.163E+01   3.550E+01  1.340E-01 
5.223E+01   3.563E+01  1.332E-01 
5.283E+01   3.576E+01  1.325E-01 
5.344E+01   3.589E+01  1.317E-01 
5.406E+01   3.602E+01  1.310E-01 
5.469E+01   3.615E+01  1.302E-01 
5.533E+01   3.628E+01  1.295E-01 
5.597E+01   3.641E+01  1.287E-01 
5.662E+01   3.654E+01  1.279E-01 
5.727E+01   3.667E+01  1.272E-01 
5.794E+01   3.680E+01  1.265E-01 
5.861E+01   3.692E+01  1.257E-01 
5.929E+01   3.705E+01  1.250E-01 
5.998E+01   3.717E+01  1.242E-01 
6.067E+01   3.730E+01  1.235E-01 
6.138E+01   3.742E+01  1.227E-01 
6.209E+01   3.755E+01  1.220E-01 
6.281E+01   3.767E+01  1.213E-01 
6.354E+01   3.779E+01  1.205E-01 
6.427E+01   3.792E+01  1.198E-01 
6.502E+01   3.804E+01  1.191E-01 
6.577E+01   3.816E+01  1.184E-01 
6.654E+01   3.828E+01  1.176E-01 
6.731E+01   3.840E+01  1.169E-01 
6.809E+01   3.852E+01  1.162E-01 
6.888E+01   3.863E+01  1.155E-01 
6.968E+01   3.875E+01  1.148E-01 
7.049E+01   3.887E+01  1.140E-01 
7.130E+01   3.898E+01  1.133E-01 
7.213E+01   3.909E+01  1.126E-01 
7.297E+01   3.921E+01  1.119E-01 
7.381E+01   3.932E+01  1.112E-01 
7.467E+01   3.943E+01  1.105E-01 
7.554E+01   3.954E+01  1.098E-01 
7.641E+01   3.965E+01  1.091E-01 
7.730E+01   3.975E+01  1.084E-01 
7.820E+01   3.986E+01  1.077E-01 
7.910E+01   3.996E+01  1.070E-01 
8.002E+01   4.007E+01  1.064E-01 
8.095E+01   4.017E+01  1.057E-01 
8.189E+01   4.027E+01  1.050E-01 
8.284E+01   4.037E+01  1.043E-01 
8.380E+01   4.047E+01  1.036E-01 
8.477E+01   4.057E+01  1.030E-01 
8.575E+01   4.066E+01  1.023E-01 
8.675E+01   4.076E+01  1.016E-01 
8.775E+01   4.085E+01  1.010E-01 
8.877E+01   4.094E+01  1.003E-01 
8.980E+01   4.103E+01  9.964E-02 
9.084E+01   4.112E+01  9.898E-02 
9.190E+01   4.121E+01  9.832E-02 
9.296E+01   4.129E+01  9.767E-02 
9.404E+01   4.138E+01  9.702E-02 
9.513E+01   4.146E+01  9.637E-02 
9.624E+01   4.154E+01  9.573E-02 
9.735E+01   4.162E+01  9.509E-02 
9.848E+01   4.169E+01  9.445E-02 
9.962E+01   4.177E+01  9.381E-02 
1.008E+02   4.184E+01  9.318E-02 
1.019E+02   4.191E+01  9.255E-02 
1.031E+02   4.198E+01  9.192E-02 
1.043E+02   4.205E+01  9.129E-02 
1.055E+02   4.211E+01  9.067E-02 
1.068E+02   4.218E+01  9.005E-02 
1.080E+02   4.224E+01  8.943E-02 
1.093E+02   4.230E+01  8.882E-02 
1.105E+02   4.235E+01  8.821E-02 
1.118E+02   4.241E+01  8.760E-02 
1.131E+02   4.246E+01  8.699E-02 
1.144E+02   4.251E+01  8.639E-02 
1.157E+02   4.256E+01  8.579E-02 
1.171E+02   4.261E+01  8.519E-02 
1.184E+02   4.265E+01  8.460E-02 
1.198E+02   4.270E+01  8.401E-02 
1.212E+02   4.274E+01  8.342E-02 
1.226E+02   4.277E+01  8.283E-02 
1.240E+02   4.281E+01  8.225E-02 
1.255E+02   4.284E+01  8.167E-02 
1.269E+02   4.287E+01  8.109E-02 
1.284E+02   4.290E+01  8.052E-02 
1.299E+02   4.293E+01  7.995E-02 
1.314E+02   4.295E+01  7.938E-02 
1.329E+02   4.297E+01  7.881E-02 
1.345E+02   4.299E+01  7.825E-02 
1.360E+02   4.301E+01  7.769E-02 
1.376E+02   4.302E+01  7.713E-02 
1.392E+02   4.303E+01  7.658E-02 
1.408E+02   4.304E+01  7.603E-02 
1.424E+02   4.304E+01  7.548E-02 
1.441E+02   4.305E+01  7.493E-02 
1.458E+02   4.305E+01  7.439E-02 
1.475E+02   4.305E+01  7.385E-02 
1.492E+02   4.304E+01  7.331E-02 
1.509E+02   4.303E+01  7.278E-02 
1.526E+02   4.302E+01  7.225E-02 
1.544E+02   4.301E+01  7.172E-02 
1.562E+02   4.300E+01  7.119E-02 
1.580E+02   4.298E+01  7.067E-02 
1.598E+02   4.296E+01  7.015E-02 
1.617E+02   4.293E+01  6.963E-02 
1.636E+02   4.291E+01  6.912E-02 
1.655E+02   4.288E+01  6.861E-02 
1.674E+02   4.285E+01  6.810E-02 
1.693E+02   4.281E+01  6.759E-02 
1.713E+02   4.278E+01  6.709E-02 
1.733E+02   4.274E+01  6.659E-02 
1.753E+02   4.269E+01  6.610E-02 
1.773E+02   4.265E+01  6.560E-02 
1.794E+02   4.260E+01  6.511E-02 
1.815E+02   4.255E+01  6.462E-02 
1.836E+02   4.250E+01  6.414E-02 
1.857E+02   4.244E+01  6.365E-02 
1.879E+02   4.239E+01  6.317E-02 
1.900E+02   4.232E+01  6.270E-02 
1.922E+02   4.226E+01  6.222E-02 
1.945E+02   4.219E+01  6.175E-02 
1.967E+02   4.213E+01  6.128E-02 
1.990E+02   4.205E+01  6.082E-02 
2.013E+02   4.198E+01  6.035E-02 
2.036E+02   4.190E+01  5.989E-02 
2.060E+02   4.182E+01  5.943E-02 
2.084E+02   4.174E+01  5.898E-02 
2.108E+02   4.166E+01  5.853E-02 
2.133E+02   4.157E+01  5.808E-02 
2.157E+02   4.148E+01  5.763E-02 
2.182E+02   4.139E+01  5.719E-02 
2.208E+02   4.130E+01  5.675E-02 
2.233E+02   4.120E+01  5.631E-02 
2.259E+02   4.110E+01  5.587E-02 
2.285E+02   4.100E+01  5.544E-02 
2.312E+02   4.090E+01  5.501E-02 
2.339E+02   4.079E+01  5.458E-02 
2.366E+02   4.069E+01  5.416E-02 
2.393E+02   4.058E+01  5.374E-02 
2.421E+02   4.046E+01  5.332E-02 
2.449E+02   4.035E+01  5.290E-02 
2.478E+02   4.023E+01  5.248E-02 
2.506E+02   4.011E+01  5.207E-02 
2.535E+02   3.999E+01  5.166E-02 
2.565E+02   3.987E+01  5.126E-02 
2.595E+02   3.975E+01  5.085E-02 
2.625E+02   3.962E+01  5.045E-02 
2.655E+02   3.949E+01  5.005E-02 
2.686E+02   3.936E+01  4.966E-02 
2.717E+02   3.923E+01  4.927E-02 
2.749E+02   3.910E+01  4.887E-02 
2.780E+02   3.896E+01  4.849E-02 
2.813E+02   3.882E+01  4.810E-02 
2.845E+02   3.868E+01  4.772E-02 
2.878E+02   3.854E+01  5.040E-02 
2.912E+02   3.840E+01  4.999E-02 
2.945E+02   3.826E+01  4.958E-02 
2.980E+02   3.811E+01  4.918E-02 
3.014E+02   3.797E+01  4.878E-02 
3.049E+02   3.782E+01  4.838E-02 
3.085E+02   3.767E+01  4.798E-02 
3.120E+02   3.752E+01  4.759E-02 
3.156E+02   3.737E+01  4.720E-02 
3.193E+02   3.722E+01  4.681E-02 
3.230E+02   3.706E+01  4.643E-02 
3.268E+02   3.691E+01  4.605E-02 
3.306E+02   3.675E+01  4.567E-02 
3.344E+02   3.659E+01  4.529E-02 
3.383E+02   3.644E+01  4.492E-02 
3.422E+02   3.628E+01  4.454E-02 
3.462E+02   3.612E+01  4.418E-02 
3.502E+02   3.596E+01  4.381E-02 
3.542E+02   3.580E+01  4.344E-02 
3.583E+02   3.563E+01  4.308E-02 
3.625E+02   3.547E+01  4.273E-02 
3.667E+02   3.531E+01  4.237E-02 
3.710E+02   3.514E+01  4.202E-02 
3.753E+02   3.498E+01  4.166E-02 
3.796E+02   3.481E+01  4.132E-02 
3.840E+02   3.465E+01  4.097E-02 
3.885E+02   3.448E+01  4.063E-02 
3.930E+02   3.431E+01  4.029E-02 
3.975E+02   3.415E+01  3.995E-02 
4.021E+02   3.398E+01  3.961E-02 
4.068E+02   3.381E+01  3.928E-02 
4.115E+02   3.364E+01  3.895E-02 
4.163E+02   3.347E+01  3.862E-02 
4.211E+02   3.331E+01  3.829E-02 
4.260E+02   3.314E+01  3.797E-02 
4.310E+02   3.297E+01  3.765E-02 
4.360E+02   3.280E+01  3.733E-02 
4.410E+02   3.263E+01  3.701E-02 
4.461E+02   3.246E+01  3.670E-02 
4.513E+02   3.229E+01  3.638E-02 
4.565E+02   3.212E+01  3.607E-02 
4.618E+02   3.195E+01  3.577E-02 
4.672E+02   3.178E+01  3.546E-02 
4.726E+02   3.161E+01  3.516E-02 
4.781E+02   3.145E+01  3.486E-02 
4.836E+02   3.128E+01  3.456E-02 
4.892E+02   3.111E+01  3.426E-02 
4.949E+02   3.094E+01  3.397E-02 
5.007E+02   3.077E+01  3.368E-02 
5.065E+02   3.060E+01  3.339E-02 
5.123E+02   3.044E+01  3.310E-02 
5.183E+02   3.027E+01  3.282E-02 
5.243E+02   3.010E+01  3.253E-02 
5.304E+02   2.994E+01  3.225E-02 
5.365E+02   2.977E+01  3.198E-02 
5.428E+02   2.960E+01  3.170E-02 
5.490E+02   2.944E+01  3.143E-02 
5.554E+02   2.927E+01  3.115E-02 
5.619E+02   2.911E+01  3.088E-02 
5.684E+02   2.894E+01  3.062E-02 
5.750E+02   2.878E+01  3.035E-02 
5.816E+02   2.862E+01  3.009E-02 
5.884E+02   2.845E+01  2.982E-02 
5.952E+02   2.829E+01  2.957E-02 
6.021E+02   2.813E+01  2.931E-02 
6.091E+02   2.797E+01  2.905E-02 
6.162E+02   2.781E+01  2.880E-02 
6.233E+02   2.765E+01  2.855E-02 
6.305E+02   2.749E+01  2.830E-02 
6.378E+02   2.733E+01  2.805E-02 
6.452E+02   2.717E+01  2.780E-02 
6.527E+02   2.701E+01  2.756E-02 
6.603E+02   2.685E+01  2.732E-02 
6.680E+02   2.670E+01  2.708E-02 
6.757E+02   2.654E+01  2.684E-02 
6.835E+02   2.638E+01  2.661E-02 
6.915E+02   2.623E+01  2.637E-02 
6.995E+02   2.607E+01  2.614E-02 
7.076E+02   2.592E+01  2.591E-02 
7.158E+02   2.577E+01  2.568E-02 
7.241E+02   2.562E+01  2.545E-02 
7.325E+02   2.546E+01  2.523E-02 
7.410E+02   2.531E+01  2.501E-02 
7.496E+02   2.516E+01  2.478E-02 
7.583E+02   2.501E+01  2.456E-02 
7.671E+02   2.486E+01  2.435E-02 
7.760E+02   2.471E+01  2.413E-02 
7.850E+02   2.456E+01  2.392E-02 
7.941E+02   2.442E+01  2.370E-02 
8.033E+02   2.427E+01  2.349E-02 
8.126E+02   2.412E+01  2.328E-02 
8.221E+02   2.398E+01  2.308E-02 
8.316E+02   2.383E+01  2.287E-02 
8.412E+02   2.369E+01  2.267E-02 
8.510E+02   2.354E+01  2.247E-02 
8.609E+02   2.340E+01  2.227E-02 
8.709E+02   2.326E+01  2.207E-02 
8.810E+02   2.312E+01  2.187E-02 
8.912E+02   2.298E+01  2.167E-02 
9.015E+02   2.284E+01  2.148E-02 
9.120E+02   2.270E+01  2.129E-02 
9.225E+02   2.256E+01  2.110E-02 
9.332E+02   2.242E+01  2.091E-02 
9.441E+02   2.228E+01  2.072E-02 
9.550E+02   2.214E+01  2.053E-02 
9.661E+02   2.201E+01  2.035E-02 
9.773E+02   2.187E+01  2.016E-02 
9.886E+02   2.173E+01  1.998E-02 
1.000E+03   2.160E+01  1.980E-02 
1.012E+03   2.148E+01  1.962E-02 
1.023E+03   2.138E+01  1.945E-02 
1.035E+03   2.129E+01  1.927E-02 
1.047E+03   2.119E+01  1.910E-02 
1.059E+03   2.110E+01  1.893E-02 
1.072E+03   2.100E+01  1.875E-02 
1.084E+03   2.090E+01  1.858E-02 
1.097E+03   2.080E+01  1.842E-02 
1.109E+03   2.069E+01  1.825E-02 
1.122E+03   2.059E+01  1.808E-02 
1.135E+03   2.049E+01  1.792E-02 
1.149E+03   2.038E+01  1.776E-02 
1.162E+03   2.027E+01  1.760E-02 
1.175E+03   2.016E+01  1.744E-02 
1.189E+03   2.005E+01  1.728E-02 
1.203E+03   1.994E+01  1.712E-02 
1.217E+03   1.984E+01  1.696E-02 
1.231E+03   1.974E+01  1.681E-02 
1.245E+03   1.963E+01  1.666E-02 
1.260E+03   1.953E+01  1.650E-02 
1.274E+03   1.943E+01  1.635E-02 
1.289E+03   1.933E+01  1.620E-02 
1.304E+03   1.923E+01  1.605E-02 
1.319E+03   1.913E+01  1.591E-02 
1.334E+03   1.903E+01  1.576E-02 
1.350E+03   1.893E+01  1.562E-02 
1.365E+03   1.883E+01  1.547E-02 
1.381E+03   1.873E+01  1.533E-02 
1.397E+03   1.863E+01  1.519E-02 
1.414E+03   1.853E+01  1.505E-02 
1.430E+03   1.843E+01  1.491E-02 
1.446E+03   1.833E+01  1.478E-02 
1.463E+03   1.823E+01  1.464E-02 
1.480E+03   1.814E+01  1.451E-02 
1.497E+03   1.804E+01  1.437E-02 
1.515E+03   1.794E+01  1.424E-02 
1.532E+03   1.784E+01  1.411E-02 
1.550E+03   1.774E+01  1.398E-02 
1.568E+03   1.765E+01  1.385E-02 
1.586E+03   1.755E+01  1.372E-02 
1.605E+03   1.745E+01  1.360E-02 
1.623E+03   1.736E+01  1.347E-02 
1.642E+03   1.726E+01  1.335E-02 
1.661E+03   1.716E+01  1.322E-02 
1.680E+03   1.707E+01  1.310E-02 
1.700E+03   1.697E+01  1.298E-02 
1.720E+03   1.688E+01  1.286E-02 
1.740E+03   1.678E+01  1.274E-02 
1.760E+03   1.669E+01  1.262E-02 
1.780E+03   1.659E+01  1.250E-02 
1.801E+03   1.650E+01  1.239E-02 
1.822E+03   1.640E+01  1.227E-02 
1.843E+03   1.631E+01  1.216E-02 
1.864E+03   1.622E+01  1.204E-02 
1.886E+03   1.612E+01  1.193E-02 
1.908E+03   1.603E+01  1.182E-02 
1.930E+03   1.594E+01  1.171E-02 
1.952E+03   1.585E+01  1.160E-02 
1.975E+03   1.575E+01  1.149E-02 
1.998E+03   1.566E+01  1.139E-02 
2.021E+03   1.557E+01  1.128E-02 
2.044E+03   1.548E+01  1.118E-02 
2.068E+03   1.539E+01  1.107E-02 
2.092E+03   1.530E+01  1.097E-02 
2.116E+03   1.521E+01  1.086E-02 
2.141E+03   1.512E+01  1.076E-02 
2.166E+03   1.503E+01  1.066E-02 
2.191E+03   1.494E+01  1.056E-02 
2.216E+03   1.485E+01  1.046E-02 
2.242E+03   1.476E+01  1.037E-02 
2.268E+03   1.467E+01  1.027E-02 
2.294E+03   1.459E+01  1.017E-02 
2.321E+03   1.450E+01  1.008E-02 
2.348E+03   1.441E+01  9.982E-03 
2.375E+03   1.432E+01  9.888E-03 
2.403E+03   1.424E+01  9.795E-03 
2.431E+03   1.415E+01  9.703E-03 
2.459E+03   1.407E+01  9.612E-03 
2.487E+03   1.398E+01  9.521E-03 
2.516E+03   1.389E+01  9.432E-03 
2.545E+03   1.381E+01  9.343E-03 
2.575E+03   1.373E+01  9.255E-03 
2.605E+03   1.364E+01  9.167E-03 
2.635E+03   1.356E+01  9.081E-03 
2.665E+03   1.347E+01  8.995E-03 
2.696E+03   1.339E+01  8.910E-03 
2.728E+03   1.331E+01  8.826E-03 
2.759E+03   1.322E+01  8.743E-03 
2.791E+03   1.314E+01  8.660E-03 
2.824E+03   1.306E+01  8.578E-03 
2.856E+03   1.298E+01  8.497E-03 
2.889E+03   1.290E+01  8.416E-03 
2.923E+03   1.282E+01  8.337E-03 
2.957E+03   1.273E+01  8.258E-03 
2.991E+03   1.265E+01  8.179E-03 
3.026E+03   1.257E+01  8.102E-03 
3.061E+03   1.249E+01  8.025E-03 
3.097E+03   1.242E+01  7.949E-03 
3.132E+03   1.234E+01  7.873E-03 
3.169E+03   1.226E+01  7.798E-03 
3.206E+03   1.218E+01  7.724E-03 
3.243E+03   1.210E+01  7.651E-03 
3.280E+03   1.202E+01  7.578E-03 
3.318E+03   1.195E+01  7.506E-03 
3.357E+03   1.187E+01  7.435E-03 
3.396E+03   1.179E+01  7.364E-03 
3.435E+03   1.172E+01  7.294E-03 
3.475E+03   1.164E+01  7.224E-03 
3.515E+03   1.157E+01  7.155E-03 
3.556E+03   1.149E+01  7.087E-03 
3.597E+03   1.142E+01  7.019E-03 
3.639E+03   1.134E+01  6.952E-03 
3.681E+03   1.127E+01  6.886E-03 
3.724E+03   1.119E+01  6.820E-03 
3.767E+03   1.112E+01  6.755E-03 
3.811E+03   1.105E+01  6.690E-03 
3.855E+03   1.097E+01  6.626E-03 
3.900E+03   1.090E+01  6.563E-03 
3.945E+03   1.083E+01  6.500E-03 
3.991E+03   1.076E+01  6.438E-03 
4.037E+03   1.069E+01  6.376E-03 
4.084E+03   1.062E+01  6.315E-03 
4.131E+03   1.055E+01  6.255E-03 
4.179E+03   1.048E+01  6.195E-03 
4.228E+03   1.041E+01  6.135E-03 
4.277E+03   1.034E+01  6.076E-03 
4.326E+03   1.027E+01  6.018E-03 
4.376E+03   1.020E+01  5.960E-03 
4.427E+03   1.013E+01  5.903E-03 
4.479E+03   1.006E+01  5.846E-03 
4.531E+03   9.993E+00  5.790E-03 
4.583E+03   9.925E+00  5.734E-03 
4.636E+03   9.858E+00  5.679E-03 
4.690E+03   9.791E+00  5.625E-03 
4.744E+03   9.725E+00  5.570E-03 
4.799E+03   9.659E+00  5.517E-03 
4.855E+03   9.593E+00  5.464E-03 
4.911E+03   9.527E+00  5.411E-03 
4.968E+03   9.462E+00  5.359E-03 
5.026E+03   9.397E+00  5.307E-03 
5.084E+03   9.333E+00  5.256E-03 
5.143E+03   9.269E+00  5.205E-03 
5.203E+03   9.205E+00  5.155E-03 
5.263E+03   9.141E+00  5.105E-03 
5.324E+03   9.078E+00  5.056E-03 
5.386E+03   9.015E+00  5.007E-03 
5.449E+03   8.953E+00  4.959E-03 
5.512E+03   8.891E+00  4.911E-03 
5.576E+03   8.829E+00  4.863E-03 
5.640E+03   8.767E+00  4.816E-03 
5.706E+03   8.706E+00  4.769E-03 
5.772E+03   8.645E+00  4.723E-03 
5.839E+03   8.585E+00  4.678E-03 
5.907E+03   8.525E+00  4.632E-03 
5.975E+03   8.465E+00  4.587E-03 
6.045E+03   8.405E+00  4.543E-03 
6.115E+03   8.346E+00  4.499E-03 
6.186E+03   8.287E+00  4.455E-03 
6.257E+03   8.229E+00  4.412E-03 
6.330E+03   8.171E+00  4.369E-03 
6.403E+03   8.113E+00  4.327E-03 
6.478E+03   8.055E+00  4.285E-03 
6.553E+03   7.998E+00  4.243E-03 
6.629E+03   7.941E+00  4.202E-03 
6.706E+03   7.885E+00  4.161E-03 
6.783E+03   7.828E+00  4.120E-03 
6.862E+03   7.772E+00  4.080E-03 
6.942E+03   7.717E+00  4.041E-03 
7.022E+03   7.661E+00  4.001E-03 
7.104E+03   7.606E+00  3.962E-03 
7.186E+03   7.552E+00  3.924E-03 
7.269E+03   7.497E+00  3.885E-03 
7.354E+03   7.443E+00  3.847E-03 
7.439E+03   7.389E+00  3.810E-03 
7.525E+03   7.336E+00  3.773E-03 
7.613E+03   7.283E+00  3.736E-03 
7.701E+03   7.230E+00  3.700E-03 
7.790E+03   7.178E+00  3.663E-03 
7.881E+03   7.125E+00  3.628E-03 
7.972E+03   7.074E+00  3.592E-03 
8.064E+03   7.022E+00  3.557E-03 
8.158E+03   6.971E+00  3.522E-03 
8.253E+03   6.920E+00  3.488E-03 
8.348E+03   6.869E+00  3.454E-03 
8.445E+03   6.819E+00  3.420E-03 
8.543E+03   6.769E+00  3.386E-03 
8.642E+03   6.719E+00  3.353E-03 
8.742E+03   6.669E+00  3.320E-03 
8.844E+03   6.620E+00  3.288E-03 
8.946E+03   6.571E+00  3.256E-03 
9.050E+03   6.523E+00  3.224E-03 
9.155E+03   6.475E+00  3.192E-03 
9.261E+03   6.427E+00  3.161E-03 
9.369E+03   6.379E+00  3.130E-03 
9.477E+03   6.331E+00  3.099E-03 
9.587E+03   6.284E+00  3.069E-03 
9.699E+03   6.238E+00  3.039E-03 
9.811E+03   6.191E+00  3.009E-03 
9.925E+03   6.145E+00  2.979E-03 
1.004E+04   6.099E+00  2.950E-03 
1.016E+04   6.053E+00  2.921E-03 
1.027E+04   6.008E+00  2.892E-03 
1.039E+04   5.963E+00  2.864E-03 
1.051E+04   5.918E+00  2.836E-03 
1.064E+04   5.873E+00  2.808E-03 
1.076E+04   5.829E+00  2.780E-03 
1.088E+04   5.785E+00  2.753E-03 
1.101E+04   5.742E+00  2.726E-03 
1.114E+04   5.698E+00  2.699E-03 
1.127E+04   5.655E+00  2.672E-03 
1.140E+04   5.612E+00  2.646E-03 
1.153E+04   5.570E+00  2.620E-03 
1.166E+04   5.527E+00  2.594E-03 
1.180E+04   5.485E+00  2.568E-03 
1.194E+04   5.444E+00  2.543E-03 
1.207E+04   5.402E+00  2.518E-03 
1.221E+04   5.361E+00  2.493E-03 
1.236E+04   5.320E+00  2.468E-03 
1.250E+04   5.279E+00  2.444E-03 
1.264E+04   5.239E+00  2.420E-03 
1.279E+04   5.199E+00  2.396E-03 
1.294E+04   5.159E+00  2.372E-03 
1.309E+04   5.119E+00  2.349E-03 
1.324E+04   5.080E+00  2.326E-03 
1.340E+04   5.041E+00  2.303E-03 
1.355E+04   5.002E+00  2.280E-03 
1.371E+04   4.963E+00  2.257E-03 
1.387E+04   4.925E+00  2.235E-03 
1.403E+04   4.887E+00  2.213E-03 
1.419E+04   4.849E+00  2.191E-03 
1.435E+04   4.812E+00  2.169E-03 
1.452E+04   4.774E+00  2.148E-03 
1.469E+04   4.737E+00  2.126E-03 
1.486E+04   4.700E+00  2.105E-03 
1.503E+04   4.664E+00  2.085E-03 
1.521E+04   4.628E+00  2.064E-03 
1.538E+04   4.591E+00  2.043E-03 
1.556E+04   4.556E+00  2.023E-03 
1.574E+04   4.520E+00  2.003E-03 
1.592E+04   4.485E+00  1.983E-03 
1.611E+04   4.450E+00  1.963E-03 
1.630E+04   4.415E+00  1.944E-03 
1.649E+04   4.380E+00  1.925E-03 
1.668E+04   4.346E+00  1.905E-03 
1.687E+04   4.312E+00  1.887E-03 
1.707E+04   4.278E+00  1.868E-03 
1.726E+04   4.244E+00  1.849E-03 
1.746E+04   4.211E+00  1.831E-03 
1.767E+04   4.178E+00  1.813E-03 
1.787E+04   4.145E+00  1.795E-03 
1.808E+04   4.112E+00  1.777E-03 
1.829E+04   4.080E+00  1.759E-03 
1.850E+04   4.047E+00  1.741E-03 
1.871E+04   4.015E+00  1.724E-03 
1.893E+04   3.984E+00  1.707E-03 
1.915E+04   3.952E+00  1.690E-03 
1.937E+04   3.921E+00  1.673E-03 
1.960E+04   3.889E+00  1.656E-03 
1.983E+04   3.859E+00  1.640E-03 
2.006E+04   3.828E+00  1.624E-03 
2.029E+04   3.797E+00  1.607E-03 
2.052E+04   3.767E+00  1.591E-03 
2.076E+04   3.737E+00  1.575E-03 
2.100E+04   3.707E+00  1.560E-03 
2.125E+04   3.678E+00  1.544E-03 
2.149E+04   3.648E+00  1.529E-03 
2.174E+04   3.619E+00  1.513E-03 
2.199E+04   3.590E+00  1.498E-03 
2.225E+04   3.562E+00  1.483E-03 
2.251E+04   3.533E+00  1.469E-03 
2.277E+04   3.505E+00  1.454E-03 
2.303E+04   3.477E+00  1.439E-03 
2.330E+04   3.449E+00  1.425E-03 
2.357E+04   3.421E+00  1.411E-03 
2.384E+04   3.394E+00  1.397E-03 
2.412E+04   3.366E+00  1.383E-03 
2.440E+04   3.339E+00  1.369E-03 
2.468E+04   3.312E+00  1.355E-03 
2.497E+04   3.286E+00  1.341E-03 
2.526E+04   3.259E+00  1.328E-03 
2.555E+04   3.233E+00  1.315E-03 
2.585E+04   3.207E+00  1.302E-03 
2.615E+04   3.181E+00  1.288E-03 
2.645E+04   3.155E+00  1.276E-03 
2.676E+04   3.130E+00  1.263E-03 
2.707E+04   3.104E+00  1.250E-03 
2.738E+04   3.079E+00  1.238E-03 
2.770E+04   3.054E+00  1.225E-03 
2.802E+04   3.030E+00  1.213E-03 
2.835E+04   3.005E+00  1.201E-03 
2.867E+04   2.981E+00  1.189E-03 
2.901E+04   2.956E+00  1.177E-03 
2.934E+04   2.932E+00  1.165E-03 
2.968E+04   2.909E+00  1.153E-03 
3.003E+04   2.885E+00  1.142E-03 
3.038E+04   2.862E+00  1.130E-03 
3.073E+04   2.838E+00  1.119E-03 
3.109E+04   2.815E+00  1.107E-03 
3.145E+04   2.792E+00  1.096E-03 
3.181E+04   2.770E+00  1.085E-03 
3.218E+04   2.747E+00  1.074E-03 
3.255E+04   2.725E+00  1.064E-03 
3.293E+04   2.703E+00  1.053E-03 
3.331E+04   2.681E+00  1.042E-03 
3.370E+04   2.659E+00  1.032E-03 
3.409E+04   2.637E+00  1.021E-03 
3.449E+04   2.615E+00  1.011E-03 
3.489E+04   2.594E+00  1.001E-03 
3.529E+04   2.573E+00  9.908E-04 
3.570E+04   2.552E+00  9.808E-04 
3.611E+04   2.531E+00  9.709E-04 
3.653E+04   2.510E+00  9.611E-04 
3.696E+04   2.490E+00  9.515E-04 
3.738E+04   2.470E+00  9.419E-04 
3.782E+04   2.449E+00  9.324E-04 
3.826E+04   2.429E+00  9.229E-04 
3.870E+04   2.409E+00  9.136E-04 
3.915E+04   2.390E+00  9.044E-04 
3.960E+04   2.370E+00  8.953E-04 
4.006E+04   2.351E+00  8.862E-04 
4.053E+04   2.332E+00  8.773E-04 
4.100E+04   2.313E+00  8.684E-04 
4.147E+04   2.294E+00  8.597E-04 
4.195E+04   2.275E+00  8.510E-04 
4.244E+04   2.256E+00  8.424E-04 
4.293E+04   2.238E+00  8.338E-04 
4.343E+04   2.219E+00  8.254E-04 
4.394E+04   2.201E+00  8.171E-04 
4.444E+04   2.183E+00  8.088E-04 
4.496E+04   2.165E+00  8.006E-04 
4.548E+04   2.148E+00  7.925E-04 
4.601E+04   2.130E+00  7.845E-04 
4.654E+04   2.113E+00  7.766E-04 
4.708E+04   2.095E+00  7.687E-04 
4.763E+04   2.078E+00  7.609E-04 
4.818E+04   2.061E+00  7.532E-04 
4.874E+04   2.044E+00  7.456E-04 
4.931E+04   2.028E+00  7.380E-04 
4.988E+04   2.011E+00  7.305E-04 
5.046E+04   1.995E+00  7.231E-04 
5.104E+04   1.978E+00  7.158E-04 
5.163E+04   1.962E+00  7.086E-04 
5.223E+04   1.946E+00  7.014E-04 
5.284E+04   1.930E+00  6.943E-04 
5.345E+04   1.914E+00  6.872E-04 
5.407E+04   1.899E+00  6.802E-04 
5.470E+04   1.883E+00  6.733E-04 
5.533E+04   1.868E+00  6.665E-04 
5.597E+04   1.853E+00  6.597E-04 
5.662E+04   1.837E+00  6.530E-04 
5.728E+04   1.822E+00  6.464E-04 
5.794E+04   1.808E+00  6.398E-04 
5.862E+04   1.793E+00  6.333E-04 
5.930E+04   1.778E+00  6.269E-04 
5.998E+04   1.764E+00  6.205E-04 
6.068E+04   1.749E+00  6.142E-04 
6.138E+04   1.735E+00  6.080E-04 
6.210E+04   1.721E+00  6.018E-04 
6.282E+04   1.707E+00  5.957E-04 
6.354E+04   1.693E+00  5.896E-04 
6.428E+04   1.679E+00  5.836E-04 
6.503E+04   1.666E+00  5.777E-04 
6.578E+04   1.652E+00  5.718E-04 
6.654E+04   1.639E+00  5.660E-04 
6.732E+04   1.626E+00  5.602E-04 
6.810E+04   1.612E+00  5.545E-04 
6.889E+04   1.599E+00  5.489E-04 
6.969E+04   1.586E+00  5.433E-04 
7.049E+04   1.574E+00  5.378E-04 
7.131E+04   1.561E+00  5.323E-04 
7.214E+04   1.548E+00  5.269E-04 
7.298E+04   1.536E+00  5.215E-04 
7.382E+04   1.523E+00  5.162E-04 
7.468E+04   1.511E+00  5.109E-04 
7.555E+04   1.499E+00  5.057E-04 
7.642E+04   1.487E+00  5.006E-04 
7.731E+04   1.475E+00  4.954E-04 
7.820E+04   1.463E+00  4.904E-04 
7.911E+04   1.451E+00  4.854E-04 
8.003E+04   1.440E+00  4.804E-04 
8.096E+04   1.428E+00  4.755E-04 
8.190E+04   1.417E+00  4.707E-04 
8.285E+04   1.405E+00  4.659E-04 
8.381E+04   1.394E+00  4.611E-04 
8.478E+04   1.383E+00  4.564E-04 
8.576E+04   1.372E+00  4.518E-04 
8.676E+04   1.361E+00  4.471E-04 
8.776E+04   1.350E+00  4.426E-04 
8.878E+04   1.339E+00  4.380E-04 
8.981E+04   1.329E+00  4.336E-04 
9.085E+04   1.318E+00  4.291E-04 
9.191E+04   1.308E+00  4.248E-04 
9.297E+04   1.297E+00  4.204E-04 
9.405E+04   1.287E+00  4.161E-04 
9.514E+04   1.277E+00  4.119E-04 
9.625E+04   1.267E+00  4.076E-04 
9.736E+04   1.257E+00  4.035E-04 
9.849E+04   1.247E+00  3.993E-04 
9.963E+04   1.237E+00  3.953E-04 
1.008E+05   1.227E+00  3.912E-04 
