Ion = Hydrogen    . Mass = 1.0079
Tgt = At (Solid). Density = 10 g/cm3
Stopping Units =  eV/(1E15 atoms/cm2)
Energy(keV)  S(Elec)    S(Nuc)
1.000E+00   7.726E+00  2.497E-01 
1.012E+00   7.771E+00  2.500E-01 
1.023E+00   7.816E+00  2.504E-01 
1.035E+00   7.861E+00  2.508E-01 
1.047E+00   7.907E+00  2.512E-01 
1.059E+00   7.952E+00  2.516E-01 
1.072E+00   7.998E+00  2.519E-01 
1.084E+00   8.045E+00  2.523E-01 
1.097E+00   8.091E+00  2.527E-01 
1.109E+00   8.138E+00  2.530E-01 
1.122E+00   8.185E+00  2.534E-01 
1.135E+00   8.232E+00  2.537E-01 
1.148E+00   8.280E+00  2.541E-01 
1.162E+00   8.328E+00  2.544E-01 
1.175E+00   8.376E+00  2.548E-01 
1.189E+00   8.424E+00  2.551E-01 
1.203E+00   8.473E+00  2.555E-01 
1.217E+00   8.522E+00  2.558E-01 
1.231E+00   8.571E+00  2.561E-01 
1.245E+00   8.621E+00  2.565E-01 
1.259E+00   8.671E+00  2.568E-01 
1.274E+00   8.721E+00  2.571E-01 
1.289E+00   8.771E+00  2.574E-01 
1.304E+00   8.822E+00  2.577E-01 
1.319E+00   8.873E+00  2.581E-01 
1.334E+00   8.925E+00  2.584E-01 
1.350E+00   8.976E+00  2.587E-01 
1.365E+00   9.028E+00  2.590E-01 
1.381E+00   9.080E+00  2.593E-01 
1.397E+00   9.133E+00  2.596E-01 
1.413E+00   9.186E+00  2.599E-01 
1.430E+00   9.239E+00  2.601E-01 
1.446E+00   9.292E+00  2.604E-01 
1.463E+00   9.346E+00  2.607E-01 
1.480E+00   9.400E+00  2.610E-01 
1.497E+00   9.454E+00  2.613E-01 
1.515E+00   9.509E+00  2.615E-01 
1.532E+00   9.564E+00  2.618E-01 
1.550E+00   9.619E+00  2.621E-01 
1.568E+00   9.675E+00  2.623E-01 
1.586E+00   9.731E+00  2.626E-01 
1.605E+00   9.787E+00  2.628E-01 
1.623E+00   9.844E+00  2.631E-01 
1.642E+00   9.901E+00  2.633E-01 
1.661E+00   9.958E+00  2.636E-01 
1.680E+00   1.002E+01  2.638E-01 
1.700E+00   1.007E+01  2.640E-01 
1.719E+00   1.013E+01  2.643E-01 
1.739E+00   1.019E+01  2.645E-01 
1.760E+00   1.025E+01  2.647E-01 
1.780E+00   1.031E+01  2.649E-01 
1.801E+00   1.037E+01  2.652E-01 
1.822E+00   1.043E+01  2.654E-01 
1.843E+00   1.049E+01  2.656E-01 
1.864E+00   1.055E+01  2.658E-01 
1.886E+00   1.061E+01  2.660E-01 
1.908E+00   1.067E+01  2.662E-01 
1.930E+00   1.073E+01  2.664E-01 
1.952E+00   1.080E+01  2.665E-01 
1.975E+00   1.086E+01  2.667E-01 
1.998E+00   1.092E+01  2.669E-01 
2.021E+00   1.098E+01  2.671E-01 
2.044E+00   1.104E+01  2.672E-01 
2.068E+00   1.110E+01  2.674E-01 
2.092E+00   1.115E+01  2.676E-01 
2.116E+00   1.121E+01  2.677E-01 
2.141E+00   1.127E+01  2.679E-01 
2.166E+00   1.133E+01  2.680E-01 
2.191E+00   1.139E+01  2.682E-01 
2.216E+00   1.145E+01  2.683E-01 
2.242E+00   1.151E+01  2.684E-01 
2.268E+00   1.157E+01  2.686E-01 
2.294E+00   1.163E+01  2.687E-01 
2.321E+00   1.169E+01  2.688E-01 
2.348E+00   1.175E+01  2.689E-01 
2.375E+00   1.181E+01  2.691E-01 
2.402E+00   1.187E+01  2.692E-01 
2.430E+00   1.193E+01  2.693E-01 
2.458E+00   1.200E+01  2.694E-01 
2.487E+00   1.206E+01  2.695E-01 
2.516E+00   1.212E+01  2.696E-01 
2.545E+00   1.218E+01  2.696E-01 
2.574E+00   1.225E+01  2.697E-01 
2.604E+00   1.231E+01  2.698E-01 
2.635E+00   1.238E+01  2.699E-01 
2.665E+00   1.244E+01  2.699E-01 
2.696E+00   1.251E+01  2.700E-01 
2.727E+00   1.257E+01  2.701E-01 
2.759E+00   1.264E+01  2.701E-01 
2.791E+00   1.270E+01  2.702E-01 
2.823E+00   1.277E+01  2.702E-01 
2.856E+00   1.283E+01  2.702E-01 
2.889E+00   1.290E+01  2.703E-01 
2.923E+00   1.297E+01  2.703E-01 
2.957E+00   1.304E+01  2.703E-01 
2.991E+00   1.310E+01  2.704E-01 
3.026E+00   1.317E+01  2.704E-01 
3.061E+00   1.324E+01  2.704E-01 
3.096E+00   1.331E+01  2.704E-01 
3.132E+00   1.338E+01  2.704E-01 
3.168E+00   1.345E+01  2.704E-01 
3.205E+00   1.352E+01  2.704E-01 
3.242E+00   1.359E+01  2.704E-01 
3.280E+00   1.366E+01  2.703E-01 
3.318E+00   1.373E+01  2.703E-01 
3.356E+00   1.380E+01  2.703E-01 
3.395E+00   1.387E+01  2.702E-01 
3.435E+00   1.395E+01  2.702E-01 
3.475E+00   1.402E+01  2.702E-01 
3.515E+00   1.409E+01  2.701E-01 
3.556E+00   1.417E+01  2.701E-01 
3.597E+00   1.424E+01  2.700E-01 
3.639E+00   1.431E+01  2.699E-01 
3.681E+00   1.439E+01  2.699E-01 
3.724E+00   1.446E+01  2.698E-01 
3.767E+00   1.454E+01  2.697E-01 
3.810E+00   1.461E+01  2.696E-01 
3.855E+00   1.469E+01  2.695E-01 
3.899E+00   1.477E+01  2.694E-01 
3.945E+00   1.484E+01  2.693E-01 
3.990E+00   1.492E+01  2.692E-01 
4.037E+00   1.500E+01  2.691E-01 
4.083E+00   1.508E+01  2.690E-01 
4.131E+00   1.515E+01  2.689E-01 
4.179E+00   1.523E+01  2.687E-01 
4.227E+00   1.531E+01  2.686E-01 
4.276E+00   1.539E+01  2.685E-01 
4.326E+00   1.547E+01  2.683E-01 
4.376E+00   1.555E+01  2.682E-01 
4.427E+00   1.563E+01  2.680E-01 
4.478E+00   1.571E+01  2.679E-01 
4.530E+00   1.580E+01  2.677E-01 
4.583E+00   1.588E+01  2.675E-01 
4.636E+00   1.596E+01  2.674E-01 
4.690E+00   1.604E+01  2.672E-01 
4.744E+00   1.613E+01  2.670E-01 
4.799E+00   1.621E+01  2.668E-01 
4.855E+00   1.629E+01  2.666E-01 
4.911E+00   1.638E+01  2.664E-01 
4.968E+00   1.646E+01  2.662E-01 
5.026E+00   1.655E+01  2.660E-01 
5.084E+00   1.663E+01  2.658E-01 
5.143E+00   1.672E+01  2.655E-01 
5.202E+00   1.681E+01  2.653E-01 
5.263E+00   1.689E+01  2.651E-01 
5.324E+00   1.698E+01  2.648E-01 
5.386E+00   1.707E+01  2.646E-01 
5.448E+00   1.716E+01  2.643E-01 
5.511E+00   1.725E+01  2.641E-01 
5.575E+00   1.734E+01  2.638E-01 
5.640E+00   1.742E+01  2.635E-01 
5.705E+00   1.751E+01  2.633E-01 
5.771E+00   1.761E+01  2.630E-01 
5.838E+00   1.770E+01  2.627E-01 
5.906E+00   1.779E+01  2.624E-01 
5.975E+00   1.788E+01  2.621E-01 
6.044E+00   1.797E+01  2.618E-01 
6.114E+00   1.806E+01  2.615E-01 
6.185E+00   1.816E+01  2.612E-01 
6.257E+00   1.825E+01  2.609E-01 
6.329E+00   1.834E+01  2.606E-01 
6.403E+00   1.844E+01  2.602E-01 
6.477E+00   1.853E+01  2.599E-01 
6.552E+00   1.863E+01  2.596E-01 
6.628E+00   1.872E+01  2.592E-01 
6.705E+00   1.882E+01  2.589E-01 
6.783E+00   1.892E+01  2.585E-01 
6.861E+00   1.901E+01  2.581E-01 
6.941E+00   1.911E+01  2.578E-01 
7.021E+00   1.921E+01  2.574E-01 
7.103E+00   1.931E+01  2.570E-01 
7.185E+00   1.941E+01  2.567E-01 
7.269E+00   1.951E+01  2.563E-01 
7.353E+00   1.961E+01  2.559E-01 
7.438E+00   1.971E+01  2.555E-01 
7.524E+00   1.981E+01  2.551E-01 
7.612E+00   1.991E+01  2.547E-01 
7.700E+00   2.001E+01  2.542E-01 
7.789E+00   2.011E+01  2.538E-01 
7.880E+00   2.022E+01  2.534E-01 
7.971E+00   2.032E+01  2.530E-01 
8.064E+00   2.042E+01  2.525E-01 
8.157E+00   2.053E+01  2.521E-01 
8.252E+00   2.063E+01  2.517E-01 
8.347E+00   2.074E+01  2.512E-01 
8.444E+00   2.084E+01  2.508E-01 
8.542E+00   2.095E+01  2.503E-01 
8.641E+00   2.105E+01  2.498E-01 
8.741E+00   2.116E+01  2.494E-01 
8.843E+00   2.127E+01  2.489E-01 
8.945E+00   2.137E+01  2.484E-01 
9.049E+00   2.148E+01  2.479E-01 
9.154E+00   2.159E+01  2.474E-01 
9.260E+00   2.170E+01  2.469E-01 
9.368E+00   2.181E+01  2.464E-01 
9.476E+00   2.192E+01  2.459E-01 
9.586E+00   2.203E+01  2.454E-01 
9.698E+00   2.214E+01  2.449E-01 
9.810E+00   2.225E+01  2.444E-01 
9.924E+00   2.236E+01  2.438E-01 
1.004E+01   2.248E+01  2.433E-01 
1.016E+01   2.259E+01  2.428E-01 
1.027E+01   2.270E+01  2.422E-01 
1.039E+01   2.281E+01  2.417E-01 
1.051E+01   2.293E+01  2.411E-01 
1.063E+01   2.304E+01  2.406E-01 
1.076E+01   2.316E+01  2.400E-01 
1.088E+01   2.327E+01  2.395E-01 
1.101E+01   2.339E+01  2.389E-01 
1.114E+01   2.351E+01  2.383E-01 
1.127E+01   2.362E+01  2.378E-01 
1.140E+01   2.374E+01  2.372E-01 
1.153E+01   2.386E+01  2.366E-01 
1.166E+01   2.397E+01  2.360E-01 
1.180E+01   2.409E+01  2.354E-01 
1.193E+01   2.421E+01  2.348E-01 
1.207E+01   2.433E+01  2.342E-01 
1.221E+01   2.445E+01  2.336E-01 
1.235E+01   2.457E+01  2.330E-01 
1.250E+01   2.469E+01  2.324E-01 
1.264E+01   2.481E+01  2.317E-01 
1.279E+01   2.493E+01  2.311E-01 
1.294E+01   2.506E+01  2.305E-01 
1.309E+01   2.518E+01  2.299E-01 
1.324E+01   2.530E+01  2.292E-01 
1.339E+01   2.542E+01  2.286E-01 
1.355E+01   2.555E+01  2.279E-01 
1.371E+01   2.567E+01  2.273E-01 
1.387E+01   2.579E+01  2.266E-01 
1.403E+01   2.592E+01  2.260E-01 
1.419E+01   2.604E+01  2.253E-01 
1.435E+01   2.617E+01  2.247E-01 
1.452E+01   2.629E+01  2.240E-01 
1.469E+01   2.642E+01  2.233E-01 
1.486E+01   2.655E+01  2.226E-01 
1.503E+01   2.667E+01  2.220E-01 
1.521E+01   2.680E+01  2.213E-01 
1.538E+01   2.693E+01  2.206E-01 
1.556E+01   2.706E+01  2.199E-01 
1.574E+01   2.718E+01  2.192E-01 
1.592E+01   2.731E+01  2.185E-01 
1.611E+01   2.744E+01  2.178E-01 
1.629E+01   2.757E+01  2.171E-01 
1.648E+01   2.770E+01  2.164E-01 
1.667E+01   2.783E+01  2.157E-01 
1.687E+01   2.796E+01  2.150E-01 
1.706E+01   2.809E+01  2.143E-01 
1.726E+01   2.822E+01  2.136E-01 
1.746E+01   2.835E+01  2.128E-01 
1.766E+01   2.848E+01  2.121E-01 
1.787E+01   2.862E+01  2.114E-01 
1.808E+01   2.875E+01  2.107E-01 
1.829E+01   2.888E+01  2.099E-01 
1.850E+01   2.901E+01  2.092E-01 
1.871E+01   2.914E+01  2.084E-01 
1.893E+01   2.928E+01  2.077E-01 
1.915E+01   2.941E+01  2.070E-01 
1.937E+01   2.954E+01  2.062E-01 
1.960E+01   2.968E+01  2.055E-01 
1.982E+01   2.981E+01  2.047E-01 
2.005E+01   2.994E+01  2.040E-01 
2.029E+01   3.008E+01  2.032E-01 
2.052E+01   3.021E+01  2.025E-01 
2.076E+01   3.034E+01  2.017E-01 
2.100E+01   3.048E+01  2.009E-01 
2.124E+01   3.061E+01  2.002E-01 
2.149E+01   3.075E+01  1.994E-01 
2.174E+01   3.088E+01  1.986E-01 
2.199E+01   3.102E+01  1.979E-01 
2.225E+01   3.115E+01  1.971E-01 
2.250E+01   3.129E+01  1.963E-01 
2.277E+01   3.142E+01  1.955E-01 
2.303E+01   3.156E+01  1.948E-01 
2.330E+01   3.169E+01  1.940E-01 
2.357E+01   3.183E+01  1.932E-01 
2.384E+01   3.196E+01  1.924E-01 
2.412E+01   3.210E+01  1.916E-01 
2.440E+01   3.223E+01  1.908E-01 
2.468E+01   3.237E+01  1.901E-01 
2.497E+01   3.250E+01  1.893E-01 
2.526E+01   3.263E+01  1.885E-01 
2.555E+01   3.277E+01  1.877E-01 
2.584E+01   3.290E+01  1.869E-01 
2.614E+01   3.304E+01  1.861E-01 
2.645E+01   3.317E+01  1.853E-01 
2.675E+01   3.331E+01  1.845E-01 
2.707E+01   3.344E+01  1.837E-01 
2.738E+01   3.357E+01  1.829E-01 
2.770E+01   3.371E+01  1.821E-01 
2.802E+01   3.384E+01  1.813E-01 
2.834E+01   3.397E+01  1.805E-01 
2.867E+01   3.411E+01  1.797E-01 
2.900E+01   3.424E+01  1.789E-01 
2.934E+01   3.437E+01  1.781E-01 
2.968E+01   3.450E+01  1.773E-01 
3.003E+01   3.464E+01  1.765E-01 
3.037E+01   3.477E+01  1.757E-01 
3.073E+01   3.490E+01  1.749E-01 
3.108E+01   3.503E+01  1.741E-01 
3.144E+01   3.516E+01  1.733E-01 
3.181E+01   3.529E+01  1.725E-01 
3.218E+01   3.542E+01  1.717E-01 
3.255E+01   3.555E+01  1.709E-01 
3.293E+01   3.567E+01  1.700E-01 
3.331E+01   3.580E+01  1.692E-01 
3.370E+01   3.593E+01  1.684E-01 
3.409E+01   3.606E+01  1.676E-01 
3.448E+01   3.618E+01  1.668E-01 
3.488E+01   3.631E+01  1.660E-01 
3.529E+01   3.643E+01  1.652E-01 
3.570E+01   3.656E+01  1.644E-01 
3.611E+01   3.668E+01  1.636E-01 
3.653E+01   3.680E+01  1.628E-01 
3.695E+01   3.693E+01  1.620E-01 
3.738E+01   3.705E+01  1.612E-01 
3.781E+01   3.717E+01  1.604E-01 
3.825E+01   3.729E+01  1.596E-01 
3.870E+01   3.741E+01  1.587E-01 
3.915E+01   3.753E+01  1.579E-01 
3.960E+01   3.764E+01  1.571E-01 
4.006E+01   3.776E+01  1.563E-01 
4.052E+01   3.788E+01  1.555E-01 
4.099E+01   3.799E+01  1.547E-01 
4.147E+01   3.810E+01  1.539E-01 
4.195E+01   3.822E+01  1.531E-01 
4.244E+01   3.833E+01  1.523E-01 
4.293E+01   3.844E+01  1.515E-01 
4.343E+01   3.855E+01  1.507E-01 
4.393E+01   3.866E+01  1.499E-01 
4.444E+01   3.877E+01  1.491E-01 
4.496E+01   3.887E+01  1.483E-01 
4.548E+01   3.898E+01  1.475E-01 
4.600E+01   3.908E+01  1.467E-01 
4.654E+01   3.919E+01  1.459E-01 
4.708E+01   3.929E+01  1.452E-01 
4.762E+01   3.939E+01  1.444E-01 
4.818E+01   3.949E+01  1.436E-01 
4.873E+01   3.959E+01  1.428E-01 
4.930E+01   3.968E+01  1.420E-01 
4.987E+01   3.978E+01  1.412E-01 
5.045E+01   3.987E+01  1.404E-01 
5.104E+01   3.997E+01  1.396E-01 
5.163E+01   4.006E+01  1.389E-01 
5.223E+01   4.015E+01  1.381E-01 
5.283E+01   4.024E+01  1.373E-01 
5.344E+01   4.033E+01  1.365E-01 
5.406E+01   4.041E+01  1.358E-01 
5.469E+01   4.050E+01  1.350E-01 
5.533E+01   4.058E+01  1.342E-01 
5.597E+01   4.066E+01  1.334E-01 
5.662E+01   4.074E+01  1.327E-01 
5.727E+01   4.082E+01  1.319E-01 
5.794E+01   4.090E+01  1.311E-01 
5.861E+01   4.097E+01  1.304E-01 
5.929E+01   4.104E+01  1.296E-01 
5.998E+01   4.112E+01  1.289E-01 
6.067E+01   4.119E+01  1.281E-01 
6.138E+01   4.126E+01  1.273E-01 
6.209E+01   4.132E+01  1.266E-01 
6.281E+01   4.139E+01  1.258E-01 
6.354E+01   4.145E+01  1.251E-01 
6.427E+01   4.152E+01  1.243E-01 
6.502E+01   4.158E+01  1.236E-01 
6.577E+01   4.163E+01  1.228E-01 
6.654E+01   4.169E+01  1.221E-01 
6.731E+01   4.175E+01  1.214E-01 
6.809E+01   4.180E+01  1.206E-01 
6.888E+01   4.185E+01  1.199E-01 
6.968E+01   4.190E+01  1.192E-01 
7.049E+01   4.195E+01  1.184E-01 
7.130E+01   4.200E+01  1.177E-01 
7.213E+01   4.204E+01  1.170E-01 
7.297E+01   4.208E+01  1.162E-01 
7.381E+01   4.212E+01  1.155E-01 
7.467E+01   4.216E+01  1.148E-01 
7.554E+01   4.220E+01  1.141E-01 
7.641E+01   4.224E+01  1.134E-01 
7.730E+01   4.227E+01  1.127E-01 
7.820E+01   4.230E+01  1.119E-01 
7.910E+01   4.233E+01  1.112E-01 
8.002E+01   4.236E+01  1.105E-01 
8.095E+01   4.238E+01  1.098E-01 
8.189E+01   4.241E+01  1.091E-01 
8.284E+01   4.243E+01  1.084E-01 
8.380E+01   4.245E+01  1.077E-01 
8.477E+01   4.247E+01  1.070E-01 
8.575E+01   4.249E+01  1.064E-01 
8.675E+01   4.250E+01  1.057E-01 
8.775E+01   4.251E+01  1.050E-01 
8.877E+01   4.253E+01  1.043E-01 
8.980E+01   4.253E+01  1.036E-01 
9.084E+01   4.254E+01  1.029E-01 
9.190E+01   4.255E+01  1.023E-01 
9.296E+01   4.255E+01  1.016E-01 
9.404E+01   4.255E+01  1.009E-01 
9.513E+01   4.255E+01  1.003E-01 
9.624E+01   4.255E+01  9.960E-02 
9.735E+01   4.255E+01  9.894E-02 
9.848E+01   4.254E+01  9.828E-02 
9.962E+01   4.253E+01  9.762E-02 
1.008E+02   4.252E+01  9.697E-02 
1.019E+02   4.251E+01  9.632E-02 
1.031E+02   4.250E+01  9.567E-02 
1.043E+02   4.249E+01  9.503E-02 
1.055E+02   4.247E+01  9.439E-02 
1.068E+02   4.245E+01  9.375E-02 
1.080E+02   4.243E+01  9.311E-02 
1.093E+02   4.241E+01  9.248E-02 
1.105E+02   4.238E+01  9.185E-02 
1.118E+02   4.236E+01  9.122E-02 
1.131E+02   4.233E+01  9.059E-02 
1.144E+02   4.230E+01  8.997E-02 
1.157E+02   4.227E+01  8.935E-02 
1.171E+02   4.224E+01  8.874E-02 
1.184E+02   4.221E+01  8.812E-02 
1.198E+02   4.217E+01  8.751E-02 
1.212E+02   4.213E+01  8.690E-02 
1.226E+02   4.209E+01  8.630E-02 
1.240E+02   4.205E+01  8.570E-02 
1.255E+02   4.201E+01  8.510E-02 
1.269E+02   4.196E+01  8.450E-02 
1.284E+02   4.192E+01  8.391E-02 
1.299E+02   4.187E+01  8.332E-02 
1.314E+02   4.182E+01  8.273E-02 
1.329E+02   4.177E+01  8.214E-02 
1.345E+02   4.172E+01  8.156E-02 
1.360E+02   4.166E+01  8.098E-02 
1.376E+02   4.161E+01  8.041E-02 
1.392E+02   4.155E+01  7.983E-02 
1.408E+02   4.149E+01  7.926E-02 
1.424E+02   4.143E+01  7.870E-02 
1.441E+02   4.137E+01  7.813E-02 
1.458E+02   4.131E+01  7.757E-02 
1.475E+02   4.124E+01  7.701E-02 
1.492E+02   4.118E+01  7.646E-02 
1.509E+02   4.111E+01  7.590E-02 
1.526E+02   4.104E+01  7.535E-02 
1.544E+02   4.097E+01  7.481E-02 
1.562E+02   4.089E+01  7.426E-02 
1.580E+02   4.082E+01  7.372E-02 
1.598E+02   4.075E+01  7.318E-02 
1.617E+02   4.067E+01  7.265E-02 
1.636E+02   4.059E+01  7.212E-02 
1.655E+02   4.051E+01  7.159E-02 
1.674E+02   4.043E+01  7.106E-02 
1.693E+02   4.035E+01  7.054E-02 
1.713E+02   4.026E+01  7.002E-02 
1.733E+02   4.018E+01  6.950E-02 
1.753E+02   4.009E+01  6.898E-02 
1.773E+02   4.000E+01  6.847E-02 
1.794E+02   3.991E+01  6.796E-02 
1.815E+02   3.982E+01  6.745E-02 
1.836E+02   3.973E+01  6.695E-02 
1.857E+02   3.964E+01  6.645E-02 
1.879E+02   3.955E+01  6.595E-02 
1.900E+02   3.945E+01  6.546E-02 
1.922E+02   3.935E+01  6.497E-02 
1.945E+02   3.926E+01  6.448E-02 
1.967E+02   3.916E+01  6.399E-02 
1.990E+02   3.906E+01  6.351E-02 
2.013E+02   3.895E+01  6.303E-02 
2.036E+02   3.885E+01  6.255E-02 
2.060E+02   3.875E+01  6.208E-02 
2.084E+02   3.864E+01  6.160E-02 
2.108E+02   3.854E+01  6.113E-02 
2.133E+02   3.843E+01  6.067E-02 
2.157E+02   3.832E+01  6.020E-02 
2.182E+02   3.821E+01  5.974E-02 
2.208E+02   3.810E+01  5.929E-02 
2.233E+02   3.799E+01  5.883E-02 
2.259E+02   3.788E+01  5.838E-02 
2.285E+02   3.776E+01  5.793E-02 
2.312E+02   3.765E+01  5.748E-02 
2.339E+02   3.753E+01  5.704E-02 
2.366E+02   3.741E+01  5.660E-02 
2.393E+02   3.730E+01  5.616E-02 
2.421E+02   3.718E+01  5.572E-02 
2.449E+02   3.706E+01  5.529E-02 
2.478E+02   3.694E+01  5.486E-02 
2.506E+02   3.682E+01  5.443E-02 
2.535E+02   3.669E+01  5.401E-02 
2.565E+02   3.657E+01  5.358E-02 
2.595E+02   3.645E+01  5.316E-02 
2.625E+02   3.632E+01  5.275E-02 
2.655E+02   3.619E+01  5.233E-02 
2.686E+02   3.607E+01  5.192E-02 
2.717E+02   3.594E+01  5.151E-02 
2.749E+02   3.581E+01  5.111E-02 
2.780E+02   3.568E+01  5.070E-02 
2.813E+02   3.555E+01  5.030E-02 
2.845E+02   3.542E+01  4.990E-02 
2.878E+02   3.529E+01  4.951E-02 
2.912E+02   3.516E+01  4.911E-02 
2.945E+02   3.502E+01  4.872E-02 
2.980E+02   3.489E+01  5.150E-02 
3.014E+02   3.476E+01  5.108E-02 
3.049E+02   3.462E+01  5.067E-02 
3.085E+02   3.449E+01  5.026E-02 
3.120E+02   3.435E+01  4.985E-02 
3.156E+02   3.421E+01  4.944E-02 
3.193E+02   3.407E+01  4.904E-02 
3.230E+02   3.394E+01  4.863E-02 
3.268E+02   3.380E+01  4.824E-02 
3.306E+02   3.366E+01  4.784E-02 
3.344E+02   3.352E+01  4.745E-02 
3.383E+02   3.338E+01  4.706E-02 
3.422E+02   3.324E+01  4.667E-02 
3.462E+02   3.310E+01  4.628E-02 
3.502E+02   3.295E+01  4.590E-02 
3.542E+02   3.281E+01  4.552E-02 
3.583E+02   3.267E+01  4.515E-02 
3.625E+02   3.253E+01  4.477E-02 
3.667E+02   3.238E+01  4.440E-02 
3.710E+02   3.224E+01  4.403E-02 
3.753E+02   3.209E+01  4.367E-02 
3.796E+02   3.195E+01  4.330E-02 
3.840E+02   3.181E+01  4.294E-02 
3.885E+02   3.166E+01  4.258E-02 
3.930E+02   3.151E+01  4.223E-02 
3.975E+02   3.137E+01  4.187E-02 
4.021E+02   3.122E+01  4.152E-02 
4.068E+02   3.108E+01  4.117E-02 
4.115E+02   3.093E+01  4.083E-02 
4.163E+02   3.078E+01  4.049E-02 
4.211E+02   3.063E+01  4.014E-02 
4.260E+02   3.049E+01  3.981E-02 
4.310E+02   3.034E+01  3.947E-02 
4.360E+02   3.019E+01  3.914E-02 
4.410E+02   3.004E+01  3.881E-02 
4.461E+02   2.990E+01  3.848E-02 
4.513E+02   2.975E+01  3.815E-02 
4.565E+02   2.960E+01  3.783E-02 
4.618E+02   2.945E+01  3.751E-02 
4.672E+02   2.930E+01  3.719E-02 
4.726E+02   2.916E+01  3.687E-02 
4.781E+02   2.901E+01  3.656E-02 
4.836E+02   2.886E+01  3.625E-02 
4.892E+02   2.871E+01  3.594E-02 
4.949E+02   2.856E+01  3.563E-02 
5.007E+02   2.841E+01  3.533E-02 
5.065E+02   2.826E+01  3.502E-02 
5.123E+02   2.812E+01  3.472E-02 
5.183E+02   2.797E+01  3.443E-02 
5.243E+02   2.782E+01  3.413E-02 
5.304E+02   2.767E+01  3.384E-02 
5.365E+02   2.752E+01  3.355E-02 
5.428E+02   2.738E+01  3.326E-02 
5.490E+02   2.723E+01  3.297E-02 
5.554E+02   2.708E+01  3.269E-02 
5.619E+02   2.693E+01  3.240E-02 
5.684E+02   2.679E+01  3.212E-02 
5.750E+02   2.664E+01  3.185E-02 
5.816E+02   2.649E+01  3.157E-02 
5.884E+02   2.635E+01  3.130E-02 
5.952E+02   2.620E+01  3.103E-02 
6.021E+02   2.606E+01  3.076E-02 
6.091E+02   2.591E+01  3.049E-02 
6.162E+02   2.576E+01  3.022E-02 
6.233E+02   2.562E+01  2.996E-02 
6.305E+02   2.548E+01  2.970E-02 
6.378E+02   2.533E+01  2.944E-02 
6.452E+02   2.519E+01  2.918E-02 
6.527E+02   2.504E+01  2.893E-02 
6.603E+02   2.490E+01  2.868E-02 
6.680E+02   2.476E+01  2.842E-02 
6.757E+02   2.462E+01  2.818E-02 
6.835E+02   2.448E+01  2.793E-02 
6.915E+02   2.433E+01  2.768E-02 
6.995E+02   2.419E+01  2.744E-02 
7.076E+02   2.405E+01  2.720E-02 
7.158E+02   2.391E+01  2.696E-02 
7.241E+02   2.377E+01  2.672E-02 
7.325E+02   2.364E+01  2.649E-02 
7.410E+02   2.350E+01  2.625E-02 
7.496E+02   2.336E+01  2.602E-02 
7.583E+02   2.322E+01  2.579E-02 
7.671E+02   2.309E+01  2.556E-02 
7.760E+02   2.295E+01  2.534E-02 
7.850E+02   2.282E+01  2.511E-02 
7.941E+02   2.268E+01  2.489E-02 
8.033E+02   2.255E+01  2.467E-02 
8.126E+02   2.242E+01  2.445E-02 
8.221E+02   2.229E+01  2.424E-02 
8.316E+02   2.215E+01  2.402E-02 
8.412E+02   2.202E+01  2.381E-02 
8.510E+02   2.189E+01  2.359E-02 
8.609E+02   2.177E+01  2.338E-02 
8.709E+02   2.164E+01  2.318E-02 
8.810E+02   2.151E+01  2.297E-02 
8.912E+02   2.138E+01  2.276E-02 
9.015E+02   2.126E+01  2.256E-02 
9.120E+02   2.113E+01  2.236E-02 
9.225E+02   2.101E+01  2.216E-02 
9.332E+02   2.088E+01  2.196E-02 
9.441E+02   2.076E+01  2.176E-02 
9.550E+02   2.064E+01  2.157E-02 
9.661E+02   2.052E+01  2.138E-02 
9.773E+02   2.040E+01  2.118E-02 
9.886E+02   2.028E+01  2.099E-02 
1.000E+03   2.016E+01  2.080E-02 
1.012E+03   2.007E+01  2.062E-02 
1.023E+03   2.001E+01  2.043E-02 
1.035E+03   1.996E+01  2.025E-02 
1.047E+03   1.991E+01  2.007E-02 
1.059E+03   1.985E+01  1.988E-02 
1.072E+03   1.980E+01  1.971E-02 
1.084E+03   1.974E+01  1.953E-02 
1.097E+03   1.969E+01  1.935E-02 
1.109E+03   1.963E+01  1.918E-02 
1.122E+03   1.957E+01  1.900E-02 
1.135E+03   1.951E+01  1.883E-02 
1.149E+03   1.945E+01  1.866E-02 
1.162E+03   1.940E+01  1.849E-02 
1.175E+03   1.934E+01  1.832E-02 
1.189E+03   1.927E+01  1.816E-02 
1.203E+03   1.921E+01  1.799E-02 
1.217E+03   1.915E+01  1.783E-02 
1.231E+03   1.908E+01  1.767E-02 
1.245E+03   1.901E+01  1.750E-02 
1.260E+03   1.895E+01  1.735E-02 
1.274E+03   1.888E+01  1.719E-02 
1.289E+03   1.881E+01  1.703E-02 
1.304E+03   1.874E+01  1.688E-02 
1.319E+03   1.867E+01  1.672E-02 
1.334E+03   1.860E+01  1.657E-02 
1.350E+03   1.853E+01  1.642E-02 
1.365E+03   1.846E+01  1.627E-02 
1.381E+03   1.839E+01  1.612E-02 
1.397E+03   1.832E+01  1.597E-02 
1.414E+03   1.824E+01  1.582E-02 
1.430E+03   1.817E+01  1.568E-02 
1.446E+03   1.810E+01  1.554E-02 
1.463E+03   1.802E+01  1.539E-02 
1.480E+03   1.795E+01  1.525E-02 
1.497E+03   1.787E+01  1.511E-02 
1.515E+03   1.779E+01  1.497E-02 
1.532E+03   1.772E+01  1.483E-02 
1.550E+03   1.764E+01  1.470E-02 
1.568E+03   1.756E+01  1.456E-02 
1.586E+03   1.748E+01  1.443E-02 
1.605E+03   1.740E+01  1.430E-02 
1.623E+03   1.732E+01  1.416E-02 
1.642E+03   1.724E+01  1.403E-02 
1.661E+03   1.716E+01  1.390E-02 
1.680E+03   1.708E+01  1.377E-02 
1.700E+03   1.700E+01  1.365E-02 
1.720E+03   1.692E+01  1.352E-02 
1.740E+03   1.683E+01  1.340E-02 
1.760E+03   1.675E+01  1.327E-02 
1.780E+03   1.667E+01  1.315E-02 
1.801E+03   1.658E+01  1.303E-02 
1.822E+03   1.650E+01  1.291E-02 
1.843E+03   1.641E+01  1.279E-02 
1.864E+03   1.633E+01  1.267E-02 
1.886E+03   1.624E+01  1.255E-02 
1.908E+03   1.616E+01  1.243E-02 
1.930E+03   1.607E+01  1.232E-02 
1.952E+03   1.598E+01  1.220E-02 
1.975E+03   1.590E+01  1.209E-02 
1.998E+03   1.581E+01  1.198E-02 
2.021E+03   1.573E+01  1.187E-02 
2.044E+03   1.564E+01  1.175E-02 
2.068E+03   1.555E+01  1.165E-02 
2.092E+03   1.547E+01  1.154E-02 
2.116E+03   1.538E+01  1.143E-02 
2.141E+03   1.529E+01  1.132E-02 
2.166E+03   1.521E+01  1.122E-02 
2.191E+03   1.512E+01  1.111E-02 
2.216E+03   1.503E+01  1.101E-02 
2.242E+03   1.495E+01  1.090E-02 
2.268E+03   1.486E+01  1.080E-02 
2.294E+03   1.478E+01  1.070E-02 
2.321E+03   1.469E+01  1.060E-02 
2.348E+03   1.460E+01  1.050E-02 
2.375E+03   1.452E+01  1.040E-02 
2.403E+03   1.443E+01  1.031E-02 
2.431E+03   1.435E+01  1.021E-02 
2.459E+03   1.426E+01  1.011E-02 
2.487E+03   1.418E+01  1.002E-02 
2.516E+03   1.409E+01  9.923E-03 
2.545E+03   1.401E+01  9.830E-03 
2.575E+03   1.393E+01  9.738E-03 
2.605E+03   1.384E+01  9.646E-03 
2.635E+03   1.376E+01  9.555E-03 
2.665E+03   1.368E+01  9.465E-03 
2.696E+03   1.359E+01  9.376E-03 
2.728E+03   1.351E+01  9.287E-03 
2.759E+03   1.343E+01  9.200E-03 
2.791E+03   1.335E+01  9.113E-03 
2.824E+03   1.326E+01  9.027E-03 
2.856E+03   1.318E+01  8.942E-03 
2.889E+03   1.310E+01  8.857E-03 
2.923E+03   1.302E+01  8.773E-03 
2.957E+03   1.294E+01  8.690E-03 
2.991E+03   1.286E+01  8.608E-03 
3.026E+03   1.278E+01  8.526E-03 
3.061E+03   1.270E+01  8.446E-03 
3.097E+03   1.262E+01  8.366E-03 
3.132E+03   1.254E+01  8.286E-03 
3.169E+03   1.246E+01  8.208E-03 
3.206E+03   1.238E+01  8.130E-03 
3.243E+03   1.231E+01  8.053E-03 
3.280E+03   1.223E+01  7.976E-03 
3.318E+03   1.215E+01  7.900E-03 
3.357E+03   1.207E+01  7.825E-03 
3.396E+03   1.200E+01  7.751E-03 
3.435E+03   1.192E+01  7.677E-03 
3.475E+03   1.184E+01  7.604E-03 
3.515E+03   1.177E+01  7.532E-03 
3.556E+03   1.169E+01  7.460E-03 
3.597E+03   1.162E+01  7.389E-03 
3.639E+03   1.154E+01  7.318E-03 
3.681E+03   1.147E+01  7.249E-03 
3.724E+03   1.139E+01  7.180E-03 
3.767E+03   1.132E+01  7.111E-03 
3.811E+03   1.125E+01  7.043E-03 
3.855E+03   1.117E+01  6.976E-03 
3.900E+03   1.110E+01  6.909E-03 
3.945E+03   1.103E+01  6.843E-03 
3.991E+03   1.096E+01  6.778E-03 
4.037E+03   1.089E+01  6.713E-03 
4.084E+03   1.081E+01  6.649E-03 
4.131E+03   1.074E+01  6.585E-03 
4.179E+03   1.067E+01  6.522E-03 
4.228E+03   1.060E+01  6.460E-03 
4.277E+03   1.053E+01  6.398E-03 
4.326E+03   1.046E+01  6.336E-03 
4.376E+03   1.039E+01  6.276E-03 
4.427E+03   1.032E+01  6.215E-03 
4.479E+03   1.026E+01  6.156E-03 
4.531E+03   1.019E+01  6.097E-03 
4.583E+03   1.012E+01  6.038E-03 
4.636E+03   1.005E+01  5.980E-03 
4.690E+03   9.984E+00  5.923E-03 
4.744E+03   9.917E+00  5.866E-03 
4.799E+03   9.850E+00  5.809E-03 
4.855E+03   9.784E+00  5.753E-03 
4.911E+03   9.718E+00  5.698E-03 
4.968E+03   9.652E+00  5.643E-03 
5.026E+03   9.586E+00  5.589E-03 
5.084E+03   9.521E+00  5.535E-03 
5.143E+03   9.457E+00  5.481E-03 
5.203E+03   9.392E+00  5.429E-03 
5.263E+03   9.328E+00  5.376E-03 
5.324E+03   9.265E+00  5.324E-03 
5.386E+03   9.201E+00  5.273E-03 
5.449E+03   9.138E+00  5.222E-03 
5.512E+03   9.075E+00  5.172E-03 
5.576E+03   9.013E+00  5.122E-03 
5.640E+03   8.951E+00  5.072E-03 
5.706E+03   8.889E+00  5.023E-03 
5.772E+03   8.828E+00  4.975E-03 
5.839E+03   8.767E+00  4.926E-03 
5.907E+03   8.706E+00  4.879E-03 
5.975E+03   8.645E+00  4.831E-03 
6.045E+03   8.585E+00  4.785E-03 
6.115E+03   8.525E+00  4.738E-03 
6.186E+03   8.466E+00  4.692E-03 
6.257E+03   8.407E+00  4.647E-03 
6.330E+03   8.348E+00  4.602E-03 
6.403E+03   8.289E+00  4.557E-03 
6.478E+03   8.231E+00  4.513E-03 
6.553E+03   8.173E+00  4.469E-03 
6.629E+03   8.115E+00  4.426E-03 
6.706E+03   8.058E+00  4.383E-03 
6.783E+03   8.001E+00  4.340E-03 
6.862E+03   7.944E+00  4.298E-03 
6.942E+03   7.888E+00  4.256E-03 
7.022E+03   7.832E+00  4.215E-03 
7.104E+03   7.776E+00  4.174E-03 
7.186E+03   7.721E+00  4.133E-03 
7.269E+03   7.666E+00  4.093E-03 
7.354E+03   7.611E+00  4.053E-03 
7.439E+03   7.556E+00  4.014E-03 
7.525E+03   7.502E+00  3.975E-03 
7.613E+03   7.448E+00  3.936E-03 
7.701E+03   7.395E+00  3.897E-03 
7.790E+03   7.342E+00  3.859E-03 
7.881E+03   7.289E+00  3.822E-03 
7.972E+03   7.236E+00  3.784E-03 
8.064E+03   7.184E+00  3.748E-03 
8.158E+03   7.131E+00  3.711E-03 
8.253E+03   7.080E+00  3.675E-03 
8.348E+03   7.028E+00  3.639E-03 
8.445E+03   6.977E+00  3.603E-03 
8.543E+03   6.926E+00  3.568E-03 
8.642E+03   6.876E+00  3.533E-03 
8.742E+03   6.825E+00  3.499E-03 
8.844E+03   6.775E+00  3.464E-03 
8.946E+03   6.726E+00  3.430E-03 
9.050E+03   6.676E+00  3.397E-03 
9.155E+03   6.627E+00  3.364E-03 
9.261E+03   6.579E+00  3.331E-03 
9.369E+03   6.530E+00  3.298E-03 
9.477E+03   6.482E+00  3.266E-03 
9.587E+03   6.434E+00  3.234E-03 
9.699E+03   6.386E+00  3.202E-03 
9.811E+03   6.339E+00  3.170E-03 
9.925E+03   6.292E+00  3.139E-03 
1.004E+04   6.245E+00  3.109E-03 
1.016E+04   6.199E+00  3.078E-03 
1.027E+04   6.152E+00  3.048E-03 
1.039E+04   6.107E+00  3.018E-03 
1.051E+04   6.061E+00  2.988E-03 
1.064E+04   6.016E+00  2.959E-03 
1.076E+04   5.970E+00  2.930E-03 
1.088E+04   5.926E+00  2.901E-03 
1.101E+04   5.881E+00  2.872E-03 
1.114E+04   5.837E+00  2.844E-03 
1.127E+04   5.793E+00  2.816E-03 
1.140E+04   5.749E+00  2.788E-03 
1.153E+04   5.706E+00  2.761E-03 
1.166E+04   5.663E+00  2.734E-03 
1.180E+04   5.620E+00  2.707E-03 
1.194E+04   5.577E+00  2.680E-03 
1.207E+04   5.535E+00  2.654E-03 
1.221E+04   5.493E+00  2.628E-03 
1.236E+04   5.451E+00  2.602E-03 
1.250E+04   5.410E+00  2.576E-03 
1.264E+04   5.368E+00  2.551E-03 
1.279E+04   5.327E+00  2.525E-03 
1.294E+04   5.287E+00  2.500E-03 
1.309E+04   5.246E+00  2.476E-03 
1.324E+04   5.206E+00  2.451E-03 
1.340E+04   5.166E+00  2.427E-03 
1.355E+04   5.127E+00  2.403E-03 
1.371E+04   5.087E+00  2.379E-03 
1.387E+04   5.048E+00  2.356E-03 
1.403E+04   5.009E+00  2.332E-03 
1.419E+04   4.971E+00  2.309E-03 
1.435E+04   4.932E+00  2.287E-03 
1.452E+04   4.894E+00  2.264E-03 
1.469E+04   4.856E+00  2.241E-03 
1.486E+04   4.819E+00  2.219E-03 
1.503E+04   4.781E+00  2.197E-03 
1.521E+04   4.744E+00  2.175E-03 
1.538E+04   4.707E+00  2.154E-03 
1.556E+04   4.671E+00  2.133E-03 
1.574E+04   4.634E+00  2.111E-03 
1.592E+04   4.598E+00  2.090E-03 
1.611E+04   4.562E+00  2.070E-03 
1.630E+04   4.527E+00  2.049E-03 
1.649E+04   4.491E+00  2.029E-03 
1.668E+04   4.456E+00  2.009E-03 
1.687E+04   4.421E+00  1.989E-03 
1.707E+04   4.387E+00  1.969E-03 
1.726E+04   4.352E+00  1.949E-03 
1.746E+04   4.318E+00  1.930E-03 
1.767E+04   4.284E+00  1.911E-03 
1.787E+04   4.251E+00  1.892E-03 
1.808E+04   4.217E+00  1.873E-03 
1.829E+04   4.184E+00  1.854E-03 
1.850E+04   4.151E+00  1.836E-03 
1.871E+04   4.118E+00  1.818E-03 
1.893E+04   4.086E+00  1.800E-03 
1.915E+04   4.053E+00  1.782E-03 
1.937E+04   4.021E+00  1.764E-03 
1.960E+04   3.989E+00  1.746E-03 
1.983E+04   3.958E+00  1.729E-03 
2.006E+04   3.926E+00  1.712E-03 
2.029E+04   3.895E+00  1.695E-03 
2.052E+04   3.864E+00  1.678E-03 
2.076E+04   3.834E+00  1.661E-03 
2.100E+04   3.803E+00  1.644E-03 
2.125E+04   3.773E+00  1.628E-03 
2.149E+04   3.743E+00  1.612E-03 
2.174E+04   3.713E+00  1.596E-03 
2.199E+04   3.683E+00  1.580E-03 
2.225E+04   3.654E+00  1.564E-03 
2.251E+04   3.625E+00  1.548E-03 
2.277E+04   3.596E+00  1.533E-03 
2.303E+04   3.567E+00  1.518E-03 
2.330E+04   3.538E+00  1.502E-03 
2.357E+04   3.510E+00  1.487E-03 
2.384E+04   3.482E+00  1.473E-03 
2.412E+04   3.454E+00  1.458E-03 
2.440E+04   3.426E+00  1.443E-03 
2.468E+04   3.399E+00  1.429E-03 
2.497E+04   3.371E+00  1.415E-03 
2.526E+04   3.344E+00  1.400E-03 
2.555E+04   3.317E+00  1.386E-03 
2.585E+04   3.290E+00  1.372E-03 
2.615E+04   3.264E+00  1.359E-03 
2.645E+04   3.238E+00  1.345E-03 
2.676E+04   3.211E+00  1.332E-03 
2.707E+04   3.186E+00  1.318E-03 
2.738E+04   3.160E+00  1.305E-03 
2.770E+04   3.134E+00  1.292E-03 
2.802E+04   3.109E+00  1.279E-03 
2.835E+04   3.084E+00  1.266E-03 
2.867E+04   3.059E+00  1.253E-03 
2.901E+04   3.034E+00  1.241E-03 
2.934E+04   3.009E+00  1.228E-03 
2.968E+04   2.985E+00  1.216E-03 
3.003E+04   2.961E+00  1.204E-03 
3.038E+04   2.937E+00  1.192E-03 
3.073E+04   2.913E+00  1.180E-03 
3.109E+04   2.889E+00  1.168E-03 
3.145E+04   2.866E+00  1.156E-03 
3.181E+04   2.843E+00  1.145E-03 
3.218E+04   2.820E+00  1.133E-03 
3.255E+04   2.797E+00  1.122E-03 
3.293E+04   2.774E+00  1.110E-03 
3.331E+04   2.751E+00  1.099E-03 
3.370E+04   2.729E+00  1.088E-03 
3.409E+04   2.707E+00  1.077E-03 
3.449E+04   2.685E+00  1.066E-03 
3.489E+04   2.663E+00  1.056E-03 
3.529E+04   2.641E+00  1.045E-03 
3.570E+04   2.620E+00  1.035E-03 
3.611E+04   2.598E+00  1.024E-03 
3.653E+04   2.577E+00  1.014E-03 
3.696E+04   2.556E+00  1.004E-03 
3.738E+04   2.535E+00  9.934E-04 
3.782E+04   2.514E+00  9.834E-04 
3.826E+04   2.494E+00  9.735E-04 
3.870E+04   2.474E+00  9.637E-04 
3.915E+04   2.453E+00  9.540E-04 
3.960E+04   2.433E+00  9.443E-04 
4.006E+04   2.413E+00  9.348E-04 
4.053E+04   2.394E+00  9.254E-04 
4.100E+04   2.374E+00  9.160E-04 
4.147E+04   2.355E+00  9.068E-04 
4.195E+04   2.336E+00  8.976E-04 
4.244E+04   2.316E+00  8.886E-04 
4.293E+04   2.298E+00  8.796E-04 
4.343E+04   2.279E+00  8.707E-04 
4.394E+04   2.260E+00  8.619E-04 
4.444E+04   2.242E+00  8.532E-04 
4.496E+04   2.223E+00  8.446E-04 
4.548E+04   2.205E+00  8.360E-04 
4.601E+04   2.187E+00  8.276E-04 
4.654E+04   2.169E+00  8.192E-04 
4.708E+04   2.152E+00  8.109E-04 
4.763E+04   2.134E+00  8.027E-04 
4.818E+04   2.117E+00  7.946E-04 
4.874E+04   2.099E+00  7.865E-04 
4.931E+04   2.082E+00  7.786E-04 
4.988E+04   2.065E+00  7.707E-04 
5.046E+04   2.048E+00  7.629E-04 
5.104E+04   2.032E+00  7.551E-04 
5.163E+04   2.015E+00  7.475E-04 
5.223E+04   1.998E+00  7.399E-04 
5.284E+04   1.982E+00  7.324E-04 
5.345E+04   1.966E+00  7.250E-04 
5.407E+04   1.950E+00  7.176E-04 
5.470E+04   1.934E+00  7.104E-04 
5.533E+04   1.918E+00  7.032E-04 
5.597E+04   1.903E+00  6.960E-04 
5.662E+04   1.887E+00  6.890E-04 
5.728E+04   1.872E+00  6.820E-04 
5.794E+04   1.857E+00  6.751E-04 
5.862E+04   1.841E+00  6.682E-04 
5.930E+04   1.826E+00  6.614E-04 
5.998E+04   1.812E+00  6.547E-04 
6.068E+04   1.797E+00  6.480E-04 
6.138E+04   1.782E+00  6.415E-04 
6.210E+04   1.768E+00  6.349E-04 
6.282E+04   1.753E+00  6.285E-04 
6.354E+04   1.739E+00  6.221E-04 
6.428E+04   1.725E+00  6.158E-04 
6.503E+04   1.711E+00  6.095E-04 
6.578E+04   1.697E+00  6.033E-04 
6.654E+04   1.684E+00  5.972E-04 
6.732E+04   1.670E+00  5.911E-04 
6.810E+04   1.656E+00  5.851E-04 
6.889E+04   1.643E+00  5.791E-04 
6.969E+04   1.630E+00  5.733E-04 
7.049E+04   1.617E+00  5.674E-04 
7.131E+04   1.604E+00  5.616E-04 
7.214E+04   1.591E+00  5.559E-04 
7.298E+04   1.578E+00  5.503E-04 
7.382E+04   1.565E+00  5.447E-04 
7.468E+04   1.552E+00  5.391E-04 
7.555E+04   1.540E+00  5.336E-04 
7.642E+04   1.528E+00  5.282E-04 
7.731E+04   1.515E+00  5.228E-04 
7.820E+04   1.503E+00  5.175E-04 
7.911E+04   1.491E+00  5.122E-04 
8.003E+04   1.479E+00  5.070E-04 
8.096E+04   1.467E+00  5.018E-04 
8.190E+04   1.456E+00  4.967E-04 
8.285E+04   1.444E+00  4.916E-04 
8.381E+04   1.432E+00  4.866E-04 
8.478E+04   1.421E+00  4.816E-04 
8.576E+04   1.410E+00  4.767E-04 
8.676E+04   1.399E+00  4.718E-04 
8.776E+04   1.387E+00  4.670E-04 
8.878E+04   1.376E+00  4.623E-04 
8.981E+04   1.365E+00  4.575E-04 
9.085E+04   1.355E+00  4.529E-04 
9.191E+04   1.344E+00  4.482E-04 
9.297E+04   1.333E+00  4.437E-04 
9.405E+04   1.323E+00  4.391E-04 
9.514E+04   1.312E+00  4.346E-04 
9.625E+04   1.302E+00  4.302E-04 
9.736E+04   1.292E+00  4.258E-04 
9.849E+04   1.282E+00  4.214E-04 
9.963E+04   1.272E+00  4.171E-04 
1.008E+05   1.262E+00  4.129E-04 
