Ion = Hydrogen    . Mass = 1.0079
Tgt =  K (Solid). Density = .86318 g/cm3
Stopping Units =  eV/(1E15 atoms/cm2)
Energy(keV)  S(Elec)    S(Nuc)
1.000E+00   4.502E+00  4.965E-01 
1.012E+00   4.528E+00  4.958E-01 
1.023E+00   4.554E+00  4.951E-01 
1.035E+00   4.580E+00  4.943E-01 
1.047E+00   4.607E+00  4.936E-01 
1.059E+00   4.633E+00  4.929E-01 
1.072E+00   4.660E+00  4.921E-01 
1.084E+00   4.687E+00  4.913E-01 
1.097E+00   4.714E+00  4.906E-01 
1.109E+00   4.742E+00  4.898E-01 
1.122E+00   4.769E+00  4.890E-01 
1.135E+00   4.797E+00  4.881E-01 
1.148E+00   4.824E+00  4.873E-01 
1.162E+00   4.852E+00  4.865E-01 
1.175E+00   4.880E+00  4.856E-01 
1.189E+00   4.908E+00  4.848E-01 
1.203E+00   4.937E+00  4.839E-01 
1.217E+00   4.965E+00  4.830E-01 
1.231E+00   4.994E+00  4.822E-01 
1.245E+00   5.023E+00  4.813E-01 
1.259E+00   5.052E+00  4.803E-01 
1.274E+00   5.081E+00  4.794E-01 
1.289E+00   5.111E+00  4.785E-01 
1.304E+00   5.140E+00  4.776E-01 
1.319E+00   5.170E+00  4.766E-01 
1.334E+00   5.200E+00  4.756E-01 
1.350E+00   5.230E+00  4.747E-01 
1.365E+00   5.260E+00  4.737E-01 
1.381E+00   5.291E+00  4.727E-01 
1.397E+00   5.321E+00  4.717E-01 
1.413E+00   5.352E+00  4.707E-01 
1.430E+00   5.383E+00  4.697E-01 
1.446E+00   5.414E+00  4.686E-01 
1.463E+00   5.445E+00  4.676E-01 
1.480E+00   5.477E+00  4.666E-01 
1.497E+00   5.508E+00  4.655E-01 
1.515E+00   5.540E+00  4.644E-01 
1.532E+00   5.572E+00  4.634E-01 
1.550E+00   5.605E+00  4.623E-01 
1.568E+00   5.637E+00  4.612E-01 
1.586E+00   5.670E+00  4.601E-01 
1.605E+00   5.702E+00  4.590E-01 
1.623E+00   5.735E+00  4.578E-01 
1.642E+00   5.768E+00  4.567E-01 
1.661E+00   5.802E+00  4.556E-01 
1.680E+00   5.835E+00  4.544E-01 
1.700E+00   5.869E+00  4.533E-01 
1.719E+00   5.903E+00  4.521E-01 
1.739E+00   5.937E+00  4.509E-01 
1.760E+00   5.972E+00  4.497E-01 
1.780E+00   6.006E+00  4.485E-01 
1.801E+00   6.041E+00  4.473E-01 
1.822E+00   6.076E+00  4.461E-01 
1.843E+00   6.111E+00  4.449E-01 
1.864E+00   6.146E+00  4.437E-01 
1.886E+00   6.182E+00  4.424E-01 
1.908E+00   6.218E+00  4.412E-01 
1.930E+00   6.253E+00  4.399E-01 
1.952E+00   6.290E+00  4.387E-01 
1.975E+00   6.326E+00  4.374E-01 
1.998E+00   6.363E+00  4.361E-01 
2.021E+00   6.397E+00  4.349E-01 
2.044E+00   6.423E+00  4.336E-01 
2.068E+00   6.449E+00  4.323E-01 
2.092E+00   6.475E+00  4.310E-01 
2.116E+00   6.502E+00  4.297E-01 
2.141E+00   6.529E+00  4.283E-01 
2.166E+00   6.556E+00  4.270E-01 
2.191E+00   6.583E+00  4.257E-01 
2.216E+00   6.611E+00  4.243E-01 
2.242E+00   6.638E+00  4.230E-01 
2.268E+00   6.666E+00  4.216E-01 
2.294E+00   6.695E+00  4.203E-01 
2.321E+00   6.723E+00  4.189E-01 
2.348E+00   6.752E+00  4.175E-01 
2.375E+00   6.781E+00  4.162E-01 
2.402E+00   6.810E+00  4.148E-01 
2.430E+00   6.840E+00  4.134E-01 
2.458E+00   6.869E+00  4.120E-01 
2.487E+00   6.899E+00  4.106E-01 
2.516E+00   6.930E+00  4.092E-01 
2.545E+00   6.960E+00  4.078E-01 
2.574E+00   6.991E+00  4.064E-01 
2.604E+00   7.022E+00  4.049E-01 
2.635E+00   7.054E+00  4.035E-01 
2.665E+00   7.086E+00  4.021E-01 
2.696E+00   7.117E+00  4.006E-01 
2.727E+00   7.150E+00  3.992E-01 
2.759E+00   7.182E+00  3.977E-01 
2.791E+00   7.215E+00  3.963E-01 
2.823E+00   7.248E+00  3.948E-01 
2.856E+00   7.282E+00  3.933E-01 
2.889E+00   7.315E+00  3.919E-01 
2.923E+00   7.349E+00  3.904E-01 
2.957E+00   7.384E+00  3.889E-01 
2.991E+00   7.418E+00  3.874E-01 
3.026E+00   7.453E+00  3.859E-01 
3.061E+00   7.488E+00  3.844E-01 
3.096E+00   7.524E+00  3.830E-01 
3.132E+00   7.560E+00  3.815E-01 
3.168E+00   7.596E+00  3.799E-01 
3.205E+00   7.633E+00  3.784E-01 
3.242E+00   7.669E+00  3.769E-01 
3.280E+00   7.706E+00  3.754E-01 
3.318E+00   7.744E+00  3.739E-01 
3.356E+00   7.782E+00  3.724E-01 
3.395E+00   7.820E+00  3.709E-01 
3.435E+00   7.858E+00  3.693E-01 
3.475E+00   7.897E+00  3.678E-01 
3.515E+00   7.936E+00  3.663E-01 
3.556E+00   7.976E+00  3.647E-01 
3.597E+00   8.016E+00  3.632E-01 
3.639E+00   8.056E+00  3.617E-01 
3.681E+00   8.096E+00  3.601E-01 
3.724E+00   8.137E+00  3.586E-01 
3.767E+00   8.179E+00  3.570E-01 
3.810E+00   8.220E+00  3.555E-01 
3.855E+00   8.262E+00  3.539E-01 
3.899E+00   8.305E+00  3.524E-01 
3.945E+00   8.347E+00  3.508E-01 
3.990E+00   8.391E+00  3.492E-01 
4.037E+00   8.434E+00  3.477E-01 
4.083E+00   8.478E+00  3.461E-01 
4.131E+00   8.522E+00  3.446E-01 
4.179E+00   8.567E+00  3.430E-01 
4.227E+00   8.612E+00  3.414E-01 
4.276E+00   8.657E+00  3.399E-01 
4.326E+00   8.703E+00  3.383E-01 
4.376E+00   8.749E+00  3.367E-01 
4.427E+00   8.796E+00  3.352E-01 
4.478E+00   8.843E+00  3.336E-01 
4.530E+00   8.891E+00  3.320E-01 
4.583E+00   8.938E+00  3.305E-01 
4.636E+00   8.987E+00  3.289E-01 
4.690E+00   9.035E+00  3.273E-01 
4.744E+00   9.085E+00  3.258E-01 
4.799E+00   9.134E+00  3.242E-01 
4.855E+00   9.184E+00  3.226E-01 
4.911E+00   9.234E+00  3.210E-01 
4.968E+00   9.285E+00  3.195E-01 
5.026E+00   9.337E+00  3.179E-01 
5.084E+00   9.388E+00  3.163E-01 
5.143E+00   9.441E+00  3.148E-01 
5.202E+00   9.493E+00  3.132E-01 
5.263E+00   9.546E+00  3.116E-01 
5.324E+00   9.600E+00  3.101E-01 
5.386E+00   9.654E+00  3.085E-01 
5.448E+00   9.708E+00  3.069E-01 
5.511E+00   9.763E+00  3.054E-01 
5.575E+00   9.819E+00  3.038E-01 
5.640E+00   9.874E+00  3.022E-01 
5.705E+00   9.931E+00  3.007E-01 
5.771E+00   9.988E+00  2.991E-01 
5.838E+00   1.004E+01  2.976E-01 
5.906E+00   1.010E+01  2.960E-01 
5.975E+00   1.016E+01  2.944E-01 
6.044E+00   1.022E+01  2.929E-01 
6.114E+00   1.028E+01  2.913E-01 
6.185E+00   1.034E+01  2.898E-01 
6.257E+00   1.040E+01  2.882E-01 
6.329E+00   1.046E+01  2.867E-01 
6.403E+00   1.052E+01  2.851E-01 
6.477E+00   1.058E+01  2.836E-01 
6.552E+00   1.065E+01  2.821E-01 
6.628E+00   1.071E+01  2.805E-01 
6.705E+00   1.077E+01  2.790E-01 
6.783E+00   1.084E+01  2.774E-01 
6.861E+00   1.090E+01  2.759E-01 
6.941E+00   1.097E+01  2.744E-01 
7.021E+00   1.103E+01  2.729E-01 
7.103E+00   1.110E+01  2.713E-01 
7.185E+00   1.116E+01  2.698E-01 
7.269E+00   1.123E+01  2.683E-01 
7.353E+00   1.130E+01  2.668E-01 
7.438E+00   1.137E+01  2.653E-01 
7.524E+00   1.144E+01  2.638E-01 
7.612E+00   1.150E+01  2.623E-01 
7.700E+00   1.157E+01  2.608E-01 
7.789E+00   1.165E+01  2.593E-01 
7.880E+00   1.172E+01  2.578E-01 
7.971E+00   1.179E+01  2.563E-01 
8.064E+00   1.186E+01  2.548E-01 
8.157E+00   1.193E+01  2.533E-01 
8.252E+00   1.201E+01  2.518E-01 
8.347E+00   1.208E+01  2.503E-01 
8.444E+00   1.215E+01  2.489E-01 
8.542E+00   1.223E+01  2.474E-01 
8.641E+00   1.231E+01  2.459E-01 
8.741E+00   1.238E+01  2.445E-01 
8.843E+00   1.246E+01  2.430E-01 
8.945E+00   1.254E+01  2.415E-01 
9.049E+00   1.261E+01  2.401E-01 
9.154E+00   1.269E+01  2.386E-01 
9.260E+00   1.277E+01  2.372E-01 
9.368E+00   1.285E+01  2.358E-01 
9.476E+00   1.293E+01  2.343E-01 
9.586E+00   1.302E+01  2.329E-01 
9.698E+00   1.310E+01  2.315E-01 
9.810E+00   1.318E+01  2.300E-01 
9.924E+00   1.326E+01  2.286E-01 
1.004E+01   1.335E+01  2.272E-01 
1.016E+01   1.343E+01  2.258E-01 
1.027E+01   1.352E+01  2.244E-01 
1.039E+01   1.360E+01  2.230E-01 
1.051E+01   1.369E+01  2.216E-01 
1.063E+01   1.378E+01  2.202E-01 
1.076E+01   1.386E+01  2.188E-01 
1.088E+01   1.395E+01  2.174E-01 
1.101E+01   1.404E+01  2.161E-01 
1.114E+01   1.413E+01  2.147E-01 
1.127E+01   1.422E+01  2.133E-01 
1.140E+01   1.431E+01  2.120E-01 
1.153E+01   1.440E+01  2.106E-01 
1.166E+01   1.449E+01  2.092E-01 
1.180E+01   1.459E+01  2.079E-01 
1.193E+01   1.468E+01  2.066E-01 
1.207E+01   1.478E+01  2.052E-01 
1.221E+01   1.487E+01  2.039E-01 
1.235E+01   1.497E+01  2.026E-01 
1.250E+01   1.506E+01  2.012E-01 
1.264E+01   1.516E+01  1.999E-01 
1.279E+01   1.526E+01  1.986E-01 
1.294E+01   1.535E+01  1.973E-01 
1.309E+01   1.545E+01  1.960E-01 
1.324E+01   1.555E+01  1.947E-01 
1.339E+01   1.565E+01  1.934E-01 
1.355E+01   1.575E+01  1.921E-01 
1.371E+01   1.586E+01  1.908E-01 
1.387E+01   1.596E+01  1.896E-01 
1.403E+01   1.606E+01  1.883E-01 
1.419E+01   1.616E+01  1.870E-01 
1.435E+01   1.627E+01  1.858E-01 
1.452E+01   1.637E+01  1.845E-01 
1.469E+01   1.648E+01  1.833E-01 
1.486E+01   1.658E+01  1.820E-01 
1.503E+01   1.669E+01  1.808E-01 
1.521E+01   1.680E+01  1.796E-01 
1.538E+01   1.691E+01  1.783E-01 
1.556E+01   1.702E+01  1.771E-01 
1.574E+01   1.712E+01  1.759E-01 
1.592E+01   1.723E+01  1.747E-01 
1.611E+01   1.735E+01  1.735E-01 
1.629E+01   1.746E+01  1.723E-01 
1.648E+01   1.757E+01  1.711E-01 
1.667E+01   1.768E+01  1.699E-01 
1.687E+01   1.779E+01  1.687E-01 
1.706E+01   1.791E+01  1.675E-01 
1.726E+01   1.802E+01  1.664E-01 
1.746E+01   1.814E+01  1.652E-01 
1.766E+01   1.825E+01  1.640E-01 
1.787E+01   1.837E+01  1.629E-01 
1.808E+01   1.849E+01  1.617E-01 
1.829E+01   1.860E+01  1.606E-01 
1.850E+01   1.872E+01  1.595E-01 
1.871E+01   1.884E+01  1.583E-01 
1.893E+01   1.896E+01  1.572E-01 
1.915E+01   1.908E+01  1.561E-01 
1.937E+01   1.920E+01  1.550E-01 
1.960E+01   1.932E+01  1.539E-01 
1.982E+01   1.944E+01  1.528E-01 
2.005E+01   1.956E+01  1.517E-01 
2.029E+01   1.969E+01  1.506E-01 
2.052E+01   1.981E+01  1.495E-01 
2.076E+01   1.993E+01  1.484E-01 
2.100E+01   2.006E+01  1.473E-01 
2.124E+01   2.018E+01  1.463E-01 
2.149E+01   2.030E+01  1.452E-01 
2.174E+01   2.043E+01  1.441E-01 
2.199E+01   2.056E+01  1.431E-01 
2.225E+01   2.068E+01  1.420E-01 
2.250E+01   2.081E+01  1.410E-01 
2.277E+01   2.094E+01  1.400E-01 
2.303E+01   2.106E+01  1.389E-01 
2.330E+01   2.119E+01  1.379E-01 
2.357E+01   2.132E+01  1.369E-01 
2.384E+01   2.145E+01  1.359E-01 
2.412E+01   2.158E+01  1.349E-01 
2.440E+01   2.171E+01  1.339E-01 
2.468E+01   2.183E+01  1.329E-01 
2.497E+01   2.196E+01  1.319E-01 
2.526E+01   2.209E+01  1.309E-01 
2.555E+01   2.223E+01  1.299E-01 
2.584E+01   2.236E+01  1.289E-01 
2.614E+01   2.249E+01  1.280E-01 
2.645E+01   2.262E+01  1.270E-01 
2.675E+01   2.275E+01  1.261E-01 
2.707E+01   2.288E+01  1.251E-01 
2.738E+01   2.301E+01  1.242E-01 
2.770E+01   2.314E+01  1.232E-01 
2.802E+01   2.328E+01  1.223E-01 
2.834E+01   2.341E+01  1.214E-01 
2.867E+01   2.354E+01  1.204E-01 
2.900E+01   2.367E+01  1.195E-01 
2.934E+01   2.380E+01  1.186E-01 
2.968E+01   2.394E+01  1.177E-01 
3.003E+01   2.407E+01  1.168E-01 
3.037E+01   2.420E+01  1.159E-01 
3.073E+01   2.433E+01  1.150E-01 
3.108E+01   2.447E+01  1.141E-01 
3.144E+01   2.460E+01  1.133E-01 
3.181E+01   2.473E+01  1.124E-01 
3.218E+01   2.486E+01  1.115E-01 
3.255E+01   2.499E+01  1.107E-01 
3.293E+01   2.512E+01  1.098E-01 
3.331E+01   2.526E+01  1.089E-01 
3.370E+01   2.539E+01  1.081E-01 
3.409E+01   2.552E+01  1.073E-01 
3.448E+01   2.565E+01  1.064E-01 
3.488E+01   2.578E+01  1.056E-01 
3.529E+01   2.591E+01  1.048E-01 
3.570E+01   2.604E+01  1.039E-01 
3.611E+01   2.616E+01  1.031E-01 
3.653E+01   2.629E+01  1.023E-01 
3.695E+01   2.642E+01  1.015E-01 
3.738E+01   2.655E+01  1.007E-01 
3.781E+01   2.668E+01  9.992E-02 
3.825E+01   2.680E+01  9.913E-02 
3.870E+01   2.693E+01  9.834E-02 
3.915E+01   2.705E+01  9.756E-02 
3.960E+01   2.718E+01  9.679E-02 
4.006E+01   2.730E+01  9.602E-02 
4.052E+01   2.742E+01  9.526E-02 
4.099E+01   2.755E+01  9.450E-02 
4.147E+01   2.767E+01  9.375E-02 
4.195E+01   2.779E+01  9.300E-02 
4.244E+01   2.791E+01  9.225E-02 
4.293E+01   2.803E+01  9.152E-02 
4.343E+01   2.815E+01  9.078E-02 
4.393E+01   2.826E+01  9.005E-02 
4.444E+01   2.838E+01  8.933E-02 
4.496E+01   2.849E+01  8.861E-02 
4.548E+01   2.861E+01  8.790E-02 
4.600E+01   2.872E+01  8.719E-02 
4.654E+01   2.883E+01  8.648E-02 
4.708E+01   2.894E+01  8.578E-02 
4.762E+01   2.905E+01  8.509E-02 
4.818E+01   2.916E+01  8.440E-02 
4.873E+01   2.927E+01  8.371E-02 
4.930E+01   2.938E+01  8.303E-02 
4.987E+01   2.948E+01  8.236E-02 
5.045E+01   2.958E+01  8.168E-02 
5.104E+01   2.969E+01  8.102E-02 
5.163E+01   2.979E+01  8.036E-02 
5.223E+01   2.989E+01  7.970E-02 
5.283E+01   2.998E+01  7.905E-02 
5.344E+01   3.008E+01  7.707E-02 
5.406E+01   3.017E+01  7.644E-02 
5.469E+01   3.027E+01  7.582E-02 
5.533E+01   3.036E+01  7.520E-02 
5.597E+01   3.045E+01  7.459E-02 
5.662E+01   3.054E+01  7.398E-02 
5.727E+01   3.062E+01  7.338E-02 
5.794E+01   3.071E+01  7.278E-02 
5.861E+01   3.079E+01  7.218E-02 
5.929E+01   3.087E+01  7.159E-02 
5.998E+01   3.095E+01  7.100E-02 
6.067E+01   3.103E+01  7.042E-02 
6.138E+01   3.111E+01  6.984E-02 
6.209E+01   3.118E+01  6.926E-02 
6.281E+01   3.125E+01  6.869E-02 
6.354E+01   3.132E+01  6.812E-02 
6.427E+01   3.139E+01  6.756E-02 
6.502E+01   3.146E+01  6.700E-02 
6.577E+01   3.152E+01  6.644E-02 
6.654E+01   3.158E+01  6.589E-02 
6.731E+01   3.164E+01  6.534E-02 
6.809E+01   3.170E+01  6.480E-02 
6.888E+01   3.176E+01  6.426E-02 
6.968E+01   3.181E+01  6.372E-02 
7.049E+01   3.186E+01  6.319E-02 
7.130E+01   3.191E+01  6.266E-02 
7.213E+01   3.196E+01  6.213E-02 
7.297E+01   3.200E+01  6.161E-02 
7.381E+01   3.205E+01  6.109E-02 
7.467E+01   3.209E+01  6.058E-02 
7.554E+01   3.212E+01  6.007E-02 
7.641E+01   3.216E+01  5.957E-02 
7.730E+01   3.219E+01  5.906E-02 
7.820E+01   3.223E+01  5.856E-02 
7.910E+01   3.225E+01  5.807E-02 
8.002E+01   3.228E+01  5.758E-02 
8.095E+01   3.231E+01  5.709E-02 
8.189E+01   3.233E+01  5.661E-02 
8.284E+01   3.235E+01  5.613E-02 
8.380E+01   3.237E+01  5.565E-02 
8.477E+01   3.238E+01  5.517E-02 
8.575E+01   3.239E+01  5.470E-02 
8.675E+01   3.240E+01  5.424E-02 
8.775E+01   3.241E+01  5.378E-02 
8.877E+01   3.242E+01  5.332E-02 
8.980E+01   3.242E+01  5.286E-02 
9.084E+01   3.242E+01  5.241E-02 
9.190E+01   3.242E+01  5.196E-02 
9.296E+01   3.242E+01  5.151E-02 
9.404E+01   3.241E+01  5.107E-02 
9.513E+01   3.240E+01  5.063E-02 
9.624E+01   3.239E+01  5.020E-02 
9.735E+01   3.238E+01  4.976E-02 
9.848E+01   3.236E+01  4.934E-02 
9.962E+01   3.234E+01  4.891E-02 
1.008E+02   3.232E+01  4.849E-02 
1.019E+02   3.230E+01  4.807E-02 
1.031E+02   3.227E+01  4.765E-02 
1.043E+02   3.225E+01  4.724E-02 
1.055E+02   3.222E+01  4.683E-02 
1.068E+02   3.219E+01  4.642E-02 
1.080E+02   3.215E+01  4.602E-02 
1.093E+02   3.211E+01  4.562E-02 
1.105E+02   3.208E+01  4.523E-02 
1.118E+02   3.203E+01  4.483E-02 
1.131E+02   3.199E+01  4.444E-02 
1.144E+02   3.195E+01  4.405E-02 
1.157E+02   3.190E+01  4.367E-02 
1.171E+02   3.185E+01  4.329E-02 
1.184E+02   3.180E+01  4.291E-02 
1.198E+02   3.174E+01  4.253E-02 
1.212E+02   3.168E+01  4.216E-02 
1.226E+02   3.163E+01  4.179E-02 
1.240E+02   3.157E+01  4.142E-02 
1.255E+02   3.150E+01  4.106E-02 
1.269E+02   3.144E+01  4.070E-02 
1.284E+02   3.137E+01  4.034E-02 
1.299E+02   3.130E+01  3.999E-02 
1.314E+02   3.123E+01  3.963E-02 
1.329E+02   3.116E+01  3.929E-02 
1.345E+02   3.108E+01  3.894E-02 
1.360E+02   3.101E+01  3.859E-02 
1.376E+02   3.093E+01  3.825E-02 
1.392E+02   3.085E+01  3.792E-02 
1.408E+02   3.077E+01  3.758E-02 
1.424E+02   3.068E+01  3.725E-02 
1.441E+02   3.060E+01  3.692E-02 
1.458E+02   3.051E+01  3.659E-02 
1.475E+02   3.042E+01  3.626E-02 
1.492E+02   3.033E+01  3.594E-02 
1.509E+02   3.024E+01  3.562E-02 
1.526E+02   3.015E+01  3.531E-02 
1.544E+02   3.005E+01  3.499E-02 
1.562E+02   2.995E+01  3.468E-02 
1.580E+02   2.986E+01  3.437E-02 
1.598E+02   2.976E+01  3.406E-02 
1.617E+02   2.965E+01  3.376E-02 
1.636E+02   2.955E+01  3.346E-02 
1.655E+02   2.945E+01  3.316E-02 
1.674E+02   2.934E+01  3.286E-02 
1.693E+02   2.924E+01  3.257E-02 
1.713E+02   2.913E+01  3.227E-02 
1.733E+02   2.902E+01  3.199E-02 
1.753E+02   2.891E+01  3.170E-02 
1.773E+02   2.880E+01  3.141E-02 
1.794E+02   2.868E+01  3.113E-02 
1.815E+02   2.857E+01  3.085E-02 
1.836E+02   2.845E+01  3.057E-02 
1.857E+02   2.834E+01  3.030E-02 
1.879E+02   2.822E+01  3.002E-02 
1.900E+02   2.810E+01  2.975E-02 
1.922E+02   2.798E+01  2.949E-02 
1.945E+02   2.786E+01  2.922E-02 
1.967E+02   2.774E+01  2.896E-02 
1.990E+02   2.762E+01  2.869E-02 
2.013E+02   2.749E+01  2.843E-02 
2.036E+02   2.737E+01  2.818E-02 
2.060E+02   2.725E+01  2.792E-02 
2.084E+02   2.712E+01  2.767E-02 
2.108E+02   2.699E+01  2.742E-02 
2.133E+02   2.687E+01  2.717E-02 
2.157E+02   2.674E+01  2.692E-02 
2.182E+02   2.661E+01  2.668E-02 
2.208E+02   2.648E+01  2.643E-02 
2.233E+02   2.635E+01  2.619E-02 
2.259E+02   2.622E+01  2.595E-02 
2.285E+02   2.609E+01  2.572E-02 
2.312E+02   2.596E+01  2.548E-02 
2.339E+02   2.583E+01  2.525E-02 
2.366E+02   2.570E+01  2.502E-02 
2.393E+02   2.556E+01  2.479E-02 
2.421E+02   2.543E+01  2.457E-02 
2.449E+02   2.530E+01  2.434E-02 
2.478E+02   2.516E+01  2.412E-02 
2.506E+02   2.503E+01  2.390E-02 
2.535E+02   2.490E+01  2.368E-02 
2.565E+02   2.476E+01  2.346E-02 
2.595E+02   2.463E+01  2.325E-02 
2.625E+02   2.449E+01  2.303E-02 
2.655E+02   2.436E+01  2.282E-02 
2.686E+02   2.422E+01  2.261E-02 
2.717E+02   2.408E+01  2.240E-02 
2.749E+02   2.395E+01  2.220E-02 
2.780E+02   2.381E+01  2.199E-02 
2.813E+02   2.368E+01  2.179E-02 
2.845E+02   2.354E+01  2.159E-02 
2.878E+02   2.340E+01  2.139E-02 
2.912E+02   2.327E+01  2.119E-02 
2.945E+02   2.313E+01  2.100E-02 
2.980E+02   2.300E+01  2.080E-02 
3.014E+02   2.286E+01  2.061E-02 
3.049E+02   2.272E+01  2.042E-02 
3.085E+02   2.259E+01  2.023E-02 
3.120E+02   2.245E+01  2.004E-02 
3.156E+02   2.232E+01  1.986E-02 
3.193E+02   2.218E+01  1.967E-02 
3.230E+02   2.204E+01  1.949E-02 
3.268E+02   2.191E+01  1.931E-02 
3.306E+02   2.177E+01  1.913E-02 
3.344E+02   2.164E+01  1.895E-02 
3.383E+02   2.150E+01  1.878E-02 
3.422E+02   2.137E+01  1.860E-02 
3.462E+02   2.123E+01  1.843E-02 
3.502E+02   2.110E+01  1.826E-02 
3.542E+02   2.097E+01  1.809E-02 
3.583E+02   2.083E+01  1.792E-02 
3.625E+02   2.070E+01  1.775E-02 
3.667E+02   2.056E+01  1.759E-02 
3.710E+02   2.043E+01  1.742E-02 
3.753E+02   2.030E+01  1.726E-02 
3.796E+02   2.017E+01  1.710E-02 
3.840E+02   2.004E+01  1.694E-02 
3.885E+02   1.990E+01  1.678E-02 
3.930E+02   1.977E+01  1.663E-02 
3.975E+02   1.964E+01  1.647E-02 
4.021E+02   1.951E+01  1.632E-02 
4.068E+02   1.938E+01  1.616E-02 
4.115E+02   1.925E+01  1.601E-02 
4.163E+02   1.912E+01  1.586E-02 
4.211E+02   1.899E+01  1.571E-02 
4.260E+02   1.887E+01  1.557E-02 
4.310E+02   1.874E+01  1.542E-02 
4.360E+02   1.861E+01  1.528E-02 
4.410E+02   1.848E+01  1.513E-02 
4.461E+02   1.836E+01  1.499E-02 
4.513E+02   1.823E+01  1.485E-02 
4.565E+02   1.811E+01  1.471E-02 
4.618E+02   1.798E+01  1.457E-02 
4.672E+02   1.786E+01  1.443E-02 
4.726E+02   1.773E+01  1.430E-02 
4.781E+02   1.761E+01  1.416E-02 
4.836E+02   1.749E+01  1.403E-02 
4.892E+02   1.736E+01  1.390E-02 
4.949E+02   1.724E+01  1.377E-02 
5.007E+02   1.712E+01  1.364E-02 
5.065E+02   1.700E+01  1.351E-02 
5.123E+02   1.688E+01  1.338E-02 
5.183E+02   1.676E+01  1.325E-02 
5.243E+02   1.664E+01  1.313E-02 
5.304E+02   1.652E+01  1.300E-02 
5.365E+02   1.640E+01  1.288E-02 
5.428E+02   1.629E+01  1.276E-02 
5.490E+02   1.617E+01  1.264E-02 
5.554E+02   1.605E+01  1.252E-02 
5.619E+02   1.594E+01  1.240E-02 
5.684E+02   1.582E+01  1.228E-02 
5.750E+02   1.571E+01  1.216E-02 
5.816E+02   1.559E+01  1.205E-02 
5.884E+02   1.548E+01  1.193E-02 
5.952E+02   1.537E+01  1.182E-02 
6.021E+02   1.526E+01  1.171E-02 
6.091E+02   1.514E+01  1.160E-02 
6.162E+02   1.503E+01  1.149E-02 
6.233E+02   1.492E+01  1.138E-02 
6.305E+02   1.481E+01  1.127E-02 
6.378E+02   1.470E+01  1.116E-02 
6.452E+02   1.460E+01  1.106E-02 
6.527E+02   1.449E+01  1.095E-02 
6.603E+02   1.438E+01  1.085E-02 
6.680E+02   1.427E+01  1.074E-02 
6.757E+02   1.417E+01  1.064E-02 
6.835E+02   1.406E+01  1.054E-02 
6.915E+02   1.396E+01  1.044E-02 
6.995E+02   1.385E+01  1.034E-02 
7.076E+02   1.375E+01  1.024E-02 
7.158E+02   1.365E+01  1.014E-02 
7.241E+02   1.355E+01  1.004E-02 
7.325E+02   1.344E+01  9.948E-03 
7.410E+02   1.334E+01  9.853E-03 
7.496E+02   1.324E+01  9.759E-03 
7.583E+02   1.314E+01  9.665E-03 
7.671E+02   1.304E+01  9.573E-03 
7.760E+02   1.294E+01  9.481E-03 
7.850E+02   1.285E+01  9.390E-03 
7.941E+02   1.275E+01  9.300E-03 
8.033E+02   1.265E+01  9.211E-03 
8.126E+02   1.256E+01  9.122E-03 
8.221E+02   1.246E+01  9.035E-03 
8.316E+02   1.237E+01  8.948E-03 
8.412E+02   1.227E+01  8.862E-03 
8.510E+02   1.218E+01  8.777E-03 
8.609E+02   1.208E+01  8.692E-03 
8.709E+02   1.199E+01  8.609E-03 
8.810E+02   1.190E+01  8.526E-03 
8.912E+02   1.181E+01  8.444E-03 
9.015E+02   1.172E+01  8.362E-03 
9.120E+02   1.163E+01  8.282E-03 
9.225E+02   1.154E+01  8.202E-03 
9.332E+02   1.145E+01  8.123E-03 
9.441E+02   1.136E+01  8.044E-03 
9.550E+02   1.127E+01  7.967E-03 
9.661E+02   1.119E+01  7.890E-03 
9.773E+02   1.110E+01  7.814E-03 
9.886E+02   1.101E+01  7.738E-03 
1.000E+03   1.093E+01  7.664E-03 
1.012E+03   1.085E+01  7.589E-03 
1.023E+03   1.078E+01  7.516E-03 
1.035E+03   1.071E+01  7.443E-03 
1.047E+03   1.064E+01  7.371E-03 
1.059E+03   1.057E+01  7.300E-03 
1.072E+03   1.050E+01  7.229E-03 
1.084E+03   1.043E+01  7.159E-03 
1.097E+03   1.036E+01  7.090E-03 
1.109E+03   1.028E+01  7.021E-03 
1.122E+03   1.021E+01  6.953E-03 
1.135E+03   1.013E+01  6.886E-03 
1.149E+03   1.006E+01  6.819E-03 
1.162E+03   9.978E+00  6.753E-03 
1.175E+03   9.900E+00  6.687E-03 
1.189E+03   9.821E+00  6.622E-03 
1.203E+03   9.741E+00  6.558E-03 
1.217E+03   9.664E+00  6.494E-03 
1.231E+03   9.591E+00  6.431E-03 
1.245E+03   9.518E+00  6.369E-03 
1.260E+03   9.447E+00  6.307E-03 
1.274E+03   9.375E+00  6.245E-03 
1.289E+03   9.304E+00  6.184E-03 
1.304E+03   9.234E+00  6.124E-03 
1.319E+03   9.164E+00  6.065E-03 
1.334E+03   9.094E+00  6.006E-03 
1.350E+03   9.025E+00  5.947E-03 
1.365E+03   8.957E+00  5.889E-03 
1.381E+03   8.889E+00  5.832E-03 
1.397E+03   8.821E+00  5.775E-03 
1.414E+03   8.754E+00  5.718E-03 
1.430E+03   8.688E+00  5.663E-03 
1.446E+03   8.622E+00  5.607E-03 
1.463E+03   8.556E+00  5.553E-03 
1.480E+03   8.491E+00  5.498E-03 
1.497E+03   8.426E+00  5.445E-03 
1.515E+03   8.362E+00  5.391E-03 
1.532E+03   8.298E+00  5.339E-03 
1.550E+03   8.234E+00  5.287E-03 
1.568E+03   8.171E+00  5.235E-03 
1.586E+03   8.108E+00  5.184E-03 
1.605E+03   8.046E+00  5.133E-03 
1.623E+03   7.984E+00  5.083E-03 
1.642E+03   7.923E+00  5.033E-03 
1.661E+03   7.862E+00  4.984E-03 
1.680E+03   7.802E+00  4.935E-03 
1.700E+03   7.741E+00  4.886E-03 
1.720E+03   7.682E+00  4.838E-03 
1.740E+03   7.622E+00  4.791E-03 
1.760E+03   7.564E+00  4.744E-03 
1.780E+03   7.505E+00  4.697E-03 
1.801E+03   7.447E+00  4.651E-03 
1.822E+03   7.389E+00  4.606E-03 
1.843E+03   7.332E+00  4.560E-03 
1.864E+03   7.275E+00  4.516E-03 
1.886E+03   7.218E+00  4.471E-03 
1.908E+03   7.162E+00  4.427E-03 
1.930E+03   7.106E+00  4.384E-03 
1.952E+03   7.051E+00  4.341E-03 
1.975E+03   6.996E+00  4.298E-03 
1.998E+03   6.941E+00  4.256E-03 
2.021E+03   6.887E+00  4.214E-03 
2.044E+03   6.833E+00  4.172E-03 
2.068E+03   6.779E+00  4.131E-03 
2.092E+03   6.726E+00  4.090E-03 
2.116E+03   6.673E+00  4.050E-03 
2.141E+03   6.621E+00  4.010E-03 
2.166E+03   6.569E+00  3.971E-03 
2.191E+03   6.517E+00  3.932E-03 
2.216E+03   6.466E+00  3.893E-03 
2.242E+03   6.415E+00  3.854E-03 
2.268E+03   6.364E+00  3.816E-03 
2.294E+03   6.313E+00  3.779E-03 
2.321E+03   6.263E+00  3.741E-03 
2.348E+03   6.214E+00  3.704E-03 
2.375E+03   6.164E+00  3.668E-03 
2.403E+03   6.115E+00  3.632E-03 
2.431E+03   6.067E+00  3.596E-03 
2.459E+03   6.019E+00  3.560E-03 
2.487E+03   5.971E+00  3.525E-03 
2.516E+03   5.923E+00  3.490E-03 
2.545E+03   5.876E+00  3.455E-03 
2.575E+03   5.829E+00  3.421E-03 
2.605E+03   5.782E+00  3.387E-03 
2.635E+03   5.736E+00  3.354E-03 
2.665E+03   5.690E+00  3.321E-03 
2.696E+03   5.644E+00  3.288E-03 
2.728E+03   5.599E+00  3.255E-03 
2.759E+03   5.554E+00  3.223E-03 
2.791E+03   5.509E+00  3.191E-03 
2.824E+03   5.464E+00  3.159E-03 
2.856E+03   5.420E+00  3.128E-03 
2.889E+03   5.377E+00  3.097E-03 
2.923E+03   5.333E+00  3.066E-03 
2.957E+03   5.290E+00  3.036E-03 
2.991E+03   5.247E+00  3.006E-03 
3.026E+03   5.204E+00  2.976E-03 
3.061E+03   5.162E+00  2.946E-03 
3.097E+03   5.120E+00  2.917E-03 
3.132E+03   5.079E+00  2.888E-03 
3.169E+03   5.037E+00  2.859E-03 
3.206E+03   4.996E+00  2.831E-03 
3.243E+03   4.955E+00  2.803E-03 
3.280E+03   4.915E+00  2.775E-03 
3.318E+03   4.875E+00  2.747E-03 
3.357E+03   4.835E+00  2.720E-03 
3.396E+03   4.795E+00  2.693E-03 
3.435E+03   4.756E+00  2.666E-03 
3.475E+03   4.717E+00  2.639E-03 
3.515E+03   4.678E+00  2.613E-03 
3.556E+03   4.640E+00  2.587E-03 
3.597E+03   4.602E+00  2.561E-03 
3.639E+03   4.564E+00  2.536E-03 
3.681E+03   4.526E+00  2.510E-03 
3.724E+03   4.489E+00  2.485E-03 
3.767E+03   4.452E+00  2.461E-03 
3.811E+03   4.415E+00  2.436E-03 
3.855E+03   4.378E+00  2.412E-03 
3.900E+03   4.342E+00  2.388E-03 
3.945E+03   4.306E+00  2.364E-03 
3.991E+03   4.270E+00  2.340E-03 
4.037E+03   4.235E+00  2.317E-03 
4.084E+03   4.200E+00  2.294E-03 
4.131E+03   4.165E+00  2.271E-03 
4.179E+03   4.130E+00  2.248E-03 
4.228E+03   4.096E+00  2.226E-03 
4.277E+03   4.061E+00  2.203E-03 
4.326E+03   4.027E+00  2.181E-03 
4.376E+03   3.994E+00  2.160E-03 
4.427E+03   3.960E+00  2.138E-03 
4.479E+03   3.927E+00  2.116E-03 
4.531E+03   3.894E+00  2.095E-03 
4.583E+03   3.862E+00  2.074E-03 
4.636E+03   3.829E+00  2.054E-03 
4.690E+03   3.797E+00  2.033E-03 
4.744E+03   3.765E+00  2.013E-03 
4.799E+03   3.733E+00  1.992E-03 
4.855E+03   3.702E+00  1.972E-03 
4.911E+03   3.671E+00  1.953E-03 
4.968E+03   3.640E+00  1.933E-03 
5.026E+03   3.609E+00  1.914E-03 
5.084E+03   3.579E+00  1.895E-03 
5.143E+03   3.548E+00  1.876E-03 
5.203E+03   3.518E+00  1.857E-03 
5.263E+03   3.489E+00  1.838E-03 
5.324E+03   3.459E+00  1.820E-03 
5.386E+03   3.430E+00  1.801E-03 
5.449E+03   3.401E+00  1.783E-03 
5.512E+03   3.372E+00  1.765E-03 
5.576E+03   3.343E+00  1.748E-03 
5.640E+03   3.315E+00  1.730E-03 
5.706E+03   3.286E+00  1.713E-03 
5.772E+03   3.258E+00  1.695E-03 
5.839E+03   3.231E+00  1.678E-03 
5.907E+03   3.203E+00  1.661E-03 
5.975E+03   3.176E+00  1.645E-03 
6.045E+03   3.149E+00  1.628E-03 
6.115E+03   3.122E+00  1.612E-03 
6.186E+03   3.095E+00  1.596E-03 
6.257E+03   3.068E+00  1.580E-03 
6.330E+03   3.042E+00  1.564E-03 
6.403E+03   3.016E+00  1.548E-03 
6.478E+03   2.990E+00  1.532E-03 
6.553E+03   2.965E+00  1.517E-03 
6.629E+03   2.939E+00  1.502E-03 
6.706E+03   2.914E+00  1.486E-03 
6.783E+03   2.889E+00  1.471E-03 
6.862E+03   2.864E+00  1.457E-03 
6.942E+03   2.839E+00  1.442E-03 
7.022E+03   2.815E+00  1.427E-03 
7.104E+03   2.790E+00  1.413E-03 
7.186E+03   2.766E+00  1.399E-03 
7.269E+03   2.742E+00  1.385E-03 
7.354E+03   2.719E+00  1.371E-03 
7.439E+03   2.695E+00  1.357E-03 
7.525E+03   2.672E+00  1.343E-03 
7.613E+03   2.649E+00  1.330E-03 
7.701E+03   2.626E+00  1.316E-03 
7.790E+03   2.603E+00  1.303E-03 
7.881E+03   2.580E+00  1.290E-03 
7.972E+03   2.558E+00  1.277E-03 
8.064E+03   2.536E+00  1.264E-03 
8.158E+03   2.514E+00  1.251E-03 
8.253E+03   2.492E+00  1.238E-03 
8.348E+03   2.470E+00  1.226E-03 
8.445E+03   2.449E+00  1.213E-03 
8.543E+03   2.427E+00  1.201E-03 
8.642E+03   2.406E+00  1.189E-03 
8.742E+03   2.385E+00  1.177E-03 
8.844E+03   2.364E+00  1.165E-03 
8.946E+03   2.344E+00  1.153E-03 
9.050E+03   2.323E+00  1.141E-03 
9.155E+03   2.303E+00  1.130E-03 
9.261E+03   2.283E+00  1.118E-03 
9.369E+03   2.263E+00  1.107E-03 
9.477E+03   2.243E+00  1.096E-03 
9.587E+03   2.223E+00  1.085E-03 
9.699E+03   2.204E+00  1.074E-03 
9.811E+03   2.184E+00  1.063E-03 
9.925E+03   2.165E+00  1.052E-03 
1.004E+04   2.146E+00  1.041E-03 
1.016E+04   2.127E+00  1.031E-03 
1.027E+04   2.109E+00  1.020E-03 
1.039E+04   2.090E+00  1.010E-03 
1.051E+04   2.072E+00  9.998E-04 
1.064E+04   2.053E+00  9.897E-04 
1.076E+04   2.035E+00  9.796E-04 
1.088E+04   2.017E+00  9.697E-04 
1.101E+04   2.000E+00  9.598E-04 
1.114E+04   1.982E+00  9.501E-04 
1.127E+04   1.965E+00  9.404E-04 
1.140E+04   1.947E+00  9.308E-04 
1.153E+04   1.930E+00  9.214E-04 
1.166E+04   1.913E+00  9.120E-04 
1.180E+04   1.896E+00  9.027E-04 
1.194E+04   1.879E+00  8.936E-04 
1.207E+04   1.863E+00  8.845E-04 
1.221E+04   1.846E+00  8.755E-04 
1.236E+04   1.830E+00  8.666E-04 
1.250E+04   1.814E+00  8.577E-04 
1.264E+04   1.798E+00  8.490E-04 
1.279E+04   1.782E+00  8.404E-04 
1.294E+04   1.766E+00  8.318E-04 
1.309E+04   1.750E+00  8.233E-04 
1.324E+04   1.735E+00  8.149E-04 
1.340E+04   1.719E+00  8.066E-04 
1.355E+04   1.704E+00  7.984E-04 
1.371E+04   1.689E+00  7.903E-04 
1.387E+04   1.674E+00  7.822E-04 
1.403E+04   1.659E+00  7.743E-04 
1.419E+04   1.644E+00  7.664E-04 
1.435E+04   1.629E+00  7.586E-04 
1.452E+04   1.615E+00  7.508E-04 
1.469E+04   1.601E+00  7.432E-04 
1.486E+04   1.586E+00  7.356E-04 
1.503E+04   1.572E+00  7.281E-04 
1.521E+04   1.558E+00  7.206E-04 
1.538E+04   1.544E+00  7.133E-04 
1.556E+04   1.530E+00  7.060E-04 
1.574E+04   1.517E+00  6.988E-04 
1.592E+04   1.503E+00  6.917E-04 
1.611E+04   1.490E+00  6.846E-04 
1.630E+04   1.477E+00  6.776E-04 
1.649E+04   1.463E+00  6.707E-04 
1.668E+04   1.450E+00  6.638E-04 
1.687E+04   1.437E+00  6.570E-04 
1.707E+04   1.424E+00  6.503E-04 
1.726E+04   1.412E+00  6.437E-04 
1.746E+04   1.399E+00  6.371E-04 
1.767E+04   1.387E+00  6.306E-04 
1.787E+04   1.374E+00  6.241E-04 
1.808E+04   1.362E+00  6.177E-04 
1.829E+04   1.350E+00  6.114E-04 
1.850E+04   1.338E+00  6.052E-04 
1.871E+04   1.326E+00  5.990E-04 
1.893E+04   1.314E+00  5.928E-04 
1.915E+04   1.302E+00  5.868E-04 
1.937E+04   1.290E+00  5.808E-04 
1.960E+04   1.279E+00  5.748E-04 
1.983E+04   1.267E+00  5.689E-04 
2.006E+04   1.256E+00  5.631E-04 
2.029E+04   1.245E+00  5.573E-04 
2.052E+04   1.233E+00  5.516E-04 
2.076E+04   1.222E+00  5.460E-04 
2.100E+04   1.211E+00  5.404E-04 
2.125E+04   1.201E+00  5.348E-04 
2.149E+04   1.190E+00  5.294E-04 
2.174E+04   1.179E+00  5.239E-04 
2.199E+04   1.168E+00  5.186E-04 
2.225E+04   1.158E+00  5.132E-04 
2.251E+04   1.148E+00  5.080E-04 
2.277E+04   1.137E+00  5.028E-04 
2.303E+04   1.127E+00  4.976E-04 
2.330E+04   1.117E+00  4.925E-04 
2.357E+04   1.107E+00  4.874E-04 
2.384E+04   1.097E+00  4.824E-04 
2.412E+04   1.087E+00  4.775E-04 
2.440E+04   1.077E+00  4.726E-04 
2.468E+04   1.068E+00  4.677E-04 
2.497E+04   1.058E+00  4.629E-04 
2.526E+04   1.048E+00  4.582E-04 
2.555E+04   1.039E+00  4.535E-04 
2.585E+04   1.030E+00  4.488E-04 
2.615E+04   1.020E+00  4.442E-04 
2.645E+04   1.011E+00  4.396E-04 
2.676E+04   1.002E+00  4.351E-04 
2.707E+04   9.932E-01  4.306E-04 
2.738E+04   9.843E-01  4.262E-04 
2.770E+04   9.754E-01  4.218E-04 
2.802E+04   9.667E-01  4.175E-04 
2.835E+04   9.580E-01  4.132E-04 
2.867E+04   9.494E-01  4.089E-04 
2.901E+04   9.408E-01  4.047E-04 
2.934E+04   9.324E-01  4.006E-04 
2.968E+04   9.240E-01  3.964E-04 
3.003E+04   9.157E-01  3.924E-04 
3.038E+04   9.075E-01  3.883E-04 
3.073E+04   8.993E-01  3.843E-04 
3.109E+04   8.912E-01  3.804E-04 
3.145E+04   8.832E-01  3.765E-04 
3.181E+04   8.753E-01  3.726E-04 
3.218E+04   8.674E-01  3.687E-04 
3.255E+04   8.596E-01  3.649E-04 
3.293E+04   8.519E-01  3.612E-04 
3.331E+04   8.443E-01  3.575E-04 
3.370E+04   8.367E-01  3.538E-04 
3.409E+04   8.292E-01  3.501E-04 
3.449E+04   8.217E-01  3.465E-04 
3.489E+04   8.144E-01  3.429E-04 
3.529E+04   8.071E-01  3.394E-04 
3.570E+04   7.998E-01  3.359E-04 
3.611E+04   7.927E-01  3.324E-04 
3.653E+04   7.856E-01  3.290E-04 
3.696E+04   7.785E-01  3.256E-04 
3.738E+04   7.715E-01  3.223E-04 
3.782E+04   7.646E-01  3.189E-04 
3.826E+04   7.578E-01  3.156E-04 
3.870E+04   7.510E-01  3.124E-04 
3.915E+04   7.443E-01  3.092E-04 
3.960E+04   7.376E-01  3.060E-04 
4.006E+04   7.310E-01  3.028E-04 
4.053E+04   7.245E-01  2.997E-04 
4.100E+04   7.180E-01  2.966E-04 
4.147E+04   7.116E-01  2.935E-04 
4.195E+04   7.053E-01  2.905E-04 
4.244E+04   6.990E-01  2.875E-04 
4.293E+04   6.927E-01  2.845E-04 
4.343E+04   6.865E-01  2.816E-04 
4.394E+04   6.804E-01  2.787E-04 
4.444E+04   6.744E-01  2.758E-04 
4.496E+04   6.683E-01  2.729E-04 
4.548E+04   6.624E-01  2.701E-04 
4.601E+04   6.565E-01  2.673E-04 
4.654E+04   6.507E-01  2.645E-04 
4.708E+04   6.449E-01  2.618E-04 
4.763E+04   6.391E-01  2.591E-04 
4.818E+04   6.335E-01  2.564E-04 
4.874E+04   6.278E-01  2.538E-04 
4.931E+04   6.223E-01  2.511E-04 
4.988E+04   6.167E-01  2.485E-04 
5.046E+04   6.113E-01  2.460E-04 
5.104E+04   6.059E-01  2.434E-04 
5.163E+04   6.005E-01  2.409E-04 
5.223E+04   5.952E-01  2.384E-04 
5.284E+04   5.899E-01  2.359E-04 
5.345E+04   5.847E-01  2.335E-04 
5.407E+04   5.795E-01  2.311E-04 
5.470E+04   5.744E-01  2.287E-04 
5.533E+04   5.693E-01  2.263E-04 
5.597E+04   5.643E-01  2.240E-04 
5.662E+04   5.594E-01  2.216E-04 
5.728E+04   5.544E-01  2.193E-04 
5.794E+04   5.495E-01  2.171E-04 
5.862E+04   5.447E-01  2.148E-04 
5.930E+04   5.399E-01  2.126E-04 
5.998E+04   5.352E-01  2.104E-04 
6.068E+04   5.305E-01  2.082E-04 
6.138E+04   5.258E-01  2.060E-04 
6.210E+04   5.212E-01  2.039E-04 
6.282E+04   5.167E-01  2.018E-04 
6.354E+04   5.121E-01  1.997E-04 
6.428E+04   5.077E-01  1.976E-04 
6.503E+04   5.032E-01  1.956E-04 
6.578E+04   4.988E-01  1.935E-04 
6.654E+04   4.945E-01  1.915E-04 
6.732E+04   4.902E-01  1.895E-04 
6.810E+04   4.859E-01  1.876E-04 
6.889E+04   4.817E-01  1.856E-04 
6.969E+04   4.775E-01  1.837E-04 
7.049E+04   4.734E-01  1.818E-04 
7.131E+04   4.693E-01  1.799E-04 
7.214E+04   4.652E-01  1.780E-04 
7.298E+04   4.612E-01  1.762E-04 
7.382E+04   4.572E-01  1.743E-04 
7.468E+04   4.532E-01  1.725E-04 
7.555E+04   4.493E-01  1.707E-04 
7.642E+04   4.455E-01  1.690E-04 
7.731E+04   4.416E-01  1.672E-04 
7.820E+04   4.378E-01  1.655E-04 
7.911E+04   4.341E-01  1.638E-04 
8.003E+04   4.303E-01  1.620E-04 
8.096E+04   4.267E-01  1.604E-04 
8.190E+04   4.230E-01  1.587E-04 
8.285E+04   4.194E-01  1.570E-04 
8.381E+04   4.158E-01  1.554E-04 
8.478E+04   4.123E-01  1.538E-04 
8.576E+04   4.088E-01  1.522E-04 
8.676E+04   4.053E-01  1.506E-04 
8.776E+04   4.018E-01  1.490E-04 
8.878E+04   3.984E-01  1.475E-04 
8.981E+04   3.951E-01  1.460E-04 
9.085E+04   3.917E-01  1.444E-04 
9.191E+04   3.884E-01  1.429E-04 
9.297E+04   3.851E-01  1.414E-04 
9.405E+04   3.819E-01  1.400E-04 
9.514E+04   3.787E-01  1.385E-04 
9.625E+04   3.755E-01  1.371E-04 
9.736E+04   3.723E-01  1.356E-04 
9.849E+04   3.692E-01  1.342E-04 
9.963E+04   3.661E-01  1.328E-04 
1.008E+05   3.631E-01  1.314E-04 
