Ion = Hydrogen    . Mass = 1.0079
Tgt = Fr (Solid). Density = 10 g/cm3
Stopping Units =  eV/(1E15 atoms/cm2)
Energy(keV)  S(Elec)    S(Nuc)
1.000E+00   9.849E+00  2.439E-01 
1.012E+00   9.906E+00  2.443E-01 
1.023E+00   9.963E+00  2.446E-01 
1.035E+00   1.002E+01  2.450E-01 
1.047E+00   1.008E+01  2.453E-01 
1.059E+00   1.014E+01  2.456E-01 
1.072E+00   1.020E+01  2.460E-01 
1.084E+00   1.025E+01  2.463E-01 
1.097E+00   1.031E+01  2.467E-01 
1.109E+00   1.037E+01  2.470E-01 
1.122E+00   1.043E+01  2.473E-01 
1.135E+00   1.049E+01  2.476E-01 
1.148E+00   1.055E+01  2.480E-01 
1.162E+00   1.062E+01  2.483E-01 
1.175E+00   1.068E+01  2.486E-01 
1.189E+00   1.074E+01  2.489E-01 
1.203E+00   1.080E+01  2.492E-01 
1.217E+00   1.086E+01  2.495E-01 
1.231E+00   1.093E+01  2.498E-01 
1.245E+00   1.099E+01  2.501E-01 
1.259E+00   1.105E+01  2.504E-01 
1.274E+00   1.112E+01  2.507E-01 
1.289E+00   1.118E+01  2.510E-01 
1.304E+00   1.125E+01  2.513E-01 
1.319E+00   1.131E+01  2.516E-01 
1.334E+00   1.138E+01  2.519E-01 
1.350E+00   1.144E+01  2.521E-01 
1.365E+00   1.151E+01  2.524E-01 
1.381E+00   1.157E+01  2.527E-01 
1.397E+00   1.164E+01  2.529E-01 
1.413E+00   1.171E+01  2.532E-01 
1.430E+00   1.178E+01  2.535E-01 
1.446E+00   1.184E+01  2.537E-01 
1.463E+00   1.191E+01  2.540E-01 
1.480E+00   1.198E+01  2.542E-01 
1.497E+00   1.205E+01  2.545E-01 
1.515E+00   1.212E+01  2.547E-01 
1.532E+00   1.219E+01  2.550E-01 
1.550E+00   1.226E+01  2.552E-01 
1.568E+00   1.233E+01  2.554E-01 
1.586E+00   1.240E+01  2.556E-01 
1.605E+00   1.248E+01  2.559E-01 
1.623E+00   1.255E+01  2.561E-01 
1.642E+00   1.262E+01  2.563E-01 
1.661E+00   1.269E+01  2.565E-01 
1.680E+00   1.277E+01  2.567E-01 
1.700E+00   1.284E+01  2.569E-01 
1.719E+00   1.292E+01  2.571E-01 
1.739E+00   1.299E+01  2.573E-01 
1.760E+00   1.306E+01  2.575E-01 
1.780E+00   1.314E+01  2.577E-01 
1.801E+00   1.322E+01  2.579E-01 
1.822E+00   1.329E+01  2.581E-01 
1.843E+00   1.337E+01  2.583E-01 
1.864E+00   1.345E+01  2.585E-01 
1.886E+00   1.352E+01  2.586E-01 
1.908E+00   1.360E+01  2.588E-01 
1.930E+00   1.368E+01  2.590E-01 
1.952E+00   1.376E+01  2.591E-01 
1.975E+00   1.384E+01  2.593E-01 
1.998E+00   1.392E+01  2.594E-01 
2.021E+00   1.400E+01  2.596E-01 
2.044E+00   1.405E+01  2.597E-01 
2.068E+00   1.411E+01  2.599E-01 
2.092E+00   1.417E+01  2.600E-01 
2.116E+00   1.423E+01  2.601E-01 
2.141E+00   1.429E+01  2.603E-01 
2.166E+00   1.434E+01  2.604E-01 
2.191E+00   1.440E+01  2.605E-01 
2.216E+00   1.446E+01  2.606E-01 
2.242E+00   1.452E+01  2.607E-01 
2.268E+00   1.458E+01  2.609E-01 
2.294E+00   1.464E+01  2.610E-01 
2.321E+00   1.471E+01  2.611E-01 
2.348E+00   1.477E+01  2.612E-01 
2.375E+00   1.483E+01  2.612E-01 
2.402E+00   1.489E+01  2.613E-01 
2.430E+00   1.495E+01  2.614E-01 
2.458E+00   1.502E+01  2.615E-01 
2.487E+00   1.508E+01  2.616E-01 
2.516E+00   1.514E+01  2.616E-01 
2.545E+00   1.521E+01  2.617E-01 
2.574E+00   1.527E+01  2.618E-01 
2.604E+00   1.533E+01  2.618E-01 
2.635E+00   1.540E+01  2.619E-01 
2.665E+00   1.547E+01  2.619E-01 
2.696E+00   1.553E+01  2.620E-01 
2.727E+00   1.560E+01  2.620E-01 
2.759E+00   1.566E+01  2.620E-01 
2.791E+00   1.573E+01  2.621E-01 
2.823E+00   1.580E+01  2.621E-01 
2.856E+00   1.586E+01  2.621E-01 
2.889E+00   1.593E+01  2.621E-01 
2.923E+00   1.600E+01  2.621E-01 
2.957E+00   1.607E+01  2.622E-01 
2.991E+00   1.614E+01  2.622E-01 
3.026E+00   1.621E+01  2.622E-01 
3.061E+00   1.628E+01  2.622E-01 
3.096E+00   1.635E+01  2.621E-01 
3.132E+00   1.642E+01  2.621E-01 
3.168E+00   1.649E+01  2.621E-01 
3.205E+00   1.656E+01  2.621E-01 
3.242E+00   1.663E+01  2.621E-01 
3.280E+00   1.670E+01  2.620E-01 
3.318E+00   1.678E+01  2.620E-01 
3.356E+00   1.685E+01  2.619E-01 
3.395E+00   1.692E+01  2.619E-01 
3.435E+00   1.700E+01  2.618E-01 
3.475E+00   1.707E+01  2.618E-01 
3.515E+00   1.715E+01  2.617E-01 
3.556E+00   1.722E+01  2.617E-01 
3.597E+00   1.730E+01  2.616E-01 
3.639E+00   1.737E+01  2.615E-01 
3.681E+00   1.745E+01  2.614E-01 
3.724E+00   1.753E+01  2.613E-01 
3.767E+00   1.760E+01  2.612E-01 
3.810E+00   1.768E+01  2.612E-01 
3.855E+00   1.776E+01  2.611E-01 
3.899E+00   1.784E+01  2.609E-01 
3.945E+00   1.792E+01  2.608E-01 
3.990E+00   1.800E+01  2.607E-01 
4.037E+00   1.808E+01  2.606E-01 
4.083E+00   1.816E+01  2.605E-01 
4.131E+00   1.824E+01  2.603E-01 
4.179E+00   1.832E+01  2.602E-01 
4.227E+00   1.840E+01  2.601E-01 
4.276E+00   1.848E+01  2.599E-01 
4.326E+00   1.856E+01  2.598E-01 
4.376E+00   1.865E+01  2.596E-01 
4.427E+00   1.873E+01  2.595E-01 
4.478E+00   1.882E+01  2.593E-01 
4.530E+00   1.890E+01  2.591E-01 
4.583E+00   1.898E+01  2.590E-01 
4.636E+00   1.907E+01  2.588E-01 
4.690E+00   1.916E+01  2.586E-01 
4.744E+00   1.924E+01  2.584E-01 
4.799E+00   1.933E+01  2.582E-01 
4.855E+00   1.942E+01  2.580E-01 
4.911E+00   1.950E+01  2.578E-01 
4.968E+00   1.959E+01  2.576E-01 
5.026E+00   1.968E+01  2.574E-01 
5.084E+00   1.977E+01  2.572E-01 
5.143E+00   1.986E+01  2.569E-01 
5.202E+00   1.995E+01  2.567E-01 
5.263E+00   2.004E+01  2.565E-01 
5.324E+00   2.013E+01  2.562E-01 
5.386E+00   2.022E+01  2.560E-01 
5.448E+00   2.032E+01  2.557E-01 
5.511E+00   2.041E+01  2.555E-01 
5.575E+00   2.050E+01  2.552E-01 
5.640E+00   2.060E+01  2.549E-01 
5.705E+00   2.069E+01  2.547E-01 
5.771E+00   2.078E+01  2.544E-01 
5.838E+00   2.088E+01  2.541E-01 
5.906E+00   2.098E+01  2.538E-01 
5.975E+00   2.107E+01  2.535E-01 
6.044E+00   2.117E+01  2.532E-01 
6.114E+00   2.127E+01  2.529E-01 
6.185E+00   2.136E+01  2.526E-01 
6.257E+00   2.146E+01  2.523E-01 
6.329E+00   2.156E+01  2.520E-01 
6.403E+00   2.166E+01  2.517E-01 
6.477E+00   2.176E+01  2.514E-01 
6.552E+00   2.186E+01  2.510E-01 
6.628E+00   2.196E+01  2.507E-01 
6.705E+00   2.206E+01  2.503E-01 
6.783E+00   2.217E+01  2.500E-01 
6.861E+00   2.227E+01  2.496E-01 
6.941E+00   2.237E+01  2.493E-01 
7.021E+00   2.248E+01  2.489E-01 
7.103E+00   2.258E+01  2.486E-01 
7.185E+00   2.269E+01  2.482E-01 
7.269E+00   2.279E+01  2.478E-01 
7.353E+00   2.290E+01  2.474E-01 
7.438E+00   2.301E+01  2.470E-01 
7.524E+00   2.311E+01  2.466E-01 
7.612E+00   2.322E+01  2.462E-01 
7.700E+00   2.333E+01  2.458E-01 
7.789E+00   2.344E+01  2.454E-01 
7.880E+00   2.355E+01  2.450E-01 
7.971E+00   2.366E+01  2.446E-01 
8.064E+00   2.377E+01  2.442E-01 
8.157E+00   2.388E+01  2.438E-01 
8.252E+00   2.399E+01  2.433E-01 
8.347E+00   2.411E+01  2.429E-01 
8.444E+00   2.422E+01  2.425E-01 
8.542E+00   2.433E+01  2.420E-01 
8.641E+00   2.445E+01  2.416E-01 
8.741E+00   2.456E+01  2.411E-01 
8.843E+00   2.468E+01  2.406E-01 
8.945E+00   2.479E+01  2.402E-01 
9.049E+00   2.491E+01  2.397E-01 
9.154E+00   2.503E+01  2.392E-01 
9.260E+00   2.515E+01  2.388E-01 
9.368E+00   2.526E+01  2.383E-01 
9.476E+00   2.538E+01  2.378E-01 
9.586E+00   2.550E+01  2.373E-01 
9.698E+00   2.562E+01  2.368E-01 
9.810E+00   2.575E+01  2.363E-01 
9.924E+00   2.587E+01  2.358E-01 
1.004E+01   2.599E+01  2.353E-01 
1.016E+01   2.611E+01  2.348E-01 
1.027E+01   2.624E+01  2.342E-01 
1.039E+01   2.636E+01  2.337E-01 
1.051E+01   2.649E+01  2.332E-01 
1.063E+01   2.661E+01  2.326E-01 
1.076E+01   2.674E+01  2.321E-01 
1.088E+01   2.686E+01  2.316E-01 
1.101E+01   2.699E+01  2.310E-01 
1.114E+01   2.712E+01  2.305E-01 
1.127E+01   2.725E+01  2.299E-01 
1.140E+01   2.738E+01  2.294E-01 
1.153E+01   2.751E+01  2.288E-01 
1.166E+01   2.764E+01  2.282E-01 
1.180E+01   2.777E+01  2.276E-01 
1.193E+01   2.790E+01  2.271E-01 
1.207E+01   2.803E+01  2.265E-01 
1.221E+01   2.817E+01  2.259E-01 
1.235E+01   2.830E+01  2.253E-01 
1.250E+01   2.844E+01  2.247E-01 
1.264E+01   2.857E+01  2.241E-01 
1.279E+01   2.871E+01  2.235E-01 
1.294E+01   2.884E+01  2.229E-01 
1.309E+01   2.898E+01  2.223E-01 
1.324E+01   2.912E+01  2.217E-01 
1.339E+01   2.926E+01  2.211E-01 
1.355E+01   2.940E+01  2.205E-01 
1.371E+01   2.954E+01  2.198E-01 
1.387E+01   2.968E+01  2.192E-01 
1.403E+01   2.982E+01  2.186E-01 
1.419E+01   2.996E+01  2.180E-01 
1.435E+01   3.010E+01  2.173E-01 
1.452E+01   3.025E+01  2.167E-01 
1.469E+01   3.039E+01  2.160E-01 
1.486E+01   3.053E+01  2.154E-01 
1.503E+01   3.068E+01  2.147E-01 
1.521E+01   3.083E+01  2.141E-01 
1.538E+01   3.097E+01  2.134E-01 
1.556E+01   3.112E+01  2.128E-01 
1.574E+01   3.127E+01  2.121E-01 
1.592E+01   3.141E+01  2.114E-01 
1.611E+01   3.156E+01  2.108E-01 
1.629E+01   3.171E+01  2.101E-01 
1.648E+01   3.186E+01  2.094E-01 
1.667E+01   3.202E+01  2.087E-01 
1.687E+01   3.217E+01  2.080E-01 
1.706E+01   3.232E+01  2.073E-01 
1.726E+01   3.247E+01  2.067E-01 
1.746E+01   3.263E+01  2.060E-01 
1.766E+01   3.278E+01  2.053E-01 
1.787E+01   3.294E+01  2.046E-01 
1.808E+01   3.309E+01  2.039E-01 
1.829E+01   3.325E+01  2.032E-01 
1.850E+01   3.340E+01  2.025E-01 
1.871E+01   3.356E+01  2.018E-01 
1.893E+01   3.372E+01  2.010E-01 
1.915E+01   3.388E+01  2.003E-01 
1.937E+01   3.404E+01  1.996E-01 
1.960E+01   3.420E+01  1.989E-01 
1.982E+01   3.436E+01  1.982E-01 
2.005E+01   3.452E+01  1.975E-01 
2.029E+01   3.468E+01  1.967E-01 
2.052E+01   3.484E+01  1.960E-01 
2.076E+01   3.501E+01  1.953E-01 
2.100E+01   3.517E+01  1.945E-01 
2.124E+01   3.533E+01  1.938E-01 
2.149E+01   3.550E+01  1.931E-01 
2.174E+01   3.566E+01  1.923E-01 
2.199E+01   3.583E+01  1.916E-01 
2.225E+01   3.600E+01  1.909E-01 
2.250E+01   3.616E+01  1.901E-01 
2.277E+01   3.633E+01  1.894E-01 
2.303E+01   3.650E+01  1.886E-01 
2.330E+01   3.667E+01  1.879E-01 
2.357E+01   3.684E+01  1.871E-01 
2.384E+01   3.701E+01  1.864E-01 
2.412E+01   3.718E+01  1.856E-01 
2.440E+01   3.735E+01  1.849E-01 
2.468E+01   3.752E+01  1.841E-01 
2.497E+01   3.769E+01  1.833E-01 
2.526E+01   3.786E+01  1.826E-01 
2.555E+01   3.803E+01  1.818E-01 
2.584E+01   3.821E+01  1.811E-01 
2.614E+01   3.838E+01  1.803E-01 
2.645E+01   3.856E+01  1.795E-01 
2.675E+01   3.873E+01  1.788E-01 
2.707E+01   3.890E+01  1.780E-01 
2.738E+01   3.908E+01  1.772E-01 
2.770E+01   3.926E+01  1.765E-01 
2.802E+01   3.943E+01  1.757E-01 
2.834E+01   3.961E+01  1.749E-01 
2.867E+01   3.978E+01  1.742E-01 
2.900E+01   3.996E+01  1.734E-01 
2.934E+01   4.014E+01  1.726E-01 
2.968E+01   4.032E+01  1.718E-01 
3.003E+01   4.049E+01  1.711E-01 
3.037E+01   4.067E+01  1.703E-01 
3.073E+01   4.085E+01  1.695E-01 
3.108E+01   4.103E+01  1.688E-01 
3.144E+01   4.121E+01  1.680E-01 
3.181E+01   4.139E+01  1.672E-01 
3.218E+01   4.157E+01  1.664E-01 
3.255E+01   4.175E+01  1.656E-01 
3.293E+01   4.192E+01  1.649E-01 
3.331E+01   4.210E+01  1.641E-01 
3.370E+01   4.228E+01  1.633E-01 
3.409E+01   4.246E+01  1.625E-01 
3.448E+01   4.264E+01  1.618E-01 
3.488E+01   4.282E+01  1.610E-01 
3.529E+01   4.300E+01  1.602E-01 
3.570E+01   4.318E+01  1.594E-01 
3.611E+01   4.336E+01  1.587E-01 
3.653E+01   4.354E+01  1.579E-01 
3.695E+01   4.372E+01  1.571E-01 
3.738E+01   4.390E+01  1.563E-01 
3.781E+01   4.408E+01  1.555E-01 
3.825E+01   4.426E+01  1.548E-01 
3.870E+01   4.444E+01  1.540E-01 
3.915E+01   4.462E+01  1.532E-01 
3.960E+01   4.480E+01  1.524E-01 
4.006E+01   4.498E+01  1.517E-01 
4.052E+01   4.516E+01  1.509E-01 
4.099E+01   4.533E+01  1.501E-01 
4.147E+01   4.551E+01  1.494E-01 
4.195E+01   4.569E+01  1.486E-01 
4.244E+01   4.586E+01  1.478E-01 
4.293E+01   4.604E+01  1.470E-01 
4.343E+01   4.622E+01  1.463E-01 
4.393E+01   4.639E+01  1.455E-01 
4.444E+01   4.657E+01  1.447E-01 
4.496E+01   4.674E+01  1.440E-01 
4.548E+01   4.691E+01  1.432E-01 
4.600E+01   4.708E+01  1.424E-01 
4.654E+01   4.726E+01  1.417E-01 
4.708E+01   4.743E+01  1.409E-01 
4.762E+01   4.760E+01  1.401E-01 
4.818E+01   4.777E+01  1.394E-01 
4.873E+01   4.793E+01  1.386E-01 
4.930E+01   4.810E+01  1.379E-01 
4.987E+01   4.827E+01  1.371E-01 
5.045E+01   4.843E+01  1.364E-01 
5.104E+01   4.860E+01  1.356E-01 
5.163E+01   4.876E+01  1.348E-01 
5.223E+01   4.892E+01  1.341E-01 
5.283E+01   4.908E+01  1.333E-01 
5.344E+01   4.924E+01  1.326E-01 
5.406E+01   4.940E+01  1.318E-01 
5.469E+01   4.956E+01  1.311E-01 
5.533E+01   4.971E+01  1.304E-01 
5.597E+01   4.987E+01  1.296E-01 
5.662E+01   5.002E+01  1.289E-01 
5.727E+01   5.017E+01  1.281E-01 
5.794E+01   5.032E+01  1.274E-01 
5.861E+01   5.047E+01  1.266E-01 
5.929E+01   5.061E+01  1.259E-01 
5.998E+01   5.075E+01  1.252E-01 
6.067E+01   5.090E+01  1.244E-01 
6.138E+01   5.104E+01  1.237E-01 
6.209E+01   5.117E+01  1.230E-01 
6.281E+01   5.131E+01  1.223E-01 
6.354E+01   5.144E+01  1.215E-01 
6.427E+01   5.157E+01  1.208E-01 
6.502E+01   5.170E+01  1.201E-01 
6.577E+01   5.183E+01  1.194E-01 
6.654E+01   5.196E+01  1.187E-01 
6.731E+01   5.208E+01  1.179E-01 
6.809E+01   5.220E+01  1.172E-01 
6.888E+01   5.231E+01  1.165E-01 
6.968E+01   5.243E+01  1.158E-01 
7.049E+01   5.254E+01  1.151E-01 
7.130E+01   5.265E+01  1.144E-01 
7.213E+01   5.276E+01  1.137E-01 
7.297E+01   5.286E+01  1.130E-01 
7.381E+01   5.296E+01  1.123E-01 
7.467E+01   5.306E+01  1.116E-01 
7.554E+01   5.315E+01  1.109E-01 
7.641E+01   5.324E+01  1.102E-01 
7.730E+01   5.333E+01  1.095E-01 
7.820E+01   5.342E+01  1.089E-01 
7.910E+01   5.350E+01  1.082E-01 
8.002E+01   5.358E+01  1.075E-01 
8.095E+01   5.365E+01  1.068E-01 
8.189E+01   5.373E+01  1.061E-01 
8.284E+01   5.379E+01  1.055E-01 
8.380E+01   5.386E+01  1.048E-01 
8.477E+01   5.392E+01  1.041E-01 
8.575E+01   5.398E+01  1.034E-01 
8.675E+01   5.403E+01  1.028E-01 
8.775E+01   5.408E+01  1.021E-01 
8.877E+01   5.413E+01  1.015E-01 
8.980E+01   5.417E+01  1.008E-01 
9.084E+01   5.421E+01  1.001E-01 
9.190E+01   5.424E+01  9.949E-02 
9.296E+01   5.427E+01  9.884E-02 
9.404E+01   5.430E+01  9.819E-02 
9.513E+01   5.432E+01  9.755E-02 
9.624E+01   5.434E+01  9.690E-02 
9.735E+01   5.435E+01  9.626E-02 
9.848E+01   5.436E+01  9.563E-02 
9.962E+01   5.436E+01  9.499E-02 
1.008E+02   5.436E+01  9.436E-02 
1.019E+02   5.436E+01  9.373E-02 
1.031E+02   5.435E+01  9.310E-02 
1.043E+02   5.434E+01  9.248E-02 
1.055E+02   5.432E+01  9.186E-02 
1.068E+02   5.430E+01  9.124E-02 
1.080E+02   5.427E+01  9.062E-02 
1.093E+02   5.424E+01  9.001E-02 
1.105E+02   5.421E+01  8.940E-02 
1.118E+02   5.417E+01  8.879E-02 
1.131E+02   5.413E+01  8.818E-02 
1.144E+02   5.408E+01  8.758E-02 
1.157E+02   5.402E+01  8.698E-02 
1.171E+02   5.397E+01  8.638E-02 
1.184E+02   5.390E+01  8.579E-02 
1.198E+02   5.384E+01  8.520E-02 
1.212E+02   5.377E+01  8.461E-02 
1.226E+02   5.369E+01  8.402E-02 
1.240E+02   5.361E+01  8.344E-02 
1.255E+02   5.353E+01  8.286E-02 
1.269E+02   5.344E+01  8.228E-02 
1.284E+02   5.334E+01  8.170E-02 
1.299E+02   5.325E+01  8.113E-02 
1.314E+02   5.315E+01  8.056E-02 
1.329E+02   5.304E+01  7.999E-02 
1.345E+02   5.293E+01  7.943E-02 
1.360E+02   5.281E+01  7.887E-02 
1.376E+02   5.269E+01  7.831E-02 
1.392E+02   5.257E+01  7.775E-02 
1.408E+02   5.244E+01  7.720E-02 
1.424E+02   5.231E+01  7.665E-02 
1.441E+02   5.218E+01  7.610E-02 
1.458E+02   5.204E+01  7.556E-02 
1.475E+02   5.190E+01  7.502E-02 
1.492E+02   5.175E+01  7.448E-02 
1.509E+02   5.160E+01  7.394E-02 
1.526E+02   5.145E+01  7.341E-02 
1.544E+02   5.129E+01  7.288E-02 
1.562E+02   5.113E+01  7.235E-02 
1.580E+02   5.096E+01  7.182E-02 
1.598E+02   5.079E+01  7.130E-02 
1.617E+02   5.062E+01  7.078E-02 
1.636E+02   5.045E+01  7.026E-02 
1.655E+02   5.027E+01  6.975E-02 
1.674E+02   5.009E+01  6.924E-02 
1.693E+02   4.991E+01  6.873E-02 
1.713E+02   4.972E+01  6.823E-02 
1.733E+02   4.954E+01  6.772E-02 
1.753E+02   4.934E+01  6.722E-02 
1.773E+02   4.915E+01  6.673E-02 
1.794E+02   4.895E+01  6.623E-02 
1.815E+02   4.876E+01  6.574E-02 
1.836E+02   4.856E+01  6.525E-02 
1.857E+02   4.835E+01  6.477E-02 
1.879E+02   4.815E+01  6.428E-02 
1.900E+02   4.794E+01  6.380E-02 
1.922E+02   4.773E+01  6.332E-02 
1.945E+02   4.752E+01  6.285E-02 
1.967E+02   4.731E+01  6.238E-02 
1.990E+02   4.710E+01  6.191E-02 
2.013E+02   4.688E+01  6.144E-02 
2.036E+02   4.667E+01  6.098E-02 
2.060E+02   4.645E+01  6.052E-02 
2.084E+02   4.623E+01  6.006E-02 
2.108E+02   4.601E+01  5.960E-02 
2.133E+02   4.579E+01  5.915E-02 
2.157E+02   4.557E+01  5.870E-02 
2.182E+02   4.535E+01  5.825E-02 
2.208E+02   4.513E+01  5.780E-02 
2.233E+02   4.491E+01  5.736E-02 
2.259E+02   4.468E+01  5.692E-02 
2.285E+02   4.446E+01  5.649E-02 
2.312E+02   4.423E+01  5.605E-02 
2.339E+02   4.401E+01  5.562E-02 
2.366E+02   4.378E+01  5.519E-02 
2.393E+02   4.356E+01  5.476E-02 
2.421E+02   4.334E+01  5.434E-02 
2.449E+02   4.311E+01  5.392E-02 
2.478E+02   4.289E+01  5.350E-02 
2.506E+02   4.266E+01  5.309E-02 
2.535E+02   4.244E+01  5.267E-02 
2.565E+02   4.221E+01  5.226E-02 
2.595E+02   4.199E+01  5.185E-02 
2.625E+02   4.177E+01  5.145E-02 
2.655E+02   4.155E+01  5.105E-02 
2.686E+02   4.132E+01  5.065E-02 
2.717E+02   4.110E+01  5.025E-02 
2.749E+02   4.088E+01  4.985E-02 
2.780E+02   4.066E+01  4.946E-02 
2.813E+02   4.044E+01  4.907E-02 
2.845E+02   4.023E+01  4.868E-02 
2.878E+02   4.001E+01  4.830E-02 
2.912E+02   3.979E+01  4.792E-02 
2.945E+02   3.958E+01  4.754E-02 
2.980E+02   3.936E+01  4.716E-02 
3.014E+02   3.915E+01  4.678E-02 
3.049E+02   3.894E+01  4.641E-02 
3.085E+02   3.872E+01  4.919E-02 
3.120E+02   3.851E+01  4.879E-02 
3.156E+02   3.830E+01  4.840E-02 
3.193E+02   3.810E+01  4.800E-02 
3.230E+02   3.789E+01  4.761E-02 
3.268E+02   3.768E+01  4.722E-02 
3.306E+02   3.748E+01  4.683E-02 
3.344E+02   3.728E+01  4.645E-02 
3.383E+02   3.707E+01  4.607E-02 
3.422E+02   3.687E+01  4.569E-02 
3.462E+02   3.667E+01  4.532E-02 
3.502E+02   3.647E+01  4.494E-02 
3.542E+02   3.628E+01  4.457E-02 
3.583E+02   3.608E+01  4.420E-02 
3.625E+02   3.588E+01  4.384E-02 
3.667E+02   3.569E+01  4.348E-02 
3.710E+02   3.550E+01  4.312E-02 
3.753E+02   3.531E+01  4.276E-02 
3.796E+02   3.512E+01  4.240E-02 
3.840E+02   3.493E+01  4.205E-02 
3.885E+02   3.474E+01  4.170E-02 
3.930E+02   3.455E+01  4.135E-02 
3.975E+02   3.437E+01  4.101E-02 
4.021E+02   3.418E+01  4.067E-02 
4.068E+02   3.400E+01  4.033E-02 
4.115E+02   3.382E+01  3.999E-02 
4.163E+02   3.364E+01  3.965E-02 
4.211E+02   3.346E+01  3.932E-02 
4.260E+02   3.328E+01  3.899E-02 
4.310E+02   3.310E+01  3.866E-02 
4.360E+02   3.293E+01  3.834E-02 
4.410E+02   3.275E+01  3.801E-02 
4.461E+02   3.258E+01  3.769E-02 
4.513E+02   3.240E+01  3.737E-02 
4.565E+02   3.223E+01  3.706E-02 
4.618E+02   3.206E+01  3.674E-02 
4.672E+02   3.189E+01  3.643E-02 
4.726E+02   3.172E+01  3.612E-02 
4.781E+02   3.156E+01  3.582E-02 
4.836E+02   3.139E+01  3.551E-02 
4.892E+02   3.122E+01  3.521E-02 
4.949E+02   3.106E+01  3.491E-02 
5.007E+02   3.089E+01  3.461E-02 
5.065E+02   3.073E+01  3.432E-02 
5.123E+02   3.057E+01  3.402E-02 
5.183E+02   3.041E+01  3.373E-02 
5.243E+02   3.024E+01  3.344E-02 
5.304E+02   3.008E+01  3.316E-02 
5.365E+02   2.993E+01  3.287E-02 
5.428E+02   2.977E+01  3.259E-02 
5.490E+02   2.961E+01  3.231E-02 
5.554E+02   2.945E+01  3.203E-02 
5.619E+02   2.930E+01  3.175E-02 
5.684E+02   2.914E+01  3.148E-02 
5.750E+02   2.899E+01  3.121E-02 
5.816E+02   2.883E+01  3.094E-02 
5.884E+02   2.868E+01  3.067E-02 
5.952E+02   2.853E+01  3.041E-02 
6.021E+02   2.838E+01  3.014E-02 
6.091E+02   2.823E+01  2.988E-02 
6.162E+02   2.808E+01  2.962E-02 
6.233E+02   2.793E+01  2.936E-02 
6.305E+02   2.778E+01  2.911E-02 
6.378E+02   2.763E+01  2.886E-02 
6.452E+02   2.748E+01  2.861E-02 
6.527E+02   2.733E+01  2.836E-02 
6.603E+02   2.719E+01  2.811E-02 
6.680E+02   2.704E+01  2.786E-02 
6.757E+02   2.689E+01  2.762E-02 
6.835E+02   2.675E+01  2.738E-02 
6.915E+02   2.660E+01  2.714E-02 
6.995E+02   2.646E+01  2.690E-02 
7.076E+02   2.632E+01  2.666E-02 
7.158E+02   2.617E+01  2.643E-02 
7.241E+02   2.603E+01  2.620E-02 
7.325E+02   2.589E+01  2.597E-02 
7.410E+02   2.575E+01  2.574E-02 
7.496E+02   2.561E+01  2.551E-02 
7.583E+02   2.547E+01  2.529E-02 
7.671E+02   2.533E+01  2.506E-02 
7.760E+02   2.519E+01  2.484E-02 
7.850E+02   2.505E+01  2.462E-02 
7.941E+02   2.491E+01  2.441E-02 
8.033E+02   2.477E+01  2.419E-02 
8.126E+02   2.463E+01  2.398E-02 
8.221E+02   2.449E+01  2.376E-02 
8.316E+02   2.436E+01  2.355E-02 
8.412E+02   2.422E+01  2.334E-02 
8.510E+02   2.408E+01  2.314E-02 
8.609E+02   2.395E+01  2.293E-02 
8.709E+02   2.381E+01  2.273E-02 
8.810E+02   2.368E+01  2.252E-02 
8.912E+02   2.354E+01  2.232E-02 
9.015E+02   2.341E+01  2.212E-02 
9.120E+02   2.328E+01  2.193E-02 
9.225E+02   2.314E+01  2.173E-02 
9.332E+02   2.301E+01  2.154E-02 
9.441E+02   2.288E+01  2.134E-02 
9.550E+02   2.274E+01  2.115E-02 
9.661E+02   2.261E+01  2.096E-02 
9.773E+02   2.248E+01  2.078E-02 
9.886E+02   2.235E+01  2.059E-02 
1.000E+03   2.222E+01  2.041E-02 
1.012E+03   2.210E+01  2.022E-02 
1.023E+03   2.202E+01  2.004E-02 
1.035E+03   2.193E+01  1.986E-02 
1.047E+03   2.184E+01  1.968E-02 
1.059E+03   2.175E+01  1.950E-02 
1.072E+03   2.166E+01  1.933E-02 
1.084E+03   2.156E+01  1.915E-02 
1.097E+03   2.147E+01  1.898E-02 
1.109E+03   2.138E+01  1.881E-02 
1.122E+03   2.128E+01  1.864E-02 
1.135E+03   2.118E+01  1.847E-02 
1.149E+03   2.108E+01  1.830E-02 
1.162E+03   2.099E+01  1.814E-02 
1.175E+03   2.089E+01  1.797E-02 
1.189E+03   2.078E+01  1.781E-02 
1.203E+03   2.068E+01  1.765E-02 
1.217E+03   2.058E+01  1.749E-02 
1.231E+03   2.048E+01  1.733E-02 
1.245E+03   2.038E+01  1.717E-02 
1.260E+03   2.028E+01  1.702E-02 
1.274E+03   2.018E+01  1.686E-02 
1.289E+03   2.008E+01  1.671E-02 
1.304E+03   1.998E+01  1.656E-02 
1.319E+03   1.988E+01  1.641E-02 
1.334E+03   1.978E+01  1.626E-02 
1.350E+03   1.968E+01  1.611E-02 
1.365E+03   1.958E+01  1.596E-02 
1.381E+03   1.948E+01  1.581E-02 
1.397E+03   1.938E+01  1.567E-02 
1.414E+03   1.928E+01  1.553E-02 
1.430E+03   1.917E+01  1.538E-02 
1.446E+03   1.907E+01  1.524E-02 
1.463E+03   1.897E+01  1.510E-02 
1.480E+03   1.887E+01  1.496E-02 
1.497E+03   1.877E+01  1.483E-02 
1.515E+03   1.867E+01  1.469E-02 
1.532E+03   1.857E+01  1.456E-02 
1.550E+03   1.847E+01  1.442E-02 
1.568E+03   1.837E+01  1.429E-02 
1.586E+03   1.826E+01  1.416E-02 
1.605E+03   1.816E+01  1.403E-02 
1.623E+03   1.806E+01  1.390E-02 
1.642E+03   1.796E+01  1.377E-02 
1.661E+03   1.786E+01  1.364E-02 
1.680E+03   1.776E+01  1.352E-02 
1.700E+03   1.767E+01  1.339E-02 
1.720E+03   1.757E+01  1.327E-02 
1.740E+03   1.747E+01  1.315E-02 
1.760E+03   1.737E+01  1.303E-02 
1.780E+03   1.727E+01  1.290E-02 
1.801E+03   1.717E+01  1.279E-02 
1.822E+03   1.707E+01  1.267E-02 
1.843E+03   1.698E+01  1.255E-02 
1.864E+03   1.688E+01  1.243E-02 
1.886E+03   1.678E+01  1.232E-02 
1.908E+03   1.668E+01  1.220E-02 
1.930E+03   1.659E+01  1.209E-02 
1.952E+03   1.649E+01  1.198E-02 
1.975E+03   1.640E+01  1.187E-02 
1.998E+03   1.630E+01  1.176E-02 
2.021E+03   1.620E+01  1.165E-02 
2.044E+03   1.611E+01  1.154E-02 
2.068E+03   1.602E+01  1.143E-02 
2.092E+03   1.592E+01  1.132E-02 
2.116E+03   1.583E+01  1.122E-02 
2.141E+03   1.573E+01  1.111E-02 
2.166E+03   1.564E+01  1.101E-02 
2.191E+03   1.555E+01  1.091E-02 
2.216E+03   1.545E+01  1.081E-02 
2.242E+03   1.536E+01  1.070E-02 
2.268E+03   1.527E+01  1.060E-02 
2.294E+03   1.518E+01  1.050E-02 
2.321E+03   1.509E+01  1.041E-02 
2.348E+03   1.500E+01  1.031E-02 
2.375E+03   1.491E+01  1.021E-02 
2.403E+03   1.482E+01  1.012E-02 
2.431E+03   1.473E+01  1.002E-02 
2.459E+03   1.464E+01  9.928E-03 
2.487E+03   1.455E+01  9.835E-03 
2.516E+03   1.446E+01  9.742E-03 
2.545E+03   1.437E+01  9.651E-03 
2.575E+03   1.428E+01  9.560E-03 
2.605E+03   1.420E+01  9.470E-03 
2.635E+03   1.411E+01  9.381E-03 
2.665E+03   1.402E+01  9.293E-03 
2.696E+03   1.394E+01  9.205E-03 
2.728E+03   1.385E+01  9.118E-03 
2.759E+03   1.376E+01  9.032E-03 
2.791E+03   1.368E+01  8.947E-03 
2.824E+03   1.359E+01  8.863E-03 
2.856E+03   1.351E+01  8.779E-03 
2.889E+03   1.342E+01  8.696E-03 
2.923E+03   1.334E+01  8.614E-03 
2.957E+03   1.326E+01  8.533E-03 
2.991E+03   1.317E+01  8.452E-03 
3.026E+03   1.309E+01  8.372E-03 
3.061E+03   1.301E+01  8.293E-03 
3.097E+03   1.293E+01  8.214E-03 
3.132E+03   1.284E+01  8.137E-03 
3.169E+03   1.276E+01  8.059E-03 
3.206E+03   1.268E+01  7.983E-03 
3.243E+03   1.260E+01  7.907E-03 
3.280E+03   1.252E+01  7.832E-03 
3.318E+03   1.244E+01  7.758E-03 
3.357E+03   1.236E+01  7.684E-03 
3.396E+03   1.228E+01  7.611E-03 
3.435E+03   1.220E+01  7.539E-03 
3.475E+03   1.213E+01  7.467E-03 
3.515E+03   1.205E+01  7.396E-03 
3.556E+03   1.197E+01  7.326E-03 
3.597E+03   1.189E+01  7.256E-03 
3.639E+03   1.181E+01  7.187E-03 
3.681E+03   1.174E+01  7.119E-03 
3.724E+03   1.166E+01  7.051E-03 
3.767E+03   1.159E+01  6.984E-03 
3.811E+03   1.151E+01  6.917E-03 
3.855E+03   1.144E+01  6.851E-03 
3.900E+03   1.136E+01  6.786E-03 
3.945E+03   1.129E+01  6.721E-03 
3.991E+03   1.121E+01  6.657E-03 
4.037E+03   1.114E+01  6.593E-03 
4.084E+03   1.106E+01  6.530E-03 
4.131E+03   1.099E+01  6.467E-03 
4.179E+03   1.092E+01  6.406E-03 
4.228E+03   1.085E+01  6.344E-03 
4.277E+03   1.077E+01  6.284E-03 
4.326E+03   1.070E+01  6.223E-03 
4.376E+03   1.063E+01  6.164E-03 
4.427E+03   1.056E+01  6.105E-03 
4.479E+03   1.049E+01  6.046E-03 
4.531E+03   1.042E+01  5.988E-03 
4.583E+03   1.035E+01  5.931E-03 
4.636E+03   1.028E+01  5.874E-03 
4.690E+03   1.021E+01  5.817E-03 
4.744E+03   1.014E+01  5.761E-03 
4.799E+03   1.007E+01  5.706E-03 
4.855E+03   1.001E+01  5.651E-03 
4.911E+03   9.937E+00  5.597E-03 
4.968E+03   9.870E+00  5.543E-03 
5.026E+03   9.803E+00  5.490E-03 
5.084E+03   9.736E+00  5.437E-03 
5.143E+03   9.669E+00  5.384E-03 
5.203E+03   9.603E+00  5.333E-03 
5.263E+03   9.537E+00  5.281E-03 
5.324E+03   9.472E+00  5.230E-03 
5.386E+03   9.407E+00  5.180E-03 
5.449E+03   9.342E+00  5.130E-03 
5.512E+03   9.278E+00  5.080E-03 
5.576E+03   9.214E+00  5.031E-03 
5.640E+03   9.150E+00  4.983E-03 
5.706E+03   9.086E+00  4.935E-03 
5.772E+03   9.023E+00  4.887E-03 
5.839E+03   8.961E+00  4.840E-03 
5.907E+03   8.898E+00  4.793E-03 
5.975E+03   8.836E+00  4.746E-03 
6.045E+03   8.774E+00  4.700E-03 
6.115E+03   8.713E+00  4.655E-03 
6.186E+03   8.652E+00  4.610E-03 
6.257E+03   8.591E+00  4.565E-03 
6.330E+03   8.531E+00  4.521E-03 
6.403E+03   8.471E+00  4.477E-03 
6.478E+03   8.411E+00  4.434E-03 
6.553E+03   8.351E+00  4.391E-03 
6.629E+03   8.292E+00  4.348E-03 
6.706E+03   8.234E+00  4.306E-03 
6.783E+03   8.175E+00  4.264E-03 
6.862E+03   8.117E+00  4.223E-03 
6.942E+03   8.059E+00  4.182E-03 
7.022E+03   8.002E+00  4.141E-03 
7.104E+03   7.944E+00  4.101E-03 
7.186E+03   7.888E+00  4.061E-03 
7.269E+03   7.831E+00  4.021E-03 
7.354E+03   7.775E+00  3.982E-03 
7.439E+03   7.719E+00  3.944E-03 
7.525E+03   7.663E+00  3.905E-03 
7.613E+03   7.608E+00  3.867E-03 
7.701E+03   7.553E+00  3.829E-03 
7.790E+03   7.499E+00  3.792E-03 
7.881E+03   7.444E+00  3.755E-03 
7.972E+03   7.390E+00  3.718E-03 
8.064E+03   7.337E+00  3.682E-03 
8.158E+03   7.283E+00  3.646E-03 
8.253E+03   7.230E+00  3.611E-03 
8.348E+03   7.178E+00  3.575E-03 
8.445E+03   7.125E+00  3.541E-03 
8.543E+03   7.073E+00  3.506E-03 
8.642E+03   7.021E+00  3.472E-03 
8.742E+03   6.970E+00  3.438E-03 
8.844E+03   6.919E+00  3.404E-03 
8.946E+03   6.868E+00  3.371E-03 
9.050E+03   6.817E+00  3.338E-03 
9.155E+03   6.767E+00  3.305E-03 
9.261E+03   6.717E+00  3.273E-03 
9.369E+03   6.667E+00  3.241E-03 
9.477E+03   6.618E+00  3.209E-03 
9.587E+03   6.569E+00  3.178E-03 
9.699E+03   6.520E+00  3.146E-03 
9.811E+03   6.471E+00  3.116E-03 
9.925E+03   6.423E+00  3.085E-03 
1.004E+04   6.375E+00  3.055E-03 
1.016E+04   6.328E+00  3.025E-03 
1.027E+04   6.280E+00  2.995E-03 
1.039E+04   6.233E+00  2.966E-03 
1.051E+04   6.187E+00  2.937E-03 
1.064E+04   6.140E+00  2.908E-03 
1.076E+04   6.094E+00  2.879E-03 
1.088E+04   6.048E+00  2.851E-03 
1.101E+04   6.003E+00  2.823E-03 
1.114E+04   5.957E+00  2.795E-03 
1.127E+04   5.913E+00  2.768E-03 
1.140E+04   5.868E+00  2.740E-03 
1.153E+04   5.823E+00  2.713E-03 
1.166E+04   5.779E+00  2.687E-03 
1.180E+04   5.735E+00  2.660E-03 
1.194E+04   5.692E+00  2.634E-03 
1.207E+04   5.649E+00  2.608E-03 
1.221E+04   5.606E+00  2.582E-03 
1.236E+04   5.563E+00  2.557E-03 
1.250E+04   5.520E+00  2.532E-03 
1.264E+04   5.478E+00  2.507E-03 
1.279E+04   5.436E+00  2.482E-03 
1.294E+04   5.395E+00  2.457E-03 
1.309E+04   5.353E+00  2.433E-03 
1.324E+04   5.312E+00  2.409E-03 
1.340E+04   5.272E+00  2.385E-03 
1.355E+04   5.231E+00  2.362E-03 
1.371E+04   5.191E+00  2.339E-03 
1.387E+04   5.151E+00  2.315E-03 
1.403E+04   5.111E+00  2.293E-03 
1.419E+04   5.071E+00  2.270E-03 
1.435E+04   5.032E+00  2.247E-03 
1.452E+04   4.993E+00  2.225E-03 
1.469E+04   4.955E+00  2.203E-03 
1.486E+04   4.916E+00  2.181E-03 
1.503E+04   4.878E+00  2.160E-03 
1.521E+04   4.840E+00  2.138E-03 
1.538E+04   4.803E+00  2.117E-03 
1.556E+04   4.765E+00  2.096E-03 
1.574E+04   4.728E+00  2.075E-03 
1.592E+04   4.691E+00  2.055E-03 
1.611E+04   4.654E+00  2.034E-03 
1.630E+04   4.618E+00  2.014E-03 
1.649E+04   4.582E+00  1.994E-03 
1.668E+04   4.546E+00  1.974E-03 
1.687E+04   4.510E+00  1.955E-03 
1.707E+04   4.475E+00  1.935E-03 
1.726E+04   4.440E+00  1.916E-03 
1.746E+04   4.405E+00  1.897E-03 
1.767E+04   4.370E+00  1.878E-03 
1.787E+04   4.336E+00  1.860E-03 
1.808E+04   4.302E+00  1.841E-03 
1.829E+04   4.268E+00  1.823E-03 
1.850E+04   4.234E+00  1.805E-03 
1.871E+04   4.201E+00  1.787E-03 
1.893E+04   4.168E+00  1.769E-03 
1.915E+04   4.135E+00  1.751E-03 
1.937E+04   4.102E+00  1.734E-03 
1.960E+04   4.069E+00  1.717E-03 
1.983E+04   4.037E+00  1.700E-03 
2.006E+04   4.005E+00  1.683E-03 
2.029E+04   3.973E+00  1.666E-03 
2.052E+04   3.942E+00  1.649E-03 
2.076E+04   3.910E+00  1.633E-03 
2.100E+04   3.879E+00  1.617E-03 
2.125E+04   3.848E+00  1.601E-03 
2.149E+04   3.818E+00  1.585E-03 
2.174E+04   3.787E+00  1.569E-03 
2.199E+04   3.757E+00  1.553E-03 
2.225E+04   3.727E+00  1.538E-03 
2.251E+04   3.697E+00  1.522E-03 
2.277E+04   3.668E+00  1.507E-03 
2.303E+04   3.638E+00  1.492E-03 
2.330E+04   3.609E+00  1.477E-03 
2.357E+04   3.580E+00  1.462E-03 
2.384E+04   3.552E+00  1.448E-03 
2.412E+04   3.523E+00  1.433E-03 
2.440E+04   3.495E+00  1.419E-03 
2.468E+04   3.467E+00  1.405E-03 
2.497E+04   3.439E+00  1.391E-03 
2.526E+04   3.411E+00  1.377E-03 
2.555E+04   3.384E+00  1.363E-03 
2.585E+04   3.356E+00  1.349E-03 
2.615E+04   3.329E+00  1.336E-03 
2.645E+04   3.303E+00  1.322E-03 
2.676E+04   3.276E+00  1.309E-03 
2.707E+04   3.249E+00  1.296E-03 
2.738E+04   3.223E+00  1.283E-03 
2.770E+04   3.197E+00  1.270E-03 
2.802E+04   3.171E+00  1.258E-03 
2.835E+04   3.146E+00  1.245E-03 
2.867E+04   3.120E+00  1.232E-03 
2.901E+04   3.095E+00  1.220E-03 
2.934E+04   3.070E+00  1.208E-03 
2.968E+04   3.045E+00  1.196E-03 
3.003E+04   3.020E+00  1.184E-03 
3.038E+04   2.996E+00  1.172E-03 
3.073E+04   2.972E+00  1.160E-03 
3.109E+04   2.948E+00  1.148E-03 
3.145E+04   2.924E+00  1.137E-03 
3.181E+04   2.900E+00  1.125E-03 
3.218E+04   2.876E+00  1.114E-03 
3.255E+04   2.853E+00  1.103E-03 
3.293E+04   2.830E+00  1.092E-03 
3.331E+04   2.807E+00  1.081E-03 
3.370E+04   2.784E+00  1.070E-03 
3.409E+04   2.761E+00  1.059E-03 
3.449E+04   2.739E+00  1.049E-03 
3.489E+04   2.717E+00  1.038E-03 
3.529E+04   2.695E+00  1.028E-03 
3.570E+04   2.673E+00  1.017E-03 
3.611E+04   2.651E+00  1.007E-03 
3.653E+04   2.629E+00  9.968E-04 
3.696E+04   2.608E+00  9.868E-04 
3.738E+04   2.587E+00  9.769E-04 
3.782E+04   2.566E+00  9.670E-04 
3.826E+04   2.545E+00  9.573E-04 
3.870E+04   2.524E+00  9.476E-04 
3.915E+04   2.503E+00  9.381E-04 
3.960E+04   2.483E+00  9.286E-04 
4.006E+04   2.463E+00  9.192E-04 
4.053E+04   2.443E+00  9.100E-04 
4.100E+04   2.423E+00  9.008E-04 
4.147E+04   2.403E+00  8.917E-04 
4.195E+04   2.383E+00  8.827E-04 
4.244E+04   2.364E+00  8.738E-04 
4.293E+04   2.345E+00  8.650E-04 
4.343E+04   2.325E+00  8.562E-04 
4.394E+04   2.306E+00  8.476E-04 
4.444E+04   2.288E+00  8.390E-04 
4.496E+04   2.269E+00  8.305E-04 
4.548E+04   2.250E+00  8.221E-04 
4.601E+04   2.232E+00  8.138E-04 
4.654E+04   2.214E+00  8.056E-04 
4.708E+04   2.196E+00  7.974E-04 
4.763E+04   2.178E+00  7.894E-04 
4.818E+04   2.160E+00  7.814E-04 
4.874E+04   2.142E+00  7.735E-04 
4.931E+04   2.125E+00  7.657E-04 
4.988E+04   2.108E+00  7.579E-04 
5.046E+04   2.091E+00  7.502E-04 
5.104E+04   2.073E+00  7.426E-04 
5.163E+04   2.057E+00  7.351E-04 
5.223E+04   2.040E+00  7.277E-04 
5.284E+04   2.023E+00  7.203E-04 
5.345E+04   2.007E+00  7.130E-04 
5.407E+04   1.990E+00  7.058E-04 
5.470E+04   1.974E+00  6.986E-04 
5.533E+04   1.958E+00  6.915E-04 
5.597E+04   1.942E+00  6.845E-04 
5.662E+04   1.926E+00  6.776E-04 
5.728E+04   1.911E+00  6.707E-04 
5.794E+04   1.895E+00  6.639E-04 
5.862E+04   1.880E+00  6.572E-04 
5.930E+04   1.865E+00  6.505E-04 
5.998E+04   1.849E+00  6.439E-04 
6.068E+04   1.834E+00  6.374E-04 
6.138E+04   1.820E+00  6.309E-04 
6.210E+04   1.805E+00  6.245E-04 
6.282E+04   1.790E+00  6.181E-04 
6.354E+04   1.776E+00  6.118E-04 
6.428E+04   1.761E+00  6.056E-04 
6.503E+04   1.747E+00  5.995E-04 
6.578E+04   1.733E+00  5.934E-04 
6.654E+04   1.719E+00  5.874E-04 
6.732E+04   1.705E+00  5.814E-04 
6.810E+04   1.691E+00  5.755E-04 
6.889E+04   1.678E+00  5.696E-04 
6.969E+04   1.664E+00  5.638E-04 
7.049E+04   1.651E+00  5.581E-04 
7.131E+04   1.637E+00  5.524E-04 
7.214E+04   1.624E+00  5.468E-04 
7.298E+04   1.611E+00  5.412E-04 
7.382E+04   1.598E+00  5.357E-04 
7.468E+04   1.585E+00  5.302E-04 
7.555E+04   1.573E+00  5.248E-04 
7.642E+04   1.560E+00  5.195E-04 
7.731E+04   1.547E+00  5.142E-04 
7.820E+04   1.535E+00  5.090E-04 
7.911E+04   1.523E+00  5.038E-04 
8.003E+04   1.511E+00  4.986E-04 
8.096E+04   1.499E+00  4.936E-04 
8.190E+04   1.487E+00  4.885E-04 
8.285E+04   1.475E+00  4.835E-04 
8.381E+04   1.463E+00  4.786E-04 
8.478E+04   1.451E+00  4.737E-04 
8.576E+04   1.440E+00  4.689E-04 
8.676E+04   1.428E+00  4.641E-04 
8.776E+04   1.417E+00  4.594E-04 
8.878E+04   1.406E+00  4.547E-04 
8.981E+04   1.395E+00  4.500E-04 
9.085E+04   1.384E+00  4.454E-04 
9.191E+04   1.373E+00  4.409E-04 
9.297E+04   1.362E+00  4.364E-04 
9.405E+04   1.351E+00  4.319E-04 
9.514E+04   1.340E+00  4.275E-04 
9.625E+04   1.330E+00  4.232E-04 
9.736E+04   1.319E+00  4.188E-04 
9.849E+04   1.309E+00  4.145E-04 
9.963E+04   1.299E+00  4.103E-04 
1.008E+05   1.289E+00  4.061E-04 
