Ion = Hydrogen    . Mass = 1.0079
Tgt = Re (Solid). Density = 20.53 g/cm3
Stopping Units =  eV/(1E15 atoms/cm2)
Energy(keV)  S(Elec)    S(Nuc)
1.000E+00   4.654E+00  2.625E-01 
1.012E+00   4.681E+00  2.629E-01 
1.023E+00   4.708E+00  2.632E-01 
1.035E+00   4.736E+00  2.636E-01 
1.047E+00   4.763E+00  2.639E-01 
1.059E+00   4.790E+00  2.643E-01 
1.072E+00   4.818E+00  2.646E-01 
1.084E+00   4.846E+00  2.649E-01 
1.097E+00   4.874E+00  2.653E-01 
1.109E+00   4.902E+00  2.656E-01 
1.122E+00   4.931E+00  2.659E-01 
1.135E+00   4.959E+00  2.662E-01 
1.148E+00   4.988E+00  2.666E-01 
1.162E+00   5.017E+00  2.669E-01 
1.175E+00   5.046E+00  2.672E-01 
1.189E+00   5.075E+00  2.675E-01 
1.203E+00   5.104E+00  2.678E-01 
1.217E+00   5.134E+00  2.681E-01 
1.231E+00   5.163E+00  2.684E-01 
1.245E+00   5.193E+00  2.687E-01 
1.259E+00   5.223E+00  2.690E-01 
1.274E+00   5.253E+00  2.692E-01 
1.289E+00   5.284E+00  2.695E-01 
1.304E+00   5.314E+00  2.698E-01 
1.319E+00   5.345E+00  2.701E-01 
1.334E+00   5.376E+00  2.703E-01 
1.350E+00   5.407E+00  2.706E-01 
1.365E+00   5.438E+00  2.709E-01 
1.381E+00   5.470E+00  2.711E-01 
1.397E+00   5.501E+00  2.714E-01 
1.413E+00   5.533E+00  2.716E-01 
1.430E+00   5.565E+00  2.719E-01 
1.446E+00   5.597E+00  2.721E-01 
1.463E+00   5.630E+00  2.724E-01 
1.480E+00   5.662E+00  2.726E-01 
1.497E+00   5.695E+00  2.728E-01 
1.515E+00   5.728E+00  2.730E-01 
1.532E+00   5.761E+00  2.733E-01 
1.550E+00   5.794E+00  2.735E-01 
1.568E+00   5.828E+00  2.737E-01 
1.586E+00   5.862E+00  2.739E-01 
1.605E+00   5.896E+00  2.741E-01 
1.623E+00   5.930E+00  2.743E-01 
1.642E+00   5.964E+00  2.745E-01 
1.661E+00   5.998E+00  2.747E-01 
1.680E+00   6.033E+00  2.749E-01 
1.700E+00   6.068E+00  2.751E-01 
1.719E+00   6.103E+00  2.752E-01 
1.739E+00   6.138E+00  2.754E-01 
1.760E+00   6.174E+00  2.756E-01 
1.780E+00   6.210E+00  2.758E-01 
1.801E+00   6.246E+00  2.759E-01 
1.822E+00   6.282E+00  2.761E-01 
1.843E+00   6.318E+00  2.762E-01 
1.864E+00   6.355E+00  2.764E-01 
1.886E+00   6.391E+00  2.765E-01 
1.908E+00   6.428E+00  2.767E-01 
1.930E+00   6.465E+00  2.768E-01 
1.952E+00   6.503E+00  2.769E-01 
1.975E+00   6.540E+00  2.771E-01 
1.998E+00   6.578E+00  2.772E-01 
2.021E+00   6.615E+00  2.773E-01 
2.044E+00   6.647E+00  2.774E-01 
2.068E+00   6.679E+00  2.775E-01 
2.092E+00   6.711E+00  2.776E-01 
2.116E+00   6.743E+00  2.777E-01 
2.141E+00   6.776E+00  2.778E-01 
2.166E+00   6.809E+00  2.779E-01 
2.191E+00   6.842E+00  2.780E-01 
2.216E+00   6.875E+00  2.781E-01 
2.242E+00   6.909E+00  2.781E-01 
2.268E+00   6.943E+00  2.782E-01 
2.294E+00   6.977E+00  2.783E-01 
2.321E+00   7.011E+00  2.783E-01 
2.348E+00   7.045E+00  2.784E-01 
2.375E+00   7.080E+00  2.784E-01 
2.402E+00   7.114E+00  2.785E-01 
2.430E+00   7.149E+00  2.785E-01 
2.458E+00   7.185E+00  2.785E-01 
2.487E+00   7.220E+00  2.786E-01 
2.516E+00   7.256E+00  2.786E-01 
2.545E+00   7.292E+00  2.786E-01 
2.574E+00   7.328E+00  2.786E-01 
2.604E+00   7.364E+00  2.786E-01 
2.635E+00   7.401E+00  2.786E-01 
2.665E+00   7.438E+00  2.786E-01 
2.696E+00   7.475E+00  2.786E-01 
2.727E+00   7.512E+00  2.786E-01 
2.759E+00   7.550E+00  2.786E-01 
2.791E+00   7.587E+00  2.786E-01 
2.823E+00   7.625E+00  2.786E-01 
2.856E+00   7.664E+00  2.785E-01 
2.889E+00   7.702E+00  2.785E-01 
2.923E+00   7.741E+00  2.785E-01 
2.957E+00   7.780E+00  2.784E-01 
2.991E+00   7.819E+00  2.784E-01 
3.026E+00   7.858E+00  2.783E-01 
3.061E+00   7.898E+00  2.782E-01 
3.096E+00   7.938E+00  2.782E-01 
3.132E+00   7.978E+00  2.781E-01 
3.168E+00   8.019E+00  2.780E-01 
3.205E+00   8.059E+00  2.779E-01 
3.242E+00   8.100E+00  2.779E-01 
3.280E+00   8.141E+00  2.778E-01 
3.318E+00   8.183E+00  2.777E-01 
3.356E+00   8.224E+00  2.776E-01 
3.395E+00   8.266E+00  2.774E-01 
3.435E+00   8.308E+00  2.773E-01 
3.475E+00   8.351E+00  2.772E-01 
3.515E+00   8.393E+00  2.771E-01 
3.556E+00   8.436E+00  2.769E-01 
3.597E+00   8.479E+00  2.768E-01 
3.639E+00   8.523E+00  2.767E-01 
3.681E+00   8.566E+00  2.765E-01 
3.724E+00   8.610E+00  2.764E-01 
3.767E+00   8.654E+00  2.762E-01 
3.810E+00   8.699E+00  2.760E-01 
3.855E+00   8.743E+00  2.759E-01 
3.899E+00   8.788E+00  2.757E-01 
3.945E+00   8.833E+00  2.755E-01 
3.990E+00   8.879E+00  2.753E-01 
4.037E+00   8.924E+00  2.751E-01 
4.083E+00   8.970E+00  2.749E-01 
4.131E+00   9.016E+00  2.747E-01 
4.179E+00   9.063E+00  2.745E-01 
4.227E+00   9.109E+00  2.743E-01 
4.276E+00   9.156E+00  2.741E-01 
4.326E+00   9.204E+00  2.739E-01 
4.376E+00   9.251E+00  2.736E-01 
4.427E+00   9.299E+00  2.734E-01 
4.478E+00   9.347E+00  2.731E-01 
4.530E+00   9.395E+00  2.729E-01 
4.583E+00   9.443E+00  2.726E-01 
4.636E+00   9.492E+00  2.724E-01 
4.690E+00   9.541E+00  2.721E-01 
4.744E+00   9.590E+00  2.718E-01 
4.799E+00   9.640E+00  2.716E-01 
4.855E+00   9.689E+00  2.713E-01 
4.911E+00   9.739E+00  2.710E-01 
4.968E+00   9.790E+00  2.707E-01 
5.026E+00   9.840E+00  2.704E-01 
5.084E+00   9.891E+00  2.701E-01 
5.143E+00   9.942E+00  2.698E-01 
5.202E+00   9.993E+00  2.695E-01 
5.263E+00   1.004E+01  2.692E-01 
5.324E+00   1.010E+01  2.688E-01 
5.386E+00   1.015E+01  2.685E-01 
5.448E+00   1.020E+01  2.682E-01 
5.511E+00   1.025E+01  2.678E-01 
5.575E+00   1.031E+01  2.675E-01 
5.640E+00   1.036E+01  2.671E-01 
5.705E+00   1.041E+01  2.668E-01 
5.771E+00   1.047E+01  2.664E-01 
5.838E+00   1.052E+01  2.660E-01 
5.906E+00   1.057E+01  2.656E-01 
5.975E+00   1.063E+01  2.653E-01 
6.044E+00   1.068E+01  2.649E-01 
6.114E+00   1.074E+01  2.645E-01 
6.185E+00   1.079E+01  2.641E-01 
6.257E+00   1.085E+01  2.637E-01 
6.329E+00   1.090E+01  2.633E-01 
6.403E+00   1.096E+01  2.628E-01 
6.477E+00   1.101E+01  2.624E-01 
6.552E+00   1.107E+01  2.620E-01 
6.628E+00   1.113E+01  2.616E-01 
6.705E+00   1.118E+01  2.611E-01 
6.783E+00   1.124E+01  2.607E-01 
6.861E+00   1.130E+01  2.602E-01 
6.941E+00   1.136E+01  2.598E-01 
7.021E+00   1.141E+01  2.593E-01 
7.103E+00   1.147E+01  2.589E-01 
7.185E+00   1.153E+01  2.584E-01 
7.269E+00   1.159E+01  2.579E-01 
7.353E+00   1.165E+01  2.574E-01 
7.438E+00   1.171E+01  2.570E-01 
7.524E+00   1.177E+01  2.565E-01 
7.612E+00   1.182E+01  2.560E-01 
7.700E+00   1.188E+01  2.555E-01 
7.789E+00   1.194E+01  2.550E-01 
7.880E+00   1.201E+01  2.545E-01 
7.971E+00   1.207E+01  2.539E-01 
8.064E+00   1.213E+01  2.534E-01 
8.157E+00   1.219E+01  2.529E-01 
8.252E+00   1.225E+01  2.524E-01 
8.347E+00   1.231E+01  2.518E-01 
8.444E+00   1.237E+01  2.513E-01 
8.542E+00   1.243E+01  2.507E-01 
8.641E+00   1.250E+01  2.502E-01 
8.741E+00   1.256E+01  2.496E-01 
8.843E+00   1.262E+01  2.491E-01 
8.945E+00   1.269E+01  2.485E-01 
9.049E+00   1.275E+01  2.479E-01 
9.154E+00   1.281E+01  2.474E-01 
9.260E+00   1.288E+01  2.468E-01 
9.368E+00   1.294E+01  2.462E-01 
9.476E+00   1.301E+01  2.456E-01 
9.586E+00   1.307E+01  2.450E-01 
9.698E+00   1.314E+01  2.444E-01 
9.810E+00   1.320E+01  2.438E-01 
9.924E+00   1.327E+01  2.432E-01 
1.004E+01   1.334E+01  2.426E-01 
1.016E+01   1.340E+01  2.420E-01 
1.027E+01   1.347E+01  2.413E-01 
1.039E+01   1.354E+01  2.407E-01 
1.051E+01   1.360E+01  2.401E-01 
1.063E+01   1.367E+01  2.394E-01 
1.076E+01   1.374E+01  2.388E-01 
1.088E+01   1.381E+01  2.382E-01 
1.101E+01   1.388E+01  2.375E-01 
1.114E+01   1.395E+01  2.369E-01 
1.127E+01   1.402E+01  2.362E-01 
1.140E+01   1.409E+01  2.355E-01 
1.153E+01   1.416E+01  2.349E-01 
1.166E+01   1.423E+01  2.342E-01 
1.180E+01   1.430E+01  2.335E-01 
1.193E+01   1.437E+01  2.329E-01 
1.207E+01   1.445E+01  2.322E-01 
1.221E+01   1.452E+01  2.315E-01 
1.235E+01   1.459E+01  2.308E-01 
1.250E+01   1.467E+01  2.301E-01 
1.264E+01   1.474E+01  2.294E-01 
1.279E+01   1.481E+01  2.287E-01 
1.294E+01   1.489E+01  2.280E-01 
1.309E+01   1.497E+01  2.273E-01 
1.324E+01   1.504E+01  2.266E-01 
1.339E+01   1.512E+01  2.259E-01 
1.355E+01   1.519E+01  2.252E-01 
1.371E+01   1.527E+01  2.245E-01 
1.387E+01   1.535E+01  2.237E-01 
1.403E+01   1.543E+01  2.230E-01 
1.419E+01   1.551E+01  2.223E-01 
1.435E+01   1.559E+01  2.216E-01 
1.452E+01   1.566E+01  2.208E-01 
1.469E+01   1.575E+01  2.201E-01 
1.486E+01   1.583E+01  2.193E-01 
1.503E+01   1.591E+01  2.186E-01 
1.521E+01   1.599E+01  2.178E-01 
1.538E+01   1.607E+01  2.171E-01 
1.556E+01   1.615E+01  2.163E-01 
1.574E+01   1.624E+01  2.156E-01 
1.592E+01   1.632E+01  2.148E-01 
1.611E+01   1.641E+01  2.141E-01 
1.629E+01   1.649E+01  2.133E-01 
1.648E+01   1.658E+01  2.125E-01 
1.667E+01   1.666E+01  2.117E-01 
1.687E+01   1.675E+01  2.110E-01 
1.706E+01   1.684E+01  2.102E-01 
1.726E+01   1.692E+01  2.094E-01 
1.746E+01   1.701E+01  2.086E-01 
1.766E+01   1.710E+01  2.079E-01 
1.787E+01   1.719E+01  2.071E-01 
1.808E+01   1.728E+01  2.063E-01 
1.829E+01   1.737E+01  2.055E-01 
1.850E+01   1.746E+01  2.047E-01 
1.871E+01   1.755E+01  2.039E-01 
1.893E+01   1.765E+01  2.031E-01 
1.915E+01   1.774E+01  2.023E-01 
1.937E+01   1.783E+01  2.015E-01 
1.960E+01   1.793E+01  2.007E-01 
1.982E+01   1.802E+01  1.999E-01 
2.005E+01   1.812E+01  1.991E-01 
2.029E+01   1.821E+01  1.983E-01 
2.052E+01   1.831E+01  1.975E-01 
2.076E+01   1.841E+01  1.967E-01 
2.100E+01   1.850E+01  1.959E-01 
2.124E+01   1.860E+01  1.951E-01 
2.149E+01   1.870E+01  1.943E-01 
2.174E+01   1.880E+01  1.934E-01 
2.199E+01   1.890E+01  1.926E-01 
2.225E+01   1.900E+01  1.918E-01 
2.250E+01   1.910E+01  1.910E-01 
2.277E+01   1.920E+01  1.902E-01 
2.303E+01   1.930E+01  1.893E-01 
2.330E+01   1.941E+01  1.885E-01 
2.357E+01   1.951E+01  1.877E-01 
2.384E+01   1.961E+01  1.869E-01 
2.412E+01   1.972E+01  1.860E-01 
2.440E+01   1.982E+01  1.852E-01 
2.468E+01   1.993E+01  1.844E-01 
2.497E+01   2.003E+01  1.836E-01 
2.526E+01   2.014E+01  1.827E-01 
2.555E+01   2.024E+01  1.819E-01 
2.584E+01   2.035E+01  1.811E-01 
2.614E+01   2.046E+01  1.802E-01 
2.645E+01   2.057E+01  1.794E-01 
2.675E+01   2.068E+01  1.786E-01 
2.707E+01   2.078E+01  1.778E-01 
2.738E+01   2.089E+01  1.769E-01 
2.770E+01   2.100E+01  1.761E-01 
2.802E+01   2.111E+01  1.753E-01 
2.834E+01   2.122E+01  1.744E-01 
2.867E+01   2.134E+01  1.736E-01 
2.900E+01   2.145E+01  1.728E-01 
2.934E+01   2.156E+01  1.719E-01 
2.968E+01   2.167E+01  1.711E-01 
3.003E+01   2.178E+01  1.703E-01 
3.037E+01   2.190E+01  1.694E-01 
3.073E+01   2.201E+01  1.686E-01 
3.108E+01   2.212E+01  1.678E-01 
3.144E+01   2.224E+01  1.669E-01 
3.181E+01   2.235E+01  1.661E-01 
3.218E+01   2.247E+01  1.653E-01 
3.255E+01   2.258E+01  1.644E-01 
3.293E+01   2.270E+01  1.636E-01 
3.331E+01   2.281E+01  1.628E-01 
3.370E+01   2.293E+01  1.620E-01 
3.409E+01   2.304E+01  1.611E-01 
3.448E+01   2.316E+01  1.603E-01 
3.488E+01   2.328E+01  1.595E-01 
3.529E+01   2.339E+01  1.586E-01 
3.570E+01   2.351E+01  1.578E-01 
3.611E+01   2.363E+01  1.570E-01 
3.653E+01   2.374E+01  1.562E-01 
3.695E+01   2.386E+01  1.554E-01 
3.738E+01   2.398E+01  1.545E-01 
3.781E+01   2.409E+01  1.537E-01 
3.825E+01   2.421E+01  1.529E-01 
3.870E+01   2.433E+01  1.521E-01 
3.915E+01   2.445E+01  1.512E-01 
3.960E+01   2.456E+01  1.504E-01 
4.006E+01   2.468E+01  1.496E-01 
4.052E+01   2.480E+01  1.488E-01 
4.099E+01   2.492E+01  1.480E-01 
4.147E+01   2.504E+01  1.472E-01 
4.195E+01   2.515E+01  1.464E-01 
4.244E+01   2.527E+01  1.456E-01 
4.293E+01   2.539E+01  1.447E-01 
4.343E+01   2.550E+01  1.439E-01 
4.393E+01   2.562E+01  1.431E-01 
4.444E+01   2.574E+01  1.423E-01 
4.496E+01   2.585E+01  1.415E-01 
4.548E+01   2.597E+01  1.407E-01 
4.600E+01   2.609E+01  1.399E-01 
4.654E+01   2.620E+01  1.391E-01 
4.708E+01   2.632E+01  1.383E-01 
4.762E+01   2.644E+01  1.375E-01 
4.818E+01   2.655E+01  1.368E-01 
4.873E+01   2.667E+01  1.360E-01 
4.930E+01   2.678E+01  1.352E-01 
4.987E+01   2.689E+01  1.344E-01 
5.045E+01   2.701E+01  1.336E-01 
5.104E+01   2.712E+01  1.328E-01 
5.163E+01   2.723E+01  1.320E-01 
5.223E+01   2.735E+01  1.313E-01 
5.283E+01   2.746E+01  1.305E-01 
5.344E+01   2.757E+01  1.297E-01 
5.406E+01   2.768E+01  1.289E-01 
5.469E+01   2.779E+01  1.282E-01 
5.533E+01   2.790E+01  1.274E-01 
5.597E+01   2.801E+01  1.266E-01 
5.662E+01   2.812E+01  1.259E-01 
5.727E+01   2.823E+01  1.251E-01 
5.794E+01   2.834E+01  1.243E-01 
5.861E+01   2.844E+01  1.236E-01 
5.929E+01   2.855E+01  1.228E-01 
5.998E+01   2.865E+01  1.221E-01 
6.067E+01   2.876E+01  1.213E-01 
6.138E+01   2.886E+01  1.206E-01 
6.209E+01   2.897E+01  1.198E-01 
6.281E+01   2.907E+01  1.191E-01 
6.354E+01   2.917E+01  1.183E-01 
6.427E+01   2.927E+01  1.176E-01 
6.502E+01   2.937E+01  1.169E-01 
6.577E+01   2.947E+01  1.161E-01 
6.654E+01   2.957E+01  1.154E-01 
6.731E+01   2.966E+01  1.147E-01 
6.809E+01   2.976E+01  1.139E-01 
6.888E+01   2.985E+01  1.132E-01 
6.968E+01   2.995E+01  1.125E-01 
7.049E+01   3.004E+01  1.118E-01 
7.130E+01   3.013E+01  1.111E-01 
7.213E+01   3.022E+01  1.103E-01 
7.297E+01   3.031E+01  1.096E-01 
7.381E+01   3.040E+01  1.089E-01 
7.467E+01   3.049E+01  1.082E-01 
7.554E+01   3.057E+01  1.075E-01 
7.641E+01   3.066E+01  1.068E-01 
7.730E+01   3.074E+01  1.061E-01 
7.820E+01   3.083E+01  1.054E-01 
7.910E+01   3.091E+01  1.047E-01 
8.002E+01   3.099E+01  1.040E-01 
8.095E+01   3.107E+01  1.034E-01 
8.189E+01   3.114E+01  1.027E-01 
8.284E+01   3.122E+01  1.020E-01 
8.380E+01   3.129E+01  1.013E-01 
8.477E+01   3.137E+01  1.006E-01 
8.575E+01   3.144E+01  9.996E-02 
8.675E+01   3.151E+01  9.929E-02 
8.775E+01   3.158E+01  9.862E-02 
8.877E+01   3.165E+01  9.796E-02 
8.980E+01   3.171E+01  9.730E-02 
9.084E+01   3.178E+01  9.664E-02 
9.190E+01   3.184E+01  9.598E-02 
9.296E+01   3.191E+01  9.533E-02 
9.404E+01   3.197E+01  9.468E-02 
9.513E+01   3.203E+01  9.403E-02 
9.624E+01   3.208E+01  9.339E-02 
9.735E+01   3.214E+01  9.275E-02 
9.848E+01   3.219E+01  9.211E-02 
9.962E+01   3.225E+01  9.148E-02 
1.008E+02   3.230E+01  9.084E-02 
1.019E+02   3.235E+01  9.021E-02 
1.031E+02   3.240E+01  8.959E-02 
1.043E+02   3.244E+01  8.896E-02 
1.055E+02   3.249E+01  8.834E-02 
1.068E+02   3.253E+01  8.772E-02 
1.080E+02   3.257E+01  8.711E-02 
1.093E+02   3.261E+01  8.650E-02 
1.105E+02   3.265E+01  8.589E-02 
1.118E+02   3.269E+01  8.528E-02 
1.131E+02   3.272E+01  8.468E-02 
1.144E+02   3.276E+01  8.408E-02 
1.157E+02   3.279E+01  8.348E-02 
1.171E+02   3.282E+01  8.289E-02 
1.184E+02   3.285E+01  8.230E-02 
1.198E+02   3.288E+01  8.171E-02 
1.212E+02   3.290E+01  8.113E-02 
1.226E+02   3.293E+01  8.055E-02 
1.240E+02   3.295E+01  7.997E-02 
1.255E+02   3.297E+01  7.939E-02 
1.269E+02   3.299E+01  7.882E-02 
1.284E+02   3.300E+01  7.825E-02 
1.299E+02   3.302E+01  7.768E-02 
1.314E+02   3.303E+01  7.712E-02 
1.329E+02   3.304E+01  7.656E-02 
1.345E+02   3.305E+01  7.600E-02 
1.360E+02   3.306E+01  7.545E-02 
1.376E+02   3.307E+01  7.489E-02 
1.392E+02   3.308E+01  7.435E-02 
1.408E+02   3.308E+01  7.380E-02 
1.424E+02   3.308E+01  7.326E-02 
1.441E+02   3.308E+01  7.272E-02 
1.458E+02   3.308E+01  7.218E-02 
1.475E+02   3.308E+01  7.165E-02 
1.492E+02   3.307E+01  7.112E-02 
1.509E+02   3.307E+01  7.059E-02 
1.526E+02   3.306E+01  7.006E-02 
1.544E+02   3.305E+01  6.954E-02 
1.562E+02   3.304E+01  6.902E-02 
1.580E+02   3.302E+01  6.851E-02 
1.598E+02   3.301E+01  6.799E-02 
1.617E+02   3.299E+01  6.748E-02 
1.636E+02   3.298E+01  6.698E-02 
1.655E+02   3.296E+01  6.647E-02 
1.674E+02   3.294E+01  6.597E-02 
1.693E+02   3.291E+01  6.547E-02 
1.713E+02   3.289E+01  6.498E-02 
1.733E+02   3.287E+01  6.449E-02 
1.753E+02   3.284E+01  6.400E-02 
1.773E+02   3.281E+01  6.351E-02 
1.794E+02   3.278E+01  6.303E-02 
1.815E+02   3.275E+01  6.255E-02 
1.836E+02   3.272E+01  6.207E-02 
1.857E+02   3.268E+01  6.159E-02 
1.879E+02   3.265E+01  6.112E-02 
1.900E+02   3.261E+01  6.065E-02 
1.922E+02   3.257E+01  6.018E-02 
1.945E+02   3.253E+01  5.972E-02 
1.967E+02   3.249E+01  5.926E-02 
1.990E+02   3.245E+01  5.880E-02 
2.013E+02   3.240E+01  5.835E-02 
2.036E+02   3.236E+01  5.790E-02 
2.060E+02   3.231E+01  5.745E-02 
2.084E+02   3.226E+01  5.700E-02 
2.108E+02   3.221E+01  5.656E-02 
2.133E+02   3.216E+01  5.612E-02 
2.157E+02   3.211E+01  5.568E-02 
2.182E+02   3.206E+01  5.524E-02 
2.208E+02   3.201E+01  5.481E-02 
2.233E+02   3.195E+01  5.438E-02 
2.259E+02   3.189E+01  5.395E-02 
2.285E+02   3.184E+01  5.353E-02 
2.312E+02   3.178E+01  5.311E-02 
2.339E+02   3.172E+01  5.269E-02 
2.366E+02   3.166E+01  5.227E-02 
2.393E+02   3.159E+01  5.186E-02 
2.421E+02   3.153E+01  5.145E-02 
2.449E+02   3.146E+01  5.104E-02 
2.478E+02   3.140E+01  5.064E-02 
2.506E+02   3.133E+01  5.023E-02 
2.535E+02   3.127E+01  4.983E-02 
2.565E+02   3.120E+01  4.944E-02 
2.595E+02   3.113E+01  5.204E-02 
2.625E+02   3.106E+01  5.162E-02 
2.655E+02   3.098E+01  5.120E-02 
2.686E+02   3.091E+01  5.078E-02 
2.717E+02   3.084E+01  5.037E-02 
2.749E+02   3.076E+01  4.996E-02 
2.780E+02   3.069E+01  4.955E-02 
2.813E+02   3.061E+01  4.914E-02 
2.845E+02   3.054E+01  4.874E-02 
2.878E+02   3.046E+01  4.834E-02 
2.912E+02   3.038E+01  4.794E-02 
2.945E+02   3.030E+01  4.755E-02 
2.980E+02   3.022E+01  4.716E-02 
3.014E+02   3.014E+01  4.677E-02 
3.049E+02   3.006E+01  4.638E-02 
3.085E+02   2.997E+01  4.600E-02 
3.120E+02   2.989E+01  4.562E-02 
3.156E+02   2.981E+01  4.524E-02 
3.193E+02   2.972E+01  4.486E-02 
3.230E+02   2.964E+01  4.449E-02 
3.268E+02   2.955E+01  4.412E-02 
3.306E+02   2.947E+01  4.375E-02 
3.344E+02   2.938E+01  4.339E-02 
3.383E+02   2.929E+01  4.302E-02 
3.422E+02   2.920E+01  4.266E-02 
3.462E+02   2.911E+01  4.231E-02 
3.502E+02   2.902E+01  4.195E-02 
3.542E+02   2.893E+01  4.160E-02 
3.583E+02   2.884E+01  4.125E-02 
3.625E+02   2.875E+01  4.090E-02 
3.667E+02   2.866E+01  4.056E-02 
3.710E+02   2.857E+01  4.022E-02 
3.753E+02   2.848E+01  3.988E-02 
3.796E+02   2.838E+01  3.954E-02 
3.840E+02   2.829E+01  3.921E-02 
3.885E+02   2.820E+01  3.887E-02 
3.930E+02   2.810E+01  3.855E-02 
3.975E+02   2.801E+01  3.822E-02 
4.021E+02   2.791E+01  3.789E-02 
4.068E+02   2.782E+01  3.757E-02 
4.115E+02   2.772E+01  3.725E-02 
4.163E+02   2.762E+01  3.693E-02 
4.211E+02   2.753E+01  3.662E-02 
4.260E+02   2.743E+01  3.631E-02 
4.310E+02   2.733E+01  3.600E-02 
4.360E+02   2.724E+01  3.569E-02 
4.410E+02   2.714E+01  3.538E-02 
4.461E+02   2.704E+01  3.508E-02 
4.513E+02   2.694E+01  3.478E-02 
4.565E+02   2.684E+01  3.448E-02 
4.618E+02   2.675E+01  3.418E-02 
4.672E+02   2.665E+01  3.389E-02 
4.726E+02   2.655E+01  3.360E-02 
4.781E+02   2.645E+01  3.331E-02 
4.836E+02   2.635E+01  3.302E-02 
4.892E+02   2.625E+01  3.273E-02 
4.949E+02   2.615E+01  3.245E-02 
5.007E+02   2.605E+01  3.217E-02 
5.065E+02   2.595E+01  3.189E-02 
5.123E+02   2.585E+01  3.162E-02 
5.183E+02   2.575E+01  3.134E-02 
5.243E+02   2.565E+01  3.107E-02 
5.304E+02   2.555E+01  3.080E-02 
5.365E+02   2.545E+01  3.053E-02 
5.428E+02   2.535E+01  3.026E-02 
5.490E+02   2.525E+01  3.000E-02 
5.554E+02   2.515E+01  2.974E-02 
5.619E+02   2.505E+01  2.948E-02 
5.684E+02   2.495E+01  2.922E-02 
5.750E+02   2.484E+01  2.897E-02 
5.816E+02   2.474E+01  2.871E-02 
5.884E+02   2.464E+01  2.846E-02 
5.952E+02   2.454E+01  2.821E-02 
6.021E+02   2.444E+01  2.796E-02 
6.091E+02   2.434E+01  2.772E-02 
6.162E+02   2.424E+01  2.747E-02 
6.233E+02   2.414E+01  2.723E-02 
6.305E+02   2.404E+01  2.699E-02 
6.378E+02   2.394E+01  2.675E-02 
6.452E+02   2.384E+01  2.652E-02 
6.527E+02   2.374E+01  2.628E-02 
6.603E+02   2.363E+01  2.605E-02 
6.680E+02   2.353E+01  2.582E-02 
6.757E+02   2.343E+01  2.559E-02 
6.835E+02   2.333E+01  2.537E-02 
6.915E+02   2.323E+01  2.514E-02 
6.995E+02   2.313E+01  2.492E-02 
7.076E+02   2.303E+01  2.470E-02 
7.158E+02   2.293E+01  2.448E-02 
7.241E+02   2.283E+01  2.426E-02 
7.325E+02   2.273E+01  2.405E-02 
7.410E+02   2.263E+01  2.383E-02 
7.496E+02   2.253E+01  2.362E-02 
7.583E+02   2.243E+01  2.341E-02 
7.671E+02   2.234E+01  2.320E-02 
7.760E+02   2.224E+01  2.299E-02 
7.850E+02   2.214E+01  2.279E-02 
7.941E+02   2.204E+01  2.258E-02 
8.033E+02   2.194E+01  2.238E-02 
8.126E+02   2.184E+01  2.218E-02 
8.221E+02   2.174E+01  2.198E-02 
8.316E+02   2.165E+01  2.178E-02 
8.412E+02   2.155E+01  2.159E-02 
8.510E+02   2.145E+01  2.140E-02 
8.609E+02   2.135E+01  2.120E-02 
8.709E+02   2.126E+01  2.101E-02 
8.810E+02   2.116E+01  2.082E-02 
8.912E+02   2.106E+01  2.064E-02 
9.015E+02   2.096E+01  2.045E-02 
9.120E+02   2.087E+01  2.027E-02 
9.225E+02   2.077E+01  2.008E-02 
9.332E+02   2.068E+01  1.990E-02 
9.441E+02   2.058E+01  1.972E-02 
9.550E+02   2.048E+01  1.954E-02 
9.661E+02   2.039E+01  1.937E-02 
9.773E+02   2.029E+01  1.919E-02 
9.886E+02   2.020E+01  1.902E-02 
1.000E+03   2.011E+01  1.884E-02 
1.012E+03   2.001E+01  1.867E-02 
1.023E+03   1.992E+01  1.850E-02 
1.035E+03   1.983E+01  1.834E-02 
1.047E+03   1.973E+01  1.817E-02 
1.059E+03   1.964E+01  1.800E-02 
1.072E+03   1.954E+01  1.784E-02 
1.084E+03   1.944E+01  1.768E-02 
1.097E+03   1.934E+01  1.752E-02 
1.109E+03   1.924E+01  1.736E-02 
1.122E+03   1.914E+01  1.720E-02 
1.135E+03   1.904E+01  1.704E-02 
1.149E+03   1.894E+01  1.689E-02 
1.162E+03   1.883E+01  1.673E-02 
1.175E+03   1.873E+01  1.658E-02 
1.189E+03   1.862E+01  1.643E-02 
1.203E+03   1.851E+01  1.628E-02 
1.217E+03   1.841E+01  1.613E-02 
1.231E+03   1.832E+01  1.598E-02 
1.245E+03   1.822E+01  1.583E-02 
1.260E+03   1.813E+01  1.569E-02 
1.274E+03   1.804E+01  1.554E-02 
1.289E+03   1.794E+01  1.540E-02 
1.304E+03   1.785E+01  1.526E-02 
1.319E+03   1.776E+01  1.512E-02 
1.334E+03   1.767E+01  1.498E-02 
1.350E+03   1.758E+01  1.484E-02 
1.365E+03   1.748E+01  1.471E-02 
1.381E+03   1.739E+01  1.457E-02 
1.397E+03   1.730E+01  1.444E-02 
1.414E+03   1.721E+01  1.430E-02 
1.430E+03   1.712E+01  1.417E-02 
1.446E+03   1.703E+01  1.404E-02 
1.463E+03   1.694E+01  1.391E-02 
1.480E+03   1.685E+01  1.378E-02 
1.497E+03   1.676E+01  1.365E-02 
1.515E+03   1.667E+01  1.353E-02 
1.532E+03   1.658E+01  1.340E-02 
1.550E+03   1.649E+01  1.328E-02 
1.568E+03   1.641E+01  1.315E-02 
1.586E+03   1.632E+01  1.303E-02 
1.605E+03   1.623E+01  1.291E-02 
1.623E+03   1.614E+01  1.279E-02 
1.642E+03   1.605E+01  1.267E-02 
1.661E+03   1.597E+01  1.255E-02 
1.680E+03   1.588E+01  1.244E-02 
1.700E+03   1.579E+01  1.232E-02 
1.720E+03   1.571E+01  1.221E-02 
1.740E+03   1.562E+01  1.209E-02 
1.760E+03   1.553E+01  1.198E-02 
1.780E+03   1.545E+01  1.187E-02 
1.801E+03   1.536E+01  1.176E-02 
1.822E+03   1.527E+01  1.165E-02 
1.843E+03   1.519E+01  1.154E-02 
1.864E+03   1.510E+01  1.143E-02 
1.886E+03   1.502E+01  1.133E-02 
1.908E+03   1.493E+01  1.122E-02 
1.930E+03   1.485E+01  1.111E-02 
1.952E+03   1.477E+01  1.101E-02 
1.975E+03   1.468E+01  1.091E-02 
1.998E+03   1.460E+01  1.081E-02 
2.021E+03   1.451E+01  1.070E-02 
2.044E+03   1.443E+01  1.060E-02 
2.068E+03   1.435E+01  1.050E-02 
2.092E+03   1.426E+01  1.041E-02 
2.116E+03   1.418E+01  1.031E-02 
2.141E+03   1.410E+01  1.021E-02 
2.166E+03   1.402E+01  1.011E-02 
2.191E+03   1.394E+01  1.002E-02 
2.216E+03   1.385E+01  9.925E-03 
2.242E+03   1.377E+01  9.832E-03 
2.268E+03   1.369E+01  9.739E-03 
2.294E+03   1.361E+01  9.648E-03 
2.321E+03   1.353E+01  9.557E-03 
2.348E+03   1.345E+01  9.467E-03 
2.375E+03   1.337E+01  9.377E-03 
2.403E+03   1.329E+01  9.289E-03 
2.431E+03   1.321E+01  9.201E-03 
2.459E+03   1.313E+01  9.114E-03 
2.487E+03   1.305E+01  9.028E-03 
2.516E+03   1.297E+01  8.943E-03 
2.545E+03   1.290E+01  8.858E-03 
2.575E+03   1.282E+01  8.774E-03 
2.605E+03   1.274E+01  8.691E-03 
2.635E+03   1.266E+01  8.609E-03 
2.665E+03   1.259E+01  8.527E-03 
2.696E+03   1.251E+01  8.446E-03 
2.728E+03   1.243E+01  8.366E-03 
2.759E+03   1.236E+01  8.287E-03 
2.791E+03   1.228E+01  8.208E-03 
2.824E+03   1.220E+01  8.130E-03 
2.856E+03   1.213E+01  8.053E-03 
2.889E+03   1.205E+01  7.977E-03 
2.923E+03   1.198E+01  7.901E-03 
2.957E+03   1.190E+01  7.826E-03 
2.991E+03   1.183E+01  7.751E-03 
3.026E+03   1.175E+01  7.677E-03 
3.061E+03   1.168E+01  7.604E-03 
3.097E+03   1.161E+01  7.532E-03 
3.132E+03   1.153E+01  7.460E-03 
3.169E+03   1.146E+01  7.389E-03 
3.206E+03   1.139E+01  7.318E-03 
3.243E+03   1.132E+01  7.249E-03 
3.280E+03   1.124E+01  7.179E-03 
3.318E+03   1.117E+01  7.111E-03 
3.357E+03   1.110E+01  7.043E-03 
3.396E+03   1.103E+01  6.976E-03 
3.435E+03   1.096E+01  6.909E-03 
3.475E+03   1.089E+01  6.843E-03 
3.515E+03   1.082E+01  6.777E-03 
3.556E+03   1.075E+01  6.713E-03 
3.597E+03   1.068E+01  6.648E-03 
3.639E+03   1.061E+01  6.585E-03 
3.681E+03   1.054E+01  6.521E-03 
3.724E+03   1.047E+01  6.459E-03 
3.767E+03   1.040E+01  6.397E-03 
3.811E+03   1.033E+01  6.336E-03 
3.855E+03   1.027E+01  6.275E-03 
3.900E+03   1.020E+01  6.215E-03 
3.945E+03   1.013E+01  6.155E-03 
3.991E+03   1.006E+01  6.096E-03 
4.037E+03   9.997E+00  6.037E-03 
4.084E+03   9.931E+00  5.979E-03 
4.131E+03   9.865E+00  5.922E-03 
4.179E+03   9.799E+00  5.865E-03 
4.228E+03   9.734E+00  5.808E-03 
4.277E+03   9.669E+00  5.752E-03 
4.326E+03   9.604E+00  5.697E-03 
4.376E+03   9.540E+00  5.642E-03 
4.427E+03   9.476E+00  5.588E-03 
4.479E+03   9.412E+00  5.534E-03 
4.531E+03   9.348E+00  5.480E-03 
4.583E+03   9.285E+00  5.428E-03 
4.636E+03   9.222E+00  5.375E-03 
4.690E+03   9.159E+00  5.323E-03 
4.744E+03   9.097E+00  5.272E-03 
4.799E+03   9.035E+00  5.221E-03 
4.855E+03   8.973E+00  5.170E-03 
4.911E+03   8.912E+00  5.121E-03 
4.968E+03   8.851E+00  5.071E-03 
5.026E+03   8.790E+00  5.022E-03 
5.084E+03   8.730E+00  4.973E-03 
5.143E+03   8.669E+00  4.925E-03 
5.203E+03   8.610E+00  4.877E-03 
5.263E+03   8.550E+00  4.830E-03 
5.324E+03   8.491E+00  4.783E-03 
5.386E+03   8.432E+00  4.737E-03 
5.449E+03   8.373E+00  4.691E-03 
5.512E+03   8.315E+00  4.646E-03 
5.576E+03   8.257E+00  4.601E-03 
5.640E+03   8.199E+00  4.556E-03 
5.706E+03   8.142E+00  4.512E-03 
5.772E+03   8.085E+00  4.468E-03 
5.839E+03   8.028E+00  4.424E-03 
5.907E+03   7.971E+00  4.381E-03 
5.975E+03   7.915E+00  4.339E-03 
6.045E+03   7.859E+00  4.297E-03 
6.115E+03   7.804E+00  4.255E-03 
6.186E+03   7.748E+00  4.213E-03 
6.257E+03   7.693E+00  4.172E-03 
6.330E+03   7.639E+00  4.132E-03 
6.403E+03   7.584E+00  4.092E-03 
6.478E+03   7.530E+00  4.052E-03 
6.553E+03   7.476E+00  4.012E-03 
6.629E+03   7.423E+00  3.973E-03 
6.706E+03   7.370E+00  3.934E-03 
6.783E+03   7.317E+00  3.896E-03 
6.862E+03   7.264E+00  3.858E-03 
6.942E+03   7.212E+00  3.820E-03 
7.022E+03   7.160E+00  3.783E-03 
7.104E+03   7.108E+00  3.746E-03 
7.186E+03   7.057E+00  3.709E-03 
7.269E+03   7.006E+00  3.673E-03 
7.354E+03   6.955E+00  3.637E-03 
7.439E+03   6.904E+00  3.602E-03 
7.525E+03   6.854E+00  3.567E-03 
7.613E+03   6.804E+00  3.532E-03 
7.701E+03   6.754E+00  3.497E-03 
7.790E+03   6.705E+00  3.463E-03 
7.881E+03   6.656E+00  3.429E-03 
7.972E+03   6.607E+00  3.395E-03 
8.064E+03   6.559E+00  3.362E-03 
8.158E+03   6.510E+00  3.329E-03 
8.253E+03   6.463E+00  3.296E-03 
8.348E+03   6.415E+00  3.264E-03 
8.445E+03   6.368E+00  3.232E-03 
8.543E+03   6.320E+00  3.200E-03 
8.642E+03   6.274E+00  3.169E-03 
8.742E+03   6.227E+00  3.138E-03 
8.844E+03   6.181E+00  3.107E-03 
8.946E+03   6.135E+00  3.077E-03 
9.050E+03   6.089E+00  3.046E-03 
9.155E+03   6.044E+00  3.016E-03 
9.261E+03   5.999E+00  2.987E-03 
9.369E+03   5.954E+00  2.957E-03 
9.477E+03   5.909E+00  2.928E-03 
9.587E+03   5.865E+00  2.899E-03 
9.699E+03   5.821E+00  2.871E-03 
9.811E+03   5.777E+00  2.843E-03 
9.925E+03   5.734E+00  2.815E-03 
1.004E+04   5.691E+00  2.787E-03 
1.016E+04   5.648E+00  2.759E-03 
1.027E+04   5.605E+00  2.732E-03 
1.039E+04   5.563E+00  2.705E-03 
1.051E+04   5.521E+00  2.679E-03 
1.064E+04   5.479E+00  2.652E-03 
1.076E+04   5.437E+00  2.626E-03 
1.088E+04   5.396E+00  2.600E-03 
1.101E+04   5.355E+00  2.575E-03 
1.114E+04   5.314E+00  2.549E-03 
1.127E+04   5.273E+00  2.524E-03 
1.140E+04   5.233E+00  2.499E-03 
1.153E+04   5.193E+00  2.474E-03 
1.166E+04   5.153E+00  2.450E-03 
1.180E+04   5.114E+00  2.426E-03 
1.194E+04   5.075E+00  2.402E-03 
1.207E+04   5.036E+00  2.378E-03 
1.221E+04   4.997E+00  2.354E-03 
1.236E+04   4.958E+00  2.331E-03 
1.250E+04   4.920E+00  2.308E-03 
1.264E+04   4.882E+00  2.285E-03 
1.279E+04   4.845E+00  2.262E-03 
1.294E+04   4.807E+00  2.240E-03 
1.309E+04   4.770E+00  2.218E-03 
1.324E+04   4.733E+00  2.196E-03 
1.340E+04   4.696E+00  2.174E-03 
1.355E+04   4.660E+00  2.153E-03 
1.371E+04   4.623E+00  2.131E-03 
1.387E+04   4.587E+00  2.110E-03 
1.403E+04   4.552E+00  2.089E-03 
1.419E+04   4.516E+00  2.068E-03 
1.435E+04   4.481E+00  2.048E-03 
1.452E+04   4.446E+00  2.028E-03 
1.469E+04   4.411E+00  2.007E-03 
1.486E+04   4.377E+00  1.987E-03 
1.503E+04   4.342E+00  1.968E-03 
1.521E+04   4.308E+00  1.948E-03 
1.538E+04   4.274E+00  1.929E-03 
1.556E+04   4.241E+00  1.910E-03 
1.574E+04   4.207E+00  1.891E-03 
1.592E+04   4.174E+00  1.872E-03 
1.611E+04   4.141E+00  1.853E-03 
1.630E+04   4.109E+00  1.835E-03 
1.649E+04   4.076E+00  1.816E-03 
1.668E+04   4.044E+00  1.798E-03 
1.687E+04   4.012E+00  1.780E-03 
1.707E+04   3.980E+00  1.763E-03 
1.726E+04   3.949E+00  1.745E-03 
1.746E+04   3.917E+00  1.728E-03 
1.767E+04   3.886E+00  1.711E-03 
1.787E+04   3.855E+00  1.693E-03 
1.808E+04   3.825E+00  1.677E-03 
1.829E+04   3.794E+00  1.660E-03 
1.850E+04   3.764E+00  1.643E-03 
1.871E+04   3.734E+00  1.627E-03 
1.893E+04   3.704E+00  1.611E-03 
1.915E+04   3.675E+00  1.595E-03 
1.937E+04   3.645E+00  1.579E-03 
1.960E+04   3.616E+00  1.563E-03 
1.983E+04   3.587E+00  1.547E-03 
2.006E+04   3.558E+00  1.532E-03 
2.029E+04   3.530E+00  1.516E-03 
2.052E+04   3.502E+00  1.501E-03 
2.076E+04   3.473E+00  1.486E-03 
2.100E+04   3.445E+00  1.471E-03 
2.125E+04   3.418E+00  1.457E-03 
2.149E+04   3.390E+00  1.442E-03 
2.174E+04   3.363E+00  1.428E-03 
2.199E+04   3.336E+00  1.413E-03 
2.225E+04   3.309E+00  1.399E-03 
2.251E+04   3.282E+00  1.385E-03 
2.277E+04   3.256E+00  1.371E-03 
2.303E+04   3.229E+00  1.358E-03 
2.330E+04   3.203E+00  1.344E-03 
2.357E+04   3.177E+00  1.331E-03 
2.384E+04   3.152E+00  1.317E-03 
2.412E+04   3.126E+00  1.304E-03 
2.440E+04   3.101E+00  1.291E-03 
2.468E+04   3.076E+00  1.278E-03 
2.497E+04   3.051E+00  1.265E-03 
2.526E+04   3.026E+00  1.252E-03 
2.555E+04   3.001E+00  1.240E-03 
2.585E+04   2.977E+00  1.227E-03 
2.615E+04   2.953E+00  1.215E-03 
2.645E+04   2.929E+00  1.203E-03 
2.676E+04   2.905E+00  1.191E-03 
2.707E+04   2.881E+00  1.179E-03 
2.738E+04   2.858E+00  1.167E-03 
2.770E+04   2.835E+00  1.155E-03 
2.802E+04   2.811E+00  1.144E-03 
2.835E+04   2.788E+00  1.132E-03 
2.867E+04   2.766E+00  1.121E-03 
2.901E+04   2.743E+00  1.109E-03 
2.934E+04   2.721E+00  1.098E-03 
2.968E+04   2.698E+00  1.087E-03 
3.003E+04   2.676E+00  1.076E-03 
3.038E+04   2.654E+00  1.065E-03 
3.073E+04   2.633E+00  1.055E-03 
3.109E+04   2.611E+00  1.044E-03 
3.145E+04   2.590E+00  1.034E-03 
3.181E+04   2.569E+00  1.023E-03 
3.218E+04   2.548E+00  1.013E-03 
3.255E+04   2.527E+00  1.003E-03 
3.293E+04   2.506E+00  9.925E-04 
3.331E+04   2.485E+00  9.825E-04 
3.370E+04   2.465E+00  9.726E-04 
3.409E+04   2.445E+00  9.628E-04 
3.449E+04   2.425E+00  9.531E-04 
3.489E+04   2.405E+00  9.435E-04 
3.529E+04   2.385E+00  9.339E-04 
3.570E+04   2.365E+00  9.245E-04 
3.611E+04   2.346E+00  9.152E-04 
3.653E+04   2.327E+00  9.059E-04 
3.696E+04   2.308E+00  8.968E-04 
3.738E+04   2.289E+00  8.877E-04 
3.782E+04   2.270E+00  8.788E-04 
3.826E+04   2.251E+00  8.699E-04 
3.870E+04   2.233E+00  8.611E-04 
3.915E+04   2.214E+00  8.524E-04 
3.960E+04   2.196E+00  8.437E-04 
4.006E+04   2.178E+00  8.352E-04 
4.053E+04   2.160E+00  8.268E-04 
4.100E+04   2.142E+00  8.184E-04 
4.147E+04   2.125E+00  8.101E-04 
4.195E+04   2.107E+00  8.019E-04 
4.244E+04   2.090E+00  7.938E-04 
4.293E+04   2.073E+00  7.858E-04 
4.343E+04   2.056E+00  7.778E-04 
4.394E+04   2.039E+00  7.699E-04 
4.444E+04   2.022E+00  7.621E-04 
4.496E+04   2.005E+00  7.544E-04 
4.548E+04   1.989E+00  7.468E-04 
4.601E+04   1.972E+00  7.392E-04 
4.654E+04   1.956E+00  7.317E-04 
4.708E+04   1.940E+00  7.243E-04 
4.763E+04   1.924E+00  7.169E-04 
4.818E+04   1.908E+00  7.097E-04 
4.874E+04   1.892E+00  7.025E-04 
4.931E+04   1.877E+00  6.953E-04 
4.988E+04   1.861E+00  6.883E-04 
5.046E+04   1.846E+00  6.813E-04 
5.104E+04   1.831E+00  6.744E-04 
5.163E+04   1.816E+00  6.675E-04 
5.223E+04   1.801E+00  6.607E-04 
5.284E+04   1.786E+00  6.540E-04 
5.345E+04   1.772E+00  6.474E-04 
5.407E+04   1.757E+00  6.408E-04 
5.470E+04   1.743E+00  6.343E-04 
5.533E+04   1.728E+00  6.278E-04 
5.597E+04   1.714E+00  6.215E-04 
5.662E+04   1.700E+00  6.151E-04 
5.728E+04   1.686E+00  6.089E-04 
5.794E+04   1.672E+00  6.027E-04 
5.862E+04   1.659E+00  5.966E-04 
5.930E+04   1.645E+00  5.905E-04 
5.998E+04   1.631E+00  5.845E-04 
6.068E+04   1.618E+00  5.785E-04 
6.138E+04   1.605E+00  5.726E-04 
6.210E+04   1.592E+00  5.668E-04 
6.282E+04   1.579E+00  5.610E-04 
6.354E+04   1.566E+00  5.553E-04 
6.428E+04   1.553E+00  5.497E-04 
6.503E+04   1.540E+00  5.441E-04 
6.578E+04   1.528E+00  5.385E-04 
6.654E+04   1.515E+00  5.330E-04 
6.732E+04   1.503E+00  5.276E-04 
6.810E+04   1.491E+00  5.222E-04 
6.889E+04   1.479E+00  5.169E-04 
6.969E+04   1.467E+00  5.116E-04 
7.049E+04   1.455E+00  5.064E-04 
7.131E+04   1.443E+00  5.012E-04 
7.214E+04   1.431E+00  4.961E-04 
7.298E+04   1.420E+00  4.911E-04 
7.382E+04   1.408E+00  4.861E-04 
7.468E+04   1.397E+00  4.811E-04 
7.555E+04   1.385E+00  4.762E-04 
7.642E+04   1.374E+00  4.713E-04 
7.731E+04   1.363E+00  4.665E-04 
7.820E+04   1.352E+00  4.617E-04 
7.911E+04   1.341E+00  4.570E-04 
8.003E+04   1.330E+00  4.524E-04 
8.096E+04   1.320E+00  4.477E-04 
8.190E+04   1.309E+00  4.432E-04 
8.285E+04   1.298E+00  4.386E-04 
8.381E+04   1.288E+00  4.341E-04 
8.478E+04   1.278E+00  4.297E-04 
8.576E+04   1.267E+00  4.253E-04 
8.676E+04   1.257E+00  4.210E-04 
8.776E+04   1.247E+00  4.166E-04 
8.878E+04   1.237E+00  4.124E-04 
8.981E+04   1.227E+00  4.082E-04 
9.085E+04   1.218E+00  4.040E-04 
9.191E+04   1.208E+00  3.999E-04 
9.297E+04   1.198E+00  3.958E-04 
9.405E+04   1.189E+00  3.917E-04 
9.514E+04   1.179E+00  3.877E-04 
9.625E+04   1.170E+00  3.837E-04 
9.736E+04   1.161E+00  3.798E-04 
9.849E+04   1.152E+00  3.759E-04 
9.963E+04   1.142E+00  3.721E-04 
1.008E+05   1.133E+00  3.682E-04 
