Ion = Helium      . Mass = 4.0026
Tgt = Te (Solid). Density = 6.25 g/cm3
Stopping Units =  eV/(1E15 atoms/cm2)
Energy(keV)  S(Elec)    S(Nuc)
1.000E+00   4.960E+00  2.188E+00 
1.013E+00   4.992E+00  2.193E+00 
1.026E+00   5.024E+00  2.198E+00 
1.039E+00   5.057E+00  2.203E+00 
1.053E+00   5.090E+00  2.208E+00 
1.067E+00   5.122E+00  2.213E+00 
1.081E+00   5.156E+00  2.218E+00 
1.095E+00   5.189E+00  2.223E+00 
1.109E+00   5.223E+00  2.227E+00 
1.123E+00   5.257E+00  2.232E+00 
1.138E+00   5.291E+00  2.237E+00 
1.153E+00   5.325E+00  2.242E+00 
1.168E+00   5.359E+00  2.247E+00 
1.183E+00   5.394E+00  2.251E+00 
1.198E+00   5.429E+00  2.256E+00 
1.214E+00   5.464E+00  2.261E+00 
1.229E+00   5.500E+00  2.265E+00 
1.245E+00   5.535E+00  2.270E+00 
1.262E+00   5.571E+00  2.274E+00 
1.278E+00   5.607E+00  2.279E+00 
1.295E+00   5.643E+00  2.283E+00 
1.311E+00   5.680E+00  2.288E+00 
1.329E+00   5.717E+00  2.292E+00 
1.346E+00   5.754E+00  2.296E+00 
1.363E+00   5.791E+00  2.301E+00 
1.381E+00   5.829E+00  2.305E+00 
1.399E+00   5.866E+00  2.309E+00 
1.417E+00   5.904E+00  2.313E+00 
1.436E+00   5.943E+00  2.318E+00 
1.454E+00   5.981E+00  2.322E+00 
1.473E+00   6.020E+00  2.326E+00 
1.492E+00   6.059E+00  2.330E+00 
1.512E+00   6.098E+00  2.334E+00 
1.531E+00   6.138E+00  2.338E+00 
1.551E+00   6.177E+00  2.342E+00 
1.571E+00   6.217E+00  2.345E+00 
1.592E+00   6.258E+00  2.349E+00 
1.612E+00   6.298E+00  2.353E+00 
1.633E+00   6.339E+00  2.357E+00 
1.655E+00   6.380E+00  2.361E+00 
1.676E+00   6.421E+00  2.364E+00 
1.698E+00   6.463E+00  2.368E+00 
1.720E+00   6.505E+00  2.371E+00 
1.742E+00   6.547E+00  2.375E+00 
1.765E+00   6.589E+00  2.378E+00 
1.788E+00   6.632E+00  2.382E+00 
1.811E+00   6.675E+00  2.385E+00 
1.835E+00   6.718E+00  2.388E+00 
1.859E+00   6.762E+00  2.392E+00 
1.883E+00   6.805E+00  2.395E+00 
1.907E+00   6.850E+00  2.398E+00 
1.932E+00   6.894E+00  2.401E+00 
1.957E+00   6.939E+00  2.404E+00 
1.983E+00   6.983E+00  2.407E+00 
2.008E+00   7.029E+00  2.410E+00 
2.034E+00   7.074E+00  2.413E+00 
2.061E+00   7.120E+00  2.416E+00 
2.088E+00   7.166E+00  2.419E+00 
2.115E+00   7.213E+00  2.422E+00 
2.142E+00   7.259E+00  2.425E+00 
2.170E+00   7.306E+00  2.427E+00 
2.198E+00   7.354E+00  2.430E+00 
2.227E+00   7.401E+00  2.433E+00 
2.256E+00   7.449E+00  2.435E+00 
2.285E+00   7.497E+00  2.438E+00 
2.315E+00   7.546E+00  2.440E+00 
2.345E+00   7.595E+00  2.442E+00 
2.375E+00   7.644E+00  2.445E+00 
2.406E+00   7.694E+00  2.447E+00 
2.438E+00   7.743E+00  2.449E+00 
2.469E+00   7.794E+00  2.451E+00 
2.501E+00   7.844E+00  2.454E+00 
2.534E+00   7.895E+00  2.456E+00 
2.567E+00   7.946E+00  2.458E+00 
2.600E+00   7.998E+00  2.460E+00 
2.634E+00   8.049E+00  2.461E+00 
2.668E+00   8.101E+00  2.463E+00 
2.703E+00   8.154E+00  2.465E+00 
2.738E+00   8.207E+00  2.467E+00 
2.773E+00   8.260E+00  2.468E+00 
2.810E+00   8.313E+00  2.470E+00 
2.846E+00   8.367E+00  2.471E+00 
2.883E+00   8.421E+00  2.473E+00 
2.921E+00   8.476E+00  2.474E+00 
2.958E+00   8.531E+00  2.476E+00 
2.997E+00   8.586E+00  2.477E+00 
3.036E+00   8.642E+00  2.478E+00 
3.075E+00   8.698E+00  2.479E+00 
3.115E+00   8.754E+00  2.481E+00 
3.156E+00   8.811E+00  2.482E+00 
3.197E+00   8.868E+00  2.483E+00 
3.238E+00   8.925E+00  2.484E+00 
3.280E+00   8.983E+00  2.484E+00 
3.323E+00   9.041E+00  2.485E+00 
3.366E+00   9.100E+00  2.486E+00 
3.410E+00   9.159E+00  2.487E+00 
3.454E+00   9.218E+00  2.487E+00 
3.499E+00   9.278E+00  2.488E+00 
3.545E+00   9.338E+00  2.488E+00 
3.591E+00   9.398E+00  2.489E+00 
3.637E+00   9.459E+00  2.489E+00 
3.685E+00   9.521E+00  2.489E+00 
3.733E+00   9.582E+00  2.490E+00 
3.781E+00   9.644E+00  2.490E+00 
3.830E+00   9.707E+00  2.490E+00 
3.880E+00   9.770E+00  2.490E+00 
3.930E+00   9.833E+00  2.490E+00 
3.982E+00   9.897E+00  2.490E+00 
4.033E+00   9.961E+00  2.490E+00 
4.086E+00   1.003E+01  2.489E+00 
4.139E+00   1.009E+01  2.489E+00 
4.193E+00   1.016E+01  2.489E+00 
4.247E+00   1.022E+01  2.488E+00 
4.302E+00   1.029E+01  2.488E+00 
4.358E+00   1.035E+01  2.487E+00 
4.415E+00   1.042E+01  2.486E+00 
4.472E+00   1.049E+01  2.486E+00 
4.530E+00   1.056E+01  2.485E+00 
4.589E+00   1.063E+01  2.484E+00 
4.649E+00   1.069E+01  2.483E+00 
4.709E+00   1.076E+01  2.482E+00 
4.770E+00   1.083E+01  2.481E+00 
4.832E+00   1.090E+01  2.480E+00 
4.895E+00   1.097E+01  2.479E+00 
4.959E+00   1.104E+01  2.478E+00 
5.023E+00   1.112E+01  2.476E+00 
5.089E+00   1.119E+01  2.475E+00 
5.155E+00   1.126E+01  2.473E+00 
5.222E+00   1.133E+01  2.472E+00 
5.290E+00   1.141E+01  2.470E+00 
5.358E+00   1.148E+01  2.469E+00 
5.428E+00   1.156E+01  2.467E+00 
5.499E+00   1.163E+01  2.465E+00 
5.570E+00   1.171E+01  2.463E+00 
5.642E+00   1.178E+01  2.461E+00 
5.716E+00   1.186E+01  2.459E+00 
5.790E+00   1.193E+01  2.457E+00 
5.865E+00   1.201E+01  2.455E+00 
5.942E+00   1.209E+01  2.453E+00 
6.019E+00   1.217E+01  2.450E+00 
6.097E+00   1.225E+01  2.448E+00 
6.176E+00   1.233E+01  2.446E+00 
6.256E+00   1.241E+01  2.443E+00 
6.338E+00   1.249E+01  2.440E+00 
6.420E+00   1.257E+01  2.438E+00 
6.504E+00   1.265E+01  2.435E+00 
6.588E+00   1.273E+01  2.432E+00 
6.674E+00   1.281E+01  2.429E+00 
6.760E+00   1.290E+01  2.426E+00 
6.848E+00   1.298E+01  2.423E+00 
6.937E+00   1.306E+01  2.420E+00 
7.027E+00   1.315E+01  2.417E+00 
7.119E+00   1.323E+01  2.414E+00 
7.211E+00   1.332E+01  2.411E+00 
7.305E+00   1.341E+01  2.407E+00 
7.400E+00   1.349E+01  2.404E+00 
7.496E+00   1.358E+01  2.400E+00 
7.594E+00   1.367E+01  2.397E+00 
7.692E+00   1.376E+01  2.393E+00 
7.792E+00   1.385E+01  2.389E+00 
7.894E+00   1.393E+01  2.386E+00 
7.996E+00   1.402E+01  2.382E+00 
8.100E+00   1.412E+01  2.378E+00 
8.205E+00   1.422E+01  2.374E+00 
8.312E+00   1.432E+01  2.370E+00 
8.420E+00   1.442E+01  2.366E+00 
8.529E+00   1.452E+01  2.362E+00 
8.640E+00   1.462E+01  2.357E+00 
8.753E+00   1.472E+01  2.353E+00 
8.866E+00   1.482E+01  2.349E+00 
8.982E+00   1.493E+01  2.344E+00 
9.098E+00   1.503E+01  2.340E+00 
9.217E+00   1.514E+01  2.335E+00 
9.336E+00   1.525E+01  2.330E+00 
9.458E+00   1.536E+01  2.326E+00 
9.581E+00   1.547E+01  2.321E+00 
9.705E+00   1.558E+01  2.316E+00 
9.831E+00   1.569E+01  2.311E+00 
9.959E+00   1.580E+01  2.306E+00 
1.009E+01   1.591E+01  2.301E+00 
1.022E+01   1.603E+01  2.296E+00 
1.035E+01   1.615E+01  2.291E+00 
1.049E+01   1.626E+01  2.285E+00 
1.062E+01   1.638E+01  2.280E+00 
1.076E+01   1.650E+01  2.275E+00 
1.090E+01   1.662E+01  2.269E+00 
1.104E+01   1.674E+01  2.264E+00 
1.119E+01   1.687E+01  2.258E+00 
1.133E+01   1.699E+01  2.253E+00 
1.148E+01   1.712E+01  2.247E+00 
1.163E+01   1.725E+01  2.241E+00 
1.178E+01   1.737E+01  2.236E+00 
1.193E+01   1.750E+01  2.230E+00 
1.209E+01   1.763E+01  2.224E+00 
1.224E+01   1.777E+01  2.218E+00 
1.240E+01   1.790E+01  2.212E+00 
1.256E+01   1.803E+01  2.206E+00 
1.273E+01   1.817E+01  2.200E+00 
1.289E+01   1.831E+01  2.194E+00 
1.306E+01   1.845E+01  2.187E+00 
1.323E+01   1.859E+01  2.181E+00 
1.340E+01   1.873E+01  2.175E+00 
1.358E+01   1.887E+01  2.168E+00 
1.375E+01   1.901E+01  2.162E+00 
1.393E+01   1.916E+01  2.155E+00 
1.411E+01   1.931E+01  2.149E+00 
1.430E+01   1.946E+01  2.142E+00 
1.448E+01   1.961E+01  2.136E+00 
1.467E+01   1.976E+01  2.129E+00 
1.486E+01   1.991E+01  2.122E+00 
1.505E+01   2.007E+01  2.115E+00 
1.525E+01   2.022E+01  2.108E+00 
1.545E+01   2.038E+01  2.101E+00 
1.565E+01   2.054E+01  2.095E+00 
1.585E+01   2.070E+01  2.088E+00 
1.606E+01   2.086E+01  2.081E+00 
1.627E+01   2.103E+01  2.073E+00 
1.648E+01   2.119E+01  2.066E+00 
1.669E+01   2.136E+01  2.059E+00 
1.691E+01   2.153E+01  2.052E+00 
1.713E+01   2.170E+01  2.045E+00 
1.735E+01   2.187E+01  2.037E+00 
1.758E+01   2.205E+01  2.030E+00 
1.781E+01   2.222E+01  2.023E+00 
1.804E+01   2.240E+01  2.015E+00 
1.827E+01   2.258E+01  2.008E+00 
1.851E+01   2.276E+01  2.000E+00 
1.875E+01   2.294E+01  1.993E+00 
1.899E+01   2.313E+01  1.985E+00 
1.924E+01   2.331E+01  1.978E+00 
1.949E+01   2.350E+01  1.970E+00 
1.974E+01   2.369E+01  1.962E+00 
2.000E+01   2.389E+01  1.954E+00 
2.026E+01   2.408E+01  1.947E+00 
2.052E+01   2.428E+01  1.939E+00 
2.079E+01   2.447E+01  1.931E+00 
2.106E+01   2.467E+01  1.923E+00 
2.133E+01   2.488E+01  1.915E+00 
2.161E+01   2.508E+01  1.907E+00 
2.189E+01   2.529E+01  1.900E+00 
2.218E+01   2.549E+01  1.892E+00 
2.247E+01   2.570E+01  1.884E+00 
2.276E+01   2.592E+01  1.876E+00 
2.305E+01   2.613E+01  1.868E+00 
2.335E+01   2.635E+01  1.859E+00 
2.366E+01   2.657E+01  1.851E+00 
2.396E+01   2.679E+01  1.843E+00 
2.428E+01   2.701E+01  1.835E+00 
2.459E+01   2.723E+01  1.827E+00 
2.491E+01   2.746E+01  1.819E+00 
2.523E+01   2.769E+01  1.811E+00 
2.556E+01   2.792E+01  1.802E+00 
2.589E+01   2.816E+01  1.794E+00 
2.623E+01   2.839E+01  1.786E+00 
2.657E+01   2.863E+01  1.777E+00 
2.692E+01   2.887E+01  1.769E+00 
2.727E+01   2.912E+01  1.761E+00 
2.762E+01   2.936E+01  1.753E+00 
2.798E+01   2.961E+01  1.744E+00 
2.834E+01   2.986E+01  1.736E+00 
2.871E+01   3.011E+01  1.727E+00 
2.909E+01   3.037E+01  1.719E+00 
2.946E+01   3.063E+01  1.711E+00 
2.985E+01   3.089E+01  1.702E+00 
3.023E+01   3.115E+01  1.694E+00 
3.063E+01   3.142E+01  1.685E+00 
3.103E+01   3.169E+01  1.677E+00 
3.143E+01   3.196E+01  1.668E+00 
3.184E+01   3.223E+01  1.660E+00 
3.225E+01   3.251E+01  1.651E+00 
3.267E+01   3.279E+01  1.643E+00 
3.309E+01   3.307E+01  1.634E+00 
3.352E+01   3.335E+01  1.626E+00 
3.396E+01   3.364E+01  1.617E+00 
3.440E+01   3.393E+01  1.609E+00 
3.485E+01   3.422E+01  1.600E+00 
3.530E+01   3.452E+01  1.592E+00 
3.576E+01   3.482E+01  1.583E+00 
3.623E+01   3.512E+01  1.575E+00 
3.670E+01   3.542E+01  1.566E+00 
3.717E+01   3.573E+01  1.558E+00 
3.766E+01   3.604E+01  1.549E+00 
3.815E+01   3.635E+01  1.541E+00 
3.864E+01   3.667E+01  1.532E+00 
3.914E+01   3.698E+01  1.524E+00 
3.965E+01   3.731E+01  1.515E+00 
4.017E+01   3.763E+01  1.507E+00 
4.069E+01   3.796E+01  1.498E+00 
4.122E+01   3.829E+01  1.490E+00 
4.175E+01   3.862E+01  1.481E+00 
4.230E+01   3.896E+01  1.473E+00 
4.285E+01   3.930E+01  1.464E+00 
4.340E+01   3.964E+01  1.456E+00 
4.397E+01   3.999E+01  1.447E+00 
4.454E+01   4.034E+01  1.439E+00 
4.512E+01   4.069E+01  1.431E+00 
4.570E+01   4.105E+01  1.422E+00 
4.630E+01   4.141E+01  1.414E+00 
4.690E+01   4.177E+01  1.405E+00 
4.751E+01   4.213E+01  1.397E+00 
4.813E+01   4.250E+01  1.388E+00 
4.875E+01   4.287E+01  1.380E+00 
4.939E+01   4.325E+01  1.372E+00 
5.003E+01   4.363E+01  1.363E+00 
5.068E+01   4.401E+01  1.355E+00 
5.134E+01   4.440E+01  1.347E+00 
5.200E+01   4.478E+01  1.338E+00 
5.268E+01   4.518E+01  1.330E+00 
5.336E+01   4.557E+01  1.322E+00 
5.406E+01   4.597E+01  1.313E+00 
5.476E+01   4.637E+01  1.305E+00 
5.547E+01   4.678E+01  1.297E+00 
5.619E+01   4.719E+01  1.289E+00 
5.692E+01   4.760E+01  1.281E+00 
5.766E+01   4.802E+01  1.272E+00 
5.841E+01   4.844E+01  1.264E+00 
5.917E+01   4.886E+01  1.256E+00 
5.994E+01   4.929E+01  1.248E+00 
6.072E+01   4.972E+01  1.240E+00 
6.151E+01   5.015E+01  1.232E+00 
6.231E+01   5.058E+01  1.224E+00 
6.312E+01   5.103E+01  1.216E+00 
6.394E+01   5.147E+01  1.208E+00 
6.477E+01   5.192E+01  1.200E+00 
6.561E+01   5.237E+01  1.192E+00 
6.646E+01   5.282E+01  1.184E+00 
6.733E+01   5.328E+01  1.176E+00 
6.820E+01   5.374E+01  1.168E+00 
6.909E+01   5.420E+01  1.160E+00 
6.999E+01   5.467E+01  1.152E+00 
7.090E+01   5.514E+01  1.144E+00 
7.182E+01   5.561E+01  1.137E+00 
7.275E+01   5.609E+01  1.129E+00 
7.370E+01   5.657E+01  1.121E+00 
7.465E+01   5.706E+01  1.113E+00 
7.562E+01   5.754E+01  1.106E+00 
7.661E+01   5.803E+01  1.098E+00 
7.760E+01   5.853E+01  1.090E+00 
7.861E+01   5.902E+01  1.083E+00 
7.963E+01   5.952E+01  1.075E+00 
8.067E+01   6.003E+01  1.068E+00 
8.172E+01   6.053E+01  1.060E+00 
8.278E+01   6.104E+01  1.053E+00 
8.385E+01   6.155E+01  1.045E+00 
8.494E+01   6.207E+01  1.038E+00 
8.605E+01   6.259E+01  1.030E+00 
8.717E+01   6.311E+01  1.023E+00 
8.830E+01   6.363E+01  1.016E+00 
8.945E+01   6.416E+01  1.008E+00 
9.061E+01   6.469E+01  1.001E+00 
9.179E+01   6.522E+01  9.937E-01 
9.298E+01   6.575E+01  9.865E-01 
9.419E+01   6.629E+01  9.793E-01 
9.541E+01   6.683E+01  9.721E-01 
9.665E+01   6.737E+01  9.650E-01 
9.791E+01   6.792E+01  9.579E-01 
9.918E+01   6.846E+01  9.508E-01 
1.005E+02   6.901E+01  9.438E-01 
1.018E+02   6.956E+01  9.367E-01 
1.031E+02   7.011E+01  9.298E-01 
1.044E+02   7.067E+01  9.228E-01 
1.058E+02   7.123E+01  9.159E-01 
1.072E+02   7.178E+01  9.090E-01 
1.086E+02   7.234E+01  9.022E-01 
1.100E+02   7.291E+01  8.954E-01 
1.114E+02   7.347E+01  8.886E-01 
1.129E+02   7.403E+01  8.818E-01 
1.143E+02   7.460E+01  8.751E-01 
1.158E+02   7.517E+01  8.684E-01 
1.173E+02   7.574E+01  8.618E-01 
1.188E+02   7.630E+01  8.552E-01 
1.204E+02   7.688E+01  8.486E-01 
1.219E+02   7.745E+01  8.420E-01 
1.235E+02   7.802E+01  8.355E-01 
1.251E+02   7.859E+01  8.290E-01 
1.268E+02   7.916E+01  8.226E-01 
1.284E+02   7.974E+01  8.162E-01 
1.301E+02   8.031E+01  8.098E-01 
1.318E+02   8.088E+01  8.035E-01 
1.335E+02   8.146E+01  7.971E-01 
1.352E+02   8.203E+01  7.909E-01 
1.370E+02   8.260E+01  7.846E-01 
1.388E+02   8.318E+01  7.784E-01 
1.406E+02   8.375E+01  7.722E-01 
1.424E+02   8.432E+01  7.661E-01 
1.442E+02   8.489E+01  7.600E-01 
1.461E+02   8.547E+01  7.539E-01 
1.480E+02   8.604E+01  7.479E-01 
1.499E+02   8.660E+01  7.419E-01 
1.519E+02   8.717E+01  7.359E-01 
1.539E+02   8.774E+01  7.300E-01 
1.559E+02   8.830E+01  7.241E-01 
1.579E+02   8.887E+01  7.182E-01 
1.599E+02   8.943E+01  7.124E-01 
1.620E+02   8.999E+01  7.066E-01 
1.641E+02   9.055E+01  7.009E-01 
1.662E+02   9.111E+01  6.951E-01 
1.684E+02   9.166E+01  6.895E-01 
1.706E+02   9.222E+01  6.838E-01 
1.728E+02   9.277E+01  6.782E-01 
1.751E+02   9.332E+01  6.726E-01 
1.773E+02   9.386E+01  6.670E-01 
1.796E+02   9.441E+01  6.615E-01 
1.820E+02   9.495E+01  6.560E-01 
1.843E+02   9.549E+01  6.506E-01 
1.867E+02   9.602E+01  6.452E-01 
1.892E+02   9.656E+01  6.398E-01 
1.916E+02   9.709E+01  6.345E-01 
1.941E+02   9.762E+01  6.292E-01 
1.966E+02   9.814E+01  6.239E-01 
1.992E+02   9.866E+01  6.186E-01 
2.018E+02   9.918E+01  6.134E-01 
2.044E+02   9.970E+01  6.083E-01 
2.071E+02   1.002E+02  6.031E-01 
2.097E+02   1.007E+02  5.980E-01 
2.125E+02   1.012E+02  5.929E-01 
2.152E+02   1.017E+02  5.879E-01 
2.180E+02   1.022E+02  5.829E-01 
2.209E+02   1.027E+02  5.779E-01 
2.237E+02   1.032E+02  5.730E-01 
2.266E+02   1.037E+02  5.681E-01 
2.296E+02   1.042E+02  5.632E-01 
2.326E+02   1.047E+02  5.584E-01 
2.356E+02   1.051E+02  5.536E-01 
2.387E+02   1.056E+02  5.488E-01 
2.418E+02   1.061E+02  5.440E-01 
2.449E+02   1.065E+02  5.393E-01 
2.481E+02   1.070E+02  5.347E-01 
2.513E+02   1.075E+02  5.300E-01 
2.546E+02   1.079E+02  5.254E-01 
2.579E+02   1.084E+02  5.208E-01 
2.612E+02   1.088E+02  5.163E-01 
2.646E+02   1.092E+02  5.118E-01 
2.681E+02   1.097E+02  5.073E-01 
2.716E+02   1.101E+02  5.028E-01 
2.751E+02   1.105E+02  4.984E-01 
2.787E+02   1.110E+02  4.940E-01 
2.823E+02   1.114E+02  4.897E-01 
2.859E+02   1.118E+02  4.854E-01 
2.897E+02   1.122E+02  4.811E-01 
2.934E+02   1.126E+02  4.768E-01 
2.972E+02   1.130E+02  4.726E-01 
3.011E+02   1.134E+02  4.684E-01 
3.050E+02   1.138E+02  4.642E-01 
3.090E+02   1.142E+02  4.601E-01 
3.130E+02   1.146E+02  4.560E-01 
3.171E+02   1.150E+02  4.519E-01 
3.212E+02   1.153E+02  4.479E-01 
3.254E+02   1.157E+02  4.438E-01 
3.296E+02   1.161E+02  4.399E-01 
3.339E+02   1.164E+02  4.359E-01 
3.382E+02   1.168E+02  4.320E-01 
3.426E+02   1.171E+02  4.281E-01 
3.471E+02   1.175E+02  4.242E-01 
3.516E+02   1.178E+02  4.204E-01 
3.561E+02   1.182E+02  4.166E-01 
3.608E+02   1.185E+02  4.128E-01 
3.655E+02   1.188E+02  4.120E-01 
3.702E+02   1.191E+02  4.083E-01 
3.750E+02   1.195E+02  4.046E-01 
3.799E+02   1.198E+02  4.009E-01 
3.848E+02   1.201E+02  3.972E-01 
3.898E+02   1.204E+02  3.936E-01 
3.949E+02   1.207E+02  3.900E-01 
4.000E+02   1.209E+02  3.864E-01 
4.052E+02   1.212E+02  3.828E-01 
4.105E+02   1.215E+02  3.793E-01 
4.158E+02   1.218E+02  3.758E-01 
4.212E+02   1.220E+02  3.723E-01 
4.267E+02   1.223E+02  3.689E-01 
4.323E+02   1.225E+02  3.655E-01 
4.379E+02   1.228E+02  3.621E-01 
4.436E+02   1.230E+02  3.587E-01 
4.493E+02   1.233E+02  3.554E-01 
4.552E+02   1.235E+02  3.521E-01 
4.611E+02   1.237E+02  3.488E-01 
4.671E+02   1.239E+02  3.456E-01 
4.731E+02   1.241E+02  3.423E-01 
4.793E+02   1.243E+02  3.391E-01 
4.855E+02   1.245E+02  3.359E-01 
4.918E+02   1.247E+02  3.328E-01 
4.982E+02   1.249E+02  3.297E-01 
5.047E+02   1.251E+02  3.266E-01 
5.113E+02   1.253E+02  3.235E-01 
5.179E+02   1.254E+02  3.204E-01 
5.246E+02   1.256E+02  3.174E-01 
5.315E+02   1.257E+02  3.144E-01 
5.384E+02   1.259E+02  3.114E-01 
5.454E+02   1.260E+02  3.085E-01 
5.524E+02   1.261E+02  3.056E-01 
5.596E+02   1.262E+02  3.027E-01 
5.669E+02   1.263E+02  2.998E-01 
5.743E+02   1.264E+02  2.969E-01 
5.817E+02   1.265E+02  2.941E-01 
5.893E+02   1.266E+02  2.913E-01 
5.969E+02   1.267E+02  2.885E-01 
6.047E+02   1.268E+02  2.858E-01 
6.126E+02   1.268E+02  2.830E-01 
6.205E+02   1.269E+02  2.803E-01 
6.286E+02   1.270E+02  2.776E-01 
6.368E+02   1.270E+02  2.749E-01 
6.450E+02   1.270E+02  2.723E-01 
6.534E+02   1.271E+02  2.697E-01 
6.619E+02   1.271E+02  2.671E-01 
6.705E+02   1.271E+02  2.645E-01 
6.792E+02   1.271E+02  2.620E-01 
6.881E+02   1.271E+02  2.594E-01 
6.970E+02   1.271E+02  2.569E-01 
7.061E+02   1.270E+02  2.544E-01 
7.152E+02   1.270E+02  2.520E-01 
7.245E+02   1.270E+02  2.495E-01 
7.339E+02   1.269E+02  2.471E-01 
7.435E+02   1.269E+02  2.447E-01 
7.531E+02   1.268E+02  2.423E-01 
7.629E+02   1.268E+02  2.399E-01 
7.728E+02   1.267E+02  2.376E-01 
7.829E+02   1.266E+02  2.353E-01 
7.931E+02   1.265E+02  2.330E-01 
8.034E+02   1.264E+02  2.307E-01 
8.138E+02   1.263E+02  2.284E-01 
8.244E+02   1.262E+02  2.262E-01 
8.351E+02   1.260E+02  2.240E-01 
8.460E+02   1.259E+02  2.218E-01 
8.570E+02   1.258E+02  2.196E-01 
8.681E+02   1.256E+02  2.174E-01 
8.794E+02   1.255E+02  2.153E-01 
8.908E+02   1.253E+02  2.132E-01 
9.024E+02   1.251E+02  2.111E-01 
9.141E+02   1.249E+02  2.090E-01 
9.260E+02   1.248E+02  2.069E-01 
9.380E+02   1.246E+02  2.049E-01 
9.502E+02   1.244E+02  2.028E-01 
9.626E+02   1.241E+02  2.008E-01 
9.751E+02   1.239E+02  1.988E-01 
9.877E+02   1.237E+02  1.969E-01 
1.001E+03   1.235E+02  1.949E-01 
1.014E+03   1.232E+02  1.930E-01 
1.027E+03   1.230E+02  1.910E-01 
1.040E+03   1.227E+02  1.891E-01 
1.054E+03   1.225E+02  1.873E-01 
1.067E+03   1.222E+02  1.854E-01 
1.081E+03   1.219E+02  1.835E-01 
1.095E+03   1.216E+02  1.817E-01 
1.109E+03   1.214E+02  1.799E-01 
1.124E+03   1.211E+02  1.781E-01 
1.138E+03   1.208E+02  1.763E-01 
1.153E+03   1.204E+02  1.745E-01 
1.168E+03   1.201E+02  1.728E-01 
1.183E+03   1.198E+02  1.710E-01 
1.199E+03   1.195E+02  1.693E-01 
1.214E+03   1.191E+02  1.676E-01 
1.230E+03   1.188E+02  1.659E-01 
1.246E+03   1.185E+02  1.643E-01 
1.262E+03   1.181E+02  1.626E-01 
1.279E+03   1.177E+02  1.610E-01 
1.295E+03   1.174E+02  1.593E-01 
1.312E+03   1.170E+02  1.577E-01 
1.329E+03   1.166E+02  1.561E-01 
1.347E+03   1.163E+02  1.546E-01 
1.364E+03   1.159E+02  1.530E-01 
1.382E+03   1.155E+02  1.514E-01 
1.400E+03   1.151E+02  1.499E-01 
1.418E+03   1.147E+02  1.484E-01 
1.436E+03   1.143E+02  1.469E-01 
1.455E+03   1.139E+02  1.454E-01 
1.474E+03   1.134E+02  1.439E-01 
1.493E+03   1.130E+02  1.424E-01 
1.513E+03   1.126E+02  1.410E-01 
1.532E+03   1.122E+02  1.396E-01 
1.552E+03   1.117E+02  1.381E-01 
1.572E+03   1.113E+02  1.367E-01 
1.593E+03   1.109E+02  1.353E-01 
1.613E+03   1.104E+02  1.339E-01 
1.634E+03   1.100E+02  1.326E-01 
1.656E+03   1.095E+02  1.312E-01 
1.677E+03   1.090E+02  1.299E-01 
1.699E+03   1.086E+02  1.285E-01 
1.721E+03   1.081E+02  1.272E-01 
1.743E+03   1.077E+02  1.259E-01 
1.766E+03   1.072E+02  1.246E-01 
1.789E+03   1.067E+02  1.233E-01 
1.812E+03   1.062E+02  1.221E-01 
1.836E+03   1.057E+02  1.208E-01 
1.860E+03   1.053E+02  1.196E-01 
1.884E+03   1.048E+02  1.183E-01 
1.908E+03   1.043E+02  1.171E-01 
1.933E+03   1.038E+02  1.159E-01 
1.958E+03   1.033E+02  1.147E-01 
1.984E+03   1.028E+02  1.135E-01 
2.009E+03   1.023E+02  1.124E-01 
2.036E+03   1.018E+02  1.112E-01 
2.062E+03   1.013E+02  1.101E-01 
2.089E+03   1.008E+02  1.089E-01 
2.116E+03   1.003E+02  1.078E-01 
2.143E+03   9.978E+01  1.067E-01 
2.171E+03   9.927E+01  1.056E-01 
2.200E+03   9.876E+01  1.045E-01 
2.228E+03   9.825E+01  1.034E-01 
2.257E+03   9.773E+01  1.023E-01 
2.286E+03   9.722E+01  1.012E-01 
2.316E+03   9.670E+01  1.002E-01 
2.346E+03   9.618E+01  9.915E-02 
2.377E+03   9.566E+01  9.812E-02 
2.408E+03   9.514E+01  9.709E-02 
2.439E+03   9.462E+01  9.608E-02 
2.471E+03   9.409E+01  9.508E-02 
2.503E+03   9.357E+01  9.409E-02 
2.535E+03   9.305E+01  9.310E-02 
2.568E+03   9.252E+01  9.213E-02 
2.602E+03   9.200E+01  9.117E-02 
2.635E+03   9.147E+01  9.022E-02 
2.670E+03   9.094E+01  8.927E-02 
2.704E+03   9.042E+01  8.834E-02 
2.740E+03   8.989E+01  8.741E-02 
2.775E+03   8.937E+01  8.650E-02 
2.811E+03   8.884E+01  8.559E-02 
2.848E+03   8.831E+01  8.469E-02 
2.885E+03   8.779E+01  8.380E-02 
2.922E+03   8.726E+01  8.292E-02 
2.960E+03   8.673E+01  8.205E-02 
2.999E+03   8.621E+01  8.119E-02 
3.038E+03   8.568E+01  8.033E-02 
3.077E+03   8.516E+01  7.949E-02 
3.117E+03   8.463E+01  7.865E-02 
3.158E+03   8.411E+01  7.782E-02 
3.199E+03   8.358E+01  7.700E-02 
3.240E+03   8.306E+01  7.619E-02 
3.282E+03   8.254E+01  7.539E-02 
3.325E+03   8.202E+01  7.459E-02 
3.368E+03   8.150E+01  7.380E-02 
3.412E+03   8.098E+01  7.302E-02 
3.456E+03   8.046E+01  7.225E-02 
3.501E+03   7.994E+01  7.149E-02 
3.547E+03   7.942E+01  7.073E-02 
3.593E+03   7.891E+01  6.998E-02 
3.640E+03   7.839E+01  6.924E-02 
3.687E+03   7.788E+01  6.851E-02 
3.735E+03   7.737E+01  6.778E-02 
3.783E+03   7.686E+01  6.706E-02 
3.832E+03   7.635E+01  6.635E-02 
3.882E+03   7.584E+01  6.564E-02 
3.933E+03   7.533E+01  6.495E-02 
3.984E+03   7.482E+01  6.426E-02 
4.036E+03   7.432E+01  6.357E-02 
4.088E+03   7.382E+01  6.290E-02 
4.141E+03   7.332E+01  6.223E-02 
4.195E+03   7.282E+01  6.157E-02 
4.250E+03   7.232E+01  6.091E-02 
4.305E+03   7.182E+01  6.026E-02 
4.361E+03   7.133E+01  5.962E-02 
4.417E+03   7.084E+01  5.898E-02 
4.475E+03   7.034E+01  5.835E-02 
4.533E+03   6.985E+01  5.773E-02 
4.592E+03   6.937E+01  5.711E-02 
4.652E+03   6.888E+01  5.650E-02 
4.712E+03   6.840E+01  5.590E-02 
4.773E+03   6.791E+01  5.530E-02 
4.835E+03   6.743E+01  5.471E-02 
4.898E+03   6.696E+01  5.412E-02 
4.962E+03   6.648E+01  5.354E-02 
5.026E+03   6.601E+01  5.297E-02 
5.092E+03   6.553E+01  5.240E-02 
5.158E+03   6.506E+01  5.184E-02 
5.225E+03   6.459E+01  5.129E-02 
5.293E+03   6.413E+01  5.073E-02 
5.362E+03   6.366E+01  5.019E-02 
5.431E+03   6.320E+01  4.965E-02 
5.502E+03   6.274E+01  4.912E-02 
5.573E+03   6.228E+01  4.859E-02 
5.646E+03   6.183E+01  4.807E-02 
5.719E+03   6.137E+01  4.755E-02 
5.793E+03   6.092E+01  4.704E-02 
5.869E+03   6.047E+01  4.653E-02 
5.945E+03   6.003E+01  4.603E-02 
6.022E+03   5.958E+01  4.554E-02 
6.101E+03   5.914E+01  4.504E-02 
6.180E+03   5.870E+01  4.456E-02 
6.260E+03   5.826E+01  4.408E-02 
6.341E+03   5.782E+01  4.360E-02 
6.424E+03   5.739E+01  4.313E-02 
6.507E+03   5.696E+01  4.267E-02 
6.592E+03   5.653E+01  4.220E-02 
6.678E+03   5.610E+01  4.175E-02 
6.764E+03   5.568E+01  4.130E-02 
6.852E+03   5.526E+01  4.085E-02 
6.941E+03   5.484E+01  4.041E-02 
7.032E+03   5.442E+01  3.997E-02 
7.123E+03   5.400E+01  3.954E-02 
7.216E+03   5.359E+01  3.911E-02 
7.309E+03   5.318E+01  3.869E-02 
7.404E+03   5.277E+01  3.827E-02 
7.501E+03   5.237E+01  3.785E-02 
7.598E+03   5.196E+01  3.744E-02 
7.697E+03   5.156E+01  3.703E-02 
7.797E+03   5.116E+01  3.663E-02 
7.898E+03   5.077E+01  3.624E-02 
8.001E+03   5.037E+01  3.584E-02 
8.105E+03   5.006E+01  3.545E-02 
8.210E+03   4.974E+01  3.507E-02 
8.317E+03   4.942E+01  3.469E-02 
8.425E+03   4.910E+01  3.431E-02 
8.534E+03   4.878E+01  3.393E-02 
8.645E+03   4.844E+01  3.356E-02 
8.758E+03   4.811E+01  3.320E-02 
8.871E+03   4.777E+01  3.284E-02 
8.987E+03   4.743E+01  3.248E-02 
9.104E+03   4.708E+01  3.213E-02 
9.222E+03   4.672E+01  3.178E-02 
9.342E+03   4.637E+01  3.143E-02 
9.463E+03   4.600E+01  3.109E-02 
9.586E+03   4.564E+01  3.075E-02 
9.711E+03   4.529E+01  3.041E-02 
9.837E+03   4.494E+01  3.008E-02 
9.965E+03   4.460E+01  2.975E-02 
1.009E+04   4.426E+01  2.942E-02 
1.023E+04   4.393E+01  2.910E-02 
1.036E+04   4.359E+01  2.878E-02 
1.049E+04   4.326E+01  2.847E-02 
1.063E+04   4.293E+01  2.816E-02 
1.077E+04   4.260E+01  2.785E-02 
1.091E+04   4.227E+01  2.754E-02 
1.105E+04   4.194E+01  2.724E-02 
1.119E+04   4.162E+01  2.694E-02 
1.134E+04   4.130E+01  2.665E-02 
1.149E+04   4.098E+01  2.636E-02 
1.163E+04   4.066E+01  2.607E-02 
1.179E+04   4.034E+01  2.578E-02 
1.194E+04   4.003E+01  2.550E-02 
1.209E+04   3.972E+01  2.522E-02 
1.225E+04   3.941E+01  2.494E-02 
1.241E+04   3.910E+01  2.467E-02 
1.257E+04   3.879E+01  2.440E-02 
1.274E+04   3.849E+01  2.413E-02 
1.290E+04   3.818E+01  2.386E-02 
1.307E+04   3.788E+01  2.360E-02 
1.324E+04   3.758E+01  2.334E-02 
1.341E+04   3.729E+01  2.308E-02 
1.358E+04   3.699E+01  2.283E-02 
1.376E+04   3.670E+01  2.258E-02 
1.394E+04   3.641E+01  2.233E-02 
1.412E+04   3.612E+01  2.208E-02 
1.431E+04   3.583E+01  2.184E-02 
1.449E+04   3.554E+01  2.160E-02 
1.468E+04   3.526E+01  2.136E-02 
1.487E+04   3.497E+01  2.112E-02 
1.506E+04   3.469E+01  2.089E-02 
1.526E+04   3.441E+01  2.066E-02 
1.546E+04   3.414E+01  2.043E-02 
1.566E+04   3.386E+01  2.021E-02 
1.586E+04   3.359E+01  1.998E-02 
1.607E+04   3.332E+01  1.976E-02 
1.628E+04   3.304E+01  1.954E-02 
1.649E+04   3.278E+01  1.933E-02 
1.670E+04   3.251E+01  1.911E-02 
1.692E+04   3.224E+01  1.890E-02 
1.714E+04   3.198E+01  1.869E-02 
1.736E+04   3.172E+01  1.849E-02 
1.759E+04   3.146E+01  1.828E-02 
1.782E+04   3.120E+01  1.808E-02 
1.805E+04   3.095E+01  1.788E-02 
1.828E+04   3.069E+01  1.768E-02 
1.852E+04   3.044E+01  1.748E-02 
1.876E+04   3.019E+01  1.729E-02 
1.900E+04   2.994E+01  1.710E-02 
1.925E+04   2.969E+01  1.691E-02 
1.950E+04   2.944E+01  1.672E-02 
1.976E+04   2.920E+01  1.653E-02 
2.001E+04   2.896E+01  1.635E-02 
2.027E+04   2.871E+01  1.617E-02 
2.054E+04   2.847E+01  1.599E-02 
2.080E+04   2.824E+01  1.581E-02 
2.107E+04   2.800E+01  1.564E-02 
2.135E+04   2.777E+01  1.546E-02 
2.162E+04   2.753E+01  1.529E-02 
2.191E+04   2.730E+01  1.512E-02 
2.219E+04   2.707E+01  1.495E-02 
2.248E+04   2.684E+01  1.478E-02 
2.277E+04   2.662E+01  1.462E-02 
2.307E+04   2.639E+01  1.446E-02 
2.337E+04   2.617E+01  1.430E-02 
2.367E+04   2.595E+01  1.414E-02 
2.398E+04   2.573E+01  1.398E-02 
2.429E+04   2.551E+01  1.382E-02 
2.461E+04   2.529E+01  1.367E-02 
2.492E+04   2.507E+01  1.352E-02 
2.525E+04   2.486E+01  1.337E-02 
2.558E+04   2.465E+01  1.322E-02 
2.591E+04   2.444E+01  1.307E-02 
2.625E+04   2.423E+01  1.292E-02 
2.659E+04   2.402E+01  1.278E-02 
2.693E+04   2.381E+01  1.264E-02 
2.728E+04   2.361E+01  1.249E-02 
2.764E+04   2.340E+01  1.236E-02 
2.800E+04   2.320E+01  1.222E-02 
2.836E+04   2.300E+01  1.208E-02 
2.873E+04   2.280E+01  1.195E-02 
2.910E+04   2.261E+01  1.181E-02 
2.948E+04   2.241E+01  1.168E-02 
2.986E+04   2.221E+01  1.155E-02 
3.025E+04   2.202E+01  1.142E-02 
3.065E+04   2.183E+01  1.129E-02 
3.104E+04   2.164E+01  1.116E-02 
3.145E+04   2.145E+01  1.104E-02 
3.186E+04   2.126E+01  1.092E-02 
3.227E+04   2.108E+01  1.079E-02 
3.269E+04   2.089E+01  1.067E-02 
3.311E+04   2.071E+01  1.055E-02 
3.354E+04   2.053E+01  1.043E-02 
3.398E+04   2.035E+01  1.032E-02 
3.442E+04   2.017E+01  1.020E-02 
3.487E+04   1.999E+01  1.009E-02 
3.532E+04   1.981E+01  9.974E-03 
3.578E+04   1.964E+01  9.862E-03 
3.625E+04   1.946E+01  9.751E-03 
3.672E+04   1.929E+01  9.641E-03 
3.719E+04   1.912E+01  9.533E-03 
3.768E+04   1.895E+01  9.426E-03 
3.817E+04   1.878E+01  9.320E-03 
3.866E+04   1.861E+01  9.215E-03 
3.917E+04   1.845E+01  9.111E-03 
3.968E+04   1.828E+01  9.009E-03 
4.019E+04   1.812E+01  8.907E-03 
4.071E+04   1.796E+01  8.807E-03 
4.124E+04   1.780E+01  8.708E-03 
4.178E+04   1.764E+01  8.610E-03 
4.232E+04   1.748E+01  8.513E-03 
4.287E+04   1.732E+01  8.417E-03 
4.343E+04   1.717E+01  8.322E-03 
4.399E+04   1.701E+01  8.228E-03 
4.456E+04   1.686E+01  8.135E-03 
4.514E+04   1.671E+01  8.044E-03 
4.573E+04   1.656E+01  7.953E-03 
4.632E+04   1.641E+01  7.863E-03 
4.693E+04   1.626E+01  7.774E-03 
4.754E+04   1.611E+01  7.687E-03 
4.815E+04   1.596E+01  7.600E-03 
4.878E+04   1.582E+01  7.514E-03 
4.941E+04   1.567E+01  7.429E-03 
5.006E+04   1.553E+01  7.345E-03 
5.071E+04   1.539E+01  7.262E-03 
5.137E+04   1.525E+01  7.180E-03 
5.203E+04   1.511E+01  7.099E-03 
5.271E+04   1.497E+01  7.019E-03 
5.340E+04   1.484E+01  6.939E-03 
5.409E+04   1.470E+01  6.861E-03 
5.479E+04   1.457E+01  6.783E-03 
5.550E+04   1.443E+01  6.706E-03 
5.623E+04   1.430E+01  6.630E-03 
5.696E+04   1.417E+01  6.555E-03 
5.770E+04   1.404E+01  6.481E-03 
5.845E+04   1.391E+01  6.408E-03 
5.921E+04   1.378E+01  6.335E-03 
5.998E+04   1.365E+01  6.263E-03 
6.075E+04   1.353E+01  6.192E-03 
6.154E+04   1.340E+01  6.122E-03 
6.234E+04   1.328E+01  6.053E-03 
6.315E+04   1.316E+01  5.984E-03 
6.398E+04   1.304E+01  5.916E-03 
6.481E+04   1.292E+01  5.849E-03 
6.565E+04   1.280E+01  5.783E-03 
6.650E+04   1.268E+01  5.717E-03 
6.737E+04   1.256E+01  5.652E-03 
6.824E+04   1.244E+01  5.588E-03 
6.913E+04   1.233E+01  5.525E-03 
7.003E+04   1.221E+01  5.462E-03 
7.094E+04   1.210E+01  5.400E-03 
7.186E+04   1.199E+01  5.339E-03 
7.279E+04   1.187E+01  5.278E-03 
7.374E+04   1.176E+01  5.218E-03 
7.470E+04   1.165E+01  5.159E-03 
7.567E+04   1.155E+01  5.100E-03 
7.665E+04   1.144E+01  5.042E-03 
7.765E+04   1.133E+01  4.985E-03 
7.866E+04   1.122E+01  4.928E-03 
7.968E+04   1.112E+01  4.872E-03 
8.072E+04   1.102E+01  4.816E-03 
8.176E+04   1.091E+01  4.762E-03 
8.283E+04   1.081E+01  4.707E-03 
8.390E+04   1.071E+01  4.654E-03 
8.499E+04   1.061E+01  4.601E-03 
8.610E+04   1.051E+01  4.548E-03 
8.722E+04   1.041E+01  4.497E-03 
8.835E+04   1.031E+01  4.445E-03 
8.950E+04   1.021E+01  4.395E-03 
9.066E+04   1.012E+01  4.345E-03 
9.184E+04   1.002E+01  4.295E-03 
9.303E+04   9.928E+00  4.246E-03 
9.424E+04   9.835E+00  4.198E-03 
9.547E+04   9.742E+00  4.150E-03 
9.671E+04   9.650E+00  4.102E-03 
9.797E+04   9.559E+00  4.056E-03 
9.924E+04   9.469E+00  4.009E-03 
1.005E+05   9.379E+00  3.963E-03 
1.018E+05   9.290E+00  3.918E-03 
1.032E+05   9.203E+00  3.873E-03 
1.045E+05   9.115E+00  3.829E-03 
1.059E+05   9.029E+00  3.785E-03 
1.072E+05   8.944E+00  3.742E-03 
1.086E+05   8.859E+00  3.699E-03 
1.100E+05   8.775E+00  3.657E-03 
1.115E+05   8.692E+00  3.615E-03 
1.129E+05   8.610E+00  3.574E-03 
1.144E+05   8.528E+00  3.533E-03 
1.159E+05   8.447E+00  3.493E-03 
1.174E+05   8.367E+00  3.453E-03 
1.189E+05   8.287E+00  3.413E-03 
1.204E+05   8.209E+00  3.374E-03 
1.220E+05   8.131E+00  3.336E-03 
1.236E+05   8.054E+00  3.297E-03 
1.252E+05   7.977E+00  3.260E-03 
1.268E+05   7.901E+00  3.222E-03 
1.285E+05   7.826E+00  3.185E-03 
1.302E+05   7.752E+00  3.149E-03 
1.318E+05   7.678E+00  3.113E-03 
1.336E+05   7.605E+00  3.077E-03 
1.353E+05   7.533E+00  3.042E-03 
1.371E+05   7.461E+00  3.007E-03 
1.388E+05   7.390E+00  2.973E-03 
1.406E+05   7.320E+00  2.938E-03 
1.425E+05   7.250E+00  2.905E-03 
1.443E+05   7.181E+00  2.871E-03 
1.462E+05   7.113E+00  2.839E-03 
1.481E+05   7.045E+00  2.806E-03 
1.500E+05   6.978E+00  2.774E-03 
1.520E+05   6.912E+00  2.742E-03 
1.539E+05   6.846E+00  2.710E-03 
1.559E+05   6.781E+00  2.679E-03 
1.580E+05   6.717E+00  2.649E-03 
1.600E+05   6.653E+00  2.618E-03 
1.621E+05   6.590E+00  2.588E-03 
1.642E+05   6.527E+00  2.558E-03 
1.663E+05   6.465E+00  2.529E-03 
1.685E+05   6.403E+00  2.500E-03 
1.707E+05   6.342E+00  2.471E-03 
1.729E+05   6.282E+00  2.443E-03 
1.752E+05   6.222E+00  2.415E-03 
1.774E+05   6.163E+00  2.387E-03 
1.797E+05   6.105E+00  2.359E-03 
1.821E+05   6.047E+00  2.332E-03 
1.844E+05   5.989E+00  2.305E-03 
1.868E+05   5.933E+00  2.279E-03 
1.893E+05   5.876E+00  2.253E-03 
1.917E+05   5.821E+00  2.227E-03 
1.942E+05   5.765E+00  2.201E-03 
1.967E+05   5.711E+00  2.176E-03 
1.993E+05   5.657E+00  2.151E-03 
2.019E+05   5.603E+00  2.126E-03 
2.045E+05   5.550E+00  2.101E-03 
2.072E+05   5.497E+00  2.077E-03 
2.099E+05   5.445E+00  2.053E-03 
2.126E+05   5.394E+00  2.030E-03 
2.154E+05   5.343E+00  2.006E-03 
2.182E+05   5.292E+00  1.983E-03 
2.210E+05   5.242E+00  1.960E-03 
2.239E+05   5.193E+00  1.938E-03 
2.268E+05   5.144E+00  1.915E-03 
2.297E+05   5.095E+00  1.893E-03 
2.327E+05   5.047E+00  1.871E-03 
2.357E+05   5.000E+00  1.850E-03 
2.388E+05   4.953E+00  1.828E-03 
2.419E+05   4.906E+00  1.807E-03 
2.450E+05   4.860E+00  1.786E-03 
2.482E+05   4.814E+00  1.766E-03 
2.515E+05   4.769E+00  1.745E-03 
2.547E+05   4.724E+00  1.725E-03 
2.580E+05   4.680E+00  1.705E-03 
2.614E+05   4.636E+00  1.686E-03 
2.648E+05   4.593E+00  1.666E-03 
2.682E+05   4.550E+00  1.647E-03 
2.717E+05   4.507E+00  1.628E-03 
2.752E+05   4.465E+00  1.609E-03 
2.788E+05   4.423E+00  1.591E-03 
2.824E+05   4.382E+00  1.572E-03 
2.861E+05   4.341E+00  1.554E-03 
2.898E+05   4.301E+00  1.536E-03 
2.936E+05   4.261E+00  1.518E-03 
2.974E+05   4.221E+00  1.501E-03 
3.013E+05   4.182E+00  1.483E-03 
3.052E+05   4.143E+00  1.466E-03 
3.092E+05   4.105E+00  1.449E-03 
3.132E+05   4.067E+00  1.432E-03 
3.172E+05   4.029E+00  1.416E-03 
3.214E+05   3.992E+00  1.399E-03 
3.255E+05   3.955E+00  1.383E-03 
3.298E+05   3.919E+00  1.367E-03 
3.341E+05   3.883E+00  1.351E-03 
3.384E+05   3.847E+00  1.336E-03 
3.428E+05   3.812E+00  1.320E-03 
3.473E+05   3.777E+00  1.305E-03 
3.518E+05   3.742E+00  1.290E-03 
3.563E+05   3.708E+00  1.275E-03 
3.610E+05   3.674E+00  1.260E-03 
3.657E+05   3.641E+00  1.245E-03 
3.704E+05   3.608E+00  1.231E-03 
3.752E+05   3.575E+00  1.217E-03 
3.801E+05   3.542E+00  1.203E-03 
3.851E+05   3.510E+00  1.189E-03 
3.901E+05   3.479E+00  1.175E-03 
3.951E+05   3.447E+00  1.161E-03 
4.003E+05   3.416E+00  1.148E-03 
