Ion = Helium      . Mass = 4.0026
Tgt = Zr (Solid). Density = 6.49 g/cm3
Stopping Units =  eV/(1E15 atoms/cm2)
Energy(keV)  S(Elec)    S(Nuc)
1.000E+00   5.212E+00  2.612E+00 
1.013E+00   5.246E+00  2.617E+00 
1.026E+00   5.280E+00  2.622E+00 
1.039E+00   5.314E+00  2.627E+00 
1.053E+00   5.349E+00  2.632E+00 
1.067E+00   5.383E+00  2.636E+00 
1.081E+00   5.418E+00  2.641E+00 
1.095E+00   5.453E+00  2.646E+00 
1.109E+00   5.489E+00  2.651E+00 
1.123E+00   5.524E+00  2.655E+00 
1.138E+00   5.560E+00  2.660E+00 
1.153E+00   5.596E+00  2.665E+00 
1.168E+00   5.632E+00  2.669E+00 
1.183E+00   5.669E+00  2.674E+00 
1.198E+00   5.705E+00  2.678E+00 
1.214E+00   5.742E+00  2.683E+00 
1.229E+00   5.779E+00  2.687E+00 
1.245E+00   5.817E+00  2.691E+00 
1.262E+00   5.855E+00  2.695E+00 
1.278E+00   5.892E+00  2.700E+00 
1.295E+00   5.931E+00  2.704E+00 
1.311E+00   5.969E+00  2.708E+00 
1.329E+00   6.008E+00  2.712E+00 
1.346E+00   6.047E+00  2.716E+00 
1.363E+00   6.086E+00  2.720E+00 
1.381E+00   6.125E+00  2.724E+00 
1.399E+00   6.165E+00  2.727E+00 
1.417E+00   6.205E+00  2.731E+00 
1.436E+00   6.245E+00  2.735E+00 
1.454E+00   6.285E+00  2.739E+00 
1.473E+00   6.326E+00  2.742E+00 
1.492E+00   6.367E+00  2.746E+00 
1.512E+00   6.408E+00  2.749E+00 
1.531E+00   6.450E+00  2.753E+00 
1.551E+00   6.492E+00  2.756E+00 
1.571E+00   6.534E+00  2.759E+00 
1.592E+00   6.576E+00  2.763E+00 
1.612E+00   6.619E+00  2.766E+00 
1.633E+00   6.662E+00  2.769E+00 
1.655E+00   6.705E+00  2.772E+00 
1.676E+00   6.748E+00  2.775E+00 
1.698E+00   6.792E+00  2.778E+00 
1.720E+00   6.836E+00  2.781E+00 
1.742E+00   6.880E+00  2.784E+00 
1.765E+00   6.925E+00  2.786E+00 
1.788E+00   6.970E+00  2.789E+00 
1.811E+00   7.015E+00  2.792E+00 
1.835E+00   7.060E+00  2.794E+00 
1.859E+00   7.106E+00  2.797E+00 
1.883E+00   7.152E+00  2.799E+00 
1.907E+00   7.198E+00  2.802E+00 
1.932E+00   7.245E+00  2.804E+00 
1.957E+00   7.292E+00  2.806E+00 
1.983E+00   7.339E+00  2.808E+00 
2.008E+00   7.386E+00  2.810E+00 
2.034E+00   7.434E+00  2.812E+00 
2.061E+00   7.482E+00  2.814E+00 
2.088E+00   7.531E+00  2.816E+00 
2.115E+00   7.580E+00  2.818E+00 
2.142E+00   7.629E+00  2.820E+00 
2.170E+00   7.678E+00  2.822E+00 
2.198E+00   7.728E+00  2.823E+00 
2.227E+00   7.778E+00  2.825E+00 
2.256E+00   7.828E+00  2.826E+00 
2.285E+00   7.879E+00  2.828E+00 
2.315E+00   7.930E+00  2.829E+00 
2.345E+00   7.982E+00  2.830E+00 
2.375E+00   8.033E+00  2.832E+00 
2.406E+00   8.085E+00  2.833E+00 
2.438E+00   8.138E+00  2.834E+00 
2.469E+00   8.190E+00  2.835E+00 
2.501E+00   8.243E+00  2.836E+00 
2.534E+00   8.297E+00  2.837E+00 
2.567E+00   8.351E+00  2.837E+00 
2.600E+00   8.405E+00  2.838E+00 
2.634E+00   8.459E+00  2.839E+00 
2.668E+00   8.514E+00  2.839E+00 
2.703E+00   8.569E+00  2.840E+00 
2.738E+00   8.625E+00  2.840E+00 
2.773E+00   8.680E+00  2.840E+00 
2.810E+00   8.737E+00  2.841E+00 
2.846E+00   8.793E+00  2.841E+00 
2.883E+00   8.850E+00  2.841E+00 
2.921E+00   8.907E+00  2.841E+00 
2.958E+00   8.965E+00  2.841E+00 
2.997E+00   9.023E+00  2.841E+00 
3.036E+00   9.082E+00  2.840E+00 
3.075E+00   9.140E+00  2.840E+00 
3.115E+00   9.200E+00  2.840E+00 
3.156E+00   9.259E+00  2.839E+00 
3.197E+00   9.319E+00  2.839E+00 
3.238E+00   9.380E+00  2.838E+00 
3.280E+00   9.440E+00  2.837E+00 
3.323E+00   9.502E+00  2.837E+00 
3.366E+00   9.563E+00  2.836E+00 
3.410E+00   9.625E+00  2.835E+00 
3.454E+00   9.687E+00  2.834E+00 
3.499E+00   9.750E+00  2.833E+00 
3.545E+00   9.813E+00  2.832E+00 
3.591E+00   9.877E+00  2.830E+00 
3.637E+00   9.941E+00  2.829E+00 
3.685E+00   1.001E+01  2.828E+00 
3.733E+00   1.007E+01  2.826E+00 
3.781E+00   1.014E+01  2.825E+00 
3.830E+00   1.020E+01  2.823E+00 
3.880E+00   1.027E+01  2.821E+00 
3.930E+00   1.033E+01  2.819E+00 
3.982E+00   1.040E+01  2.817E+00 
4.033E+00   1.047E+01  2.815E+00 
4.086E+00   1.054E+01  2.813E+00 
4.139E+00   1.060E+01  2.811E+00 
4.193E+00   1.067E+01  2.809E+00 
4.247E+00   1.074E+01  2.807E+00 
4.302E+00   1.081E+01  2.804E+00 
4.358E+00   1.088E+01  2.802E+00 
4.415E+00   1.095E+01  2.799E+00 
4.472E+00   1.102E+01  2.796E+00 
4.530E+00   1.109E+01  2.794E+00 
4.589E+00   1.117E+01  2.791E+00 
4.649E+00   1.124E+01  2.788E+00 
4.709E+00   1.131E+01  2.785E+00 
4.770E+00   1.138E+01  2.782E+00 
4.832E+00   1.146E+01  2.779E+00 
4.895E+00   1.153E+01  2.776E+00 
4.959E+00   1.161E+01  2.772E+00 
5.023E+00   1.168E+01  2.769E+00 
5.089E+00   1.176E+01  2.765E+00 
5.155E+00   1.183E+01  2.762E+00 
5.222E+00   1.191E+01  2.758E+00 
5.290E+00   1.199E+01  2.755E+00 
5.358E+00   1.207E+01  2.751E+00 
5.428E+00   1.214E+01  2.747E+00 
5.499E+00   1.222E+01  2.743E+00 
5.570E+00   1.230E+01  2.739E+00 
5.642E+00   1.238E+01  2.735E+00 
5.716E+00   1.246E+01  2.731E+00 
5.790E+00   1.254E+01  2.726E+00 
5.865E+00   1.262E+01  2.722E+00 
5.942E+00   1.270E+01  2.717E+00 
6.019E+00   1.279E+01  2.713E+00 
6.097E+00   1.287E+01  2.708E+00 
6.176E+00   1.295E+01  2.704E+00 
6.256E+00   1.304E+01  2.699E+00 
6.338E+00   1.312E+01  2.694E+00 
6.420E+00   1.321E+01  2.689E+00 
6.504E+00   1.329E+01  2.684E+00 
6.588E+00   1.338E+01  2.679E+00 
6.674E+00   1.347E+01  2.674E+00 
6.760E+00   1.355E+01  2.669E+00 
6.848E+00   1.364E+01  2.663E+00 
6.937E+00   1.373E+01  2.658E+00 
7.027E+00   1.382E+01  2.652E+00 
7.119E+00   1.391E+01  2.647E+00 
7.211E+00   1.400E+01  2.641E+00 
7.305E+00   1.409E+01  2.636E+00 
7.400E+00   1.418E+01  2.630E+00 
7.496E+00   1.427E+01  2.624E+00 
7.594E+00   1.436E+01  2.618E+00 
7.692E+00   1.446E+01  2.612E+00 
7.792E+00   1.455E+01  2.606E+00 
7.894E+00   1.464E+01  2.600E+00 
7.996E+00   1.474E+01  2.594E+00 
8.100E+00   1.485E+01  2.588E+00 
8.205E+00   1.496E+01  2.581E+00 
8.312E+00   1.507E+01  2.575E+00 
8.420E+00   1.518E+01  2.568E+00 
8.529E+00   1.529E+01  2.562E+00 
8.640E+00   1.541E+01  2.555E+00 
8.753E+00   1.552E+01  2.548E+00 
8.866E+00   1.563E+01  2.542E+00 
8.982E+00   1.575E+01  2.535E+00 
9.098E+00   1.587E+01  2.528E+00 
9.217E+00   1.599E+01  2.521E+00 
9.336E+00   1.610E+01  2.514E+00 
9.458E+00   1.622E+01  2.507E+00 
9.581E+00   1.634E+01  2.500E+00 
9.705E+00   1.647E+01  2.493E+00 
9.831E+00   1.659E+01  2.485E+00 
9.959E+00   1.671E+01  2.478E+00 
1.009E+01   1.683E+01  2.471E+00 
1.022E+01   1.696E+01  2.463E+00 
1.035E+01   1.709E+01  2.456E+00 
1.049E+01   1.721E+01  2.448E+00 
1.062E+01   1.734E+01  2.440E+00 
1.076E+01   1.747E+01  2.433E+00 
1.090E+01   1.760E+01  2.425E+00 
1.104E+01   1.773E+01  2.417E+00 
1.119E+01   1.786E+01  2.409E+00 
1.133E+01   1.799E+01  2.401E+00 
1.148E+01   1.813E+01  2.393E+00 
1.163E+01   1.826E+01  2.385E+00 
1.178E+01   1.840E+01  2.377E+00 
1.193E+01   1.854E+01  2.369E+00 
1.209E+01   1.867E+01  2.361E+00 
1.224E+01   1.881E+01  2.353E+00 
1.240E+01   1.895E+01  2.345E+00 
1.256E+01   1.909E+01  2.336E+00 
1.273E+01   1.924E+01  2.328E+00 
1.289E+01   1.938E+01  2.319E+00 
1.306E+01   1.952E+01  2.311E+00 
1.323E+01   1.967E+01  2.302E+00 
1.340E+01   1.981E+01  2.294E+00 
1.358E+01   1.996E+01  2.285E+00 
1.375E+01   2.011E+01  2.277E+00 
1.393E+01   2.026E+01  2.268E+00 
1.411E+01   2.041E+01  2.259E+00 
1.430E+01   2.056E+01  2.250E+00 
1.448E+01   2.072E+01  2.242E+00 
1.467E+01   2.087E+01  2.233E+00 
1.486E+01   2.103E+01  2.224E+00 
1.505E+01   2.118E+01  2.215E+00 
1.525E+01   2.134E+01  2.206E+00 
1.545E+01   2.150E+01  2.197E+00 
1.565E+01   2.166E+01  2.188E+00 
1.585E+01   2.182E+01  2.179E+00 
1.606E+01   2.198E+01  2.170E+00 
1.627E+01   2.215E+01  2.161E+00 
1.648E+01   2.231E+01  2.151E+00 
1.669E+01   2.248E+01  2.142E+00 
1.691E+01   2.265E+01  2.133E+00 
1.713E+01   2.282E+01  2.124E+00 
1.735E+01   2.299E+01  2.114E+00 
1.758E+01   2.316E+01  2.105E+00 
1.781E+01   2.333E+01  2.096E+00 
1.804E+01   2.350E+01  2.086E+00 
1.827E+01   2.368E+01  2.077E+00 
1.851E+01   2.386E+01  2.068E+00 
1.875E+01   2.403E+01  2.058E+00 
1.899E+01   2.421E+01  2.049E+00 
1.924E+01   2.439E+01  2.039E+00 
1.949E+01   2.458E+01  2.030E+00 
1.974E+01   2.476E+01  2.020E+00 
2.000E+01   2.494E+01  2.011E+00 
2.026E+01   2.513E+01  2.001E+00 
2.052E+01   2.532E+01  1.991E+00 
2.079E+01   2.551E+01  1.982E+00 
2.106E+01   2.570E+01  1.972E+00 
2.133E+01   2.589E+01  1.963E+00 
2.161E+01   2.608E+01  1.953E+00 
2.189E+01   2.628E+01  1.943E+00 
2.218E+01   2.647E+01  1.934E+00 
2.247E+01   2.667E+01  1.924E+00 
2.276E+01   2.687E+01  1.914E+00 
2.305E+01   2.707E+01  1.905E+00 
2.335E+01   2.727E+01  1.895E+00 
2.366E+01   2.748E+01  1.885E+00 
2.396E+01   2.768E+01  1.875E+00 
2.428E+01   2.789E+01  1.866E+00 
2.459E+01   2.809E+01  1.856E+00 
2.491E+01   2.830E+01  1.846E+00 
2.523E+01   2.852E+01  1.836E+00 
2.556E+01   2.873E+01  1.827E+00 
2.589E+01   2.894E+01  1.817E+00 
2.623E+01   2.916E+01  1.807E+00 
2.657E+01   2.938E+01  1.797E+00 
2.692E+01   2.959E+01  1.788E+00 
2.727E+01   2.982E+01  1.778E+00 
2.762E+01   3.004E+01  1.768E+00 
2.798E+01   3.026E+01  1.758E+00 
2.834E+01   3.049E+01  1.749E+00 
2.871E+01   3.072E+01  1.739E+00 
2.909E+01   3.094E+01  1.729E+00 
2.946E+01   3.117E+01  1.719E+00 
2.985E+01   3.141E+01  1.710E+00 
3.023E+01   3.164E+01  1.700E+00 
3.063E+01   3.188E+01  1.690E+00 
3.103E+01   3.211E+01  1.680E+00 
3.143E+01   3.235E+01  1.671E+00 
3.184E+01   3.260E+01  1.661E+00 
3.225E+01   3.284E+01  1.651E+00 
3.267E+01   3.308E+01  1.642E+00 
3.309E+01   3.333E+01  1.632E+00 
3.352E+01   3.358E+01  1.622E+00 
3.396E+01   3.383E+01  1.613E+00 
3.440E+01   3.408E+01  1.603E+00 
3.485E+01   3.433E+01  1.593E+00 
3.530E+01   3.459E+01  1.584E+00 
3.576E+01   3.485E+01  1.574E+00 
3.623E+01   3.511E+01  1.564E+00 
3.670E+01   3.537E+01  1.555E+00 
3.717E+01   3.563E+01  1.545E+00 
3.766E+01   3.589E+01  1.536E+00 
3.815E+01   3.616E+01  1.526E+00 
3.864E+01   3.643E+01  1.517E+00 
3.914E+01   3.670E+01  1.507E+00 
3.965E+01   3.697E+01  1.498E+00 
4.017E+01   3.725E+01  1.488E+00 
4.069E+01   3.752E+01  1.479E+00 
4.122E+01   3.780E+01  1.470E+00 
4.175E+01   3.808E+01  1.460E+00 
4.230E+01   3.837E+01  1.451E+00 
4.285E+01   3.865E+01  1.441E+00 
4.340E+01   3.894E+01  1.432E+00 
4.397E+01   3.923E+01  1.423E+00 
4.454E+01   3.952E+01  1.414E+00 
4.512E+01   3.981E+01  1.404E+00 
4.570E+01   4.011E+01  1.395E+00 
4.630E+01   4.040E+01  1.386E+00 
4.690E+01   4.070E+01  1.377E+00 
4.751E+01   4.100E+01  1.368E+00 
4.813E+01   4.131E+01  1.359E+00 
4.875E+01   4.161E+01  1.349E+00 
4.939E+01   4.192E+01  1.340E+00 
5.003E+01   4.223E+01  1.331E+00 
5.068E+01   4.254E+01  1.322E+00 
5.134E+01   4.286E+01  1.313E+00 
5.200E+01   4.317E+01  1.304E+00 
5.268E+01   4.349E+01  1.296E+00 
5.336E+01   4.381E+01  1.287E+00 
5.406E+01   4.413E+01  1.278E+00 
5.476E+01   4.446E+01  1.269E+00 
5.547E+01   4.479E+01  1.260E+00 
5.619E+01   4.512E+01  1.251E+00 
5.692E+01   4.545E+01  1.243E+00 
5.766E+01   4.578E+01  1.234E+00 
5.841E+01   4.612E+01  1.225E+00 
5.917E+01   4.646E+01  1.217E+00 
5.994E+01   4.680E+01  1.208E+00 
6.072E+01   4.714E+01  1.199E+00 
6.151E+01   4.749E+01  1.191E+00 
6.231E+01   4.784E+01  1.182E+00 
6.312E+01   4.819E+01  1.174E+00 
6.394E+01   4.854E+01  1.165E+00 
6.477E+01   4.889E+01  1.157E+00 
6.561E+01   4.925E+01  1.149E+00 
6.646E+01   4.961E+01  1.140E+00 
6.733E+01   4.997E+01  1.132E+00 
6.820E+01   5.034E+01  1.124E+00 
6.909E+01   5.071E+01  1.116E+00 
6.999E+01   5.107E+01  1.107E+00 
7.090E+01   5.145E+01  1.099E+00 
7.182E+01   5.182E+01  1.091E+00 
7.275E+01   5.220E+01  1.083E+00 
7.370E+01   5.258E+01  1.075E+00 
7.465E+01   5.296E+01  1.067E+00 
7.562E+01   5.334E+01  1.059E+00 
7.661E+01   5.373E+01  1.051E+00 
7.760E+01   5.412E+01  1.043E+00 
7.861E+01   5.451E+01  1.035E+00 
7.963E+01   5.490E+01  1.028E+00 
8.067E+01   5.530E+01  1.020E+00 
8.172E+01   5.570E+01  1.012E+00 
8.278E+01   5.610E+01  1.004E+00 
8.385E+01   5.650E+01  9.966E-01 
8.494E+01   5.691E+01  9.890E-01 
8.605E+01   5.732E+01  9.814E-01 
8.717E+01   5.773E+01  9.738E-01 
8.830E+01   5.814E+01  9.663E-01 
8.945E+01   5.856E+01  9.588E-01 
9.061E+01   5.897E+01  9.514E-01 
9.179E+01   5.940E+01  9.440E-01 
9.298E+01   5.982E+01  9.366E-01 
9.419E+01   6.025E+01  9.293E-01 
9.541E+01   6.067E+01  9.220E-01 
9.665E+01   6.110E+01  9.148E-01 
9.791E+01   6.154E+01  9.076E-01 
9.918E+01   6.197E+01  9.004E-01 
1.005E+02   6.241E+01  8.933E-01 
1.018E+02   6.285E+01  8.862E-01 
1.031E+02   6.330E+01  8.792E-01 
1.044E+02   6.374E+01  8.722E-01 
1.058E+02   6.419E+01  8.652E-01 
1.072E+02   6.464E+01  8.583E-01 
1.086E+02   6.509E+01  8.514E-01 
1.100E+02   6.555E+01  8.445E-01 
1.114E+02   6.601E+01  8.377E-01 
1.129E+02   6.647E+01  8.310E-01 
1.143E+02   6.693E+01  8.242E-01 
1.158E+02   6.739E+01  8.175E-01 
1.173E+02   6.786E+01  8.109E-01 
1.188E+02   6.833E+01  8.043E-01 
1.204E+02   6.880E+01  7.977E-01 
1.219E+02   6.928E+01  7.912E-01 
1.235E+02   6.975E+01  7.847E-01 
1.251E+02   7.023E+01  7.783E-01 
1.268E+02   7.072E+01  7.718E-01 
1.284E+02   7.120E+01  7.655E-01 
1.301E+02   7.168E+01  7.591E-01 
1.318E+02   7.217E+01  7.528E-01 
1.335E+02   7.266E+01  7.466E-01 
1.352E+02   7.316E+01  7.404E-01 
1.370E+02   7.365E+01  7.342E-01 
1.388E+02   7.415E+01  7.281E-01 
1.406E+02   7.465E+01  7.220E-01 
1.424E+02   7.515E+01  7.159E-01 
1.442E+02   7.565E+01  7.099E-01 
1.461E+02   7.615E+01  7.039E-01 
1.480E+02   7.666E+01  6.980E-01 
1.499E+02   7.717E+01  6.921E-01 
1.519E+02   7.768E+01  6.862E-01 
1.539E+02   7.819E+01  6.804E-01 
1.559E+02   7.871E+01  6.746E-01 
1.579E+02   7.922E+01  6.689E-01 
1.599E+02   7.974E+01  6.632E-01 
1.620E+02   8.026E+01  6.575E-01 
1.641E+02   8.078E+01  6.519E-01 
1.662E+02   8.131E+01  6.463E-01 
1.684E+02   8.183E+01  6.407E-01 
1.706E+02   8.236E+01  6.352E-01 
1.728E+02   8.289E+01  6.297E-01 
1.751E+02   8.342E+01  6.243E-01 
1.773E+02   8.395E+01  6.189E-01 
1.796E+02   8.448E+01  6.135E-01 
1.820E+02   8.501E+01  6.082E-01 
1.843E+02   8.555E+01  6.029E-01 
1.867E+02   8.608E+01  5.977E-01 
1.892E+02   8.662E+01  5.924E-01 
1.916E+02   8.716E+01  5.873E-01 
1.941E+02   8.770E+01  5.821E-01 
1.966E+02   8.824E+01  5.770E-01 
1.992E+02   8.878E+01  5.719E-01 
2.018E+02   8.932E+01  5.669E-01 
2.044E+02   8.986E+01  5.619E-01 
2.071E+02   9.041E+01  5.570E-01 
2.097E+02   9.095E+01  5.520E-01 
2.125E+02   9.150E+01  5.471E-01 
2.152E+02   9.204E+01  5.423E-01 
2.180E+02   9.259E+01  5.375E-01 
2.209E+02   9.313E+01  5.327E-01 
2.237E+02   9.368E+01  5.279E-01 
2.266E+02   9.423E+01  5.232E-01 
2.296E+02   9.477E+01  5.186E-01 
2.326E+02   9.532E+01  5.139E-01 
2.356E+02   9.586E+01  5.093E-01 
2.387E+02   9.641E+01  5.047E-01 
2.418E+02   9.696E+01  5.002E-01 
2.449E+02   9.750E+01  4.957E-01 
2.481E+02   9.805E+01  4.912E-01 
2.513E+02   9.859E+01  4.868E-01 
2.546E+02   9.913E+01  4.824E-01 
2.579E+02   9.967E+01  4.780E-01 
2.612E+02   1.002E+02  4.737E-01 
2.646E+02   1.008E+02  4.694E-01 
2.681E+02   1.013E+02  4.651E-01 
2.716E+02   1.018E+02  4.581E-01 
2.751E+02   1.024E+02  4.540E-01 
2.787E+02   1.029E+02  4.498E-01 
2.823E+02   1.034E+02  4.457E-01 
2.859E+02   1.040E+02  4.417E-01 
2.897E+02   1.045E+02  4.376E-01 
2.934E+02   1.050E+02  4.336E-01 
2.972E+02   1.056E+02  4.296E-01 
3.011E+02   1.061E+02  4.257E-01 
3.050E+02   1.066E+02  4.218E-01 
3.090E+02   1.071E+02  4.179E-01 
3.130E+02   1.076E+02  4.140E-01 
3.171E+02   1.081E+02  4.102E-01 
3.212E+02   1.087E+02  4.064E-01 
3.254E+02   1.092E+02  4.027E-01 
3.296E+02   1.097E+02  3.989E-01 
3.339E+02   1.102E+02  3.952E-01 
3.382E+02   1.107E+02  3.915E-01 
3.426E+02   1.112E+02  3.879E-01 
3.471E+02   1.116E+02  3.843E-01 
3.516E+02   1.121E+02  3.807E-01 
3.561E+02   1.126E+02  3.771E-01 
3.608E+02   1.131E+02  3.736E-01 
3.655E+02   1.136E+02  3.701E-01 
3.702E+02   1.140E+02  3.666E-01 
3.750E+02   1.145E+02  3.632E-01 
3.799E+02   1.149E+02  3.598E-01 
3.848E+02   1.154E+02  3.564E-01 
3.898E+02   1.158E+02  3.530E-01 
3.949E+02   1.163E+02  3.497E-01 
4.000E+02   1.167E+02  3.464E-01 
4.052E+02   1.172E+02  3.431E-01 
4.105E+02   1.176E+02  3.398E-01 
4.158E+02   1.180E+02  3.366E-01 
4.212E+02   1.184E+02  3.334E-01 
4.267E+02   1.188E+02  3.302E-01 
4.323E+02   1.192E+02  3.271E-01 
4.379E+02   1.196E+02  3.240E-01 
4.436E+02   1.200E+02  3.209E-01 
4.493E+02   1.204E+02  3.178E-01 
4.552E+02   1.207E+02  3.148E-01 
4.611E+02   1.211E+02  3.118E-01 
4.671E+02   1.215E+02  3.088E-01 
4.731E+02   1.218E+02  3.058E-01 
4.793E+02   1.221E+02  3.029E-01 
4.855E+02   1.225E+02  2.999E-01 
4.918E+02   1.228E+02  2.971E-01 
4.982E+02   1.231E+02  2.942E-01 
5.047E+02   1.234E+02  2.914E-01 
5.113E+02   1.237E+02  2.885E-01 
5.179E+02   1.240E+02  2.857E-01 
5.246E+02   1.243E+02  2.830E-01 
5.315E+02   1.246E+02  2.802E-01 
5.384E+02   1.248E+02  2.775E-01 
5.454E+02   1.251E+02  2.748E-01 
5.524E+02   1.253E+02  2.721E-01 
5.596E+02   1.255E+02  2.695E-01 
5.669E+02   1.258E+02  2.669E-01 
5.743E+02   1.260E+02  2.643E-01 
5.817E+02   1.262E+02  2.617E-01 
5.893E+02   1.264E+02  2.591E-01 
5.969E+02   1.265E+02  2.566E-01 
6.047E+02   1.267E+02  2.541E-01 
6.126E+02   1.269E+02  2.516E-01 
6.205E+02   1.270E+02  2.491E-01 
6.286E+02   1.271E+02  2.467E-01 
6.368E+02   1.273E+02  2.443E-01 
6.450E+02   1.274E+02  2.419E-01 
6.534E+02   1.275E+02  2.395E-01 
6.619E+02   1.276E+02  2.371E-01 
6.705E+02   1.277E+02  2.348E-01 
6.792E+02   1.277E+02  2.325E-01 
6.881E+02   1.278E+02  2.302E-01 
6.970E+02   1.278E+02  2.279E-01 
7.061E+02   1.278E+02  2.256E-01 
7.152E+02   1.279E+02  2.234E-01 
7.245E+02   1.279E+02  2.212E-01 
7.339E+02   1.279E+02  2.190E-01 
7.435E+02   1.278E+02  2.168E-01 
7.531E+02   1.278E+02  2.147E-01 
7.629E+02   1.278E+02  2.125E-01 
7.728E+02   1.277E+02  2.104E-01 
7.829E+02   1.276E+02  2.083E-01 
7.931E+02   1.276E+02  2.062E-01 
8.034E+02   1.275E+02  2.042E-01 
8.138E+02   1.274E+02  2.021E-01 
8.244E+02   1.273E+02  2.001E-01 
8.351E+02   1.271E+02  1.981E-01 
8.460E+02   1.270E+02  1.961E-01 
8.570E+02   1.268E+02  1.942E-01 
8.681E+02   1.267E+02  1.922E-01 
8.794E+02   1.265E+02  1.903E-01 
8.908E+02   1.263E+02  1.884E-01 
9.024E+02   1.261E+02  1.865E-01 
9.141E+02   1.259E+02  1.846E-01 
9.260E+02   1.256E+02  1.827E-01 
9.380E+02   1.254E+02  1.809E-01 
9.502E+02   1.251E+02  1.791E-01 
9.626E+02   1.249E+02  1.773E-01 
9.751E+02   1.246E+02  1.755E-01 
9.877E+02   1.243E+02  1.737E-01 
1.001E+03   1.240E+02  1.719E-01 
1.014E+03   1.237E+02  1.702E-01 
1.027E+03   1.234E+02  1.685E-01 
1.040E+03   1.230E+02  1.668E-01 
1.054E+03   1.227E+02  1.651E-01 
1.067E+03   1.223E+02  1.634E-01 
1.081E+03   1.220E+02  1.617E-01 
1.095E+03   1.216E+02  1.601E-01 
1.109E+03   1.212E+02  1.585E-01 
1.124E+03   1.208E+02  1.569E-01 
1.138E+03   1.204E+02  1.553E-01 
1.153E+03   1.200E+02  1.537E-01 
1.168E+03   1.195E+02  1.521E-01 
1.183E+03   1.191E+02  1.506E-01 
1.199E+03   1.186E+02  1.490E-01 
1.214E+03   1.182E+02  1.475E-01 
1.230E+03   1.177E+02  1.460E-01 
1.246E+03   1.172E+02  1.445E-01 
1.262E+03   1.167E+02  1.430E-01 
1.279E+03   1.162E+02  1.415E-01 
1.295E+03   1.157E+02  1.401E-01 
1.312E+03   1.152E+02  1.387E-01 
1.329E+03   1.147E+02  1.372E-01 
1.347E+03   1.142E+02  1.358E-01 
1.364E+03   1.136E+02  1.344E-01 
1.382E+03   1.131E+02  1.330E-01 
1.400E+03   1.125E+02  1.317E-01 
1.418E+03   1.120E+02  1.303E-01 
1.436E+03   1.114E+02  1.290E-01 
1.455E+03   1.108E+02  1.276E-01 
1.474E+03   1.103E+02  1.263E-01 
1.493E+03   1.097E+02  1.250E-01 
1.513E+03   1.091E+02  1.237E-01 
1.532E+03   1.085E+02  1.224E-01 
1.552E+03   1.079E+02  1.212E-01 
1.572E+03   1.073E+02  1.199E-01 
1.593E+03   1.067E+02  1.187E-01 
1.613E+03   1.060E+02  1.174E-01 
1.634E+03   1.054E+02  1.162E-01 
1.656E+03   1.048E+02  1.150E-01 
1.677E+03   1.042E+02  1.138E-01 
1.699E+03   1.035E+02  1.126E-01 
1.721E+03   1.029E+02  1.115E-01 
1.743E+03   1.022E+02  1.103E-01 
1.766E+03   1.016E+02  1.092E-01 
1.789E+03   1.009E+02  1.080E-01 
1.812E+03   1.003E+02  1.069E-01 
1.836E+03   9.964E+01  1.058E-01 
1.860E+03   9.898E+01  1.047E-01 
1.884E+03   9.833E+01  1.036E-01 
1.908E+03   9.767E+01  1.025E-01 
1.933E+03   9.701E+01  1.014E-01 
1.958E+03   9.634E+01  1.004E-01 
1.984E+03   9.568E+01  9.933E-02 
2.009E+03   9.502E+01  9.829E-02 
2.036E+03   9.435E+01  9.726E-02 
2.062E+03   9.369E+01  9.624E-02 
2.089E+03   9.302E+01  9.523E-02 
2.116E+03   9.235E+01  9.423E-02 
2.143E+03   9.169E+01  9.324E-02 
2.171E+03   9.102E+01  9.227E-02 
2.200E+03   9.036E+01  9.130E-02 
2.228E+03   8.969E+01  9.034E-02 
2.257E+03   8.903E+01  8.939E-02 
2.286E+03   8.837E+01  8.845E-02 
2.316E+03   8.771E+01  8.751E-02 
2.346E+03   8.705E+01  8.659E-02 
2.377E+03   8.639E+01  8.568E-02 
2.408E+03   8.573E+01  8.478E-02 
2.439E+03   8.508E+01  8.388E-02 
2.471E+03   8.443E+01  8.300E-02 
2.503E+03   8.378E+01  8.212E-02 
2.535E+03   8.313E+01  8.125E-02 
2.568E+03   8.248E+01  8.039E-02 
2.602E+03   8.184E+01  7.954E-02 
2.635E+03   8.120E+01  7.870E-02 
2.670E+03   8.056E+01  7.787E-02 
2.704E+03   7.993E+01  7.705E-02 
2.740E+03   7.930E+01  7.623E-02 
2.775E+03   7.867E+01  7.542E-02 
2.811E+03   7.805E+01  7.462E-02 
2.848E+03   7.743E+01  7.383E-02 
2.885E+03   7.681E+01  7.305E-02 
2.922E+03   7.620E+01  7.227E-02 
2.960E+03   7.559E+01  7.150E-02 
2.999E+03   7.498E+01  7.074E-02 
3.038E+03   7.438E+01  6.999E-02 
3.077E+03   7.378E+01  6.924E-02 
3.117E+03   7.319E+01  6.851E-02 
3.158E+03   7.260E+01  6.778E-02 
3.199E+03   7.201E+01  6.706E-02 
3.240E+03   7.143E+01  6.634E-02 
3.282E+03   7.086E+01  6.563E-02 
3.325E+03   7.029E+01  6.493E-02 
3.368E+03   6.972E+01  6.424E-02 
3.412E+03   6.916E+01  6.355E-02 
3.456E+03   6.860E+01  6.288E-02 
3.501E+03   6.805E+01  6.220E-02 
3.547E+03   6.750E+01  6.154E-02 
3.593E+03   6.695E+01  6.088E-02 
3.640E+03   6.641E+01  6.023E-02 
3.687E+03   6.588E+01  5.958E-02 
3.735E+03   6.535E+01  5.895E-02 
3.783E+03   6.483E+01  5.831E-02 
3.832E+03   6.431E+01  5.769E-02 
3.882E+03   6.379E+01  5.707E-02 
3.933E+03   6.328E+01  5.646E-02 
3.984E+03   6.278E+01  5.585E-02 
4.036E+03   6.228E+01  5.525E-02 
4.088E+03   6.178E+01  5.466E-02 
4.141E+03   6.129E+01  5.407E-02 
4.195E+03   6.081E+01  5.349E-02 
4.250E+03   6.033E+01  5.292E-02 
4.305E+03   5.985E+01  5.235E-02 
4.361E+03   5.938E+01  5.178E-02 
4.417E+03   5.891E+01  5.122E-02 
4.475E+03   5.845E+01  5.067E-02 
4.533E+03   5.800E+01  5.013E-02 
4.592E+03   5.754E+01  4.959E-02 
4.652E+03   5.710E+01  4.905E-02 
4.712E+03   5.666E+01  4.852E-02 
4.773E+03   5.622E+01  4.800E-02 
4.835E+03   5.579E+01  4.748E-02 
4.898E+03   5.536E+01  4.697E-02 
4.962E+03   5.493E+01  4.646E-02 
5.026E+03   5.452E+01  4.596E-02 
5.092E+03   5.410E+01  4.546E-02 
5.158E+03   5.369E+01  4.497E-02 
5.225E+03   5.329E+01  4.448E-02 
5.293E+03   5.288E+01  4.400E-02 
5.362E+03   5.249E+01  4.352E-02 
5.431E+03   5.210E+01  4.305E-02 
5.502E+03   5.171E+01  4.259E-02 
5.573E+03   5.132E+01  4.212E-02 
5.646E+03   5.095E+01  4.167E-02 
5.719E+03   5.057E+01  4.122E-02 
5.793E+03   5.020E+01  4.077E-02 
5.869E+03   4.983E+01  4.033E-02 
5.945E+03   4.947E+01  3.989E-02 
6.022E+03   4.911E+01  3.945E-02 
6.101E+03   4.875E+01  3.902E-02 
6.180E+03   4.840E+01  3.860E-02 
6.260E+03   4.806E+01  3.818E-02 
6.341E+03   4.771E+01  3.777E-02 
6.424E+03   4.737E+01  3.735E-02 
6.507E+03   4.703E+01  3.695E-02 
6.592E+03   4.670E+01  3.654E-02 
6.678E+03   4.637E+01  3.615E-02 
6.764E+03   4.605E+01  3.575E-02 
6.852E+03   4.572E+01  3.536E-02 
6.941E+03   4.540E+01  3.498E-02 
7.032E+03   4.509E+01  3.460E-02 
7.123E+03   4.478E+01  3.422E-02 
7.216E+03   4.447E+01  3.384E-02 
7.309E+03   4.416E+01  3.347E-02 
7.404E+03   4.386E+01  3.311E-02 
7.501E+03   4.356E+01  3.275E-02 
7.598E+03   4.326E+01  3.239E-02 
7.697E+03   4.297E+01  3.203E-02 
7.797E+03   4.268E+01  3.168E-02 
7.898E+03   4.239E+01  3.134E-02 
8.001E+03   4.210E+01  3.099E-02 
8.105E+03   4.183E+01  3.065E-02 
8.210E+03   4.155E+01  3.032E-02 
8.317E+03   4.126E+01  2.999E-02 
8.425E+03   4.098E+01  2.966E-02 
8.534E+03   4.069E+01  2.933E-02 
8.645E+03   4.039E+01  2.901E-02 
8.758E+03   4.009E+01  2.869E-02 
8.871E+03   3.979E+01  2.838E-02 
8.987E+03   3.948E+01  2.807E-02 
9.104E+03   3.917E+01  2.776E-02 
9.222E+03   3.886E+01  2.745E-02 
9.342E+03   3.854E+01  2.715E-02 
9.463E+03   3.822E+01  2.685E-02 
9.586E+03   3.789E+01  2.656E-02 
9.711E+03   3.760E+01  2.626E-02 
9.837E+03   3.731E+01  2.598E-02 
9.965E+03   3.702E+01  2.569E-02 
1.009E+04   3.673E+01  2.541E-02 
1.023E+04   3.645E+01  2.513E-02 
1.036E+04   3.616E+01  2.485E-02 
1.049E+04   3.588E+01  2.458E-02 
1.063E+04   3.560E+01  2.431E-02 
1.077E+04   3.533E+01  2.404E-02 
1.091E+04   3.505E+01  2.377E-02 
1.105E+04   3.477E+01  2.351E-02 
1.119E+04   3.450E+01  2.325E-02 
1.134E+04   3.423E+01  2.299E-02 
1.149E+04   3.396E+01  2.274E-02 
1.163E+04   3.369E+01  2.249E-02 
1.179E+04   3.342E+01  2.224E-02 
1.194E+04   3.316E+01  2.199E-02 
1.209E+04   3.289E+01  2.175E-02 
1.225E+04   3.263E+01  2.151E-02 
1.241E+04   3.237E+01  2.127E-02 
1.257E+04   3.211E+01  2.104E-02 
1.274E+04   3.185E+01  2.080E-02 
1.290E+04   3.159E+01  2.057E-02 
1.307E+04   3.134E+01  2.035E-02 
1.324E+04   3.109E+01  2.012E-02 
1.341E+04   3.083E+01  1.990E-02 
1.358E+04   3.058E+01  1.968E-02 
1.376E+04   3.034E+01  1.946E-02 
1.394E+04   3.009E+01  1.924E-02 
1.412E+04   2.984E+01  1.903E-02 
1.431E+04   2.960E+01  1.882E-02 
1.449E+04   2.936E+01  1.861E-02 
1.468E+04   2.912E+01  1.840E-02 
1.487E+04   2.888E+01  1.820E-02 
1.506E+04   2.864E+01  1.800E-02 
1.526E+04   2.840E+01  1.780E-02 
1.546E+04   2.817E+01  1.760E-02 
1.566E+04   2.794E+01  1.740E-02 
1.586E+04   2.770E+01  1.721E-02 
1.607E+04   2.747E+01  1.702E-02 
1.628E+04   2.725E+01  1.683E-02 
1.649E+04   2.702E+01  1.664E-02 
1.670E+04   2.679E+01  1.646E-02 
1.692E+04   2.657E+01  1.627E-02 
1.714E+04   2.635E+01  1.609E-02 
1.736E+04   2.613E+01  1.591E-02 
1.759E+04   2.591E+01  1.573E-02 
1.782E+04   2.569E+01  1.556E-02 
1.805E+04   2.547E+01  1.539E-02 
1.828E+04   2.526E+01  1.521E-02 
1.852E+04   2.504E+01  1.504E-02 
1.876E+04   2.483E+01  1.488E-02 
1.900E+04   2.462E+01  1.471E-02 
1.925E+04   2.441E+01  1.455E-02 
1.950E+04   2.420E+01  1.438E-02 
1.976E+04   2.400E+01  1.422E-02 
2.001E+04   2.379E+01  1.406E-02 
2.027E+04   2.359E+01  1.391E-02 
2.054E+04   2.339E+01  1.375E-02 
2.080E+04   2.319E+01  1.360E-02 
2.107E+04   2.299E+01  1.345E-02 
2.135E+04   2.279E+01  1.330E-02 
2.162E+04   2.259E+01  1.315E-02 
2.191E+04   2.240E+01  1.300E-02 
2.219E+04   2.221E+01  1.285E-02 
2.248E+04   2.201E+01  1.271E-02 
2.277E+04   2.182E+01  1.257E-02 
2.307E+04   2.163E+01  1.243E-02 
2.337E+04   2.144E+01  1.229E-02 
2.367E+04   2.126E+01  1.215E-02 
2.398E+04   2.107E+01  1.201E-02 
2.429E+04   2.089E+01  1.188E-02 
2.461E+04   2.071E+01  1.175E-02 
2.492E+04   2.053E+01  1.161E-02 
2.525E+04   2.035E+01  1.148E-02 
2.558E+04   2.017E+01  1.135E-02 
2.591E+04   1.999E+01  1.123E-02 
2.625E+04   1.981E+01  1.110E-02 
2.659E+04   1.964E+01  1.098E-02 
2.693E+04   1.947E+01  1.085E-02 
2.728E+04   1.929E+01  1.073E-02 
2.764E+04   1.912E+01  1.061E-02 
2.800E+04   1.895E+01  1.049E-02 
2.836E+04   1.879E+01  1.037E-02 
2.873E+04   1.862E+01  1.026E-02 
2.910E+04   1.845E+01  1.014E-02 
2.948E+04   1.829E+01  1.003E-02 
2.986E+04   1.813E+01  9.914E-03 
3.025E+04   1.797E+01  9.803E-03 
3.065E+04   1.781E+01  9.692E-03 
3.104E+04   1.765E+01  9.583E-03 
3.145E+04   1.749E+01  9.475E-03 
3.186E+04   1.733E+01  9.369E-03 
3.227E+04   1.718E+01  9.263E-03 
3.269E+04   1.702E+01  9.159E-03 
3.311E+04   1.687E+01  9.055E-03 
3.354E+04   1.672E+01  8.953E-03 
3.398E+04   1.657E+01  8.852E-03 
3.442E+04   1.642E+01  8.752E-03 
3.487E+04   1.627E+01  8.654E-03 
3.532E+04   1.612E+01  8.556E-03 
3.578E+04   1.597E+01  8.459E-03 
3.625E+04   1.583E+01  8.364E-03 
3.672E+04   1.569E+01  8.269E-03 
3.719E+04   1.554E+01  8.176E-03 
3.768E+04   1.540E+01  8.084E-03 
3.817E+04   1.526E+01  7.992E-03 
3.866E+04   1.512E+01  7.902E-03 
3.917E+04   1.498E+01  7.813E-03 
3.968E+04   1.485E+01  7.724E-03 
4.019E+04   1.471E+01  7.637E-03 
4.071E+04   1.458E+01  7.550E-03 
4.124E+04   1.444E+01  7.465E-03 
4.178E+04   1.431E+01  7.381E-03 
4.232E+04   1.418E+01  7.297E-03 
4.287E+04   1.405E+01  7.214E-03 
4.343E+04   1.392E+01  7.133E-03 
4.399E+04   1.379E+01  7.052E-03 
4.456E+04   1.367E+01  6.972E-03 
4.514E+04   1.354E+01  6.893E-03 
4.573E+04   1.341E+01  6.815E-03 
4.632E+04   1.329E+01  6.738E-03 
4.693E+04   1.317E+01  6.661E-03 
4.754E+04   1.305E+01  6.586E-03 
4.815E+04   1.292E+01  6.511E-03 
4.878E+04   1.280E+01  6.437E-03 
4.941E+04   1.269E+01  6.364E-03 
5.006E+04   1.257E+01  6.292E-03 
5.071E+04   1.245E+01  6.220E-03 
5.137E+04   1.234E+01  6.150E-03 
5.203E+04   1.222E+01  6.080E-03 
5.271E+04   1.211E+01  6.011E-03 
5.340E+04   1.199E+01  5.943E-03 
5.409E+04   1.188E+01  5.875E-03 
5.479E+04   1.177E+01  5.808E-03 
5.550E+04   1.166E+01  5.742E-03 
5.623E+04   1.155E+01  5.677E-03 
5.696E+04   1.144E+01  5.612E-03 
5.770E+04   1.134E+01  5.549E-03 
5.845E+04   1.123E+01  5.486E-03 
5.921E+04   1.112E+01  5.423E-03 
5.998E+04   1.102E+01  5.361E-03 
6.075E+04   1.092E+01  5.300E-03 
6.154E+04   1.081E+01  5.240E-03 
6.234E+04   1.071E+01  5.180E-03 
6.315E+04   1.061E+01  5.121E-03 
6.398E+04   1.051E+01  5.063E-03 
6.481E+04   1.041E+01  5.005E-03 
6.565E+04   1.031E+01  4.948E-03 
6.650E+04   1.022E+01  4.892E-03 
6.737E+04   1.012E+01  4.836E-03 
6.824E+04   1.002E+01  4.781E-03 
6.913E+04   9.928E+00  4.727E-03 
7.003E+04   9.834E+00  4.673E-03 
7.094E+04   9.741E+00  4.619E-03 
7.186E+04   9.649E+00  4.567E-03 
7.279E+04   9.557E+00  4.515E-03 
7.374E+04   9.466E+00  4.463E-03 
7.470E+04   9.376E+00  4.412E-03 
7.567E+04   9.287E+00  4.362E-03 
7.665E+04   9.199E+00  4.312E-03 
7.765E+04   9.111E+00  4.263E-03 
7.866E+04   9.025E+00  4.214E-03 
7.968E+04   8.939E+00  4.166E-03 
8.072E+04   8.854E+00  4.118E-03 
8.176E+04   8.769E+00  4.071E-03 
8.283E+04   8.685E+00  4.025E-03 
8.390E+04   8.603E+00  3.979E-03 
8.499E+04   8.520E+00  3.933E-03 
8.610E+04   8.439E+00  3.888E-03 
8.722E+04   8.358E+00  3.844E-03 
8.835E+04   8.278E+00  3.800E-03 
8.950E+04   8.199E+00  3.756E-03 
9.066E+04   8.121E+00  3.713E-03 
9.184E+04   8.043E+00  3.671E-03 
9.303E+04   7.966E+00  3.629E-03 
9.424E+04   7.890E+00  3.587E-03 
9.547E+04   7.814E+00  3.546E-03 
9.671E+04   7.739E+00  3.505E-03 
9.797E+04   7.665E+00  3.465E-03 
9.924E+04   7.591E+00  3.426E-03 
1.005E+05   7.518E+00  3.386E-03 
1.018E+05   7.446E+00  3.347E-03 
1.032E+05   7.375E+00  3.309E-03 
1.045E+05   7.304E+00  3.271E-03 
1.059E+05   7.234E+00  3.234E-03 
1.072E+05   7.164E+00  3.197E-03 
1.086E+05   7.095E+00  3.160E-03 
1.100E+05   7.027E+00  3.124E-03 
1.115E+05   6.959E+00  3.088E-03 
1.129E+05   6.892E+00  3.052E-03 
1.144E+05   6.826E+00  3.017E-03 
1.159E+05   6.760E+00  2.983E-03 
1.174E+05   6.695E+00  2.948E-03 
1.189E+05   6.631E+00  2.915E-03 
1.204E+05   6.567E+00  2.881E-03 
1.220E+05   6.504E+00  2.848E-03 
1.236E+05   6.441E+00  2.815E-03 
1.252E+05   6.379E+00  2.783E-03 
1.268E+05   6.318E+00  2.751E-03 
1.285E+05   6.257E+00  2.719E-03 
1.302E+05   6.196E+00  2.688E-03 
1.318E+05   6.137E+00  2.657E-03 
1.336E+05   6.077E+00  2.627E-03 
1.353E+05   6.019E+00  2.596E-03 
1.371E+05   5.961E+00  2.566E-03 
1.388E+05   5.903E+00  2.537E-03 
1.406E+05   5.847E+00  2.508E-03 
1.425E+05   5.790E+00  2.479E-03 
1.443E+05   5.734E+00  2.450E-03 
1.462E+05   5.679E+00  2.422E-03 
1.481E+05   5.624E+00  2.394E-03 
1.500E+05   5.570E+00  2.367E-03 
1.520E+05   5.516E+00  2.339E-03 
1.539E+05   5.463E+00  2.312E-03 
1.559E+05   5.411E+00  2.286E-03 
1.580E+05   5.359E+00  2.259E-03 
1.600E+05   5.307E+00  2.233E-03 
1.621E+05   5.256E+00  2.208E-03 
1.642E+05   5.205E+00  2.182E-03 
1.663E+05   5.155E+00  2.157E-03 
1.685E+05   5.105E+00  2.132E-03 
1.707E+05   5.056E+00  2.108E-03 
1.729E+05   5.008E+00  2.083E-03 
1.752E+05   4.960E+00  2.059E-03 
1.774E+05   4.912E+00  2.035E-03 
1.797E+05   4.865E+00  2.012E-03 
1.821E+05   4.818E+00  1.989E-03 
1.844E+05   4.772E+00  1.966E-03 
1.868E+05   4.726E+00  1.943E-03 
1.893E+05   4.680E+00  1.921E-03 
1.917E+05   4.635E+00  1.899E-03 
1.942E+05   4.591E+00  1.877E-03 
1.967E+05   4.547E+00  1.855E-03 
1.993E+05   4.503E+00  1.833E-03 
2.019E+05   4.460E+00  1.812E-03 
2.045E+05   4.417E+00  1.791E-03 
2.072E+05   4.375E+00  1.771E-03 
2.099E+05   4.333E+00  1.750E-03 
2.126E+05   4.292E+00  1.730E-03 
2.154E+05   4.251E+00  1.710E-03 
2.182E+05   4.210E+00  1.690E-03 
2.210E+05   4.170E+00  1.671E-03 
2.239E+05   4.130E+00  1.651E-03 
2.268E+05   4.091E+00  1.632E-03 
2.297E+05   4.052E+00  1.613E-03 
2.327E+05   4.013E+00  1.595E-03 
2.357E+05   3.975E+00  1.576E-03 
2.388E+05   3.937E+00  1.558E-03 
2.419E+05   3.900E+00  1.540E-03 
2.450E+05   3.863E+00  1.522E-03 
2.482E+05   3.826E+00  1.504E-03 
2.515E+05   3.790E+00  1.487E-03 
2.547E+05   3.754E+00  1.470E-03 
2.580E+05   3.718E+00  1.453E-03 
2.614E+05   3.683E+00  1.436E-03 
2.648E+05   3.648E+00  1.419E-03 
2.682E+05   3.614E+00  1.403E-03 
2.717E+05   3.580E+00  1.387E-03 
2.752E+05   3.546E+00  1.370E-03 
2.788E+05   3.512E+00  1.355E-03 
2.824E+05   3.479E+00  1.339E-03 
2.861E+05   3.447E+00  1.323E-03 
2.898E+05   3.414E+00  1.308E-03 
2.936E+05   3.382E+00  1.293E-03 
2.974E+05   3.350E+00  1.278E-03 
3.013E+05   3.319E+00  1.263E-03 
3.052E+05   3.288E+00  1.248E-03 
3.092E+05   3.257E+00  1.234E-03 
3.132E+05   3.227E+00  1.220E-03 
3.172E+05   3.197E+00  1.205E-03 
3.214E+05   3.167E+00  1.191E-03 
3.255E+05   3.137E+00  1.178E-03 
3.298E+05   3.108E+00  1.164E-03 
3.341E+05   3.079E+00  1.150E-03 
3.384E+05   3.051E+00  1.137E-03 
3.428E+05   3.023E+00  1.124E-03 
3.473E+05   2.995E+00  1.111E-03 
3.518E+05   2.967E+00  1.098E-03 
3.563E+05   2.940E+00  1.085E-03 
3.610E+05   2.912E+00  1.072E-03 
3.657E+05   2.886E+00  1.060E-03 
3.704E+05   2.859E+00  1.048E-03 
3.752E+05   2.833E+00  1.035E-03 
3.801E+05   2.807E+00  1.023E-03 
3.851E+05   2.781E+00  1.011E-03 
3.901E+05   2.756E+00  9.997E-04 
3.951E+05   2.731E+00  9.881E-04 
4.003E+05   2.706E+00  9.766E-04 
