Ion = Helium      . Mass = 4.0026
Tgt = Cd (Solid). Density = 8.642 g/cm3
Stopping Units =  eV/(1E15 atoms/cm2)
Energy(keV)  S(Elec)    S(Nuc)
1.000E+00   4.514E+00  2.400E+00 
1.013E+00   4.543E+00  2.405E+00 
1.026E+00   4.573E+00  2.410E+00 
1.039E+00   4.602E+00  2.415E+00 
1.053E+00   4.632E+00  2.420E+00 
1.067E+00   4.662E+00  2.424E+00 
1.081E+00   4.692E+00  2.429E+00 
1.095E+00   4.723E+00  2.434E+00 
1.109E+00   4.753E+00  2.439E+00 
1.123E+00   4.784E+00  2.443E+00 
1.138E+00   4.815E+00  2.448E+00 
1.153E+00   4.846E+00  2.452E+00 
1.168E+00   4.878E+00  2.457E+00 
1.183E+00   4.909E+00  2.462E+00 
1.198E+00   4.941E+00  2.466E+00 
1.214E+00   4.973E+00  2.470E+00 
1.229E+00   5.005E+00  2.475E+00 
1.245E+00   5.038E+00  2.479E+00 
1.262E+00   5.070E+00  2.483E+00 
1.278E+00   5.103E+00  2.488E+00 
1.295E+00   5.136E+00  2.492E+00 
1.311E+00   5.169E+00  2.496E+00 
1.329E+00   5.203E+00  2.500E+00 
1.346E+00   5.237E+00  2.504E+00 
1.363E+00   5.270E+00  2.508E+00 
1.381E+00   5.305E+00  2.512E+00 
1.399E+00   5.339E+00  2.516E+00 
1.417E+00   5.374E+00  2.520E+00 
1.436E+00   5.408E+00  2.524E+00 
1.454E+00   5.443E+00  2.528E+00 
1.473E+00   5.479E+00  2.531E+00 
1.492E+00   5.514E+00  2.535E+00 
1.512E+00   5.550E+00  2.539E+00 
1.531E+00   5.586E+00  2.542E+00 
1.551E+00   5.622E+00  2.546E+00 
1.571E+00   5.658E+00  2.549E+00 
1.592E+00   5.695E+00  2.553E+00 
1.612E+00   5.732E+00  2.556E+00 
1.633E+00   5.769E+00  2.560E+00 
1.655E+00   5.806E+00  2.563E+00 
1.676E+00   5.844E+00  2.566E+00 
1.698E+00   5.882E+00  2.570E+00 
1.720E+00   5.920E+00  2.573E+00 
1.742E+00   5.958E+00  2.576E+00 
1.765E+00   5.997E+00  2.579E+00 
1.788E+00   6.036E+00  2.582E+00 
1.811E+00   6.075E+00  2.585E+00 
1.835E+00   6.114E+00  2.588E+00 
1.859E+00   6.154E+00  2.591E+00 
1.883E+00   6.194E+00  2.593E+00 
1.907E+00   6.234E+00  2.596E+00 
1.932E+00   6.274E+00  2.599E+00 
1.957E+00   6.315E+00  2.601E+00 
1.983E+00   6.356E+00  2.604E+00 
2.008E+00   6.397E+00  2.607E+00 
2.034E+00   6.438E+00  2.609E+00 
2.061E+00   6.480E+00  2.611E+00 
2.088E+00   6.522E+00  2.614E+00 
2.115E+00   6.564E+00  2.616E+00 
2.142E+00   6.607E+00  2.618E+00 
2.170E+00   6.650E+00  2.620E+00 
2.198E+00   6.693E+00  2.623E+00 
2.227E+00   6.736E+00  2.625E+00 
2.256E+00   6.780E+00  2.627E+00 
2.285E+00   6.823E+00  2.629E+00 
2.315E+00   6.868E+00  2.630E+00 
2.345E+00   6.912E+00  2.632E+00 
2.375E+00   6.957E+00  2.634E+00 
2.406E+00   7.002E+00  2.636E+00 
2.438E+00   7.047E+00  2.637E+00 
2.469E+00   7.093E+00  2.639E+00 
2.501E+00   7.139E+00  2.641E+00 
2.534E+00   7.185E+00  2.642E+00 
2.567E+00   7.232E+00  2.643E+00 
2.600E+00   7.279E+00  2.645E+00 
2.634E+00   7.326E+00  2.646E+00 
2.668E+00   7.373E+00  2.647E+00 
2.703E+00   7.421E+00  2.648E+00 
2.738E+00   7.469E+00  2.649E+00 
2.773E+00   7.517E+00  2.651E+00 
2.810E+00   7.566E+00  2.651E+00 
2.846E+00   7.615E+00  2.652E+00 
2.883E+00   7.664E+00  2.653E+00 
2.921E+00   7.714E+00  2.654E+00 
2.958E+00   7.764E+00  2.655E+00 
2.997E+00   7.814E+00  2.655E+00 
3.036E+00   7.865E+00  2.656E+00 
3.075E+00   7.916E+00  2.656E+00 
3.115E+00   7.967E+00  2.657E+00 
3.156E+00   8.019E+00  2.657E+00 
3.197E+00   8.071E+00  2.657E+00 
3.238E+00   8.123E+00  2.658E+00 
3.280E+00   8.176E+00  2.658E+00 
3.323E+00   8.229E+00  2.658E+00 
3.366E+00   8.282E+00  2.658E+00 
3.410E+00   8.335E+00  2.658E+00 
3.454E+00   8.389E+00  2.658E+00 
3.499E+00   8.444E+00  2.658E+00 
3.545E+00   8.498E+00  2.657E+00 
3.591E+00   8.554E+00  2.657E+00 
3.637E+00   8.609E+00  2.657E+00 
3.685E+00   8.665E+00  2.656E+00 
3.733E+00   8.721E+00  2.656E+00 
3.781E+00   8.777E+00  2.655E+00 
3.830E+00   8.834E+00  2.655E+00 
3.880E+00   8.891E+00  2.654E+00 
3.930E+00   8.949E+00  2.653E+00 
3.982E+00   9.007E+00  2.652E+00 
4.033E+00   9.065E+00  2.651E+00 
4.086E+00   9.124E+00  2.650E+00 
4.139E+00   9.183E+00  2.649E+00 
4.193E+00   9.243E+00  2.648E+00 
4.247E+00   9.302E+00  2.647E+00 
4.302E+00   9.363E+00  2.645E+00 
4.358E+00   9.423E+00  2.644E+00 
4.415E+00   9.484E+00  2.643E+00 
4.472E+00   9.546E+00  2.641E+00 
4.530E+00   9.608E+00  2.640E+00 
4.589E+00   9.670E+00  2.638E+00 
4.649E+00   9.733E+00  2.636E+00 
4.709E+00   9.796E+00  2.634E+00 
4.770E+00   9.859E+00  2.632E+00 
4.832E+00   9.923E+00  2.631E+00 
4.895E+00   9.987E+00  2.629E+00 
4.959E+00   1.005E+01  2.626E+00 
5.023E+00   1.012E+01  2.624E+00 
5.089E+00   1.018E+01  2.622E+00 
5.155E+00   1.025E+01  2.620E+00 
5.222E+00   1.031E+01  2.617E+00 
5.290E+00   1.038E+01  2.615E+00 
5.358E+00   1.045E+01  2.612E+00 
5.428E+00   1.052E+01  2.610E+00 
5.499E+00   1.058E+01  2.607E+00 
5.570E+00   1.065E+01  2.604E+00 
5.642E+00   1.072E+01  2.601E+00 
5.716E+00   1.079E+01  2.599E+00 
5.790E+00   1.086E+01  2.596E+00 
5.865E+00   1.093E+01  2.593E+00 
5.942E+00   1.100E+01  2.589E+00 
6.019E+00   1.107E+01  2.586E+00 
6.097E+00   1.115E+01  2.583E+00 
6.176E+00   1.122E+01  2.580E+00 
6.256E+00   1.129E+01  2.576E+00 
6.338E+00   1.136E+01  2.573E+00 
6.420E+00   1.144E+01  2.569E+00 
6.504E+00   1.151E+01  2.566E+00 
6.588E+00   1.159E+01  2.562E+00 
6.674E+00   1.166E+01  2.558E+00 
6.760E+00   1.174E+01  2.554E+00 
6.848E+00   1.181E+01  2.550E+00 
6.937E+00   1.189E+01  2.546E+00 
7.027E+00   1.197E+01  2.542E+00 
7.119E+00   1.204E+01  2.538E+00 
7.211E+00   1.212E+01  2.534E+00 
7.305E+00   1.220E+01  2.530E+00 
7.400E+00   1.228E+01  2.525E+00 
7.496E+00   1.236E+01  2.521E+00 
7.594E+00   1.244E+01  2.517E+00 
7.692E+00   1.252E+01  2.512E+00 
7.792E+00   1.260E+01  2.507E+00 
7.894E+00   1.268E+01  2.503E+00 
7.996E+00   1.276E+01  2.498E+00 
8.100E+00   1.286E+01  2.493E+00 
8.205E+00   1.296E+01  2.488E+00 
8.312E+00   1.306E+01  2.483E+00 
8.420E+00   1.315E+01  2.478E+00 
8.529E+00   1.325E+01  2.473E+00 
8.640E+00   1.336E+01  2.468E+00 
8.753E+00   1.346E+01  2.463E+00 
8.866E+00   1.356E+01  2.457E+00 
8.982E+00   1.366E+01  2.452E+00 
9.098E+00   1.377E+01  2.447E+00 
9.217E+00   1.387E+01  2.441E+00 
9.336E+00   1.398E+01  2.436E+00 
9.458E+00   1.408E+01  2.430E+00 
9.581E+00   1.419E+01  2.424E+00 
9.705E+00   1.430E+01  2.419E+00 
9.831E+00   1.441E+01  2.413E+00 
9.959E+00   1.452E+01  2.407E+00 
1.009E+01   1.463E+01  2.401E+00 
1.022E+01   1.474E+01  2.395E+00 
1.035E+01   1.485E+01  2.389E+00 
1.049E+01   1.497E+01  2.383E+00 
1.062E+01   1.508E+01  2.376E+00 
1.076E+01   1.520E+01  2.370E+00 
1.090E+01   1.531E+01  2.364E+00 
1.104E+01   1.543E+01  2.358E+00 
1.119E+01   1.555E+01  2.351E+00 
1.133E+01   1.566E+01  2.345E+00 
1.148E+01   1.578E+01  2.338E+00 
1.163E+01   1.591E+01  2.331E+00 
1.178E+01   1.603E+01  2.325E+00 
1.193E+01   1.615E+01  2.318E+00 
1.209E+01   1.627E+01  2.311E+00 
1.224E+01   1.640E+01  2.304E+00 
1.240E+01   1.652E+01  2.298E+00 
1.256E+01   1.665E+01  2.291E+00 
1.273E+01   1.678E+01  2.284E+00 
1.289E+01   1.691E+01  2.277E+00 
1.306E+01   1.704E+01  2.269E+00 
1.323E+01   1.717E+01  2.262E+00 
1.340E+01   1.730E+01  2.255E+00 
1.358E+01   1.743E+01  2.248E+00 
1.375E+01   1.756E+01  2.241E+00 
1.393E+01   1.770E+01  2.233E+00 
1.411E+01   1.783E+01  2.226E+00 
1.430E+01   1.797E+01  2.218E+00 
1.448E+01   1.811E+01  2.211E+00 
1.467E+01   1.825E+01  2.203E+00 
1.486E+01   1.839E+01  2.196E+00 
1.505E+01   1.853E+01  2.188E+00 
1.525E+01   1.867E+01  2.180E+00 
1.545E+01   1.881E+01  2.173E+00 
1.565E+01   1.896E+01  2.165E+00 
1.585E+01   1.910E+01  2.157E+00 
1.606E+01   1.925E+01  2.149E+00 
1.627E+01   1.940E+01  2.141E+00 
1.648E+01   1.955E+01  2.133E+00 
1.669E+01   1.970E+01  2.125E+00 
1.691E+01   1.985E+01  2.117E+00 
1.713E+01   2.000E+01  2.109E+00 
1.735E+01   2.016E+01  2.101E+00 
1.758E+01   2.031E+01  2.093E+00 
1.781E+01   2.047E+01  2.085E+00 
1.804E+01   2.062E+01  2.077E+00 
1.827E+01   2.078E+01  2.069E+00 
1.851E+01   2.094E+01  2.060E+00 
1.875E+01   2.110E+01  2.052E+00 
1.899E+01   2.126E+01  2.044E+00 
1.924E+01   2.143E+01  2.035E+00 
1.949E+01   2.159E+01  2.027E+00 
1.974E+01   2.176E+01  2.018E+00 
2.000E+01   2.193E+01  2.010E+00 
2.026E+01   2.209E+01  2.001E+00 
2.052E+01   2.226E+01  1.993E+00 
2.079E+01   2.244E+01  1.984E+00 
2.106E+01   2.261E+01  1.976E+00 
2.133E+01   2.278E+01  1.967E+00 
2.161E+01   2.296E+01  1.959E+00 
2.189E+01   2.313E+01  1.950E+00 
2.218E+01   2.331E+01  1.941E+00 
2.247E+01   2.349E+01  1.933E+00 
2.276E+01   2.367E+01  1.924E+00 
2.305E+01   2.385E+01  1.915E+00 
2.335E+01   2.404E+01  1.906E+00 
2.366E+01   2.422E+01  1.898E+00 
2.396E+01   2.441E+01  1.889E+00 
2.428E+01   2.459E+01  1.880E+00 
2.459E+01   2.478E+01  1.871E+00 
2.491E+01   2.497E+01  1.862E+00 
2.523E+01   2.517E+01  1.853E+00 
2.556E+01   2.536E+01  1.845E+00 
2.589E+01   2.555E+01  1.836E+00 
2.623E+01   2.575E+01  1.827E+00 
2.657E+01   2.595E+01  1.818E+00 
2.692E+01   2.615E+01  1.809E+00 
2.727E+01   2.635E+01  1.800E+00 
2.762E+01   2.655E+01  1.791E+00 
2.798E+01   2.675E+01  1.782E+00 
2.834E+01   2.696E+01  1.773E+00 
2.871E+01   2.716E+01  1.764E+00 
2.909E+01   2.737E+01  1.755E+00 
2.946E+01   2.758E+01  1.746E+00 
2.985E+01   2.779E+01  1.737E+00 
3.023E+01   2.801E+01  1.728E+00 
3.063E+01   2.822E+01  1.719E+00 
3.103E+01   2.844E+01  1.710E+00 
3.143E+01   2.866E+01  1.701E+00 
3.184E+01   2.888E+01  1.692E+00 
3.225E+01   2.910E+01  1.683E+00 
3.267E+01   2.932E+01  1.674E+00 
3.309E+01   2.954E+01  1.665E+00 
3.352E+01   2.977E+01  1.656E+00 
3.396E+01   3.000E+01  1.647E+00 
3.440E+01   3.023E+01  1.638E+00 
3.485E+01   3.046E+01  1.629E+00 
3.530E+01   3.069E+01  1.620E+00 
3.576E+01   3.092E+01  1.611E+00 
3.623E+01   3.116E+01  1.602E+00 
3.670E+01   3.140E+01  1.593E+00 
3.717E+01   3.164E+01  1.584E+00 
3.766E+01   3.188E+01  1.575E+00 
3.815E+01   3.212E+01  1.566E+00 
3.864E+01   3.236E+01  1.557E+00 
3.914E+01   3.261E+01  1.548E+00 
3.965E+01   3.286E+01  1.539E+00 
4.017E+01   3.311E+01  1.530E+00 
4.069E+01   3.336E+01  1.521E+00 
4.122E+01   3.361E+01  1.512E+00 
4.175E+01   3.387E+01  1.503E+00 
4.230E+01   3.413E+01  1.494E+00 
4.285E+01   3.438E+01  1.485E+00 
4.340E+01   3.465E+01  1.476E+00 
4.397E+01   3.491E+01  1.467E+00 
4.454E+01   3.517E+01  1.458E+00 
4.512E+01   3.544E+01  1.449E+00 
4.570E+01   3.571E+01  1.441E+00 
4.630E+01   3.598E+01  1.432E+00 
4.690E+01   3.625E+01  1.423E+00 
4.751E+01   3.652E+01  1.414E+00 
4.813E+01   3.680E+01  1.405E+00 
4.875E+01   3.707E+01  1.397E+00 
4.939E+01   3.735E+01  1.388E+00 
5.003E+01   3.764E+01  1.379E+00 
5.068E+01   3.792E+01  1.370E+00 
5.134E+01   3.820E+01  1.362E+00 
5.200E+01   3.849E+01  1.353E+00 
5.268E+01   3.878E+01  1.344E+00 
5.336E+01   3.907E+01  1.336E+00 
5.406E+01   3.936E+01  1.327E+00 
5.476E+01   3.966E+01  1.318E+00 
5.547E+01   3.996E+01  1.310E+00 
5.619E+01   4.025E+01  1.301E+00 
5.692E+01   4.056E+01  1.293E+00 
5.766E+01   4.086E+01  1.284E+00 
5.841E+01   4.116E+01  1.276E+00 
5.917E+01   4.147E+01  1.267E+00 
5.994E+01   4.178E+01  1.259E+00 
6.072E+01   4.209E+01  1.251E+00 
6.151E+01   4.240E+01  1.242E+00 
6.231E+01   4.272E+01  1.234E+00 
6.312E+01   4.303E+01  1.225E+00 
6.394E+01   4.335E+01  1.217E+00 
6.477E+01   4.367E+01  1.209E+00 
6.561E+01   4.400E+01  1.201E+00 
6.646E+01   4.432E+01  1.192E+00 
6.733E+01   4.465E+01  1.184E+00 
6.820E+01   4.498E+01  1.176E+00 
6.909E+01   4.531E+01  1.168E+00 
6.999E+01   4.564E+01  1.160E+00 
7.090E+01   4.598E+01  1.152E+00 
7.182E+01   4.631E+01  1.144E+00 
7.275E+01   4.665E+01  1.136E+00 
7.370E+01   4.699E+01  1.128E+00 
7.465E+01   4.734E+01  1.120E+00 
7.562E+01   4.768E+01  1.112E+00 
7.661E+01   4.803E+01  1.104E+00 
7.760E+01   4.838E+01  1.096E+00 
7.861E+01   4.873E+01  1.088E+00 
7.963E+01   4.909E+01  1.080E+00 
8.067E+01   4.944E+01  1.073E+00 
8.172E+01   4.980E+01  1.065E+00 
8.278E+01   5.016E+01  1.057E+00 
8.385E+01   5.052E+01  1.049E+00 
8.494E+01   5.088E+01  1.042E+00 
8.605E+01   5.125E+01  1.034E+00 
8.717E+01   5.162E+01  1.027E+00 
8.830E+01   5.199E+01  1.019E+00 
8.945E+01   5.236E+01  1.012E+00 
9.061E+01   5.273E+01  1.004E+00 
9.179E+01   5.311E+01  9.966E-01 
9.298E+01   5.349E+01  9.892E-01 
9.419E+01   5.387E+01  9.818E-01 
9.541E+01   5.425E+01  9.745E-01 
9.665E+01   5.463E+01  9.672E-01 
9.791E+01   5.502E+01  9.599E-01 
9.918E+01   5.540E+01  9.527E-01 
1.005E+02   5.579E+01  9.455E-01 
1.018E+02   5.619E+01  9.383E-01 
1.031E+02   5.658E+01  9.312E-01 
1.044E+02   5.697E+01  9.241E-01 
1.058E+02   5.737E+01  9.170E-01 
1.072E+02   5.777E+01  9.100E-01 
1.086E+02   5.817E+01  9.030E-01 
1.100E+02   5.857E+01  8.960E-01 
1.114E+02   5.898E+01  8.891E-01 
1.129E+02   5.939E+01  8.822E-01 
1.143E+02   5.979E+01  8.754E-01 
1.158E+02   6.020E+01  8.685E-01 
1.173E+02   6.061E+01  8.618E-01 
1.188E+02   6.103E+01  8.550E-01 
1.204E+02   6.144E+01  8.483E-01 
1.219E+02   6.186E+01  8.417E-01 
1.235E+02   6.228E+01  8.350E-01 
1.251E+02   6.270E+01  8.284E-01 
1.268E+02   6.312E+01  8.219E-01 
1.284E+02   6.354E+01  8.153E-01 
1.301E+02   6.397E+01  8.089E-01 
1.318E+02   6.439E+01  8.024E-01 
1.335E+02   6.482E+01  7.960E-01 
1.352E+02   6.525E+01  7.896E-01 
1.370E+02   6.568E+01  7.833E-01 
1.388E+02   6.611E+01  7.770E-01 
1.406E+02   6.655E+01  7.707E-01 
1.424E+02   6.698E+01  7.645E-01 
1.442E+02   6.742E+01  7.583E-01 
1.461E+02   6.786E+01  7.521E-01 
1.480E+02   6.830E+01  7.460E-01 
1.499E+02   6.874E+01  7.399E-01 
1.519E+02   6.918E+01  7.339E-01 
1.539E+02   6.962E+01  7.279E-01 
1.559E+02   7.006E+01  7.219E-01 
1.579E+02   7.051E+01  7.160E-01 
1.599E+02   7.095E+01  7.101E-01 
1.620E+02   7.140E+01  7.042E-01 
1.641E+02   7.185E+01  6.984E-01 
1.662E+02   7.230E+01  6.926E-01 
1.684E+02   7.274E+01  6.868E-01 
1.706E+02   7.319E+01  6.811E-01 
1.728E+02   7.365E+01  6.754E-01 
1.751E+02   7.410E+01  6.698E-01 
1.773E+02   7.455E+01  6.642E-01 
1.796E+02   7.500E+01  6.586E-01 
1.820E+02   7.546E+01  6.531E-01 
1.843E+02   7.591E+01  6.476E-01 
1.867E+02   7.636E+01  6.421E-01 
1.892E+02   7.682E+01  6.367E-01 
1.916E+02   7.727E+01  6.313E-01 
1.941E+02   7.773E+01  6.259E-01 
1.966E+02   7.818E+01  6.206E-01 
1.992E+02   7.864E+01  6.153E-01 
2.018E+02   7.910E+01  6.100E-01 
2.044E+02   7.955E+01  6.048E-01 
2.071E+02   8.001E+01  5.997E-01 
2.097E+02   8.046E+01  5.945E-01 
2.125E+02   8.092E+01  5.894E-01 
2.152E+02   8.137E+01  5.843E-01 
2.180E+02   8.183E+01  5.793E-01 
2.209E+02   8.228E+01  5.743E-01 
2.237E+02   8.274E+01  5.693E-01 
2.266E+02   8.319E+01  5.644E-01 
2.296E+02   8.365E+01  5.595E-01 
2.326E+02   8.410E+01  5.546E-01 
2.356E+02   8.455E+01  5.498E-01 
2.387E+02   8.500E+01  5.450E-01 
2.418E+02   8.545E+01  5.402E-01 
2.449E+02   8.590E+01  5.355E-01 
2.481E+02   8.635E+01  5.308E-01 
2.513E+02   8.680E+01  5.261E-01 
2.546E+02   8.724E+01  5.215E-01 
2.579E+02   8.769E+01  5.169E-01 
2.612E+02   8.813E+01  5.123E-01 
2.646E+02   8.857E+01  5.078E-01 
2.681E+02   8.901E+01  5.033E-01 
2.716E+02   8.945E+01  4.988E-01 
2.751E+02   8.989E+01  4.944E-01 
2.787E+02   9.032E+01  4.900E-01 
2.823E+02   9.076E+01  4.856E-01 
2.859E+02   9.119E+01  4.813E-01 
2.897E+02   9.162E+01  4.770E-01 
2.934E+02   9.204E+01  4.727E-01 
2.972E+02   9.247E+01  4.685E-01 
3.011E+02   9.289E+01  4.643E-01 
3.050E+02   9.331E+01  4.601E-01 
3.090E+02   9.373E+01  4.559E-01 
3.130E+02   9.415E+01  4.518E-01 
3.171E+02   9.456E+01  4.478E-01 
3.212E+02   9.497E+01  4.437E-01 
3.254E+02   9.538E+01  4.397E-01 
3.296E+02   9.578E+01  4.357E-01 
3.339E+02   9.618E+01  4.360E-01 
3.382E+02   9.658E+01  4.320E-01 
3.426E+02   9.697E+01  4.281E-01 
3.471E+02   9.737E+01  4.242E-01 
3.516E+02   9.775E+01  4.203E-01 
3.561E+02   9.814E+01  4.165E-01 
3.608E+02   9.852E+01  4.127E-01 
3.655E+02   9.889E+01  4.089E-01 
3.702E+02   9.927E+01  4.051E-01 
3.750E+02   9.964E+01  4.014E-01 
3.799E+02   1.000E+02  3.977E-01 
3.848E+02   1.004E+02  3.940E-01 
3.898E+02   1.007E+02  3.904E-01 
3.949E+02   1.011E+02  3.868E-01 
4.000E+02   1.014E+02  3.832E-01 
4.052E+02   1.018E+02  3.796E-01 
4.105E+02   1.021E+02  3.761E-01 
4.158E+02   1.024E+02  3.726E-01 
4.212E+02   1.028E+02  3.691E-01 
4.267E+02   1.031E+02  3.657E-01 
4.323E+02   1.034E+02  3.623E-01 
4.379E+02   1.037E+02  3.589E-01 
4.436E+02   1.040E+02  3.555E-01 
4.493E+02   1.043E+02  3.522E-01 
4.552E+02   1.046E+02  3.489E-01 
4.611E+02   1.049E+02  3.456E-01 
4.671E+02   1.052E+02  3.423E-01 
4.731E+02   1.055E+02  3.391E-01 
4.793E+02   1.058E+02  3.359E-01 
4.855E+02   1.061E+02  3.327E-01 
4.918E+02   1.063E+02  3.296E-01 
4.982E+02   1.066E+02  3.265E-01 
5.047E+02   1.068E+02  3.234E-01 
5.113E+02   1.071E+02  3.203E-01 
5.179E+02   1.073E+02  3.172E-01 
5.246E+02   1.076E+02  3.142E-01 
5.315E+02   1.078E+02  3.112E-01 
5.384E+02   1.080E+02  3.083E-01 
5.454E+02   1.082E+02  3.053E-01 
5.524E+02   1.084E+02  3.024E-01 
5.596E+02   1.086E+02  2.995E-01 
5.669E+02   1.088E+02  2.966E-01 
5.743E+02   1.090E+02  2.938E-01 
5.817E+02   1.092E+02  2.910E-01 
5.893E+02   1.094E+02  2.882E-01 
5.969E+02   1.095E+02  2.854E-01 
6.047E+02   1.097E+02  2.826E-01 
6.126E+02   1.099E+02  2.799E-01 
6.205E+02   1.100E+02  2.772E-01 
6.286E+02   1.101E+02  2.745E-01 
6.368E+02   1.103E+02  2.719E-01 
6.450E+02   1.104E+02  2.692E-01 
6.534E+02   1.105E+02  2.666E-01 
6.619E+02   1.106E+02  2.640E-01 
6.705E+02   1.107E+02  2.615E-01 
6.792E+02   1.108E+02  2.589E-01 
6.881E+02   1.109E+02  2.564E-01 
6.970E+02   1.110E+02  2.539E-01 
7.061E+02   1.111E+02  2.514E-01 
7.152E+02   1.111E+02  2.490E-01 
7.245E+02   1.112E+02  2.466E-01 
7.339E+02   1.113E+02  2.441E-01 
7.435E+02   1.113E+02  2.418E-01 
7.531E+02   1.113E+02  2.394E-01 
7.629E+02   1.114E+02  2.370E-01 
7.728E+02   1.114E+02  2.347E-01 
7.829E+02   1.114E+02  2.324E-01 
7.931E+02   1.114E+02  2.301E-01 
8.034E+02   1.114E+02  2.278E-01 
8.138E+02   1.114E+02  2.256E-01 
8.244E+02   1.114E+02  2.234E-01 
8.351E+02   1.114E+02  2.212E-01 
8.460E+02   1.113E+02  2.190E-01 
8.570E+02   1.113E+02  2.168E-01 
8.681E+02   1.112E+02  2.147E-01 
8.794E+02   1.112E+02  2.125E-01 
8.908E+02   1.111E+02  2.104E-01 
9.024E+02   1.111E+02  2.083E-01 
9.141E+02   1.110E+02  2.063E-01 
9.260E+02   1.109E+02  2.042E-01 
9.380E+02   1.108E+02  2.022E-01 
9.502E+02   1.107E+02  2.002E-01 
9.626E+02   1.106E+02  1.982E-01 
9.751E+02   1.105E+02  1.962E-01 
9.877E+02   1.104E+02  1.942E-01 
1.001E+03   1.102E+02  1.923E-01 
1.014E+03   1.101E+02  1.904E-01 
1.027E+03   1.100E+02  1.885E-01 
1.040E+03   1.098E+02  1.866E-01 
1.054E+03   1.097E+02  1.847E-01 
1.067E+03   1.095E+02  1.829E-01 
1.081E+03   1.093E+02  1.810E-01 
1.095E+03   1.091E+02  1.792E-01 
1.109E+03   1.090E+02  1.774E-01 
1.124E+03   1.088E+02  1.756E-01 
1.138E+03   1.086E+02  1.738E-01 
1.153E+03   1.084E+02  1.721E-01 
1.168E+03   1.082E+02  1.704E-01 
1.183E+03   1.079E+02  1.686E-01 
1.199E+03   1.077E+02  1.669E-01 
1.214E+03   1.075E+02  1.652E-01 
1.230E+03   1.072E+02  1.636E-01 
1.246E+03   1.070E+02  1.619E-01 
1.262E+03   1.067E+02  1.603E-01 
1.279E+03   1.065E+02  1.587E-01 
1.295E+03   1.062E+02  1.570E-01 
1.312E+03   1.060E+02  1.554E-01 
1.329E+03   1.057E+02  1.539E-01 
1.347E+03   1.054E+02  1.523E-01 
1.364E+03   1.051E+02  1.508E-01 
1.382E+03   1.048E+02  1.492E-01 
1.400E+03   1.045E+02  1.477E-01 
1.418E+03   1.042E+02  1.462E-01 
1.436E+03   1.039E+02  1.447E-01 
1.455E+03   1.036E+02  1.432E-01 
1.474E+03   1.033E+02  1.418E-01 
1.493E+03   1.030E+02  1.403E-01 
1.513E+03   1.027E+02  1.389E-01 
1.532E+03   1.023E+02  1.375E-01 
1.552E+03   1.020E+02  1.360E-01 
1.572E+03   1.016E+02  1.346E-01 
1.593E+03   1.013E+02  1.333E-01 
1.613E+03   1.009E+02  1.319E-01 
1.634E+03   1.006E+02  1.305E-01 
1.656E+03   1.002E+02  1.292E-01 
1.677E+03   9.987E+01  1.279E-01 
1.699E+03   9.950E+01  1.266E-01 
1.721E+03   9.913E+01  1.253E-01 
1.743E+03   9.875E+01  1.240E-01 
1.766E+03   9.837E+01  1.227E-01 
1.789E+03   9.799E+01  1.214E-01 
1.812E+03   9.760E+01  1.202E-01 
1.836E+03   9.721E+01  1.189E-01 
1.860E+03   9.681E+01  1.177E-01 
1.884E+03   9.642E+01  1.165E-01 
1.908E+03   9.601E+01  1.153E-01 
1.933E+03   9.561E+01  1.141E-01 
1.958E+03   9.520E+01  1.129E-01 
1.984E+03   9.479E+01  1.117E-01 
2.009E+03   9.438E+01  1.106E-01 
2.036E+03   9.396E+01  1.094E-01 
2.062E+03   9.355E+01  1.083E-01 
2.089E+03   9.312E+01  1.072E-01 
2.116E+03   9.270E+01  1.060E-01 
2.143E+03   9.227E+01  1.049E-01 
2.171E+03   9.185E+01  1.038E-01 
2.200E+03   9.141E+01  1.028E-01 
2.228E+03   9.098E+01  1.017E-01 
2.257E+03   9.055E+01  1.006E-01 
2.286E+03   9.011E+01  9.958E-02 
2.316E+03   8.967E+01  9.854E-02 
2.346E+03   8.923E+01  9.751E-02 
2.377E+03   8.879E+01  9.649E-02 
2.408E+03   8.834E+01  9.549E-02 
2.439E+03   8.790E+01  9.449E-02 
2.471E+03   8.745E+01  9.350E-02 
2.503E+03   8.700E+01  9.252E-02 
2.535E+03   8.655E+01  9.155E-02 
2.568E+03   8.610E+01  9.059E-02 
2.602E+03   8.565E+01  8.964E-02 
2.635E+03   8.520E+01  8.870E-02 
2.670E+03   8.474E+01  8.777E-02 
2.704E+03   8.429E+01  8.684E-02 
2.740E+03   8.383E+01  8.593E-02 
2.775E+03   8.337E+01  8.503E-02 
2.811E+03   8.292E+01  8.413E-02 
2.848E+03   8.246E+01  8.325E-02 
2.885E+03   8.200E+01  8.237E-02 
2.922E+03   8.154E+01  8.150E-02 
2.960E+03   8.108E+01  8.064E-02 
2.999E+03   8.062E+01  7.979E-02 
3.038E+03   8.016E+01  7.895E-02 
3.077E+03   7.970E+01  7.811E-02 
3.117E+03   7.924E+01  7.729E-02 
3.158E+03   7.878E+01  7.647E-02 
3.199E+03   7.832E+01  7.566E-02 
3.240E+03   7.786E+01  7.486E-02 
3.282E+03   7.740E+01  7.407E-02 
3.325E+03   7.694E+01  7.329E-02 
3.368E+03   7.648E+01  7.251E-02 
3.412E+03   7.602E+01  7.174E-02 
3.456E+03   7.556E+01  7.098E-02 
3.501E+03   7.510E+01  7.023E-02 
3.547E+03   7.464E+01  6.948E-02 
3.593E+03   7.418E+01  6.874E-02 
3.640E+03   7.373E+01  6.801E-02 
3.687E+03   7.327E+01  6.729E-02 
3.735E+03   7.281E+01  6.657E-02 
3.783E+03   7.236E+01  6.586E-02 
3.832E+03   7.190E+01  6.516E-02 
3.882E+03   7.145E+01  6.447E-02 
3.933E+03   7.100E+01  6.378E-02 
3.984E+03   7.054E+01  6.310E-02 
4.036E+03   7.009E+01  6.243E-02 
4.088E+03   6.964E+01  6.176E-02 
4.141E+03   6.919E+01  6.110E-02 
4.195E+03   6.875E+01  6.045E-02 
4.250E+03   6.830E+01  5.981E-02 
4.305E+03   6.785E+01  5.917E-02 
4.361E+03   6.741E+01  5.853E-02 
4.417E+03   6.697E+01  5.791E-02 
4.475E+03   6.652E+01  5.729E-02 
4.533E+03   6.608E+01  5.667E-02 
4.592E+03   6.564E+01  5.607E-02 
4.652E+03   6.520E+01  5.547E-02 
4.712E+03   6.477E+01  5.487E-02 
4.773E+03   6.433E+01  5.428E-02 
4.835E+03   6.390E+01  5.370E-02 
4.898E+03   6.347E+01  5.312E-02 
4.962E+03   6.304E+01  5.255E-02 
5.026E+03   6.261E+01  5.199E-02 
5.092E+03   6.218E+01  5.143E-02 
5.158E+03   6.175E+01  5.088E-02 
5.225E+03   6.133E+01  5.033E-02 
5.293E+03   6.090E+01  4.979E-02 
5.362E+03   6.048E+01  4.925E-02 
5.431E+03   6.006E+01  4.872E-02 
5.502E+03   5.965E+01  4.820E-02 
5.573E+03   5.923E+01  4.768E-02 
5.646E+03   5.882E+01  4.716E-02 
5.719E+03   5.840E+01  4.666E-02 
5.793E+03   5.799E+01  4.615E-02 
5.869E+03   5.758E+01  4.565E-02 
5.945E+03   5.718E+01  4.516E-02 
6.022E+03   5.677E+01  4.467E-02 
6.101E+03   5.637E+01  4.419E-02 
6.180E+03   5.597E+01  4.371E-02 
6.260E+03   5.557E+01  4.324E-02 
6.341E+03   5.517E+01  4.277E-02 
6.424E+03   5.477E+01  4.231E-02 
6.507E+03   5.438E+01  4.185E-02 
6.592E+03   5.399E+01  4.140E-02 
6.678E+03   5.360E+01  4.095E-02 
6.764E+03   5.321E+01  4.050E-02 
6.852E+03   5.282E+01  4.007E-02 
6.941E+03   5.244E+01  3.963E-02 
7.032E+03   5.205E+01  3.920E-02 
7.123E+03   5.167E+01  3.878E-02 
7.216E+03   5.130E+01  3.835E-02 
7.309E+03   5.092E+01  3.794E-02 
7.404E+03   5.054E+01  3.753E-02 
7.501E+03   5.017E+01  3.712E-02 
7.598E+03   4.980E+01  3.671E-02 
7.697E+03   4.943E+01  3.631E-02 
7.797E+03   4.907E+01  3.592E-02 
7.898E+03   4.870E+01  3.553E-02 
8.001E+03   4.834E+01  3.514E-02 
8.105E+03   4.804E+01  3.476E-02 
8.210E+03   4.773E+01  3.438E-02 
8.317E+03   4.742E+01  3.400E-02 
8.425E+03   4.711E+01  3.363E-02 
8.534E+03   4.679E+01  3.327E-02 
8.645E+03   4.647E+01  3.290E-02 
8.758E+03   4.614E+01  3.254E-02 
8.871E+03   4.581E+01  3.219E-02 
8.987E+03   4.547E+01  3.184E-02 
9.104E+03   4.514E+01  3.149E-02 
9.222E+03   4.479E+01  3.115E-02 
9.342E+03   4.444E+01  3.080E-02 
9.463E+03   4.409E+01  3.047E-02 
9.586E+03   4.373E+01  3.013E-02 
9.711E+03   4.340E+01  2.980E-02 
9.837E+03   4.307E+01  2.948E-02 
9.965E+03   4.274E+01  2.916E-02 
1.009E+04   4.242E+01  2.884E-02 
1.023E+04   4.209E+01  2.852E-02 
1.036E+04   4.177E+01  2.821E-02 
1.049E+04   4.145E+01  2.790E-02 
1.063E+04   4.113E+01  2.759E-02 
1.077E+04   4.081E+01  2.729E-02 
1.091E+04   4.050E+01  2.699E-02 
1.105E+04   4.019E+01  2.669E-02 
1.119E+04   3.988E+01  2.640E-02 
1.134E+04   3.957E+01  2.611E-02 
1.149E+04   3.926E+01  2.582E-02 
1.163E+04   3.896E+01  2.554E-02 
1.179E+04   3.865E+01  2.526E-02 
1.194E+04   3.835E+01  2.498E-02 
1.209E+04   3.805E+01  2.470E-02 
1.225E+04   3.775E+01  2.443E-02 
1.241E+04   3.746E+01  2.416E-02 
1.257E+04   3.716E+01  2.390E-02 
1.274E+04   3.687E+01  2.363E-02 
1.290E+04   3.658E+01  2.337E-02 
1.307E+04   3.629E+01  2.312E-02 
1.324E+04   3.600E+01  2.286E-02 
1.341E+04   3.572E+01  2.261E-02 
1.358E+04   3.543E+01  2.236E-02 
1.376E+04   3.515E+01  2.211E-02 
1.394E+04   3.487E+01  2.187E-02 
1.412E+04   3.459E+01  2.163E-02 
1.431E+04   3.432E+01  2.139E-02 
1.449E+04   3.404E+01  2.115E-02 
1.468E+04   3.377E+01  2.092E-02 
1.487E+04   3.350E+01  2.069E-02 
1.506E+04   3.323E+01  2.046E-02 
1.526E+04   3.296E+01  2.023E-02 
1.546E+04   3.269E+01  2.001E-02 
1.566E+04   3.243E+01  1.979E-02 
1.586E+04   3.216E+01  1.957E-02 
1.607E+04   3.190E+01  1.935E-02 
1.628E+04   3.164E+01  1.914E-02 
1.649E+04   3.139E+01  1.892E-02 
1.670E+04   3.113E+01  1.871E-02 
1.692E+04   3.087E+01  1.851E-02 
1.714E+04   3.062E+01  1.830E-02 
1.736E+04   3.037E+01  1.810E-02 
1.759E+04   3.012E+01  1.790E-02 
1.782E+04   2.987E+01  1.770E-02 
1.805E+04   2.963E+01  1.750E-02 
1.828E+04   2.938E+01  1.731E-02 
1.852E+04   2.914E+01  1.712E-02 
1.876E+04   2.890E+01  1.693E-02 
1.900E+04   2.866E+01  1.674E-02 
1.925E+04   2.842E+01  1.655E-02 
1.950E+04   2.818E+01  1.637E-02 
1.976E+04   2.795E+01  1.618E-02 
2.001E+04   2.771E+01  1.600E-02 
2.027E+04   2.748E+01  1.583E-02 
2.054E+04   2.725E+01  1.565E-02 
2.080E+04   2.702E+01  1.548E-02 
2.107E+04   2.680E+01  1.530E-02 
2.135E+04   2.657E+01  1.513E-02 
2.162E+04   2.635E+01  1.496E-02 
2.191E+04   2.612E+01  1.480E-02 
2.219E+04   2.590E+01  1.463E-02 
2.248E+04   2.568E+01  1.447E-02 
2.277E+04   2.547E+01  1.431E-02 
2.307E+04   2.525E+01  1.415E-02 
2.337E+04   2.503E+01  1.399E-02 
2.367E+04   2.482E+01  1.383E-02 
2.398E+04   2.461E+01  1.368E-02 
2.429E+04   2.440E+01  1.353E-02 
2.461E+04   2.419E+01  1.338E-02 
2.492E+04   2.398E+01  1.323E-02 
2.525E+04   2.378E+01  1.308E-02 
2.558E+04   2.357E+01  1.293E-02 
2.591E+04   2.337E+01  1.279E-02 
2.625E+04   2.317E+01  1.264E-02 
2.659E+04   2.297E+01  1.250E-02 
2.693E+04   2.277E+01  1.236E-02 
2.728E+04   2.257E+01  1.222E-02 
2.764E+04   2.238E+01  1.209E-02 
2.800E+04   2.218E+01  1.195E-02 
2.836E+04   2.199E+01  1.182E-02 
2.873E+04   2.180E+01  1.169E-02 
2.910E+04   2.161E+01  1.155E-02 
2.948E+04   2.142E+01  1.143E-02 
2.986E+04   2.123E+01  1.130E-02 
3.025E+04   2.104E+01  1.117E-02 
3.065E+04   2.086E+01  1.105E-02 
3.104E+04   2.068E+01  1.092E-02 
3.145E+04   2.049E+01  1.080E-02 
3.186E+04   2.031E+01  1.068E-02 
3.227E+04   2.013E+01  1.056E-02 
3.269E+04   1.996E+01  1.044E-02 
3.311E+04   1.978E+01  1.032E-02 
3.354E+04   1.961E+01  1.021E-02 
3.398E+04   1.943E+01  1.009E-02 
3.442E+04   1.926E+01  9.977E-03 
3.487E+04   1.909E+01  9.865E-03 
3.532E+04   1.892E+01  9.754E-03 
3.578E+04   1.875E+01  9.645E-03 
3.625E+04   1.858E+01  9.536E-03 
3.672E+04   1.842E+01  9.429E-03 
3.719E+04   1.825E+01  9.323E-03 
3.768E+04   1.809E+01  9.218E-03 
3.817E+04   1.793E+01  9.114E-03 
3.866E+04   1.776E+01  9.011E-03 
3.917E+04   1.761E+01  8.910E-03 
3.968E+04   1.745E+01  8.809E-03 
4.019E+04   1.729E+01  8.710E-03 
4.071E+04   1.713E+01  8.612E-03 
4.124E+04   1.698E+01  8.514E-03 
4.178E+04   1.683E+01  8.418E-03 
4.232E+04   1.667E+01  8.323E-03 
4.287E+04   1.652E+01  8.230E-03 
4.343E+04   1.637E+01  8.137E-03 
4.399E+04   1.622E+01  8.045E-03 
4.456E+04   1.608E+01  7.954E-03 
4.514E+04   1.593E+01  7.864E-03 
4.573E+04   1.578E+01  7.775E-03 
4.632E+04   1.564E+01  7.687E-03 
4.693E+04   1.550E+01  7.600E-03 
4.754E+04   1.536E+01  7.515E-03 
4.815E+04   1.522E+01  7.430E-03 
4.878E+04   1.508E+01  7.346E-03 
4.941E+04   1.494E+01  7.262E-03 
5.006E+04   1.480E+01  7.180E-03 
5.071E+04   1.467E+01  7.099E-03 
5.137E+04   1.453E+01  7.019E-03 
5.203E+04   1.440E+01  6.939E-03 
5.271E+04   1.426E+01  6.861E-03 
5.340E+04   1.413E+01  6.783E-03 
5.409E+04   1.400E+01  6.706E-03 
5.479E+04   1.387E+01  6.630E-03 
5.550E+04   1.374E+01  6.555E-03 
5.623E+04   1.362E+01  6.481E-03 
5.696E+04   1.349E+01  6.407E-03 
5.770E+04   1.337E+01  6.335E-03 
5.845E+04   1.324E+01  6.263E-03 
5.921E+04   1.312E+01  6.192E-03 
5.998E+04   1.300E+01  6.122E-03 
6.075E+04   1.288E+01  6.052E-03 
6.154E+04   1.276E+01  5.983E-03 
6.234E+04   1.264E+01  5.915E-03 
6.315E+04   1.252E+01  5.848E-03 
6.398E+04   1.240E+01  5.782E-03 
6.481E+04   1.229E+01  5.716E-03 
6.565E+04   1.217E+01  5.651E-03 
6.650E+04   1.206E+01  5.587E-03 
6.737E+04   1.194E+01  5.524E-03 
6.824E+04   1.183E+01  5.461E-03 
6.913E+04   1.172E+01  5.399E-03 
7.003E+04   1.161E+01  5.337E-03 
7.094E+04   1.150E+01  5.277E-03 
7.186E+04   1.139E+01  5.217E-03 
7.279E+04   1.129E+01  5.157E-03 
7.374E+04   1.118E+01  5.098E-03 
7.470E+04   1.108E+01  5.040E-03 
7.567E+04   1.097E+01  4.983E-03 
7.665E+04   1.087E+01  4.926E-03 
7.765E+04   1.077E+01  4.870E-03 
7.866E+04   1.066E+01  4.815E-03 
7.968E+04   1.056E+01  4.760E-03 
8.072E+04   1.046E+01  4.706E-03 
8.176E+04   1.036E+01  4.652E-03 
8.283E+04   1.027E+01  4.599E-03 
8.390E+04   1.017E+01  4.547E-03 
8.499E+04   1.007E+01  4.495E-03 
8.610E+04   9.977E+00  4.443E-03 
8.722E+04   9.883E+00  4.393E-03 
8.835E+04   9.789E+00  4.343E-03 
8.950E+04   9.696E+00  4.293E-03 
9.066E+04   9.604E+00  4.244E-03 
9.184E+04   9.513E+00  4.196E-03 
9.303E+04   9.422E+00  4.148E-03 
9.424E+04   9.333E+00  4.100E-03 
9.547E+04   9.244E+00  4.054E-03 
9.671E+04   9.156E+00  4.007E-03 
9.797E+04   9.069E+00  3.961E-03 
9.924E+04   8.982E+00  3.916E-03 
1.005E+05   8.897E+00  3.871E-03 
1.018E+05   8.812E+00  3.827E-03 
1.032E+05   8.728E+00  3.783E-03 
1.045E+05   8.644E+00  3.740E-03 
1.059E+05   8.562E+00  3.697E-03 
1.072E+05   8.480E+00  3.655E-03 
1.086E+05   8.399E+00  3.613E-03 
1.100E+05   8.319E+00  3.572E-03 
1.115E+05   8.239E+00  3.531E-03 
1.129E+05   8.161E+00  3.491E-03 
1.144E+05   8.082E+00  3.451E-03 
1.159E+05   8.005E+00  3.411E-03 
1.174E+05   7.929E+00  3.372E-03 
1.189E+05   7.853E+00  3.333E-03 
1.204E+05   7.778E+00  3.295E-03 
1.220E+05   7.703E+00  3.257E-03 
1.236E+05   7.629E+00  3.220E-03 
1.252E+05   7.556E+00  3.183E-03 
1.268E+05   7.484E+00  3.147E-03 
1.285E+05   7.412E+00  3.111E-03 
1.302E+05   7.341E+00  3.075E-03 
1.318E+05   7.271E+00  3.040E-03 
1.336E+05   7.201E+00  3.005E-03 
1.353E+05   7.132E+00  2.970E-03 
1.371E+05   7.064E+00  2.936E-03 
1.388E+05   6.996E+00  2.903E-03 
1.406E+05   6.929E+00  2.869E-03 
1.425E+05   6.862E+00  2.836E-03 
1.443E+05   6.797E+00  2.804E-03 
1.462E+05   6.731E+00  2.772E-03 
1.481E+05   6.667E+00  2.740E-03 
1.500E+05   6.603E+00  2.708E-03 
1.520E+05   6.540E+00  2.677E-03 
1.539E+05   6.477E+00  2.646E-03 
1.559E+05   6.415E+00  2.616E-03 
1.580E+05   6.353E+00  2.586E-03 
1.600E+05   6.292E+00  2.556E-03 
1.621E+05   6.232E+00  2.527E-03 
1.642E+05   6.172E+00  2.498E-03 
1.663E+05   6.113E+00  2.469E-03 
1.685E+05   6.055E+00  2.441E-03 
1.707E+05   5.997E+00  2.412E-03 
1.729E+05   5.939E+00  2.385E-03 
1.752E+05   5.882E+00  2.357E-03 
1.774E+05   5.826E+00  2.330E-03 
1.797E+05   5.770E+00  2.303E-03 
1.821E+05   5.715E+00  2.277E-03 
1.844E+05   5.661E+00  2.251E-03 
1.868E+05   5.606E+00  2.225E-03 
1.893E+05   5.553E+00  2.199E-03 
1.917E+05   5.500E+00  2.174E-03 
1.942E+05   5.447E+00  2.149E-03 
1.967E+05   5.395E+00  2.124E-03 
1.993E+05   5.344E+00  2.099E-03 
2.019E+05   5.293E+00  2.075E-03 
2.045E+05   5.242E+00  2.051E-03 
2.072E+05   5.192E+00  2.028E-03 
2.099E+05   5.143E+00  2.004E-03 
2.126E+05   5.094E+00  1.981E-03 
2.154E+05   5.045E+00  1.958E-03 
2.182E+05   4.997E+00  1.936E-03 
2.210E+05   4.950E+00  1.913E-03 
2.239E+05   4.903E+00  1.891E-03 
2.268E+05   4.856E+00  1.869E-03 
2.297E+05   4.810E+00  1.848E-03 
2.327E+05   4.764E+00  1.826E-03 
2.357E+05   4.719E+00  1.805E-03 
2.388E+05   4.674E+00  1.784E-03 
2.419E+05   4.630E+00  1.764E-03 
2.450E+05   4.586E+00  1.743E-03 
2.482E+05   4.543E+00  1.723E-03 
2.515E+05   4.500E+00  1.703E-03 
2.547E+05   4.457E+00  1.684E-03 
2.580E+05   4.415E+00  1.664E-03 
2.614E+05   4.374E+00  1.645E-03 
2.648E+05   4.332E+00  1.626E-03 
2.682E+05   4.292E+00  1.607E-03 
2.717E+05   4.251E+00  1.589E-03 
2.752E+05   4.211E+00  1.570E-03 
2.788E+05   4.172E+00  1.552E-03 
2.824E+05   4.133E+00  1.534E-03 
2.861E+05   4.094E+00  1.516E-03 
2.898E+05   4.055E+00  1.499E-03 
2.936E+05   4.018E+00  1.481E-03 
2.974E+05   3.980E+00  1.464E-03 
3.013E+05   3.943E+00  1.447E-03 
3.052E+05   3.906E+00  1.431E-03 
3.092E+05   3.870E+00  1.414E-03 
3.132E+05   3.834E+00  1.398E-03 
3.172E+05   3.798E+00  1.381E-03 
3.214E+05   3.763E+00  1.365E-03 
3.255E+05   3.728E+00  1.350E-03 
3.298E+05   3.693E+00  1.334E-03 
3.341E+05   3.659E+00  1.318E-03 
3.384E+05   3.625E+00  1.303E-03 
3.428E+05   3.592E+00  1.288E-03 
3.473E+05   3.559E+00  1.273E-03 
3.518E+05   3.526E+00  1.258E-03 
3.563E+05   3.493E+00  1.244E-03 
3.610E+05   3.461E+00  1.229E-03 
3.657E+05   3.429E+00  1.215E-03 
3.704E+05   3.398E+00  1.201E-03 
3.752E+05   3.367E+00  1.187E-03 
3.801E+05   3.336E+00  1.173E-03 
3.851E+05   3.306E+00  1.160E-03 
3.901E+05   3.276E+00  1.146E-03 
3.951E+05   3.246E+00  1.133E-03 
4.003E+05   3.216E+00  1.120E-03 
