Ion = Helium      . Mass = 4.0026
Tgt = Ba (Solid). Density = 3.51 g/cm3
Stopping Units =  eV/(1E15 atoms/cm2)
Energy(keV)  S(Elec)    S(Nuc)
1.000E+00   7.041E+00  2.133E+00 
1.013E+00   7.087E+00  2.138E+00 
1.026E+00   7.133E+00  2.144E+00 
1.039E+00   7.179E+00  2.149E+00 
1.053E+00   7.226E+00  2.154E+00 
1.067E+00   7.272E+00  2.159E+00 
1.081E+00   7.319E+00  2.164E+00 
1.095E+00   7.367E+00  2.169E+00 
1.109E+00   7.415E+00  2.174E+00 
1.123E+00   7.463E+00  2.178E+00 
1.138E+00   7.511E+00  2.183E+00 
1.153E+00   7.560E+00  2.188E+00 
1.168E+00   7.609E+00  2.193E+00 
1.183E+00   7.658E+00  2.198E+00 
1.198E+00   7.707E+00  2.203E+00 
1.214E+00   7.757E+00  2.207E+00 
1.229E+00   7.808E+00  2.212E+00 
1.245E+00   7.858E+00  2.217E+00 
1.262E+00   7.909E+00  2.221E+00 
1.278E+00   7.960E+00  2.226E+00 
1.295E+00   8.012E+00  2.230E+00 
1.311E+00   8.064E+00  2.235E+00 
1.329E+00   8.116E+00  2.239E+00 
1.346E+00   8.169E+00  2.244E+00 
1.363E+00   8.222E+00  2.248E+00 
1.381E+00   8.275E+00  2.253E+00 
1.399E+00   8.328E+00  2.257E+00 
1.417E+00   8.382E+00  2.261E+00 
1.436E+00   8.437E+00  2.266E+00 
1.454E+00   8.491E+00  2.270E+00 
1.473E+00   8.546E+00  2.274E+00 
1.492E+00   8.602E+00  2.278E+00 
1.512E+00   8.657E+00  2.282E+00 
1.531E+00   8.713E+00  2.287E+00 
1.551E+00   8.770E+00  2.291E+00 
1.571E+00   8.827E+00  2.295E+00 
1.592E+00   8.884E+00  2.299E+00 
1.612E+00   8.941E+00  2.303E+00 
1.633E+00   8.999E+00  2.306E+00 
1.655E+00   9.058E+00  2.310E+00 
1.676E+00   9.116E+00  2.314E+00 
1.698E+00   9.175E+00  2.318E+00 
1.720E+00   9.235E+00  2.322E+00 
1.742E+00   9.295E+00  2.325E+00 
1.765E+00   9.355E+00  2.329E+00 
1.788E+00   9.415E+00  2.333E+00 
1.811E+00   9.476E+00  2.336E+00 
1.835E+00   9.538E+00  2.340E+00 
1.859E+00   9.599E+00  2.343E+00 
1.883E+00   9.662E+00  2.347E+00 
1.907E+00   9.724E+00  2.350E+00 
1.932E+00   9.787E+00  2.353E+00 
1.957E+00   9.851E+00  2.357E+00 
1.983E+00   9.914E+00  2.360E+00 
2.008E+00   9.979E+00  2.363E+00 
2.034E+00   1.004E+01  2.366E+00 
2.061E+00   1.011E+01  2.369E+00 
2.088E+00   1.017E+01  2.373E+00 
2.115E+00   1.024E+01  2.376E+00 
2.142E+00   1.031E+01  2.379E+00 
2.170E+00   1.037E+01  2.382E+00 
2.198E+00   1.044E+01  2.384E+00 
2.227E+00   1.051E+01  2.387E+00 
2.256E+00   1.058E+01  2.390E+00 
2.285E+00   1.064E+01  2.393E+00 
2.315E+00   1.071E+01  2.395E+00 
2.345E+00   1.078E+01  2.398E+00 
2.375E+00   1.085E+01  2.401E+00 
2.406E+00   1.092E+01  2.403E+00 
2.438E+00   1.099E+01  2.406E+00 
2.469E+00   1.106E+01  2.408E+00 
2.501E+00   1.114E+01  2.411E+00 
2.534E+00   1.121E+01  2.413E+00 
2.567E+00   1.128E+01  2.415E+00 
2.600E+00   1.135E+01  2.417E+00 
2.634E+00   1.143E+01  2.420E+00 
2.668E+00   1.150E+01  2.422E+00 
2.703E+00   1.158E+01  2.424E+00 
2.738E+00   1.165E+01  2.426E+00 
2.773E+00   1.173E+01  2.428E+00 
2.810E+00   1.180E+01  2.430E+00 
2.846E+00   1.188E+01  2.431E+00 
2.883E+00   1.196E+01  2.433E+00 
2.921E+00   1.203E+01  2.435E+00 
2.958E+00   1.211E+01  2.437E+00 
2.997E+00   1.219E+01  2.438E+00 
3.036E+00   1.227E+01  2.440E+00 
3.075E+00   1.235E+01  2.441E+00 
3.115E+00   1.243E+01  2.443E+00 
3.156E+00   1.251E+01  2.444E+00 
3.197E+00   1.259E+01  2.445E+00 
3.238E+00   1.267E+01  2.447E+00 
3.280E+00   1.275E+01  2.448E+00 
3.323E+00   1.284E+01  2.449E+00 
3.366E+00   1.292E+01  2.450E+00 
3.410E+00   1.300E+01  2.451E+00 
3.454E+00   1.309E+01  2.452E+00 
3.499E+00   1.317E+01  2.453E+00 
3.545E+00   1.326E+01  2.454E+00 
3.591E+00   1.334E+01  2.455E+00 
3.637E+00   1.343E+01  2.455E+00 
3.685E+00   1.352E+01  2.456E+00 
3.733E+00   1.360E+01  2.457E+00 
3.781E+00   1.369E+01  2.457E+00 
3.830E+00   1.378E+01  2.458E+00 
3.880E+00   1.387E+01  2.458E+00 
3.930E+00   1.396E+01  2.459E+00 
3.982E+00   1.405E+01  2.459E+00 
4.033E+00   1.414E+01  2.459E+00 
4.086E+00   1.423E+01  2.459E+00 
4.139E+00   1.433E+01  2.459E+00 
4.193E+00   1.442E+01  2.459E+00 
4.247E+00   1.451E+01  2.459E+00 
4.302E+00   1.461E+01  2.459E+00 
4.358E+00   1.470E+01  2.459E+00 
4.415E+00   1.479E+01  2.459E+00 
4.472E+00   1.489E+01  2.459E+00 
4.530E+00   1.499E+01  2.458E+00 
4.589E+00   1.508E+01  2.458E+00 
4.649E+00   1.518E+01  2.457E+00 
4.709E+00   1.528E+01  2.457E+00 
4.770E+00   1.538E+01  2.456E+00 
4.832E+00   1.548E+01  2.455E+00 
4.895E+00   1.558E+01  2.455E+00 
4.959E+00   1.568E+01  2.454E+00 
5.023E+00   1.578E+01  2.453E+00 
5.089E+00   1.588E+01  2.452E+00 
5.155E+00   1.599E+01  2.451E+00 
5.222E+00   1.609E+01  2.450E+00 
5.290E+00   1.619E+01  2.449E+00 
5.358E+00   1.630E+01  2.448E+00 
5.428E+00   1.641E+01  2.446E+00 
5.499E+00   1.651E+01  2.445E+00 
5.570E+00   1.662E+01  2.443E+00 
5.642E+00   1.673E+01  2.442E+00 
5.716E+00   1.683E+01  2.440E+00 
5.790E+00   1.694E+01  2.439E+00 
5.865E+00   1.705E+01  2.437E+00 
5.942E+00   1.716E+01  2.435E+00 
6.019E+00   1.727E+01  2.433E+00 
6.097E+00   1.739E+01  2.431E+00 
6.176E+00   1.750E+01  2.430E+00 
6.256E+00   1.761E+01  2.427E+00 
6.338E+00   1.773E+01  2.425E+00 
6.420E+00   1.784E+01  2.423E+00 
6.504E+00   1.796E+01  2.421E+00 
6.588E+00   1.807E+01  2.419E+00 
6.674E+00   1.819E+01  2.416E+00 
6.760E+00   1.831E+01  2.414E+00 
6.848E+00   1.843E+01  2.411E+00 
6.937E+00   1.855E+01  2.409E+00 
7.027E+00   1.867E+01  2.406E+00 
7.119E+00   1.879E+01  2.403E+00 
7.211E+00   1.891E+01  2.400E+00 
7.305E+00   1.903E+01  2.397E+00 
7.400E+00   1.915E+01  2.395E+00 
7.496E+00   1.928E+01  2.392E+00 
7.594E+00   1.940E+01  2.388E+00 
7.692E+00   1.953E+01  2.385E+00 
7.792E+00   1.966E+01  2.382E+00 
7.894E+00   1.978E+01  2.379E+00 
7.996E+00   1.991E+01  2.375E+00 
8.100E+00   2.002E+01  2.372E+00 
8.205E+00   2.012E+01  2.368E+00 
8.312E+00   2.023E+01  2.365E+00 
8.420E+00   2.033E+01  2.361E+00 
8.529E+00   2.044E+01  2.358E+00 
8.640E+00   2.054E+01  2.354E+00 
8.753E+00   2.064E+01  2.350E+00 
8.866E+00   2.075E+01  2.346E+00 
8.982E+00   2.085E+01  2.342E+00 
9.098E+00   2.095E+01  2.338E+00 
9.217E+00   2.106E+01  2.334E+00 
9.336E+00   2.116E+01  2.330E+00 
9.458E+00   2.127E+01  2.326E+00 
9.581E+00   2.137E+01  2.321E+00 
9.705E+00   2.148E+01  2.317E+00 
9.831E+00   2.159E+01  2.312E+00 
9.959E+00   2.170E+01  2.308E+00 
1.009E+01   2.181E+01  2.303E+00 
1.022E+01   2.192E+01  2.299E+00 
1.035E+01   2.204E+01  2.294E+00 
1.049E+01   2.216E+01  2.289E+00 
1.062E+01   2.228E+01  2.284E+00 
1.076E+01   2.241E+01  2.280E+00 
1.090E+01   2.254E+01  2.275E+00 
1.104E+01   2.267E+01  2.270E+00 
1.119E+01   2.281E+01  2.265E+00 
1.133E+01   2.295E+01  2.259E+00 
1.148E+01   2.310E+01  2.254E+00 
1.163E+01   2.325E+01  2.249E+00 
1.178E+01   2.341E+01  2.244E+00 
1.193E+01   2.356E+01  2.238E+00 
1.209E+01   2.373E+01  2.233E+00 
1.224E+01   2.390E+01  2.227E+00 
1.240E+01   2.407E+01  2.222E+00 
1.256E+01   2.425E+01  2.216E+00 
1.273E+01   2.443E+01  2.211E+00 
1.289E+01   2.462E+01  2.205E+00 
1.306E+01   2.481E+01  2.199E+00 
1.323E+01   2.500E+01  2.193E+00 
1.340E+01   2.520E+01  2.187E+00 
1.358E+01   2.541E+01  2.181E+00 
1.375E+01   2.561E+01  2.175E+00 
1.393E+01   2.582E+01  2.169E+00 
1.411E+01   2.604E+01  2.163E+00 
1.430E+01   2.625E+01  2.157E+00 
1.448E+01   2.648E+01  2.151E+00 
1.467E+01   2.670E+01  2.144E+00 
1.486E+01   2.693E+01  2.138E+00 
1.505E+01   2.716E+01  2.132E+00 
1.525E+01   2.739E+01  2.125E+00 
1.545E+01   2.762E+01  2.119E+00 
1.565E+01   2.786E+01  2.112E+00 
1.585E+01   2.810E+01  2.106E+00 
1.606E+01   2.834E+01  2.099E+00 
1.627E+01   2.859E+01  2.092E+00 
1.648E+01   2.884E+01  2.086E+00 
1.669E+01   2.909E+01  2.079E+00 
1.691E+01   2.934E+01  2.072E+00 
1.713E+01   2.959E+01  2.065E+00 
1.735E+01   2.985E+01  2.058E+00 
1.758E+01   3.010E+01  2.051E+00 
1.781E+01   3.037E+01  2.044E+00 
1.804E+01   3.063E+01  2.037E+00 
1.827E+01   3.089E+01  2.030E+00 
1.851E+01   3.116E+01  2.023E+00 
1.875E+01   3.143E+01  2.016E+00 
1.899E+01   3.170E+01  2.009E+00 
1.924E+01   3.197E+01  2.001E+00 
1.949E+01   3.224E+01  1.994E+00 
1.974E+01   3.252E+01  1.987E+00 
2.000E+01   3.279E+01  1.979E+00 
2.026E+01   3.307E+01  1.972E+00 
2.052E+01   3.336E+01  1.964E+00 
2.079E+01   3.364E+01  1.957E+00 
2.106E+01   3.393E+01  1.949E+00 
2.133E+01   3.421E+01  1.942E+00 
2.161E+01   3.450E+01  1.934E+00 
2.189E+01   3.479E+01  1.927E+00 
2.218E+01   3.509E+01  1.919E+00 
2.247E+01   3.538E+01  1.911E+00 
2.276E+01   3.568E+01  1.904E+00 
2.305E+01   3.598E+01  1.896E+00 
2.335E+01   3.628E+01  1.888E+00 
2.366E+01   3.658E+01  1.880E+00 
2.396E+01   3.689E+01  1.872E+00 
2.428E+01   3.720E+01  1.864E+00 
2.459E+01   3.751E+01  1.857E+00 
2.491E+01   3.782E+01  1.849E+00 
2.523E+01   3.813E+01  1.841E+00 
2.556E+01   3.845E+01  1.833E+00 
2.589E+01   3.877E+01  1.825E+00 
2.623E+01   3.909E+01  1.817E+00 
2.657E+01   3.941E+01  1.809E+00 
2.692E+01   3.974E+01  1.801E+00 
2.727E+01   4.006E+01  1.793E+00 
2.762E+01   4.039E+01  1.784E+00 
2.798E+01   4.072E+01  1.776E+00 
2.834E+01   4.106E+01  1.768E+00 
2.871E+01   4.140E+01  1.760E+00 
2.909E+01   4.173E+01  1.752E+00 
2.946E+01   4.208E+01  1.744E+00 
2.985E+01   4.242E+01  1.735E+00 
3.023E+01   4.277E+01  1.727E+00 
3.063E+01   4.311E+01  1.719E+00 
3.103E+01   4.347E+01  1.711E+00 
3.143E+01   4.382E+01  1.702E+00 
3.184E+01   4.418E+01  1.694E+00 
3.225E+01   4.453E+01  1.686E+00 
3.267E+01   4.490E+01  1.677E+00 
3.309E+01   4.526E+01  1.669E+00 
3.352E+01   4.563E+01  1.661E+00 
3.396E+01   4.600E+01  1.652E+00 
3.440E+01   4.637E+01  1.644E+00 
3.485E+01   4.674E+01  1.636E+00 
3.530E+01   4.712E+01  1.627E+00 
3.576E+01   4.750E+01  1.619E+00 
3.623E+01   4.788E+01  1.611E+00 
3.670E+01   4.827E+01  1.602E+00 
3.717E+01   4.865E+01  1.594E+00 
3.766E+01   4.904E+01  1.585E+00 
3.815E+01   4.944E+01  1.577E+00 
3.864E+01   4.983E+01  1.569E+00 
3.914E+01   5.023E+01  1.560E+00 
3.965E+01   5.063E+01  1.552E+00 
4.017E+01   5.104E+01  1.543E+00 
4.069E+01   5.145E+01  1.535E+00 
4.122E+01   5.186E+01  1.527E+00 
4.175E+01   5.227E+01  1.518E+00 
4.230E+01   5.269E+01  1.510E+00 
4.285E+01   5.311E+01  1.501E+00 
4.340E+01   5.353E+01  1.493E+00 
4.397E+01   5.395E+01  1.485E+00 
4.454E+01   5.438E+01  1.476E+00 
4.512E+01   5.481E+01  1.468E+00 
4.570E+01   5.525E+01  1.460E+00 
4.630E+01   5.568E+01  1.451E+00 
4.690E+01   5.612E+01  1.443E+00 
4.751E+01   5.657E+01  1.434E+00 
4.813E+01   5.701E+01  1.426E+00 
4.875E+01   5.746E+01  1.418E+00 
4.939E+01   5.791E+01  1.409E+00 
5.003E+01   5.837E+01  1.401E+00 
5.068E+01   5.883E+01  1.393E+00 
5.134E+01   5.929E+01  1.385E+00 
5.200E+01   5.976E+01  1.376E+00 
5.268E+01   6.022E+01  1.368E+00 
5.336E+01   6.069E+01  1.360E+00 
5.406E+01   6.117E+01  1.351E+00 
5.476E+01   6.165E+01  1.343E+00 
5.547E+01   6.213E+01  1.335E+00 
5.619E+01   6.261E+01  1.327E+00 
5.692E+01   6.310E+01  1.319E+00 
5.766E+01   6.359E+01  1.310E+00 
5.841E+01   6.408E+01  1.302E+00 
5.917E+01   6.458E+01  1.294E+00 
5.994E+01   6.508E+01  1.286E+00 
6.072E+01   6.558E+01  1.278E+00 
6.151E+01   6.609E+01  1.270E+00 
6.231E+01   6.660E+01  1.262E+00 
6.312E+01   6.711E+01  1.254E+00 
6.394E+01   6.762E+01  1.246E+00 
6.477E+01   6.814E+01  1.237E+00 
6.561E+01   6.866E+01  1.229E+00 
6.646E+01   6.919E+01  1.222E+00 
6.733E+01   6.972E+01  1.214E+00 
6.820E+01   7.025E+01  1.206E+00 
6.909E+01   7.079E+01  1.198E+00 
6.999E+01   7.132E+01  1.190E+00 
7.090E+01   7.187E+01  1.182E+00 
7.182E+01   7.241E+01  1.174E+00 
7.275E+01   7.296E+01  1.166E+00 
7.370E+01   7.351E+01  1.158E+00 
7.465E+01   7.406E+01  1.151E+00 
7.562E+01   7.462E+01  1.143E+00 
7.661E+01   7.518E+01  1.135E+00 
7.760E+01   7.574E+01  1.127E+00 
7.861E+01   7.631E+01  1.120E+00 
7.963E+01   7.688E+01  1.112E+00 
8.067E+01   7.745E+01  1.104E+00 
8.172E+01   7.803E+01  1.097E+00 
8.278E+01   7.861E+01  1.089E+00 
8.385E+01   7.919E+01  1.082E+00 
8.494E+01   7.978E+01  1.074E+00 
8.605E+01   8.036E+01  1.067E+00 
8.717E+01   8.095E+01  1.059E+00 
8.830E+01   8.155E+01  1.052E+00 
8.945E+01   8.215E+01  1.044E+00 
9.061E+01   8.275E+01  1.037E+00 
9.179E+01   8.335E+01  1.030E+00 
9.298E+01   8.395E+01  1.022E+00 
9.419E+01   8.456E+01  1.015E+00 
9.541E+01   8.517E+01  1.008E+00 
9.665E+01   8.579E+01  1.000E+00 
9.791E+01   8.640E+01  9.932E-01 
9.918E+01   8.702E+01  9.860E-01 
1.005E+02   8.764E+01  9.788E-01 
1.018E+02   8.827E+01  9.717E-01 
1.031E+02   8.890E+01  9.646E-01 
1.044E+02   8.953E+01  9.575E-01 
1.058E+02   9.016E+01  9.505E-01 
1.072E+02   9.079E+01  9.435E-01 
1.086E+02   9.143E+01  9.365E-01 
1.100E+02   9.207E+01  9.296E-01 
1.114E+02   9.271E+01  9.227E-01 
1.129E+02   9.335E+01  9.158E-01 
1.143E+02   9.400E+01  9.090E-01 
1.158E+02   9.465E+01  9.021E-01 
1.173E+02   9.530E+01  8.954E-01 
1.188E+02   9.595E+01  8.886E-01 
1.204E+02   9.660E+01  8.819E-01 
1.219E+02   9.726E+01  8.752E-01 
1.235E+02   9.792E+01  8.686E-01 
1.251E+02   9.858E+01  8.619E-01 
1.268E+02   9.924E+01  8.554E-01 
1.284E+02   9.990E+01  8.488E-01 
1.301E+02   1.006E+02  8.423E-01 
1.318E+02   1.012E+02  8.358E-01 
1.335E+02   1.019E+02  8.293E-01 
1.352E+02   1.026E+02  8.229E-01 
1.370E+02   1.032E+02  8.165E-01 
1.388E+02   1.039E+02  8.102E-01 
1.406E+02   1.046E+02  8.039E-01 
1.424E+02   1.053E+02  7.976E-01 
1.442E+02   1.059E+02  7.913E-01 
1.461E+02   1.066E+02  7.851E-01 
1.480E+02   1.073E+02  7.789E-01 
1.499E+02   1.080E+02  7.728E-01 
1.519E+02   1.086E+02  7.667E-01 
1.539E+02   1.093E+02  7.606E-01 
1.559E+02   1.100E+02  7.545E-01 
1.579E+02   1.107E+02  7.485E-01 
1.599E+02   1.113E+02  7.425E-01 
1.620E+02   1.120E+02  7.366E-01 
1.641E+02   1.127E+02  7.307E-01 
1.662E+02   1.134E+02  7.248E-01 
1.684E+02   1.141E+02  7.190E-01 
1.706E+02   1.147E+02  7.132E-01 
1.728E+02   1.154E+02  7.074E-01 
1.751E+02   1.161E+02  7.016E-01 
1.773E+02   1.168E+02  6.959E-01 
1.796E+02   1.174E+02  6.903E-01 
1.820E+02   1.181E+02  6.846E-01 
1.843E+02   1.188E+02  6.790E-01 
1.867E+02   1.194E+02  6.734E-01 
1.892E+02   1.201E+02  6.679E-01 
1.916E+02   1.208E+02  6.624E-01 
1.941E+02   1.215E+02  6.569E-01 
1.966E+02   1.221E+02  6.515E-01 
1.992E+02   1.228E+02  6.461E-01 
2.018E+02   1.234E+02  6.407E-01 
2.044E+02   1.241E+02  6.354E-01 
2.071E+02   1.248E+02  6.301E-01 
2.097E+02   1.254E+02  6.248E-01 
2.125E+02   1.261E+02  6.196E-01 
2.152E+02   1.267E+02  6.144E-01 
2.180E+02   1.274E+02  6.092E-01 
2.209E+02   1.280E+02  6.041E-01 
2.237E+02   1.286E+02  5.990E-01 
2.266E+02   1.293E+02  5.940E-01 
2.296E+02   1.299E+02  5.889E-01 
2.326E+02   1.305E+02  5.839E-01 
2.356E+02   1.312E+02  5.790E-01 
2.387E+02   1.318E+02  5.740E-01 
2.418E+02   1.324E+02  5.691E-01 
2.449E+02   1.330E+02  5.643E-01 
2.481E+02   1.336E+02  5.594E-01 
2.513E+02   1.342E+02  5.546E-01 
2.546E+02   1.348E+02  5.499E-01 
2.579E+02   1.354E+02  5.451E-01 
2.612E+02   1.360E+02  5.404E-01 
2.646E+02   1.366E+02  5.358E-01 
2.681E+02   1.372E+02  5.311E-01 
2.716E+02   1.377E+02  5.265E-01 
2.751E+02   1.383E+02  5.220E-01 
2.787E+02   1.389E+02  5.174E-01 
2.823E+02   1.394E+02  5.129E-01 
2.859E+02   1.400E+02  5.084E-01 
2.897E+02   1.405E+02  5.040E-01 
2.934E+02   1.410E+02  4.996E-01 
2.972E+02   1.416E+02  4.952E-01 
3.011E+02   1.421E+02  4.908E-01 
3.050E+02   1.426E+02  4.865E-01 
3.090E+02   1.431E+02  4.822E-01 
3.130E+02   1.436E+02  4.780E-01 
3.171E+02   1.441E+02  4.737E-01 
3.212E+02   1.446E+02  4.695E-01 
3.254E+02   1.451E+02  4.654E-01 
3.296E+02   1.455E+02  4.612E-01 
3.339E+02   1.460E+02  4.571E-01 
3.382E+02   1.465E+02  4.531E-01 
3.426E+02   1.469E+02  4.490E-01 
3.471E+02   1.474E+02  4.450E-01 
3.516E+02   1.478E+02  4.410E-01 
3.561E+02   1.482E+02  4.371E-01 
3.608E+02   1.486E+02  4.332E-01 
3.655E+02   1.490E+02  4.293E-01 
3.702E+02   1.494E+02  4.254E-01 
3.750E+02   1.498E+02  4.216E-01 
3.799E+02   1.502E+02  4.178E-01 
3.848E+02   1.505E+02  4.140E-01 
3.898E+02   1.509E+02  4.102E-01 
3.949E+02   1.512E+02  4.102E-01 
4.000E+02   1.516E+02  4.064E-01 
4.052E+02   1.519E+02  4.027E-01 
4.105E+02   1.522E+02  3.991E-01 
4.158E+02   1.525E+02  3.954E-01 
4.212E+02   1.528E+02  3.918E-01 
4.267E+02   1.531E+02  3.882E-01 
4.323E+02   1.534E+02  3.847E-01 
4.379E+02   1.536E+02  3.811E-01 
4.436E+02   1.539E+02  3.776E-01 
4.493E+02   1.541E+02  3.741E-01 
4.552E+02   1.544E+02  3.707E-01 
4.611E+02   1.546E+02  3.673E-01 
4.671E+02   1.548E+02  3.639E-01 
4.731E+02   1.550E+02  3.605E-01 
4.793E+02   1.552E+02  3.572E-01 
4.855E+02   1.553E+02  3.538E-01 
4.918E+02   1.555E+02  3.505E-01 
4.982E+02   1.557E+02  3.473E-01 
5.047E+02   1.558E+02  3.440E-01 
5.113E+02   1.559E+02  3.408E-01 
5.179E+02   1.560E+02  3.376E-01 
5.246E+02   1.562E+02  3.345E-01 
5.315E+02   1.563E+02  3.313E-01 
5.384E+02   1.563E+02  3.282E-01 
5.454E+02   1.564E+02  3.251E-01 
5.524E+02   1.565E+02  3.221E-01 
5.596E+02   1.565E+02  3.191E-01 
5.669E+02   1.566E+02  3.160E-01 
5.743E+02   1.566E+02  3.131E-01 
5.817E+02   1.566E+02  3.101E-01 
5.893E+02   1.566E+02  3.072E-01 
5.969E+02   1.566E+02  3.042E-01 
6.047E+02   1.566E+02  3.014E-01 
6.126E+02   1.565E+02  2.985E-01 
6.205E+02   1.565E+02  2.957E-01 
6.286E+02   1.564E+02  2.928E-01 
6.368E+02   1.564E+02  2.900E-01 
6.450E+02   1.563E+02  2.873E-01 
6.534E+02   1.562E+02  2.845E-01 
6.619E+02   1.561E+02  2.818E-01 
6.705E+02   1.560E+02  2.791E-01 
6.792E+02   1.558E+02  2.764E-01 
6.881E+02   1.557E+02  2.738E-01 
6.970E+02   1.556E+02  2.711E-01 
7.061E+02   1.554E+02  2.685E-01 
7.152E+02   1.552E+02  2.660E-01 
7.245E+02   1.550E+02  2.634E-01 
7.339E+02   1.549E+02  2.608E-01 
7.435E+02   1.546E+02  2.583E-01 
7.531E+02   1.544E+02  2.558E-01 
7.629E+02   1.542E+02  2.533E-01 
7.728E+02   1.540E+02  2.509E-01 
7.829E+02   1.537E+02  2.485E-01 
7.931E+02   1.535E+02  2.460E-01 
8.034E+02   1.532E+02  2.437E-01 
8.138E+02   1.529E+02  2.413E-01 
8.244E+02   1.526E+02  2.389E-01 
8.351E+02   1.523E+02  2.366E-01 
8.460E+02   1.520E+02  2.343E-01 
8.570E+02   1.517E+02  2.320E-01 
8.681E+02   1.514E+02  2.297E-01 
8.794E+02   1.510E+02  2.275E-01 
8.908E+02   1.507E+02  2.253E-01 
9.024E+02   1.503E+02  2.230E-01 
9.141E+02   1.500E+02  2.209E-01 
9.260E+02   1.496E+02  2.187E-01 
9.380E+02   1.492E+02  2.165E-01 
9.502E+02   1.488E+02  2.144E-01 
9.626E+02   1.484E+02  2.123E-01 
9.751E+02   1.480E+02  2.102E-01 
9.877E+02   1.476E+02  2.081E-01 
1.001E+03   1.472E+02  2.061E-01 
1.014E+03   1.467E+02  2.040E-01 
1.027E+03   1.463E+02  2.020E-01 
1.040E+03   1.458E+02  2.000E-01 
1.054E+03   1.454E+02  1.980E-01 
1.067E+03   1.449E+02  1.961E-01 
1.081E+03   1.444E+02  1.941E-01 
1.095E+03   1.440E+02  1.922E-01 
1.109E+03   1.435E+02  1.903E-01 
1.124E+03   1.430E+02  1.884E-01 
1.138E+03   1.425E+02  1.865E-01 
1.153E+03   1.420E+02  1.846E-01 
1.168E+03   1.414E+02  1.828E-01 
1.183E+03   1.409E+02  1.810E-01 
1.199E+03   1.404E+02  1.792E-01 
1.214E+03   1.399E+02  1.774E-01 
1.230E+03   1.393E+02  1.756E-01 
1.246E+03   1.388E+02  1.738E-01 
1.262E+03   1.382E+02  1.721E-01 
1.279E+03   1.377E+02  1.704E-01 
1.295E+03   1.371E+02  1.686E-01 
1.312E+03   1.365E+02  1.669E-01 
1.329E+03   1.360E+02  1.653E-01 
1.347E+03   1.354E+02  1.636E-01 
1.364E+03   1.348E+02  1.620E-01 
1.382E+03   1.342E+02  1.603E-01 
1.400E+03   1.336E+02  1.587E-01 
1.418E+03   1.330E+02  1.571E-01 
1.436E+03   1.324E+02  1.555E-01 
1.455E+03   1.318E+02  1.539E-01 
1.474E+03   1.312E+02  1.524E-01 
1.493E+03   1.306E+02  1.508E-01 
1.513E+03   1.300E+02  1.493E-01 
1.532E+03   1.294E+02  1.478E-01 
1.552E+03   1.287E+02  1.463E-01 
1.572E+03   1.281E+02  1.448E-01 
1.593E+03   1.275E+02  1.433E-01 
1.613E+03   1.268E+02  1.419E-01 
1.634E+03   1.262E+02  1.404E-01 
1.656E+03   1.256E+02  1.390E-01 
1.677E+03   1.249E+02  1.376E-01 
1.699E+03   1.243E+02  1.362E-01 
1.721E+03   1.236E+02  1.348E-01 
1.743E+03   1.230E+02  1.334E-01 
1.766E+03   1.224E+02  1.320E-01 
1.789E+03   1.217E+02  1.307E-01 
1.812E+03   1.211E+02  1.294E-01 
1.836E+03   1.204E+02  1.280E-01 
1.860E+03   1.197E+02  1.267E-01 
1.884E+03   1.191E+02  1.254E-01 
1.908E+03   1.184E+02  1.241E-01 
1.933E+03   1.178E+02  1.229E-01 
1.958E+03   1.171E+02  1.216E-01 
1.984E+03   1.164E+02  1.203E-01 
2.009E+03   1.158E+02  1.191E-01 
2.036E+03   1.151E+02  1.179E-01 
2.062E+03   1.145E+02  1.167E-01 
2.089E+03   1.138E+02  1.155E-01 
2.116E+03   1.131E+02  1.143E-01 
2.143E+03   1.125E+02  1.131E-01 
2.171E+03   1.118E+02  1.119E-01 
2.200E+03   1.111E+02  1.108E-01 
2.228E+03   1.105E+02  1.096E-01 
2.257E+03   1.098E+02  1.085E-01 
2.286E+03   1.091E+02  1.074E-01 
2.316E+03   1.085E+02  1.063E-01 
2.346E+03   1.078E+02  1.051E-01 
2.377E+03   1.072E+02  1.041E-01 
2.408E+03   1.065E+02  1.030E-01 
2.439E+03   1.058E+02  1.019E-01 
2.471E+03   1.052E+02  1.009E-01 
2.503E+03   1.045E+02  9.980E-02 
2.535E+03   1.038E+02  9.876E-02 
2.568E+03   1.032E+02  9.774E-02 
2.602E+03   1.025E+02  9.672E-02 
2.635E+03   1.019E+02  9.571E-02 
2.670E+03   1.012E+02  9.471E-02 
2.704E+03   1.006E+02  9.372E-02 
2.740E+03   9.991E+01  9.275E-02 
2.775E+03   9.926E+01  9.178E-02 
2.811E+03   9.861E+01  9.082E-02 
2.848E+03   9.796E+01  8.987E-02 
2.885E+03   9.731E+01  8.893E-02 
2.922E+03   9.667E+01  8.800E-02 
2.960E+03   9.602E+01  8.708E-02 
2.999E+03   9.538E+01  8.616E-02 
3.038E+03   9.474E+01  8.526E-02 
3.077E+03   9.410E+01  8.437E-02 
3.117E+03   9.346E+01  8.348E-02 
3.158E+03   9.283E+01  8.260E-02 
3.199E+03   9.220E+01  8.174E-02 
3.240E+03   9.157E+01  8.088E-02 
3.282E+03   9.094E+01  8.003E-02 
3.325E+03   9.031E+01  7.918E-02 
3.368E+03   8.969E+01  7.835E-02 
3.412E+03   8.906E+01  7.753E-02 
3.456E+03   8.844E+01  7.671E-02 
3.501E+03   8.783E+01  7.590E-02 
3.547E+03   8.721E+01  7.510E-02 
3.593E+03   8.660E+01  7.431E-02 
3.640E+03   8.599E+01  7.352E-02 
3.687E+03   8.538E+01  7.275E-02 
3.735E+03   8.477E+01  7.198E-02 
3.783E+03   8.417E+01  7.122E-02 
3.832E+03   8.357E+01  7.046E-02 
3.882E+03   8.297E+01  6.972E-02 
3.933E+03   8.238E+01  6.898E-02 
3.984E+03   8.179E+01  6.825E-02 
4.036E+03   8.120E+01  6.752E-02 
4.088E+03   8.061E+01  6.681E-02 
4.141E+03   8.002E+01  6.610E-02 
4.195E+03   7.944E+01  6.540E-02 
4.250E+03   7.886E+01  6.470E-02 
4.305E+03   7.829E+01  6.401E-02 
4.361E+03   7.771E+01  6.333E-02 
4.417E+03   7.714E+01  6.266E-02 
4.475E+03   7.657E+01  6.199E-02 
4.533E+03   7.601E+01  6.133E-02 
4.592E+03   7.545E+01  6.068E-02 
4.652E+03   7.489E+01  6.003E-02 
4.712E+03   7.433E+01  5.939E-02 
4.773E+03   7.378E+01  5.876E-02 
4.835E+03   7.322E+01  5.813E-02 
4.898E+03   7.268E+01  5.751E-02 
4.962E+03   7.213E+01  5.690E-02 
5.026E+03   7.159E+01  5.629E-02 
5.092E+03   7.105E+01  5.569E-02 
5.158E+03   7.051E+01  5.509E-02 
5.225E+03   6.998E+01  5.451E-02 
5.293E+03   6.945E+01  5.392E-02 
5.362E+03   6.892E+01  5.334E-02 
5.431E+03   6.840E+01  5.277E-02 
5.502E+03   6.788E+01  5.221E-02 
5.573E+03   6.736E+01  5.165E-02 
5.646E+03   6.685E+01  5.109E-02 
5.719E+03   6.633E+01  5.055E-02 
5.793E+03   6.582E+01  5.000E-02 
5.869E+03   6.532E+01  4.947E-02 
5.945E+03   6.481E+01  4.894E-02 
6.022E+03   6.431E+01  4.841E-02 
6.101E+03   6.382E+01  4.789E-02 
6.180E+03   6.332E+01  4.737E-02 
6.260E+03   6.283E+01  4.686E-02 
6.341E+03   6.234E+01  4.636E-02 
6.424E+03   6.186E+01  4.586E-02 
6.507E+03   6.138E+01  4.537E-02 
6.592E+03   6.090E+01  4.488E-02 
6.678E+03   6.042E+01  4.439E-02 
6.764E+03   5.995E+01  4.392E-02 
6.852E+03   5.948E+01  4.344E-02 
6.941E+03   5.901E+01  4.297E-02 
7.032E+03   5.855E+01  4.251E-02 
7.123E+03   5.809E+01  4.205E-02 
7.216E+03   5.763E+01  4.160E-02 
7.309E+03   5.717E+01  4.115E-02 
7.404E+03   5.672E+01  4.070E-02 
7.501E+03   5.627E+01  4.026E-02 
7.598E+03   5.583E+01  3.982E-02 
7.697E+03   5.538E+01  3.939E-02 
7.797E+03   5.494E+01  3.897E-02 
7.898E+03   5.451E+01  3.854E-02 
8.001E+03   5.407E+01  3.813E-02 
8.105E+03   5.373E+01  3.771E-02 
8.210E+03   5.338E+01  3.730E-02 
8.317E+03   5.303E+01  3.690E-02 
8.425E+03   5.267E+01  3.650E-02 
8.534E+03   5.231E+01  3.610E-02 
8.645E+03   5.195E+01  3.571E-02 
8.758E+03   5.158E+01  3.532E-02 
8.871E+03   5.120E+01  3.494E-02 
8.987E+03   5.082E+01  3.456E-02 
9.104E+03   5.044E+01  3.418E-02 
9.222E+03   5.005E+01  3.381E-02 
9.342E+03   4.965E+01  3.344E-02 
9.463E+03   4.926E+01  3.308E-02 
9.586E+03   4.885E+01  3.272E-02 
9.711E+03   4.848E+01  3.236E-02 
9.837E+03   4.811E+01  3.201E-02 
9.965E+03   4.774E+01  3.166E-02 
1.009E+04   4.738E+01  3.131E-02 
1.023E+04   4.702E+01  3.097E-02 
1.036E+04   4.666E+01  3.063E-02 
1.049E+04   4.631E+01  3.030E-02 
1.063E+04   4.595E+01  2.997E-02 
1.077E+04   4.560E+01  2.964E-02 
1.091E+04   4.525E+01  2.932E-02 
1.105E+04   4.490E+01  2.900E-02 
1.119E+04   4.456E+01  2.868E-02 
1.134E+04   4.421E+01  2.837E-02 
1.149E+04   4.387E+01  2.806E-02 
1.163E+04   4.353E+01  2.775E-02 
1.179E+04   4.319E+01  2.744E-02 
1.194E+04   4.286E+01  2.714E-02 
1.209E+04   4.252E+01  2.685E-02 
1.225E+04   4.219E+01  2.655E-02 
1.241E+04   4.186E+01  2.626E-02 
1.257E+04   4.153E+01  2.597E-02 
1.274E+04   4.121E+01  2.569E-02 
1.290E+04   4.088E+01  2.541E-02 
1.307E+04   4.056E+01  2.513E-02 
1.324E+04   4.024E+01  2.485E-02 
1.341E+04   3.992E+01  2.458E-02 
1.358E+04   3.961E+01  2.431E-02 
1.376E+04   3.929E+01  2.404E-02 
1.394E+04   3.898E+01  2.378E-02 
1.412E+04   3.867E+01  2.351E-02 
1.431E+04   3.836E+01  2.326E-02 
1.449E+04   3.805E+01  2.300E-02 
1.468E+04   3.775E+01  2.275E-02 
1.487E+04   3.745E+01  2.250E-02 
1.506E+04   3.715E+01  2.225E-02 
1.526E+04   3.685E+01  2.200E-02 
1.546E+04   3.655E+01  2.176E-02 
1.566E+04   3.625E+01  2.152E-02 
1.586E+04   3.596E+01  2.128E-02 
1.607E+04   3.567E+01  2.105E-02 
1.628E+04   3.538E+01  2.082E-02 
1.649E+04   3.509E+01  2.059E-02 
1.670E+04   3.481E+01  2.036E-02 
1.692E+04   3.452E+01  2.013E-02 
1.714E+04   3.424E+01  1.991E-02 
1.736E+04   3.396E+01  1.969E-02 
1.759E+04   3.368E+01  1.947E-02 
1.782E+04   3.341E+01  1.926E-02 
1.805E+04   3.313E+01  1.905E-02 
1.828E+04   3.286E+01  1.883E-02 
1.852E+04   3.259E+01  1.863E-02 
1.876E+04   3.232E+01  1.842E-02 
1.900E+04   3.205E+01  1.822E-02 
1.925E+04   3.179E+01  1.801E-02 
1.950E+04   3.153E+01  1.781E-02 
1.976E+04   3.126E+01  1.762E-02 
2.001E+04   3.100E+01  1.742E-02 
2.027E+04   3.075E+01  1.723E-02 
2.054E+04   3.049E+01  1.704E-02 
2.080E+04   3.024E+01  1.685E-02 
2.107E+04   2.998E+01  1.666E-02 
2.135E+04   2.973E+01  1.648E-02 
2.162E+04   2.948E+01  1.629E-02 
2.191E+04   2.923E+01  1.611E-02 
2.219E+04   2.899E+01  1.593E-02 
2.248E+04   2.874E+01  1.576E-02 
2.277E+04   2.850E+01  1.558E-02 
2.307E+04   2.826E+01  1.541E-02 
2.337E+04   2.802E+01  1.524E-02 
2.367E+04   2.778E+01  1.507E-02 
2.398E+04   2.755E+01  1.490E-02 
2.429E+04   2.731E+01  1.473E-02 
2.461E+04   2.708E+01  1.457E-02 
2.492E+04   2.685E+01  1.441E-02 
2.525E+04   2.662E+01  1.425E-02 
2.558E+04   2.639E+01  1.409E-02 
2.591E+04   2.617E+01  1.393E-02 
2.625E+04   2.594E+01  1.377E-02 
2.659E+04   2.572E+01  1.362E-02 
2.693E+04   2.550E+01  1.347E-02 
2.728E+04   2.528E+01  1.332E-02 
2.764E+04   2.506E+01  1.317E-02 
2.800E+04   2.485E+01  1.302E-02 
2.836E+04   2.463E+01  1.288E-02 
2.873E+04   2.442E+01  1.273E-02 
2.910E+04   2.421E+01  1.259E-02 
2.948E+04   2.400E+01  1.245E-02 
2.986E+04   2.379E+01  1.231E-02 
3.025E+04   2.358E+01  1.217E-02 
3.065E+04   2.338E+01  1.204E-02 
3.104E+04   2.317E+01  1.190E-02 
3.145E+04   2.297E+01  1.177E-02 
3.186E+04   2.277E+01  1.164E-02 
3.227E+04   2.257E+01  1.151E-02 
3.269E+04   2.237E+01  1.138E-02 
3.311E+04   2.218E+01  1.125E-02 
3.354E+04   2.198E+01  1.113E-02 
3.398E+04   2.179E+01  1.100E-02 
3.442E+04   2.160E+01  1.088E-02 
3.487E+04   2.141E+01  1.076E-02 
3.532E+04   2.122E+01  1.064E-02 
3.578E+04   2.103E+01  1.052E-02 
3.625E+04   2.085E+01  1.040E-02 
3.672E+04   2.066E+01  1.028E-02 
3.719E+04   2.048E+01  1.017E-02 
3.768E+04   2.030E+01  1.005E-02 
3.817E+04   2.012E+01  9.939E-03 
3.866E+04   1.994E+01  9.827E-03 
3.917E+04   1.976E+01  9.717E-03 
3.968E+04   1.958E+01  9.608E-03 
4.019E+04   1.941E+01  9.500E-03 
4.071E+04   1.924E+01  9.393E-03 
4.124E+04   1.906E+01  9.287E-03 
4.178E+04   1.889E+01  9.183E-03 
4.232E+04   1.872E+01  9.079E-03 
4.287E+04   1.856E+01  8.977E-03 
4.343E+04   1.839E+01  8.876E-03 
4.399E+04   1.822E+01  8.776E-03 
4.456E+04   1.806E+01  8.678E-03 
4.514E+04   1.790E+01  8.580E-03 
4.573E+04   1.774E+01  8.483E-03 
4.632E+04   1.757E+01  8.388E-03 
4.693E+04   1.742E+01  8.293E-03 
4.754E+04   1.726E+01  8.200E-03 
4.815E+04   1.710E+01  8.107E-03 
4.878E+04   1.695E+01  8.016E-03 
4.941E+04   1.679E+01  7.925E-03 
5.006E+04   1.664E+01  7.836E-03 
5.071E+04   1.649E+01  7.747E-03 
5.137E+04   1.634E+01  7.660E-03 
5.203E+04   1.619E+01  7.574E-03 
5.271E+04   1.604E+01  7.488E-03 
5.340E+04   1.590E+01  7.403E-03 
5.409E+04   1.575E+01  7.320E-03 
5.479E+04   1.561E+01  7.237E-03 
5.550E+04   1.546E+01  7.155E-03 
5.623E+04   1.532E+01  7.074E-03 
5.696E+04   1.518E+01  6.994E-03 
5.770E+04   1.504E+01  6.915E-03 
5.845E+04   1.491E+01  6.837E-03 
5.921E+04   1.477E+01  6.760E-03 
5.998E+04   1.463E+01  6.683E-03 
6.075E+04   1.450E+01  6.608E-03 
6.154E+04   1.436E+01  6.533E-03 
6.234E+04   1.423E+01  6.459E-03 
6.315E+04   1.410E+01  6.386E-03 
6.398E+04   1.397E+01  6.313E-03 
6.481E+04   1.384E+01  6.242E-03 
6.565E+04   1.371E+01  6.171E-03 
6.650E+04   1.359E+01  6.101E-03 
6.737E+04   1.346E+01  6.032E-03 
6.824E+04   1.334E+01  5.964E-03 
6.913E+04   1.321E+01  5.896E-03 
7.003E+04   1.309E+01  5.829E-03 
7.094E+04   1.297E+01  5.763E-03 
7.186E+04   1.285E+01  5.698E-03 
7.279E+04   1.273E+01  5.633E-03 
7.374E+04   1.261E+01  5.569E-03 
7.470E+04   1.249E+01  5.506E-03 
7.567E+04   1.238E+01  5.443E-03 
7.665E+04   1.226E+01  5.381E-03 
7.765E+04   1.215E+01  5.320E-03 
7.866E+04   1.203E+01  5.260E-03 
7.968E+04   1.192E+01  5.200E-03 
8.072E+04   1.181E+01  5.141E-03 
8.176E+04   1.170E+01  5.083E-03 
8.283E+04   1.159E+01  5.025E-03 
8.390E+04   1.148E+01  4.968E-03 
8.499E+04   1.137E+01  4.911E-03 
8.610E+04   1.127E+01  4.855E-03 
8.722E+04   1.116E+01  4.800E-03 
8.835E+04   1.106E+01  4.745E-03 
8.950E+04   1.095E+01  4.691E-03 
9.066E+04   1.085E+01  4.638E-03 
9.184E+04   1.075E+01  4.585E-03 
9.303E+04   1.065E+01  4.533E-03 
9.424E+04   1.055E+01  4.481E-03 
9.547E+04   1.045E+01  4.430E-03 
9.671E+04   1.035E+01  4.380E-03 
9.797E+04   1.025E+01  4.330E-03 
9.924E+04   1.015E+01  4.280E-03 
1.005E+05   1.006E+01  4.232E-03 
1.018E+05   9.963E+00  4.183E-03 
1.032E+05   9.869E+00  4.136E-03 
1.045E+05   9.775E+00  4.088E-03 
1.059E+05   9.683E+00  4.042E-03 
1.072E+05   9.591E+00  3.996E-03 
1.086E+05   9.501E+00  3.950E-03 
1.100E+05   9.411E+00  3.905E-03 
1.115E+05   9.322E+00  3.860E-03 
1.129E+05   9.234E+00  3.816E-03 
1.144E+05   9.146E+00  3.773E-03 
1.159E+05   9.060E+00  3.730E-03 
1.174E+05   8.974E+00  3.687E-03 
1.189E+05   8.889E+00  3.645E-03 
1.204E+05   8.805E+00  3.603E-03 
1.220E+05   8.721E+00  3.562E-03 
1.236E+05   8.639E+00  3.521E-03 
1.252E+05   8.557E+00  3.481E-03 
1.268E+05   8.475E+00  3.441E-03 
1.285E+05   8.395E+00  3.402E-03 
1.302E+05   8.315E+00  3.363E-03 
1.318E+05   8.237E+00  3.324E-03 
1.336E+05   8.158E+00  3.286E-03 
1.353E+05   8.081E+00  3.249E-03 
1.371E+05   8.004E+00  3.211E-03 
1.388E+05   7.928E+00  3.175E-03 
1.406E+05   7.853E+00  3.138E-03 
1.425E+05   7.778E+00  3.102E-03 
1.443E+05   7.705E+00  3.067E-03 
1.462E+05   7.631E+00  3.032E-03 
1.481E+05   7.559E+00  2.997E-03 
1.500E+05   7.487E+00  2.963E-03 
1.520E+05   7.416E+00  2.929E-03 
1.539E+05   7.346E+00  2.895E-03 
1.559E+05   7.276E+00  2.862E-03 
1.580E+05   7.207E+00  2.829E-03 
1.600E+05   7.138E+00  2.797E-03 
1.621E+05   7.071E+00  2.764E-03 
1.642E+05   7.003E+00  2.733E-03 
1.663E+05   6.937E+00  2.701E-03 
1.685E+05   6.871E+00  2.670E-03 
1.707E+05   6.806E+00  2.640E-03 
1.729E+05   6.741E+00  2.609E-03 
1.752E+05   6.677E+00  2.579E-03 
1.774E+05   6.614E+00  2.550E-03 
1.797E+05   6.551E+00  2.520E-03 
1.821E+05   6.489E+00  2.491E-03 
1.844E+05   6.428E+00  2.463E-03 
1.868E+05   6.367E+00  2.435E-03 
1.893E+05   6.306E+00  2.407E-03 
1.917E+05   6.247E+00  2.379E-03 
1.942E+05   6.187E+00  2.352E-03 
1.967E+05   6.129E+00  2.324E-03 
1.993E+05   6.071E+00  2.298E-03 
2.019E+05   6.013E+00  2.271E-03 
2.045E+05   5.957E+00  2.245E-03 
2.072E+05   5.900E+00  2.219E-03 
2.099E+05   5.845E+00  2.194E-03 
2.126E+05   5.789E+00  2.168E-03 
2.154E+05   5.735E+00  2.144E-03 
2.182E+05   5.681E+00  2.119E-03 
2.210E+05   5.627E+00  2.094E-03 
2.239E+05   5.574E+00  2.070E-03 
2.268E+05   5.521E+00  2.046E-03 
2.297E+05   5.469E+00  2.023E-03 
2.327E+05   5.418E+00  2.000E-03 
2.357E+05   5.367E+00  1.977E-03 
2.388E+05   5.317E+00  1.954E-03 
2.419E+05   5.267E+00  1.931E-03 
2.450E+05   5.217E+00  1.909E-03 
2.482E+05   5.168E+00  1.887E-03 
2.515E+05   5.120E+00  1.865E-03 
2.547E+05   5.072E+00  1.844E-03 
2.580E+05   5.024E+00  1.822E-03 
2.614E+05   4.977E+00  1.801E-03 
2.648E+05   4.931E+00  1.781E-03 
2.682E+05   4.885E+00  1.760E-03 
2.717E+05   4.839E+00  1.740E-03 
2.752E+05   4.794E+00  1.720E-03 
2.788E+05   4.749E+00  1.700E-03 
2.824E+05   4.705E+00  1.680E-03 
2.861E+05   4.661E+00  1.661E-03 
2.898E+05   4.618E+00  1.641E-03 
2.936E+05   4.575E+00  1.623E-03 
2.974E+05   4.533E+00  1.604E-03 
3.013E+05   4.491E+00  1.585E-03 
3.052E+05   4.449E+00  1.567E-03 
3.092E+05   4.408E+00  1.549E-03 
3.132E+05   4.367E+00  1.531E-03 
3.172E+05   4.327E+00  1.513E-03 
3.214E+05   4.287E+00  1.496E-03 
3.255E+05   4.247E+00  1.478E-03 
3.298E+05   4.208E+00  1.461E-03 
3.341E+05   4.170E+00  1.444E-03 
3.384E+05   4.131E+00  1.428E-03 
3.428E+05   4.094E+00  1.411E-03 
3.473E+05   4.056E+00  1.395E-03 
3.518E+05   4.019E+00  1.379E-03 
3.563E+05   3.982E+00  1.363E-03 
3.610E+05   3.946E+00  1.347E-03 
3.657E+05   3.910E+00  1.331E-03 
3.704E+05   3.875E+00  1.316E-03 
3.752E+05   3.839E+00  1.301E-03 
3.801E+05   3.805E+00  1.286E-03 
3.851E+05   3.770E+00  1.271E-03 
3.901E+05   3.736E+00  1.256E-03 
3.951E+05   3.702E+00  1.241E-03 
4.003E+05   3.669E+00  1.227E-03 
