Ion = Helium      . Mass = 4.0026
Tgt = Hf (Solid). Density = 13.31 g/cm3
Stopping Units =  eV/(1E15 atoms/cm2)
Energy(keV)  S(Elec)    S(Nuc)
1.000E+00   4.211E+00  1.847E+00 
1.013E+00   4.238E+00  1.852E+00 
1.026E+00   4.266E+00  1.858E+00 
1.039E+00   4.293E+00  1.863E+00 
1.053E+00   4.321E+00  1.868E+00 
1.067E+00   4.349E+00  1.873E+00 
1.081E+00   4.377E+00  1.879E+00 
1.095E+00   4.406E+00  1.884E+00 
1.109E+00   4.434E+00  1.889E+00 
1.123E+00   4.463E+00  1.894E+00 
1.138E+00   4.492E+00  1.899E+00 
1.153E+00   4.521E+00  1.905E+00 
1.168E+00   4.550E+00  1.910E+00 
1.183E+00   4.580E+00  1.915E+00 
1.198E+00   4.609E+00  1.920E+00 
1.214E+00   4.639E+00  1.925E+00 
1.229E+00   4.669E+00  1.930E+00 
1.245E+00   4.699E+00  1.935E+00 
1.262E+00   4.730E+00  1.940E+00 
1.278E+00   4.761E+00  1.945E+00 
1.295E+00   4.791E+00  1.950E+00 
1.311E+00   4.822E+00  1.955E+00 
1.329E+00   4.854E+00  1.960E+00 
1.346E+00   4.885E+00  1.964E+00 
1.363E+00   4.917E+00  1.969E+00 
1.381E+00   4.949E+00  1.974E+00 
1.399E+00   4.981E+00  1.979E+00 
1.417E+00   5.013E+00  1.984E+00 
1.436E+00   5.045E+00  1.988E+00 
1.454E+00   5.078E+00  1.993E+00 
1.473E+00   5.111E+00  1.998E+00 
1.492E+00   5.144E+00  2.002E+00 
1.512E+00   5.177E+00  2.007E+00 
1.531E+00   5.211E+00  2.012E+00 
1.551E+00   5.245E+00  2.016E+00 
1.571E+00   5.279E+00  2.021E+00 
1.592E+00   5.313E+00  2.025E+00 
1.612E+00   5.347E+00  2.030E+00 
1.633E+00   5.382E+00  2.034E+00 
1.655E+00   5.417E+00  2.039E+00 
1.676E+00   5.452E+00  2.043E+00 
1.698E+00   5.487E+00  2.048E+00 
1.720E+00   5.523E+00  2.052E+00 
1.742E+00   5.558E+00  2.056E+00 
1.765E+00   5.594E+00  2.061E+00 
1.788E+00   5.631E+00  2.065E+00 
1.811E+00   5.667E+00  2.069E+00 
1.835E+00   5.704E+00  2.073E+00 
1.859E+00   5.741E+00  2.077E+00 
1.883E+00   5.778E+00  2.082E+00 
1.907E+00   5.815E+00  2.086E+00 
1.932E+00   5.853E+00  2.090E+00 
1.957E+00   5.891E+00  2.094E+00 
1.983E+00   5.929E+00  2.098E+00 
2.008E+00   5.967E+00  2.102E+00 
2.034E+00   6.006E+00  2.106E+00 
2.061E+00   6.045E+00  2.110E+00 
2.088E+00   6.084E+00  2.114E+00 
2.115E+00   6.124E+00  2.117E+00 
2.142E+00   6.163E+00  2.121E+00 
2.170E+00   6.203E+00  2.125E+00 
2.198E+00   6.243E+00  2.129E+00 
2.227E+00   6.284E+00  2.132E+00 
2.256E+00   6.325E+00  2.136E+00 
2.285E+00   6.365E+00  2.140E+00 
2.315E+00   6.407E+00  2.143E+00 
2.345E+00   6.448E+00  2.147E+00 
2.375E+00   6.490E+00  2.150E+00 
2.406E+00   6.532E+00  2.154E+00 
2.438E+00   6.574E+00  2.157E+00 
2.469E+00   6.617E+00  2.161E+00 
2.501E+00   6.660E+00  2.164E+00 
2.534E+00   6.703E+00  2.167E+00 
2.567E+00   6.746E+00  2.170E+00 
2.600E+00   6.790E+00  2.174E+00 
2.634E+00   6.834E+00  2.177E+00 
2.668E+00   6.878E+00  2.180E+00 
2.703E+00   6.923E+00  2.183E+00 
2.738E+00   6.968E+00  2.186E+00 
2.773E+00   7.013E+00  2.189E+00 
2.810E+00   7.058E+00  2.192E+00 
2.846E+00   7.104E+00  2.195E+00 
2.883E+00   7.150E+00  2.198E+00 
2.921E+00   7.196E+00  2.201E+00 
2.958E+00   7.243E+00  2.204E+00 
2.997E+00   7.290E+00  2.206E+00 
3.036E+00   7.337E+00  2.209E+00 
3.075E+00   7.385E+00  2.212E+00 
3.115E+00   7.432E+00  2.214E+00 
3.156E+00   7.481E+00  2.217E+00 
3.197E+00   7.529E+00  2.219E+00 
3.238E+00   7.578E+00  2.222E+00 
3.280E+00   7.627E+00  2.224E+00 
3.323E+00   7.676E+00  2.227E+00 
3.366E+00   7.726E+00  2.229E+00 
3.410E+00   7.776E+00  2.231E+00 
3.454E+00   7.826E+00  2.234E+00 
3.499E+00   7.877E+00  2.236E+00 
3.545E+00   7.928E+00  2.238E+00 
3.591E+00   7.979E+00  2.240E+00 
3.637E+00   8.031E+00  2.242E+00 
3.685E+00   8.083E+00  2.244E+00 
3.733E+00   8.135E+00  2.246E+00 
3.781E+00   8.188E+00  2.248E+00 
3.830E+00   8.241E+00  2.250E+00 
3.880E+00   8.295E+00  2.252E+00 
3.930E+00   8.348E+00  2.253E+00 
3.982E+00   8.402E+00  2.255E+00 
4.033E+00   8.457E+00  2.257E+00 
4.086E+00   8.512E+00  2.258E+00 
4.139E+00   8.567E+00  2.260E+00 
4.193E+00   8.622E+00  2.261E+00 
4.247E+00   8.678E+00  2.263E+00 
4.302E+00   8.734E+00  2.264E+00 
4.358E+00   8.791E+00  2.265E+00 
4.415E+00   8.848E+00  2.267E+00 
4.472E+00   8.905E+00  2.268E+00 
4.530E+00   8.963E+00  2.269E+00 
4.589E+00   9.021E+00  2.270E+00 
4.649E+00   9.079E+00  2.271E+00 
4.709E+00   9.138E+00  2.272E+00 
4.770E+00   9.197E+00  2.273E+00 
4.832E+00   9.257E+00  2.274E+00 
4.895E+00   9.317E+00  2.275E+00 
4.959E+00   9.377E+00  2.275E+00 
5.023E+00   9.438E+00  2.276E+00 
5.089E+00   9.499E+00  2.277E+00 
5.155E+00   9.561E+00  2.277E+00 
5.222E+00   9.622E+00  2.278E+00 
5.290E+00   9.685E+00  2.278E+00 
5.358E+00   9.748E+00  2.279E+00 
5.428E+00   9.811E+00  2.279E+00 
5.499E+00   9.874E+00  2.279E+00 
5.570E+00   9.938E+00  2.280E+00 
5.642E+00   1.000E+01  2.280E+00 
5.716E+00   1.007E+01  2.280E+00 
5.790E+00   1.013E+01  2.280E+00 
5.865E+00   1.020E+01  2.280E+00 
5.942E+00   1.026E+01  2.280E+00 
6.019E+00   1.033E+01  2.280E+00 
6.097E+00   1.040E+01  2.279E+00 
6.176E+00   1.046E+01  2.279E+00 
6.256E+00   1.053E+01  2.279E+00 
6.338E+00   1.060E+01  2.279E+00 
6.420E+00   1.067E+01  2.278E+00 
6.504E+00   1.074E+01  2.278E+00 
6.588E+00   1.081E+01  2.277E+00 
6.674E+00   1.088E+01  2.276E+00 
6.760E+00   1.095E+01  2.276E+00 
6.848E+00   1.102E+01  2.275E+00 
6.937E+00   1.109E+01  2.274E+00 
7.027E+00   1.116E+01  2.273E+00 
7.119E+00   1.124E+01  2.272E+00 
7.211E+00   1.131E+01  2.271E+00 
7.305E+00   1.138E+01  2.270E+00 
7.400E+00   1.145E+01  2.269E+00 
7.496E+00   1.153E+01  2.268E+00 
7.594E+00   1.160E+01  2.267E+00 
7.692E+00   1.168E+01  2.265E+00 
7.792E+00   1.175E+01  2.264E+00 
7.894E+00   1.183E+01  2.263E+00 
7.996E+00   1.191E+01  2.261E+00 
8.100E+00   1.200E+01  2.259E+00 
8.205E+00   1.209E+01  2.258E+00 
8.312E+00   1.218E+01  2.256E+00 
8.420E+00   1.227E+01  2.254E+00 
8.529E+00   1.237E+01  2.253E+00 
8.640E+00   1.246E+01  2.251E+00 
8.753E+00   1.255E+01  2.249E+00 
8.866E+00   1.265E+01  2.247E+00 
8.982E+00   1.275E+01  2.245E+00 
9.098E+00   1.284E+01  2.242E+00 
9.217E+00   1.294E+01  2.240E+00 
9.336E+00   1.304E+01  2.238E+00 
9.458E+00   1.314E+01  2.236E+00 
9.581E+00   1.324E+01  2.233E+00 
9.705E+00   1.334E+01  2.231E+00 
9.831E+00   1.344E+01  2.228E+00 
9.959E+00   1.355E+01  2.225E+00 
1.009E+01   1.365E+01  2.223E+00 
1.022E+01   1.375E+01  2.220E+00 
1.035E+01   1.386E+01  2.217E+00 
1.049E+01   1.397E+01  2.214E+00 
1.062E+01   1.407E+01  2.211E+00 
1.076E+01   1.418E+01  2.208E+00 
1.090E+01   1.429E+01  2.205E+00 
1.104E+01   1.440E+01  2.202E+00 
1.119E+01   1.451E+01  2.199E+00 
1.133E+01   1.462E+01  2.196E+00 
1.148E+01   1.473E+01  2.193E+00 
1.163E+01   1.485E+01  2.189E+00 
1.178E+01   1.496E+01  2.186E+00 
1.193E+01   1.508E+01  2.182E+00 
1.209E+01   1.519E+01  2.179E+00 
1.224E+01   1.531E+01  2.175E+00 
1.240E+01   1.543E+01  2.171E+00 
1.256E+01   1.554E+01  2.168E+00 
1.273E+01   1.566E+01  2.164E+00 
1.289E+01   1.578E+01  2.160E+00 
1.306E+01   1.591E+01  2.156E+00 
1.323E+01   1.603E+01  2.152E+00 
1.340E+01   1.615E+01  2.148E+00 
1.358E+01   1.628E+01  2.144E+00 
1.375E+01   1.640E+01  2.140E+00 
1.393E+01   1.653E+01  2.135E+00 
1.411E+01   1.666E+01  2.131E+00 
1.430E+01   1.678E+01  2.127E+00 
1.448E+01   1.691E+01  2.122E+00 
1.467E+01   1.705E+01  2.118E+00 
1.486E+01   1.718E+01  2.113E+00 
1.505E+01   1.731E+01  2.109E+00 
1.525E+01   1.744E+01  2.104E+00 
1.545E+01   1.758E+01  2.099E+00 
1.565E+01   1.771E+01  2.094E+00 
1.585E+01   1.785E+01  2.090E+00 
1.606E+01   1.799E+01  2.085E+00 
1.627E+01   1.813E+01  2.080E+00 
1.648E+01   1.827E+01  2.075E+00 
1.669E+01   1.841E+01  2.070E+00 
1.691E+01   1.855E+01  2.065E+00 
1.713E+01   1.870E+01  2.059E+00 
1.735E+01   1.884E+01  2.054E+00 
1.758E+01   1.899E+01  2.049E+00 
1.781E+01   1.914E+01  2.044E+00 
1.804E+01   1.928E+01  2.038E+00 
1.827E+01   1.943E+01  2.033E+00 
1.851E+01   1.959E+01  2.027E+00 
1.875E+01   1.974E+01  2.022E+00 
1.899E+01   1.989E+01  2.016E+00 
1.924E+01   2.005E+01  2.011E+00 
1.949E+01   2.020E+01  2.005E+00 
1.974E+01   2.036E+01  1.999E+00 
2.000E+01   2.052E+01  1.993E+00 
2.026E+01   2.068E+01  1.987E+00 
2.052E+01   2.084E+01  1.982E+00 
2.079E+01   2.100E+01  1.976E+00 
2.106E+01   2.116E+01  1.970E+00 
2.133E+01   2.133E+01  1.964E+00 
2.161E+01   2.149E+01  1.957E+00 
2.189E+01   2.166E+01  1.951E+00 
2.218E+01   2.183E+01  1.945E+00 
2.247E+01   2.200E+01  1.939E+00 
2.276E+01   2.217E+01  1.933E+00 
2.305E+01   2.234E+01  1.926E+00 
2.335E+01   2.252E+01  1.920E+00 
2.366E+01   2.269E+01  1.914E+00 
2.396E+01   2.287E+01  1.907E+00 
2.428E+01   2.305E+01  1.901E+00 
2.459E+01   2.323E+01  1.894E+00 
2.491E+01   2.341E+01  1.888E+00 
2.523E+01   2.359E+01  1.881E+00 
2.556E+01   2.378E+01  1.874E+00 
2.589E+01   2.396E+01  1.868E+00 
2.623E+01   2.415E+01  1.861E+00 
2.657E+01   2.434E+01  1.854E+00 
2.692E+01   2.453E+01  1.848E+00 
2.727E+01   2.472E+01  1.841E+00 
2.762E+01   2.491E+01  1.834E+00 
2.798E+01   2.511E+01  1.827E+00 
2.834E+01   2.530E+01  1.820E+00 
2.871E+01   2.550E+01  1.813E+00 
2.909E+01   2.570E+01  1.806E+00 
2.946E+01   2.590E+01  1.799E+00 
2.985E+01   2.610E+01  1.792E+00 
3.023E+01   2.631E+01  1.785E+00 
3.063E+01   2.651E+01  1.778E+00 
3.103E+01   2.672E+01  1.771E+00 
3.143E+01   2.693E+01  1.763E+00 
3.184E+01   2.714E+01  1.756E+00 
3.225E+01   2.735E+01  1.749E+00 
3.267E+01   2.756E+01  1.742E+00 
3.309E+01   2.778E+01  1.734E+00 
3.352E+01   2.800E+01  1.727E+00 
3.396E+01   2.821E+01  1.720E+00 
3.440E+01   2.844E+01  1.712E+00 
3.485E+01   2.866E+01  1.705E+00 
3.530E+01   2.888E+01  1.698E+00 
3.576E+01   2.911E+01  1.690E+00 
3.623E+01   2.933E+01  1.683E+00 
3.670E+01   2.956E+01  1.675E+00 
3.717E+01   2.979E+01  1.668E+00 
3.766E+01   3.003E+01  1.660E+00 
3.815E+01   3.026E+01  1.653E+00 
3.864E+01   3.050E+01  1.645E+00 
3.914E+01   3.074E+01  1.638E+00 
3.965E+01   3.098E+01  1.630E+00 
4.017E+01   3.122E+01  1.622E+00 
4.069E+01   3.146E+01  1.615E+00 
4.122E+01   3.171E+01  1.607E+00 
4.175E+01   3.195E+01  1.600E+00 
4.230E+01   3.220E+01  1.592E+00 
4.285E+01   3.245E+01  1.584E+00 
4.340E+01   3.271E+01  1.576E+00 
4.397E+01   3.296E+01  1.569E+00 
4.454E+01   3.322E+01  1.561E+00 
4.512E+01   3.348E+01  1.553E+00 
4.570E+01   3.374E+01  1.546E+00 
4.630E+01   3.400E+01  1.538E+00 
4.690E+01   3.427E+01  1.530E+00 
4.751E+01   3.453E+01  1.522E+00 
4.813E+01   3.480E+01  1.515E+00 
4.875E+01   3.507E+01  1.507E+00 
4.939E+01   3.535E+01  1.499E+00 
5.003E+01   3.562E+01  1.491E+00 
5.068E+01   3.590E+01  1.484E+00 
5.134E+01   3.618E+01  1.476E+00 
5.200E+01   3.646E+01  1.468E+00 
5.268E+01   3.674E+01  1.460E+00 
5.336E+01   3.702E+01  1.452E+00 
5.406E+01   3.731E+01  1.445E+00 
5.476E+01   3.760E+01  1.437E+00 
5.547E+01   3.789E+01  1.429E+00 
5.619E+01   3.819E+01  1.421E+00 
5.692E+01   3.848E+01  1.413E+00 
5.766E+01   3.878E+01  1.406E+00 
5.841E+01   3.908E+01  1.398E+00 
5.917E+01   3.938E+01  1.390E+00 
5.994E+01   3.969E+01  1.382E+00 
6.072E+01   3.999E+01  1.374E+00 
6.151E+01   4.030E+01  1.367E+00 
6.231E+01   4.061E+01  1.359E+00 
6.312E+01   4.092E+01  1.351E+00 
6.394E+01   4.124E+01  1.343E+00 
6.477E+01   4.156E+01  1.335E+00 
6.561E+01   4.188E+01  1.328E+00 
6.646E+01   4.220E+01  1.320E+00 
6.733E+01   4.252E+01  1.312E+00 
6.820E+01   4.285E+01  1.305E+00 
6.909E+01   4.318E+01  1.297E+00 
6.999E+01   4.351E+01  1.289E+00 
7.090E+01   4.384E+01  1.281E+00 
7.182E+01   4.418E+01  1.274E+00 
7.275E+01   4.451E+01  1.266E+00 
7.370E+01   4.485E+01  1.258E+00 
7.465E+01   4.520E+01  1.251E+00 
7.562E+01   4.554E+01  1.243E+00 
7.661E+01   4.589E+01  1.235E+00 
7.760E+01   4.624E+01  1.228E+00 
7.861E+01   4.659E+01  1.220E+00 
7.963E+01   4.694E+01  1.213E+00 
8.067E+01   4.730E+01  1.205E+00 
8.172E+01   4.766E+01  1.197E+00 
8.278E+01   4.802E+01  1.190E+00 
8.385E+01   4.838E+01  1.182E+00 
8.494E+01   4.874E+01  1.175E+00 
8.605E+01   4.911E+01  1.167E+00 
8.717E+01   4.948E+01  1.160E+00 
8.830E+01   4.985E+01  1.152E+00 
8.945E+01   5.023E+01  1.145E+00 
9.061E+01   5.061E+01  1.138E+00 
9.179E+01   5.099E+01  1.130E+00 
9.298E+01   5.137E+01  1.123E+00 
9.419E+01   5.175E+01  1.115E+00 
9.541E+01   5.214E+01  1.108E+00 
9.665E+01   5.253E+01  1.101E+00 
9.791E+01   5.292E+01  1.093E+00 
9.918E+01   5.331E+01  1.086E+00 
1.005E+02   5.371E+01  1.079E+00 
1.018E+02   5.410E+01  1.072E+00 
1.031E+02   5.451E+01  1.064E+00 
1.044E+02   5.491E+01  1.057E+00 
1.058E+02   5.531E+01  1.050E+00 
1.072E+02   5.572E+01  1.043E+00 
1.086E+02   5.613E+01  1.036E+00 
1.100E+02   5.654E+01  1.029E+00 
1.114E+02   5.696E+01  1.022E+00 
1.129E+02   5.737E+01  1.015E+00 
1.143E+02   5.779E+01  1.008E+00 
1.158E+02   5.821E+01  1.001E+00 
1.173E+02   5.863E+01  9.936E-01 
1.188E+02   5.906E+01  9.866E-01 
1.204E+02   5.949E+01  9.797E-01 
1.219E+02   5.992E+01  9.728E-01 
1.235E+02   6.035E+01  9.659E-01 
1.251E+02   6.078E+01  9.591E-01 
1.268E+02   6.122E+01  9.523E-01 
1.284E+02   6.166E+01  9.455E-01 
1.301E+02   6.210E+01  9.387E-01 
1.318E+02   6.254E+01  9.320E-01 
1.335E+02   6.299E+01  9.252E-01 
1.352E+02   6.343E+01  9.186E-01 
1.370E+02   6.388E+01  9.119E-01 
1.388E+02   6.433E+01  9.053E-01 
1.406E+02   6.479E+01  8.987E-01 
1.424E+02   6.524E+01  8.921E-01 
1.442E+02   6.570E+01  8.855E-01 
1.461E+02   6.616E+01  8.790E-01 
1.480E+02   6.662E+01  8.725E-01 
1.499E+02   6.708E+01  8.661E-01 
1.519E+02   6.755E+01  8.597E-01 
1.539E+02   6.801E+01  8.533E-01 
1.559E+02   6.848E+01  8.469E-01 
1.579E+02   6.895E+01  8.405E-01 
1.599E+02   6.942E+01  8.342E-01 
1.620E+02   6.990E+01  8.280E-01 
1.641E+02   7.037E+01  8.217E-01 
1.662E+02   7.085E+01  8.155E-01 
1.684E+02   7.133E+01  8.093E-01 
1.706E+02   7.181E+01  8.031E-01 
1.728E+02   7.229E+01  7.970E-01 
1.751E+02   7.277E+01  7.909E-01 
1.773E+02   7.326E+01  7.848E-01 
1.796E+02   7.374E+01  7.788E-01 
1.820E+02   7.423E+01  7.728E-01 
1.843E+02   7.472E+01  7.668E-01 
1.867E+02   7.521E+01  7.609E-01 
1.892E+02   7.570E+01  7.550E-01 
1.916E+02   7.619E+01  7.491E-01 
1.941E+02   7.669E+01  7.432E-01 
1.966E+02   7.718E+01  7.374E-01 
1.992E+02   7.768E+01  7.316E-01 
2.018E+02   7.817E+01  7.259E-01 
2.044E+02   7.867E+01  7.201E-01 
2.071E+02   7.917E+01  7.144E-01 
2.097E+02   7.967E+01  7.088E-01 
2.125E+02   8.017E+01  7.032E-01 
2.152E+02   8.067E+01  6.976E-01 
2.180E+02   8.117E+01  6.920E-01 
2.209E+02   8.168E+01  6.865E-01 
2.237E+02   8.218E+01  6.809E-01 
2.266E+02   8.268E+01  6.755E-01 
2.296E+02   8.319E+01  6.700E-01 
2.326E+02   8.369E+01  6.646E-01 
2.356E+02   8.420E+01  6.592E-01 
2.387E+02   8.470E+01  6.539E-01 
2.418E+02   8.521E+01  6.486E-01 
2.449E+02   8.571E+01  6.433E-01 
2.481E+02   8.622E+01  6.381E-01 
2.513E+02   8.672E+01  6.328E-01 
2.546E+02   8.723E+01  6.277E-01 
2.579E+02   8.773E+01  6.225E-01 
2.612E+02   8.824E+01  6.174E-01 
2.646E+02   8.874E+01  6.123E-01 
2.681E+02   8.925E+01  6.072E-01 
2.716E+02   8.975E+01  6.022E-01 
2.751E+02   9.025E+01  5.972E-01 
2.787E+02   9.075E+01  5.922E-01 
2.823E+02   9.125E+01  5.873E-01 
2.859E+02   9.176E+01  5.824E-01 
2.897E+02   9.225E+01  5.775E-01 
2.934E+02   9.275E+01  5.727E-01 
2.972E+02   9.325E+01  5.679E-01 
3.011E+02   9.375E+01  5.631E-01 
3.050E+02   9.424E+01  5.583E-01 
3.090E+02   9.474E+01  5.536E-01 
3.130E+02   9.523E+01  5.489E-01 
3.171E+02   9.572E+01  5.443E-01 
3.212E+02   9.621E+01  5.397E-01 
3.254E+02   9.669E+01  5.351E-01 
3.296E+02   9.718E+01  5.305E-01 
3.339E+02   9.766E+01  5.260E-01 
3.382E+02   9.814E+01  5.215E-01 
3.426E+02   9.862E+01  5.170E-01 
3.471E+02   9.910E+01  5.126E-01 
3.516E+02   9.957E+01  5.082E-01 
3.561E+02   1.000E+02  5.038E-01 
3.608E+02   1.005E+02  4.994E-01 
3.655E+02   1.010E+02  4.951E-01 
3.702E+02   1.014E+02  4.908E-01 
3.750E+02   1.019E+02  4.866E-01 
3.799E+02   1.024E+02  4.823E-01 
3.848E+02   1.028E+02  4.781E-01 
3.898E+02   1.033E+02  4.740E-01 
3.949E+02   1.037E+02  4.698E-01 
4.000E+02   1.042E+02  4.657E-01 
4.052E+02   1.046E+02  4.616E-01 
4.105E+02   1.050E+02  4.576E-01 
4.158E+02   1.055E+02  4.535E-01 
4.212E+02   1.059E+02  4.495E-01 
4.267E+02   1.063E+02  4.456E-01 
4.323E+02   1.068E+02  4.416E-01 
4.379E+02   1.072E+02  4.377E-01 
4.436E+02   1.076E+02  4.339E-01 
4.493E+02   1.080E+02  4.300E-01 
4.552E+02   1.084E+02  4.262E-01 
4.611E+02   1.088E+02  4.224E-01 
4.671E+02   1.092E+02  4.186E-01 
4.731E+02   1.096E+02  4.149E-01 
4.793E+02   1.100E+02  4.112E-01 
4.855E+02   1.104E+02  4.075E-01 
4.918E+02   1.107E+02  4.038E-01 
4.982E+02   1.111E+02  4.002E-01 
5.047E+02   1.115E+02  3.966E-01 
5.113E+02   1.118E+02  3.930E-01 
5.179E+02   1.122E+02  3.895E-01 
5.246E+02   1.125E+02  3.926E-01 
5.315E+02   1.129E+02  3.890E-01 
5.384E+02   1.132E+02  3.855E-01 
5.454E+02   1.136E+02  3.820E-01 
5.524E+02   1.139E+02  3.785E-01 
5.596E+02   1.142E+02  3.750E-01 
5.669E+02   1.145E+02  3.716E-01 
5.743E+02   1.148E+02  3.682E-01 
5.817E+02   1.151E+02  3.648E-01 
5.893E+02   1.154E+02  3.615E-01 
5.969E+02   1.157E+02  3.581E-01 
6.047E+02   1.160E+02  3.548E-01 
6.126E+02   1.163E+02  3.515E-01 
6.205E+02   1.165E+02  3.483E-01 
6.286E+02   1.168E+02  3.451E-01 
6.368E+02   1.170E+02  3.419E-01 
6.450E+02   1.173E+02  3.387E-01 
6.534E+02   1.175E+02  3.355E-01 
6.619E+02   1.178E+02  3.324E-01 
6.705E+02   1.180E+02  3.293E-01 
6.792E+02   1.182E+02  3.262E-01 
6.881E+02   1.184E+02  3.232E-01 
6.970E+02   1.186E+02  3.202E-01 
7.061E+02   1.188E+02  3.172E-01 
7.152E+02   1.190E+02  3.142E-01 
7.245E+02   1.192E+02  3.112E-01 
7.339E+02   1.193E+02  3.083E-01 
7.435E+02   1.195E+02  3.054E-01 
7.531E+02   1.197E+02  3.025E-01 
7.629E+02   1.198E+02  2.997E-01 
7.728E+02   1.199E+02  2.968E-01 
7.829E+02   1.201E+02  2.940E-01 
7.931E+02   1.202E+02  2.912E-01 
8.034E+02   1.203E+02  2.885E-01 
8.138E+02   1.204E+02  2.857E-01 
8.244E+02   1.205E+02  2.830E-01 
8.351E+02   1.206E+02  2.803E-01 
8.460E+02   1.207E+02  2.776E-01 
8.570E+02   1.208E+02  2.750E-01 
8.681E+02   1.208E+02  2.724E-01 
8.794E+02   1.209E+02  2.697E-01 
8.908E+02   1.209E+02  2.672E-01 
9.024E+02   1.210E+02  2.646E-01 
9.141E+02   1.210E+02  2.621E-01 
9.260E+02   1.210E+02  2.595E-01 
9.380E+02   1.211E+02  2.570E-01 
9.502E+02   1.211E+02  2.546E-01 
9.626E+02   1.211E+02  2.521E-01 
9.751E+02   1.211E+02  2.497E-01 
9.877E+02   1.210E+02  2.473E-01 
1.001E+03   1.210E+02  2.449E-01 
1.014E+03   1.210E+02  2.425E-01 
1.027E+03   1.209E+02  2.402E-01 
1.040E+03   1.209E+02  2.378E-01 
1.054E+03   1.208E+02  2.355E-01 
1.067E+03   1.208E+02  2.332E-01 
1.081E+03   1.207E+02  2.310E-01 
1.095E+03   1.206E+02  2.287E-01 
1.109E+03   1.205E+02  2.265E-01 
1.124E+03   1.204E+02  2.243E-01 
1.138E+03   1.203E+02  2.221E-01 
1.153E+03   1.202E+02  2.199E-01 
1.168E+03   1.201E+02  2.177E-01 
1.183E+03   1.199E+02  2.156E-01 
1.199E+03   1.198E+02  2.135E-01 
1.214E+03   1.196E+02  2.114E-01 
1.230E+03   1.195E+02  2.093E-01 
1.246E+03   1.193E+02  2.073E-01 
1.262E+03   1.192E+02  2.052E-01 
1.279E+03   1.190E+02  2.032E-01 
1.295E+03   1.188E+02  2.012E-01 
1.312E+03   1.186E+02  1.992E-01 
1.329E+03   1.184E+02  1.972E-01 
1.347E+03   1.182E+02  1.953E-01 
1.364E+03   1.180E+02  1.934E-01 
1.382E+03   1.177E+02  1.914E-01 
1.400E+03   1.175E+02  1.895E-01 
1.418E+03   1.173E+02  1.877E-01 
1.436E+03   1.170E+02  1.858E-01 
1.455E+03   1.168E+02  1.840E-01 
1.474E+03   1.165E+02  1.821E-01 
1.493E+03   1.163E+02  1.803E-01 
1.513E+03   1.160E+02  1.785E-01 
1.532E+03   1.157E+02  1.767E-01 
1.552E+03   1.154E+02  1.750E-01 
1.572E+03   1.151E+02  1.732E-01 
1.593E+03   1.148E+02  1.715E-01 
1.613E+03   1.145E+02  1.698E-01 
1.634E+03   1.142E+02  1.681E-01 
1.656E+03   1.139E+02  1.664E-01 
1.677E+03   1.136E+02  1.647E-01 
1.699E+03   1.133E+02  1.631E-01 
1.721E+03   1.129E+02  1.614E-01 
1.743E+03   1.126E+02  1.598E-01 
1.766E+03   1.122E+02  1.582E-01 
1.789E+03   1.119E+02  1.566E-01 
1.812E+03   1.115E+02  1.550E-01 
1.836E+03   1.112E+02  1.535E-01 
1.860E+03   1.108E+02  1.519E-01 
1.884E+03   1.104E+02  1.504E-01 
1.908E+03   1.101E+02  1.489E-01 
1.933E+03   1.097E+02  1.474E-01 
1.958E+03   1.093E+02  1.459E-01 
1.984E+03   1.089E+02  1.444E-01 
2.009E+03   1.085E+02  1.429E-01 
2.036E+03   1.081E+02  1.415E-01 
2.062E+03   1.077E+02  1.400E-01 
2.089E+03   1.073E+02  1.386E-01 
2.116E+03   1.069E+02  1.372E-01 
2.143E+03   1.065E+02  1.358E-01 
2.171E+03   1.061E+02  1.344E-01 
2.200E+03   1.057E+02  1.331E-01 
2.228E+03   1.052E+02  1.317E-01 
2.257E+03   1.048E+02  1.304E-01 
2.286E+03   1.044E+02  1.290E-01 
2.316E+03   1.039E+02  1.277E-01 
2.346E+03   1.035E+02  1.264E-01 
2.377E+03   1.030E+02  1.251E-01 
2.408E+03   1.026E+02  1.238E-01 
2.439E+03   1.022E+02  1.226E-01 
2.471E+03   1.017E+02  1.213E-01 
2.503E+03   1.013E+02  1.201E-01 
2.535E+03   1.008E+02  1.188E-01 
2.568E+03   1.003E+02  1.176E-01 
2.602E+03   9.988E+01  1.164E-01 
2.635E+03   9.941E+01  1.152E-01 
2.670E+03   9.895E+01  1.140E-01 
2.704E+03   9.848E+01  1.128E-01 
2.740E+03   9.801E+01  1.117E-01 
2.775E+03   9.754E+01  1.105E-01 
2.811E+03   9.707E+01  1.094E-01 
2.848E+03   9.659E+01  1.083E-01 
2.885E+03   9.612E+01  1.071E-01 
2.922E+03   9.564E+01  1.060E-01 
2.960E+03   9.516E+01  1.049E-01 
2.999E+03   9.468E+01  1.038E-01 
3.038E+03   9.420E+01  1.028E-01 
3.077E+03   9.372E+01  1.017E-01 
3.117E+03   9.323E+01  1.007E-01 
3.158E+03   9.275E+01  9.961E-02 
3.199E+03   9.226E+01  9.857E-02 
3.240E+03   9.178E+01  9.755E-02 
3.282E+03   9.129E+01  9.654E-02 
3.325E+03   9.080E+01  9.553E-02 
3.368E+03   9.032E+01  9.454E-02 
3.412E+03   8.983E+01  9.356E-02 
3.456E+03   8.934E+01  9.258E-02 
3.501E+03   8.885E+01  9.162E-02 
3.547E+03   8.836E+01  9.066E-02 
3.593E+03   8.787E+01  8.972E-02 
3.640E+03   8.738E+01  8.878E-02 
3.687E+03   8.689E+01  8.785E-02 
3.735E+03   8.641E+01  8.693E-02 
3.783E+03   8.592E+01  8.602E-02 
3.832E+03   8.543E+01  8.512E-02 
3.882E+03   8.494E+01  8.423E-02 
3.933E+03   8.445E+01  8.335E-02 
3.984E+03   8.397E+01  8.248E-02 
4.036E+03   8.348E+01  8.161E-02 
4.088E+03   8.299E+01  8.076E-02 
4.141E+03   8.251E+01  7.991E-02 
4.195E+03   8.202E+01  7.907E-02 
4.250E+03   8.154E+01  7.824E-02 
4.305E+03   8.106E+01  7.742E-02 
4.361E+03   8.058E+01  7.660E-02 
4.417E+03   8.010E+01  7.580E-02 
4.475E+03   7.962E+01  7.500E-02 
4.533E+03   7.914E+01  7.421E-02 
4.592E+03   7.866E+01  7.343E-02 
4.652E+03   7.819E+01  7.265E-02 
4.712E+03   7.771E+01  7.189E-02 
4.773E+03   7.724E+01  7.113E-02 
4.835E+03   7.677E+01  7.038E-02 
4.898E+03   7.630E+01  6.963E-02 
4.962E+03   7.583E+01  6.890E-02 
5.026E+03   7.536E+01  6.817E-02 
5.092E+03   7.490E+01  6.745E-02 
5.158E+03   7.443E+01  6.673E-02 
5.225E+03   7.397E+01  6.603E-02 
5.293E+03   7.351E+01  6.533E-02 
5.362E+03   7.305E+01  6.464E-02 
5.431E+03   7.260E+01  6.395E-02 
5.502E+03   7.214E+01  6.327E-02 
5.573E+03   7.169E+01  6.260E-02 
5.646E+03   7.124E+01  6.194E-02 
5.719E+03   7.079E+01  6.128E-02 
5.793E+03   7.034E+01  6.063E-02 
5.869E+03   6.990E+01  5.998E-02 
5.945E+03   6.946E+01  5.934E-02 
6.022E+03   6.902E+01  5.871E-02 
6.101E+03   6.858E+01  5.809E-02 
6.180E+03   6.814E+01  5.747E-02 
6.260E+03   6.771E+01  5.685E-02 
6.341E+03   6.728E+01  5.625E-02 
6.424E+03   6.685E+01  5.565E-02 
6.507E+03   6.643E+01  5.505E-02 
6.592E+03   6.600E+01  5.447E-02 
6.678E+03   6.558E+01  5.388E-02 
6.764E+03   6.516E+01  5.331E-02 
6.852E+03   6.475E+01  5.274E-02 
6.941E+03   6.433E+01  5.217E-02 
7.032E+03   6.392E+01  5.162E-02 
7.123E+03   6.351E+01  5.106E-02 
7.216E+03   6.311E+01  5.052E-02 
7.309E+03   6.270E+01  4.998E-02 
7.404E+03   6.230E+01  4.944E-02 
7.501E+03   6.191E+01  4.891E-02 
7.598E+03   6.151E+01  4.838E-02 
7.697E+03   6.112E+01  4.787E-02 
7.797E+03   6.073E+01  4.735E-02 
7.898E+03   6.034E+01  4.684E-02 
8.001E+03   5.996E+01  4.634E-02 
8.105E+03   5.960E+01  4.584E-02 
8.210E+03   5.924E+01  4.535E-02 
8.317E+03   5.888E+01  4.486E-02 
8.425E+03   5.851E+01  4.438E-02 
8.534E+03   5.813E+01  4.390E-02 
8.645E+03   5.775E+01  4.343E-02 
8.758E+03   5.737E+01  4.296E-02 
8.871E+03   5.698E+01  4.250E-02 
8.987E+03   5.659E+01  4.204E-02 
9.104E+03   5.619E+01  4.158E-02 
9.222E+03   5.578E+01  4.114E-02 
9.342E+03   5.537E+01  4.069E-02 
9.463E+03   5.496E+01  4.025E-02 
9.586E+03   5.454E+01  3.982E-02 
9.711E+03   5.415E+01  3.939E-02 
9.837E+03   5.377E+01  3.896E-02 
9.965E+03   5.339E+01  3.854E-02 
1.009E+04   5.302E+01  3.812E-02 
1.023E+04   5.264E+01  3.771E-02 
1.036E+04   5.227E+01  3.730E-02 
1.049E+04   5.190E+01  3.690E-02 
1.063E+04   5.153E+01  3.650E-02 
1.077E+04   5.116E+01  3.610E-02 
1.091E+04   5.080E+01  3.571E-02 
1.105E+04   5.043E+01  3.532E-02 
1.119E+04   5.007E+01  3.494E-02 
1.134E+04   4.971E+01  3.456E-02 
1.149E+04   4.935E+01  3.418E-02 
1.163E+04   4.899E+01  3.381E-02 
1.179E+04   4.864E+01  3.344E-02 
1.194E+04   4.828E+01  3.308E-02 
1.209E+04   4.793E+01  3.272E-02 
1.225E+04   4.758E+01  3.236E-02 
1.241E+04   4.723E+01  3.201E-02 
1.257E+04   4.688E+01  3.166E-02 
1.274E+04   4.654E+01  3.132E-02 
1.290E+04   4.619E+01  3.098E-02 
1.307E+04   4.585E+01  3.064E-02 
1.324E+04   4.551E+01  3.031E-02 
1.341E+04   4.517E+01  2.998E-02 
1.358E+04   4.484E+01  2.965E-02 
1.376E+04   4.450E+01  2.932E-02 
1.394E+04   4.417E+01  2.900E-02 
1.412E+04   4.384E+01  2.869E-02 
1.431E+04   4.351E+01  2.837E-02 
1.449E+04   4.318E+01  2.806E-02 
1.468E+04   4.285E+01  2.776E-02 
1.487E+04   4.253E+01  2.745E-02 
1.506E+04   4.220E+01  2.715E-02 
1.526E+04   4.188E+01  2.686E-02 
1.546E+04   4.156E+01  2.656E-02 
1.566E+04   4.125E+01  2.627E-02 
1.586E+04   4.093E+01  2.598E-02 
1.607E+04   4.062E+01  2.570E-02 
1.628E+04   4.030E+01  2.542E-02 
1.649E+04   3.999E+01  2.514E-02 
1.670E+04   3.969E+01  2.486E-02 
1.692E+04   3.938E+01  2.459E-02 
1.714E+04   3.907E+01  2.432E-02 
1.736E+04   3.877E+01  2.405E-02 
1.759E+04   3.847E+01  2.379E-02 
1.782E+04   3.817E+01  2.353E-02 
1.805E+04   3.787E+01  2.327E-02 
1.828E+04   3.757E+01  2.301E-02 
1.852E+04   3.728E+01  2.276E-02 
1.876E+04   3.699E+01  2.251E-02 
1.900E+04   3.670E+01  2.226E-02 
1.925E+04   3.641E+01  2.202E-02 
1.950E+04   3.612E+01  2.177E-02 
1.976E+04   3.583E+01  2.153E-02 
2.001E+04   3.555E+01  2.130E-02 
2.027E+04   3.527E+01  2.106E-02 
2.054E+04   3.499E+01  2.083E-02 
2.080E+04   3.471E+01  2.060E-02 
2.107E+04   3.443E+01  2.037E-02 
2.135E+04   3.415E+01  2.015E-02 
2.162E+04   3.388E+01  1.993E-02 
2.191E+04   3.361E+01  1.971E-02 
2.219E+04   3.334E+01  1.949E-02 
2.248E+04   3.307E+01  1.927E-02 
2.277E+04   3.280E+01  1.906E-02 
2.307E+04   3.254E+01  1.885E-02 
2.337E+04   3.227E+01  1.864E-02 
2.367E+04   3.201E+01  1.843E-02 
2.398E+04   3.175E+01  1.823E-02 
2.429E+04   3.149E+01  1.803E-02 
2.461E+04   3.124E+01  1.783E-02 
2.492E+04   3.098E+01  1.763E-02 
2.525E+04   3.073E+01  1.744E-02 
2.558E+04   3.048E+01  1.724E-02 
2.591E+04   3.023E+01  1.705E-02 
2.625E+04   2.998E+01  1.686E-02 
2.659E+04   2.973E+01  1.668E-02 
2.693E+04   2.948E+01  1.649E-02 
2.728E+04   2.924E+01  1.631E-02 
2.764E+04   2.900E+01  1.613E-02 
2.800E+04   2.876E+01  1.595E-02 
2.836E+04   2.852E+01  1.577E-02 
2.873E+04   2.828E+01  1.560E-02 
2.910E+04   2.805E+01  1.542E-02 
2.948E+04   2.781E+01  1.525E-02 
2.986E+04   2.758E+01  1.508E-02 
3.025E+04   2.735E+01  1.491E-02 
3.065E+04   2.712E+01  1.475E-02 
3.104E+04   2.689E+01  1.458E-02 
3.145E+04   2.667E+01  1.442E-02 
3.186E+04   2.644E+01  1.426E-02 
3.227E+04   2.622E+01  1.410E-02 
3.269E+04   2.600E+01  1.395E-02 
3.311E+04   2.578E+01  1.379E-02 
3.354E+04   2.556E+01  1.364E-02 
3.398E+04   2.535E+01  1.349E-02 
3.442E+04   2.513E+01  1.333E-02 
3.487E+04   2.492E+01  1.319E-02 
3.532E+04   2.470E+01  1.304E-02 
3.578E+04   2.449E+01  1.289E-02 
3.625E+04   2.428E+01  1.275E-02 
3.672E+04   2.408E+01  1.261E-02 
3.719E+04   2.387E+01  1.247E-02 
3.768E+04   2.367E+01  1.233E-02 
3.817E+04   2.346E+01  1.219E-02 
3.866E+04   2.326E+01  1.205E-02 
3.917E+04   2.306E+01  1.192E-02 
3.968E+04   2.286E+01  1.179E-02 
4.019E+04   2.267E+01  1.165E-02 
4.071E+04   2.247E+01  1.152E-02 
4.124E+04   2.228E+01  1.139E-02 
4.178E+04   2.208E+01  1.127E-02 
4.232E+04   2.189E+01  1.114E-02 
4.287E+04   2.170E+01  1.102E-02 
4.343E+04   2.151E+01  1.089E-02 
4.399E+04   2.133E+01  1.077E-02 
4.456E+04   2.114E+01  1.065E-02 
4.514E+04   2.096E+01  1.053E-02 
4.573E+04   2.077E+01  1.041E-02 
4.632E+04   2.059E+01  1.030E-02 
4.693E+04   2.041E+01  1.018E-02 
4.754E+04   2.023E+01  1.007E-02 
4.815E+04   2.005E+01  9.954E-03 
4.878E+04   1.988E+01  9.842E-03 
4.941E+04   1.970E+01  9.731E-03 
5.006E+04   1.953E+01  9.622E-03 
5.071E+04   1.936E+01  9.514E-03 
5.137E+04   1.919E+01  9.407E-03 
5.203E+04   1.902E+01  9.302E-03 
5.271E+04   1.885E+01  9.197E-03 
5.340E+04   1.868E+01  9.094E-03 
5.409E+04   1.852E+01  8.991E-03 
5.479E+04   1.835E+01  8.890E-03 
5.550E+04   1.819E+01  8.790E-03 
5.623E+04   1.803E+01  8.691E-03 
5.696E+04   1.787E+01  8.594E-03 
5.770E+04   1.771E+01  8.497E-03 
5.845E+04   1.755E+01  8.401E-03 
5.921E+04   1.739E+01  8.307E-03 
5.998E+04   1.724E+01  8.213E-03 
6.075E+04   1.709E+01  8.121E-03 
6.154E+04   1.693E+01  8.029E-03 
6.234E+04   1.678E+01  7.939E-03 
6.315E+04   1.663E+01  7.849E-03 
6.398E+04   1.648E+01  7.761E-03 
6.481E+04   1.633E+01  7.673E-03 
6.565E+04   1.619E+01  7.587E-03 
6.650E+04   1.604E+01  7.501E-03 
6.737E+04   1.590E+01  7.416E-03 
6.824E+04   1.575E+01  7.333E-03 
6.913E+04   1.561E+01  7.250E-03 
7.003E+04   1.547E+01  7.168E-03 
7.094E+04   1.533E+01  7.087E-03 
7.186E+04   1.519E+01  7.007E-03 
7.279E+04   1.505E+01  6.928E-03 
7.374E+04   1.492E+01  6.850E-03 
7.470E+04   1.478E+01  6.772E-03 
7.567E+04   1.465E+01  6.696E-03 
7.665E+04   1.452E+01  6.620E-03 
7.765E+04   1.438E+01  6.545E-03 
7.866E+04   1.425E+01  6.471E-03 
7.968E+04   1.412E+01  6.398E-03 
8.072E+04   1.399E+01  6.325E-03 
8.176E+04   1.387E+01  6.254E-03 
8.283E+04   1.374E+01  6.183E-03 
8.390E+04   1.361E+01  6.113E-03 
8.499E+04   1.349E+01  6.044E-03 
8.610E+04   1.337E+01  5.975E-03 
8.722E+04   1.324E+01  5.907E-03 
8.835E+04   1.312E+01  5.840E-03 
8.950E+04   1.300E+01  5.774E-03 
9.066E+04   1.288E+01  5.709E-03 
9.184E+04   1.277E+01  5.644E-03 
9.303E+04   1.265E+01  5.580E-03 
9.424E+04   1.253E+01  5.517E-03 
9.547E+04   1.242E+01  5.454E-03 
9.671E+04   1.230E+01  5.392E-03 
9.797E+04   1.219E+01  5.331E-03 
9.924E+04   1.208E+01  5.271E-03 
1.005E+05   1.197E+01  5.211E-03 
1.018E+05   1.186E+01  5.151E-03 
1.032E+05   1.175E+01  5.093E-03 
1.045E+05   1.164E+01  5.035E-03 
1.059E+05   1.153E+01  4.978E-03 
1.072E+05   1.143E+01  4.921E-03 
1.086E+05   1.132E+01  4.865E-03 
1.100E+05   1.122E+01  4.810E-03 
1.115E+05   1.111E+01  4.755E-03 
1.129E+05   1.101E+01  4.701E-03 
1.144E+05   1.091E+01  4.648E-03 
1.159E+05   1.081E+01  4.595E-03 
1.174E+05   1.071E+01  4.543E-03 
1.189E+05   1.061E+01  4.491E-03 
1.204E+05   1.051E+01  4.440E-03 
1.220E+05   1.041E+01  4.389E-03 
1.236E+05   1.032E+01  4.339E-03 
1.252E+05   1.022E+01  4.290E-03 
1.268E+05   1.012E+01  4.241E-03 
1.285E+05   1.003E+01  4.193E-03 
1.302E+05   9.938E+00  4.145E-03 
1.318E+05   9.845E+00  4.097E-03 
1.336E+05   9.754E+00  4.051E-03 
1.353E+05   9.663E+00  4.005E-03 
1.371E+05   9.574E+00  3.959E-03 
1.388E+05   9.485E+00  3.914E-03 
1.406E+05   9.397E+00  3.869E-03 
1.425E+05   9.309E+00  3.825E-03 
1.443E+05   9.223E+00  3.781E-03 
1.462E+05   9.137E+00  3.738E-03 
1.481E+05   9.052E+00  3.695E-03 
1.500E+05   8.968E+00  3.653E-03 
1.520E+05   8.884E+00  3.611E-03 
1.539E+05   8.802E+00  3.570E-03 
1.559E+05   8.720E+00  3.529E-03 
1.580E+05   8.639E+00  3.489E-03 
1.600E+05   8.558E+00  3.449E-03 
1.621E+05   8.479E+00  3.410E-03 
1.642E+05   8.400E+00  3.371E-03 
1.663E+05   8.322E+00  3.332E-03 
1.685E+05   8.244E+00  3.294E-03 
1.707E+05   8.168E+00  3.256E-03 
1.729E+05   8.092E+00  3.219E-03 
1.752E+05   8.017E+00  3.182E-03 
1.774E+05   7.942E+00  3.146E-03 
1.797E+05   7.868E+00  3.110E-03 
1.821E+05   7.795E+00  3.074E-03 
1.844E+05   7.722E+00  3.039E-03 
1.868E+05   7.651E+00  3.004E-03 
1.893E+05   7.580E+00  2.970E-03 
1.917E+05   7.509E+00  2.936E-03 
1.942E+05   7.439E+00  2.902E-03 
1.967E+05   7.370E+00  2.869E-03 
1.993E+05   7.302E+00  2.836E-03 
2.019E+05   7.234E+00  2.803E-03 
2.045E+05   7.167E+00  2.771E-03 
2.072E+05   7.100E+00  2.740E-03 
2.099E+05   7.035E+00  2.708E-03 
2.126E+05   6.969E+00  2.677E-03 
2.154E+05   6.905E+00  2.646E-03 
2.182E+05   6.841E+00  2.616E-03 
2.210E+05   6.777E+00  2.586E-03 
2.239E+05   6.715E+00  2.556E-03 
2.268E+05   6.653E+00  2.527E-03 
2.297E+05   6.591E+00  2.498E-03 
2.327E+05   6.530E+00  2.469E-03 
2.357E+05   6.470E+00  2.441E-03 
2.388E+05   6.410E+00  2.413E-03 
2.419E+05   6.351E+00  2.385E-03 
2.450E+05   6.292E+00  2.358E-03 
2.482E+05   6.234E+00  2.330E-03 
2.515E+05   6.177E+00  2.304E-03 
2.547E+05   6.120E+00  2.277E-03 
2.580E+05   6.063E+00  2.251E-03 
2.614E+05   6.008E+00  2.225E-03 
2.648E+05   5.952E+00  2.200E-03 
2.682E+05   5.898E+00  2.174E-03 
2.717E+05   5.844E+00  2.149E-03 
2.752E+05   5.790E+00  2.124E-03 
2.788E+05   5.737E+00  2.100E-03 
2.824E+05   5.684E+00  2.076E-03 
2.861E+05   5.632E+00  2.052E-03 
2.898E+05   5.581E+00  2.028E-03 
2.936E+05   5.530E+00  2.005E-03 
2.974E+05   5.479E+00  1.982E-03 
3.013E+05   5.429E+00  1.959E-03 
3.052E+05   5.380E+00  1.936E-03 
3.092E+05   5.331E+00  1.914E-03 
3.132E+05   5.283E+00  1.892E-03 
3.172E+05   5.235E+00  1.870E-03 
3.214E+05   5.187E+00  1.849E-03 
3.255E+05   5.140E+00  1.827E-03 
3.298E+05   5.093E+00  1.806E-03 
3.341E+05   5.047E+00  1.785E-03 
3.384E+05   5.002E+00  1.765E-03 
3.428E+05   4.957E+00  1.744E-03 
3.473E+05   4.912E+00  1.724E-03 
3.518E+05   4.868E+00  1.704E-03 
3.563E+05   4.824E+00  1.685E-03 
3.610E+05   4.781E+00  1.665E-03 
3.657E+05   4.738E+00  1.646E-03 
3.704E+05   4.695E+00  1.627E-03 
3.752E+05   4.653E+00  1.608E-03 
3.801E+05   4.612E+00  1.590E-03 
3.851E+05   4.571E+00  1.571E-03 
3.901E+05   4.530E+00  1.553E-03 
3.951E+05   4.489E+00  1.535E-03 
4.003E+05   4.450E+00  1.517E-03 
