Ion = Hydrogen    . Mass = 1.0079
Tgt =  P (Solid). Density = 1.8219 g/cm3
Stopping Units =  eV/(1E15 atoms/cm2)
Energy(keV)  S(Elec)    S(Nuc)
1.000E+00   4.531E+00  4.664E-01 
1.012E+00   4.557E+00  4.656E-01 
1.023E+00   4.583E+00  4.647E-01 
1.035E+00   4.610E+00  4.638E-01 
1.047E+00   4.636E+00  4.629E-01 
1.059E+00   4.663E+00  4.619E-01 
1.072E+00   4.690E+00  4.610E-01 
1.084E+00   4.717E+00  4.601E-01 
1.097E+00   4.745E+00  4.591E-01 
1.109E+00   4.772E+00  4.582E-01 
1.122E+00   4.800E+00  4.572E-01 
1.135E+00   4.827E+00  4.562E-01 
1.148E+00   4.855E+00  4.552E-01 
1.162E+00   4.883E+00  4.543E-01 
1.175E+00   4.912E+00  4.532E-01 
1.189E+00   4.940E+00  4.522E-01 
1.203E+00   4.969E+00  4.512E-01 
1.217E+00   4.997E+00  4.502E-01 
1.231E+00   5.026E+00  4.491E-01 
1.245E+00   5.055E+00  4.481E-01 
1.259E+00   5.085E+00  4.470E-01 
1.274E+00   5.114E+00  4.460E-01 
1.289E+00   5.143E+00  4.449E-01 
1.304E+00   5.173E+00  4.438E-01 
1.319E+00   5.203E+00  4.427E-01 
1.334E+00   5.233E+00  4.416E-01 
1.350E+00   5.263E+00  4.405E-01 
1.365E+00   5.294E+00  4.394E-01 
1.381E+00   5.325E+00  4.383E-01 
1.397E+00   5.355E+00  4.371E-01 
1.413E+00   5.386E+00  4.360E-01 
1.430E+00   5.417E+00  4.348E-01 
1.446E+00   5.449E+00  4.337E-01 
1.463E+00   5.480E+00  4.325E-01 
1.480E+00   5.512E+00  4.313E-01 
1.497E+00   5.544E+00  4.301E-01 
1.515E+00   5.576E+00  4.289E-01 
1.532E+00   5.608E+00  4.278E-01 
1.550E+00   5.641E+00  4.265E-01 
1.568E+00   5.673E+00  4.253E-01 
1.586E+00   5.706E+00  4.241E-01 
1.605E+00   5.739E+00  4.229E-01 
1.623E+00   5.772E+00  4.216E-01 
1.642E+00   5.806E+00  4.204E-01 
1.661E+00   5.839E+00  4.191E-01 
1.680E+00   5.873E+00  4.179E-01 
1.700E+00   5.907E+00  4.166E-01 
1.719E+00   5.941E+00  4.154E-01 
1.739E+00   5.975E+00  4.141E-01 
1.760E+00   6.010E+00  4.128E-01 
1.780E+00   6.045E+00  4.115E-01 
1.801E+00   6.080E+00  4.102E-01 
1.822E+00   6.115E+00  4.089E-01 
1.843E+00   6.150E+00  4.076E-01 
1.864E+00   6.186E+00  4.063E-01 
1.886E+00   6.222E+00  4.049E-01 
1.908E+00   6.257E+00  4.036E-01 
1.930E+00   6.294E+00  4.023E-01 
1.952E+00   6.330E+00  4.009E-01 
1.975E+00   6.367E+00  3.996E-01 
1.998E+00   6.403E+00  3.982E-01 
2.021E+00   6.439E+00  3.969E-01 
2.044E+00   6.467E+00  3.955E-01 
2.068E+00   6.496E+00  3.941E-01 
2.092E+00   6.526E+00  3.928E-01 
2.116E+00   6.555E+00  3.914E-01 
2.141E+00   6.585E+00  3.900E-01 
2.166E+00   6.615E+00  3.886E-01 
2.191E+00   6.645E+00  3.872E-01 
2.216E+00   6.676E+00  3.858E-01 
2.242E+00   6.706E+00  3.844E-01 
2.268E+00   6.737E+00  3.830E-01 
2.294E+00   6.769E+00  3.816E-01 
2.321E+00   6.800E+00  3.802E-01 
2.348E+00   6.832E+00  3.787E-01 
2.375E+00   6.864E+00  3.773E-01 
2.402E+00   6.897E+00  3.759E-01 
2.430E+00   6.929E+00  3.744E-01 
2.458E+00   6.962E+00  3.730E-01 
2.487E+00   6.995E+00  3.716E-01 
2.516E+00   7.029E+00  3.701E-01 
2.545E+00   7.063E+00  3.687E-01 
2.574E+00   7.097E+00  3.672E-01 
2.604E+00   7.131E+00  3.657E-01 
2.635E+00   7.166E+00  3.643E-01 
2.665E+00   7.201E+00  3.628E-01 
2.696E+00   7.237E+00  3.614E-01 
2.727E+00   7.272E+00  3.599E-01 
2.759E+00   7.308E+00  3.584E-01 
2.791E+00   7.345E+00  3.569E-01 
2.823E+00   7.381E+00  3.555E-01 
2.856E+00   7.419E+00  3.540E-01 
2.889E+00   7.456E+00  3.525E-01 
2.923E+00   7.494E+00  3.510E-01 
2.957E+00   7.532E+00  3.495E-01 
2.991E+00   7.571E+00  3.480E-01 
3.026E+00   7.609E+00  3.465E-01 
3.061E+00   7.649E+00  3.450E-01 
3.096E+00   7.689E+00  3.435E-01 
3.132E+00   7.729E+00  3.420E-01 
3.168E+00   7.769E+00  3.405E-01 
3.205E+00   7.810E+00  3.390E-01 
3.242E+00   7.851E+00  3.375E-01 
3.280E+00   7.893E+00  3.360E-01 
3.318E+00   7.935E+00  3.345E-01 
3.356E+00   7.978E+00  3.330E-01 
3.395E+00   8.021E+00  3.315E-01 
3.435E+00   8.065E+00  3.300E-01 
3.475E+00   8.109E+00  3.284E-01 
3.515E+00   8.153E+00  3.269E-01 
3.556E+00   8.198E+00  3.254E-01 
3.597E+00   8.244E+00  3.239E-01 
3.639E+00   8.290E+00  3.224E-01 
3.681E+00   8.336E+00  3.209E-01 
3.724E+00   8.383E+00  3.194E-01 
3.767E+00   8.430E+00  3.178E-01 
3.810E+00   8.478E+00  3.163E-01 
3.855E+00   8.527E+00  3.148E-01 
3.899E+00   8.576E+00  3.133E-01 
3.945E+00   8.625E+00  3.118E-01 
3.990E+00   8.675E+00  3.102E-01 
4.037E+00   8.726E+00  3.087E-01 
4.083E+00   8.777E+00  3.072E-01 
4.131E+00   8.829E+00  3.057E-01 
4.179E+00   8.881E+00  3.042E-01 
4.227E+00   8.934E+00  3.027E-01 
4.276E+00   8.988E+00  3.011E-01 
4.326E+00   9.042E+00  2.996E-01 
4.376E+00   9.097E+00  2.981E-01 
4.427E+00   9.152E+00  2.966E-01 
4.478E+00   9.208E+00  2.951E-01 
4.530E+00   9.264E+00  2.936E-01 
4.583E+00   9.321E+00  2.921E-01 
4.636E+00   9.379E+00  2.906E-01 
4.690E+00   9.438E+00  2.890E-01 
4.744E+00   9.497E+00  2.875E-01 
4.799E+00   9.556E+00  2.860E-01 
4.855E+00   9.617E+00  2.845E-01 
4.911E+00   9.678E+00  2.830E-01 
4.968E+00   9.739E+00  2.815E-01 
5.026E+00   9.802E+00  2.800E-01 
5.084E+00   9.865E+00  2.785E-01 
5.143E+00   9.928E+00  2.770E-01 
5.202E+00   9.993E+00  2.755E-01 
5.263E+00   1.006E+01  2.741E-01 
5.324E+00   1.012E+01  2.726E-01 
5.386E+00   1.019E+01  2.711E-01 
5.448E+00   1.026E+01  2.696E-01 
5.511E+00   1.033E+01  2.681E-01 
5.575E+00   1.039E+01  2.666E-01 
5.640E+00   1.046E+01  2.652E-01 
5.705E+00   1.053E+01  2.637E-01 
5.771E+00   1.060E+01  2.622E-01 
5.838E+00   1.068E+01  2.607E-01 
5.906E+00   1.075E+01  2.593E-01 
5.975E+00   1.082E+01  2.578E-01 
6.044E+00   1.089E+01  2.564E-01 
6.114E+00   1.097E+01  2.549E-01 
6.185E+00   1.104E+01  2.534E-01 
6.257E+00   1.112E+01  2.520E-01 
6.329E+00   1.120E+01  2.505E-01 
6.403E+00   1.127E+01  2.491E-01 
6.477E+00   1.135E+01  2.477E-01 
6.552E+00   1.143E+01  2.462E-01 
6.628E+00   1.151E+01  2.448E-01 
6.705E+00   1.159E+01  2.433E-01 
6.783E+00   1.167E+01  2.419E-01 
6.861E+00   1.175E+01  2.405E-01 
6.941E+00   1.184E+01  2.391E-01 
7.021E+00   1.192E+01  2.377E-01 
7.103E+00   1.201E+01  2.362E-01 
7.185E+00   1.209E+01  2.348E-01 
7.269E+00   1.218E+01  2.334E-01 
7.353E+00   1.226E+01  2.320E-01 
7.438E+00   1.235E+01  2.306E-01 
7.524E+00   1.244E+01  2.292E-01 
7.612E+00   1.253E+01  2.278E-01 
7.700E+00   1.262E+01  2.264E-01 
7.789E+00   1.271E+01  2.251E-01 
7.880E+00   1.280E+01  2.237E-01 
7.971E+00   1.289E+01  2.223E-01 
8.064E+00   1.299E+01  2.209E-01 
8.157E+00   1.308E+01  2.196E-01 
8.252E+00   1.318E+01  2.182E-01 
8.347E+00   1.327E+01  2.169E-01 
8.444E+00   1.337E+01  2.155E-01 
8.542E+00   1.346E+01  2.142E-01 
8.641E+00   1.356E+01  2.128E-01 
8.741E+00   1.366E+01  2.115E-01 
8.843E+00   1.376E+01  2.101E-01 
8.945E+00   1.386E+01  2.088E-01 
9.049E+00   1.396E+01  2.075E-01 
9.154E+00   1.406E+01  2.062E-01 
9.260E+00   1.417E+01  2.048E-01 
9.368E+00   1.427E+01  2.035E-01 
9.476E+00   1.437E+01  2.022E-01 
9.586E+00   1.448E+01  2.009E-01 
9.698E+00   1.458E+01  1.996E-01 
9.810E+00   1.469E+01  1.983E-01 
9.924E+00   1.480E+01  1.970E-01 
1.004E+01   1.491E+01  1.958E-01 
1.016E+01   1.501E+01  1.945E-01 
1.027E+01   1.512E+01  1.932E-01 
1.039E+01   1.523E+01  1.919E-01 
1.051E+01   1.534E+01  1.907E-01 
1.063E+01   1.546E+01  1.894E-01 
1.076E+01   1.557E+01  1.882E-01 
1.088E+01   1.568E+01  1.869E-01 
1.101E+01   1.580E+01  1.857E-01 
1.114E+01   1.591E+01  1.844E-01 
1.127E+01   1.602E+01  1.832E-01 
1.140E+01   1.614E+01  1.820E-01 
1.153E+01   1.626E+01  1.808E-01 
1.166E+01   1.637E+01  1.795E-01 
1.180E+01   1.649E+01  1.783E-01 
1.193E+01   1.661E+01  1.771E-01 
1.207E+01   1.673E+01  1.759E-01 
1.221E+01   1.685E+01  1.747E-01 
1.235E+01   1.697E+01  1.735E-01 
1.250E+01   1.709E+01  1.724E-01 
1.264E+01   1.721E+01  1.712E-01 
1.279E+01   1.733E+01  1.700E-01 
1.294E+01   1.746E+01  1.688E-01 
1.309E+01   1.758E+01  1.677E-01 
1.324E+01   1.770E+01  1.665E-01 
1.339E+01   1.783E+01  1.654E-01 
1.355E+01   1.795E+01  1.642E-01 
1.371E+01   1.807E+01  1.631E-01 
1.387E+01   1.820E+01  1.619E-01 
1.403E+01   1.833E+01  1.608E-01 
1.419E+01   1.845E+01  1.597E-01 
1.435E+01   1.858E+01  1.585E-01 
1.452E+01   1.871E+01  1.574E-01 
1.469E+01   1.883E+01  1.563E-01 
1.486E+01   1.896E+01  1.552E-01 
1.503E+01   1.909E+01  1.541E-01 
1.521E+01   1.922E+01  1.530E-01 
1.538E+01   1.935E+01  1.519E-01 
1.556E+01   1.948E+01  1.509E-01 
1.574E+01   1.961E+01  1.498E-01 
1.592E+01   1.973E+01  1.487E-01 
1.611E+01   1.986E+01  1.476E-01 
1.629E+01   1.999E+01  1.466E-01 
1.648E+01   2.012E+01  1.455E-01 
1.667E+01   2.025E+01  1.445E-01 
1.687E+01   2.038E+01  1.434E-01 
1.706E+01   2.052E+01  1.424E-01 
1.726E+01   2.065E+01  1.414E-01 
1.746E+01   2.078E+01  1.403E-01 
1.766E+01   2.091E+01  1.393E-01 
1.787E+01   2.104E+01  1.383E-01 
1.808E+01   2.117E+01  1.373E-01 
1.829E+01   2.130E+01  1.363E-01 
1.850E+01   2.143E+01  1.353E-01 
1.871E+01   2.156E+01  1.343E-01 
1.893E+01   2.169E+01  1.333E-01 
1.915E+01   2.182E+01  1.323E-01 
1.937E+01   2.195E+01  1.313E-01 
1.960E+01   2.208E+01  1.304E-01 
1.982E+01   2.221E+01  1.294E-01 
2.005E+01   2.234E+01  1.284E-01 
2.029E+01   2.246E+01  1.275E-01 
2.052E+01   2.259E+01  1.265E-01 
2.076E+01   2.272E+01  1.256E-01 
2.100E+01   2.285E+01  1.246E-01 
2.124E+01   2.297E+01  1.237E-01 
2.149E+01   2.310E+01  1.228E-01 
2.174E+01   2.323E+01  1.219E-01 
2.199E+01   2.335E+01  1.209E-01 
2.225E+01   2.348E+01  1.200E-01 
2.250E+01   2.360E+01  1.191E-01 
2.277E+01   2.372E+01  1.182E-01 
2.303E+01   2.385E+01  1.173E-01 
2.330E+01   2.397E+01  1.164E-01 
2.357E+01   2.409E+01  1.155E-01 
2.384E+01   2.421E+01  1.147E-01 
2.412E+01   2.433E+01  1.138E-01 
2.440E+01   2.445E+01  1.129E-01 
2.468E+01   2.457E+01  1.120E-01 
2.497E+01   2.468E+01  1.112E-01 
2.526E+01   2.480E+01  1.103E-01 
2.555E+01   2.492E+01  1.095E-01 
2.584E+01   2.503E+01  1.086E-01 
2.614E+01   2.514E+01  1.078E-01 
2.645E+01   2.525E+01  1.070E-01 
2.675E+01   2.537E+01  1.061E-01 
2.707E+01   2.548E+01  1.053E-01 
2.738E+01   2.558E+01  1.045E-01 
2.770E+01   2.569E+01  1.037E-01 
2.802E+01   2.580E+01  1.029E-01 
2.834E+01   2.590E+01  1.021E-01 
2.867E+01   2.601E+01  1.013E-01 
2.900E+01   2.611E+01  1.005E-01 
2.934E+01   2.621E+01  9.969E-02 
2.968E+01   2.631E+01  9.891E-02 
3.003E+01   2.641E+01  9.813E-02 
3.037E+01   2.650E+01  9.736E-02 
3.073E+01   2.660E+01  9.659E-02 
3.108E+01   2.669E+01  9.583E-02 
3.144E+01   2.679E+01  9.507E-02 
3.181E+01   2.688E+01  9.432E-02 
3.218E+01   2.697E+01  9.357E-02 
3.255E+01   2.705E+01  9.283E-02 
3.293E+01   2.714E+01  9.209E-02 
3.331E+01   2.722E+01  9.136E-02 
3.370E+01   2.731E+01  9.063E-02 
3.409E+01   2.739E+01  8.990E-02 
3.448E+01   2.746E+01  8.919E-02 
3.488E+01   2.754E+01  8.847E-02 
3.529E+01   2.762E+01  8.776E-02 
3.570E+01   2.769E+01  8.706E-02 
3.611E+01   2.776E+01  8.636E-02 
3.653E+01   2.783E+01  8.566E-02 
3.695E+01   2.790E+01  8.497E-02 
3.738E+01   2.797E+01  8.429E-02 
3.781E+01   2.803E+01  8.361E-02 
3.825E+01   2.809E+01  8.293E-02 
3.870E+01   2.815E+01  8.226E-02 
3.915E+01   2.821E+01  8.159E-02 
3.960E+01   2.827E+01  8.093E-02 
4.006E+01   2.832E+01  8.027E-02 
4.052E+01   2.838E+01  7.962E-02 
4.099E+01   2.843E+01  7.906E-02 
4.147E+01   2.848E+01  7.842E-02 
4.195E+01   2.852E+01  7.778E-02 
4.244E+01   2.857E+01  7.714E-02 
4.293E+01   2.861E+01  7.652E-02 
4.343E+01   2.865E+01  7.589E-02 
4.393E+01   2.869E+01  7.527E-02 
4.444E+01   2.872E+01  7.466E-02 
4.496E+01   2.876E+01  7.404E-02 
4.548E+01   2.879E+01  7.344E-02 
4.600E+01   2.882E+01  7.283E-02 
4.654E+01   2.885E+01  7.223E-02 
4.708E+01   2.888E+01  7.164E-02 
4.762E+01   2.890E+01  7.105E-02 
4.818E+01   2.892E+01  7.046E-02 
4.873E+01   2.894E+01  6.988E-02 
4.930E+01   2.896E+01  6.930E-02 
4.987E+01   2.897E+01  6.873E-02 
5.045E+01   2.899E+01  6.816E-02 
5.104E+01   2.900E+01  6.759E-02 
5.163E+01   2.901E+01  6.703E-02 
5.223E+01   2.901E+01  6.647E-02 
5.283E+01   2.902E+01  6.591E-02 
5.344E+01   2.902E+01  6.536E-02 
5.406E+01   2.902E+01  6.482E-02 
5.469E+01   2.902E+01  6.428E-02 
5.533E+01   2.902E+01  6.374E-02 
5.597E+01   2.901E+01  6.320E-02 
5.662E+01   2.901E+01  6.267E-02 
5.727E+01   2.900E+01  6.214E-02 
5.794E+01   2.899E+01  6.162E-02 
5.861E+01   2.897E+01  6.110E-02 
5.929E+01   2.896E+01  6.059E-02 
5.998E+01   2.894E+01  6.008E-02 
6.067E+01   2.892E+01  5.957E-02 
6.138E+01   2.890E+01  5.906E-02 
6.209E+01   2.888E+01  5.856E-02 
6.281E+01   2.886E+01  5.807E-02 
6.354E+01   2.883E+01  5.757E-02 
6.427E+01   2.880E+01  5.708E-02 
6.502E+01   2.877E+01  5.660E-02 
6.577E+01   2.874E+01  5.612E-02 
6.654E+01   2.871E+01  5.564E-02 
6.731E+01   2.867E+01  5.516E-02 
6.809E+01   2.863E+01  5.469E-02 
6.888E+01   2.859E+01  5.422E-02 
6.968E+01   2.855E+01  5.376E-02 
7.049E+01   2.851E+01  5.330E-02 
7.130E+01   2.847E+01  5.284E-02 
7.213E+01   2.842E+01  5.239E-02 
7.297E+01   2.837E+01  5.194E-02 
7.381E+01   2.832E+01  5.149E-02 
7.467E+01   2.827E+01  5.105E-02 
7.554E+01   2.822E+01  5.061E-02 
7.641E+01   2.817E+01  5.017E-02 
7.730E+01   2.811E+01  4.974E-02 
7.820E+01   2.806E+01  4.931E-02 
7.910E+01   2.800E+01  4.888E-02 
8.002E+01   2.794E+01  4.846E-02 
8.095E+01   2.788E+01  4.804E-02 
8.189E+01   2.781E+01  4.762E-02 
8.284E+01   2.775E+01  4.721E-02 
8.380E+01   2.769E+01  4.680E-02 
8.477E+01   2.762E+01  4.639E-02 
8.575E+01   2.755E+01  4.599E-02 
8.675E+01   2.748E+01  4.559E-02 
8.775E+01   2.741E+01  4.519E-02 
8.877E+01   2.734E+01  4.480E-02 
8.980E+01   2.727E+01  4.440E-02 
9.084E+01   2.719E+01  4.402E-02 
9.190E+01   2.712E+01  4.363E-02 
9.296E+01   2.704E+01  4.325E-02 
9.404E+01   2.696E+01  4.287E-02 
9.513E+01   2.689E+01  4.249E-02 
9.624E+01   2.681E+01  4.212E-02 
9.735E+01   2.673E+01  4.175E-02 
9.848E+01   2.664E+01  4.138E-02 
9.962E+01   2.656E+01  4.102E-02 
1.008E+02   2.648E+01  4.066E-02 
1.019E+02   2.639E+01  4.030E-02 
1.031E+02   2.631E+01  3.994E-02 
1.043E+02   2.622E+01  3.959E-02 
1.055E+02   2.613E+01  3.924E-02 
1.068E+02   2.605E+01  3.889E-02 
1.080E+02   2.596E+01  3.855E-02 
1.093E+02   2.587E+01  3.821E-02 
1.105E+02   2.578E+01  3.787E-02 
1.118E+02   2.569E+01  3.753E-02 
1.131E+02   2.559E+01  3.720E-02 
1.144E+02   2.550E+01  3.687E-02 
1.157E+02   2.541E+01  3.654E-02 
1.171E+02   2.531E+01  3.622E-02 
1.184E+02   2.522E+01  3.589E-02 
1.198E+02   2.512E+01  3.557E-02 
1.212E+02   2.503E+01  3.526E-02 
1.226E+02   2.493E+01  3.494E-02 
1.240E+02   2.484E+01  3.463E-02 
1.255E+02   2.474E+01  3.432E-02 
1.269E+02   2.464E+01  3.401E-02 
1.284E+02   2.454E+01  3.371E-02 
1.299E+02   2.444E+01  3.341E-02 
1.314E+02   2.434E+01  3.311E-02 
1.329E+02   2.424E+01  3.281E-02 
1.345E+02   2.414E+01  3.252E-02 
1.360E+02   2.404E+01  3.222E-02 
1.376E+02   2.394E+01  3.193E-02 
1.392E+02   2.384E+01  3.165E-02 
1.408E+02   2.374E+01  3.136E-02 
1.424E+02   2.363E+01  3.108E-02 
1.441E+02   2.353E+01  3.080E-02 
1.458E+02   2.343E+01  3.052E-02 
1.475E+02   2.333E+01  3.025E-02 
1.492E+02   2.322E+01  2.997E-02 
1.509E+02   2.312E+01  2.970E-02 
1.526E+02   2.302E+01  2.943E-02 
1.544E+02   2.291E+01  2.917E-02 
1.562E+02   2.281E+01  2.890E-02 
1.580E+02   2.270E+01  2.864E-02 
1.598E+02   2.260E+01  2.838E-02 
1.617E+02   2.249E+01  2.812E-02 
1.636E+02   2.239E+01  2.787E-02 
1.655E+02   2.228E+01  2.762E-02 
1.674E+02   2.218E+01  2.736E-02 
1.693E+02   2.207E+01  2.712E-02 
1.713E+02   2.197E+01  2.687E-02 
1.733E+02   2.186E+01  2.662E-02 
1.753E+02   2.176E+01  2.638E-02 
1.773E+02   2.165E+01  2.614E-02 
1.794E+02   2.155E+01  2.590E-02 
1.815E+02   2.144E+01  2.567E-02 
1.836E+02   2.134E+01  2.543E-02 
1.857E+02   2.123E+01  2.520E-02 
1.879E+02   2.113E+01  2.497E-02 
1.900E+02   2.102E+01  2.474E-02 
1.922E+02   2.092E+01  2.451E-02 
1.945E+02   2.081E+01  2.429E-02 
1.967E+02   2.070E+01  2.407E-02 
1.990E+02   2.060E+01  2.385E-02 
2.013E+02   2.049E+01  2.363E-02 
2.036E+02   2.039E+01  2.341E-02 
2.060E+02   2.028E+01  2.319E-02 
2.084E+02   2.018E+01  2.298E-02 
2.108E+02   2.008E+01  2.277E-02 
2.133E+02   1.997E+01  2.256E-02 
2.157E+02   1.987E+01  2.235E-02 
2.182E+02   1.976E+01  2.215E-02 
2.208E+02   1.966E+01  2.194E-02 
2.233E+02   1.955E+01  2.174E-02 
2.259E+02   1.945E+01  2.154E-02 
2.285E+02   1.935E+01  2.134E-02 
2.312E+02   1.924E+01  2.114E-02 
2.339E+02   1.914E+01  2.095E-02 
2.366E+02   1.904E+01  2.075E-02 
2.393E+02   1.894E+01  2.056E-02 
2.421E+02   1.883E+01  2.037E-02 
2.449E+02   1.873E+01  2.018E-02 
2.478E+02   1.863E+01  2.000E-02 
2.506E+02   1.853E+01  1.981E-02 
2.535E+02   1.843E+01  1.963E-02 
2.565E+02   1.832E+01  1.944E-02 
2.595E+02   1.822E+01  1.926E-02 
2.625E+02   1.812E+01  1.908E-02 
2.655E+02   1.802E+01  1.891E-02 
2.686E+02   1.792E+01  1.873E-02 
2.717E+02   1.782E+01  1.856E-02 
2.749E+02   1.772E+01  1.838E-02 
2.780E+02   1.762E+01  1.821E-02 
2.813E+02   1.752E+01  1.804E-02 
2.845E+02   1.743E+01  1.787E-02 
2.878E+02   1.733E+01  1.771E-02 
2.912E+02   1.723E+01  1.754E-02 
2.945E+02   1.713E+01  1.738E-02 
2.980E+02   1.703E+01  1.722E-02 
3.014E+02   1.694E+01  1.705E-02 
3.049E+02   1.684E+01  1.690E-02 
3.085E+02   1.674E+01  1.674E-02 
3.120E+02   1.665E+01  1.658E-02 
3.156E+02   1.655E+01  1.643E-02 
3.193E+02   1.646E+01  1.627E-02 
3.230E+02   1.636E+01  1.612E-02 
3.268E+02   1.627E+01  1.597E-02 
3.306E+02   1.617E+01  1.582E-02 
3.344E+02   1.608E+01  1.567E-02 
3.383E+02   1.598E+01  1.552E-02 
3.422E+02   1.589E+01  1.538E-02 
3.462E+02   1.580E+01  1.523E-02 
3.502E+02   1.570E+01  1.509E-02 
3.542E+02   1.561E+01  1.495E-02 
3.583E+02   1.552E+01  1.481E-02 
3.625E+02   1.543E+01  1.467E-02 
3.667E+02   1.534E+01  1.453E-02 
3.710E+02   1.525E+01  1.439E-02 
3.753E+02   1.516E+01  1.426E-02 
3.796E+02   1.507E+01  1.412E-02 
3.840E+02   1.498E+01  1.399E-02 
3.885E+02   1.489E+01  1.386E-02 
3.930E+02   1.480E+01  1.372E-02 
3.975E+02   1.471E+01  1.359E-02 
4.021E+02   1.462E+01  1.347E-02 
4.068E+02   1.453E+01  1.334E-02 
4.115E+02   1.444E+01  1.321E-02 
4.163E+02   1.436E+01  1.309E-02 
4.211E+02   1.427E+01  1.296E-02 
4.260E+02   1.418E+01  1.284E-02 
4.310E+02   1.410E+01  1.272E-02 
4.360E+02   1.401E+01  1.260E-02 
4.410E+02   1.393E+01  1.248E-02 
4.461E+02   1.384E+01  1.236E-02 
4.513E+02   1.376E+01  1.224E-02 
4.565E+02   1.367E+01  1.213E-02 
4.618E+02   1.359E+01  1.201E-02 
4.672E+02   1.351E+01  1.190E-02 
4.726E+02   1.343E+01  1.178E-02 
4.781E+02   1.334E+01  1.167E-02 
4.836E+02   1.326E+01  1.156E-02 
4.892E+02   1.318E+01  1.145E-02 
4.949E+02   1.310E+01  1.134E-02 
5.007E+02   1.302E+01  1.123E-02 
5.065E+02   1.294E+01  1.113E-02 
5.123E+02   1.286E+01  1.102E-02 
5.183E+02   1.278E+01  1.091E-02 
5.243E+02   1.270E+01  1.081E-02 
5.304E+02   1.262E+01  1.071E-02 
5.365E+02   1.254E+01  1.060E-02 
5.428E+02   1.246E+01  1.050E-02 
5.490E+02   1.238E+01  1.040E-02 
5.554E+02   1.231E+01  1.030E-02 
5.619E+02   1.223E+01  1.020E-02 
5.684E+02   1.215E+01  1.011E-02 
5.750E+02   1.208E+01  1.001E-02 
5.816E+02   1.200E+01  9.915E-03 
5.884E+02   1.193E+01  9.820E-03 
5.952E+02   1.185E+01  9.725E-03 
6.021E+02   1.178E+01  9.632E-03 
6.091E+02   1.170E+01  9.540E-03 
6.162E+02   1.163E+01  9.448E-03 
6.233E+02   1.156E+01  9.357E-03 
6.305E+02   1.148E+01  9.268E-03 
6.378E+02   1.141E+01  9.179E-03 
6.452E+02   1.134E+01  9.090E-03 
6.527E+02   1.127E+01  9.003E-03 
6.603E+02   1.119E+01  8.916E-03 
6.680E+02   1.112E+01  8.831E-03 
6.757E+02   1.105E+01  8.746E-03 
6.835E+02   1.098E+01  8.661E-03 
6.915E+02   1.091E+01  8.578E-03 
6.995E+02   1.084E+01  8.495E-03 
7.076E+02   1.077E+01  8.413E-03 
7.158E+02   1.070E+01  8.332E-03 
7.241E+02   1.064E+01  8.252E-03 
7.325E+02   1.057E+01  8.172E-03 
7.410E+02   1.050E+01  8.093E-03 
7.496E+02   1.043E+01  8.015E-03 
7.583E+02   1.036E+01  7.938E-03 
7.671E+02   1.030E+01  7.861E-03 
7.760E+02   1.023E+01  7.785E-03 
7.850E+02   1.017E+01  7.710E-03 
7.941E+02   1.010E+01  7.635E-03 
8.033E+02   1.004E+01  7.561E-03 
8.126E+02   9.971E+00  7.488E-03 
8.221E+02   9.906E+00  7.416E-03 
8.316E+02   9.842E+00  7.344E-03 
8.412E+02   9.779E+00  7.273E-03 
8.510E+02   9.715E+00  7.202E-03 
8.609E+02   9.652E+00  7.132E-03 
8.709E+02   9.590E+00  7.063E-03 
8.810E+02   9.527E+00  6.995E-03 
8.912E+02   9.465E+00  6.927E-03 
9.015E+02   9.404E+00  6.860E-03 
9.120E+02   9.343E+00  6.793E-03 
9.225E+02   9.282E+00  6.727E-03 
9.332E+02   9.221E+00  6.662E-03 
9.441E+02   9.161E+00  6.597E-03 
9.550E+02   9.101E+00  6.533E-03 
9.661E+02   9.042E+00  6.469E-03 
9.773E+02   8.983E+00  6.406E-03 
9.886E+02   8.924E+00  6.344E-03 
1.000E+03   8.865E+00  6.282E-03 
1.012E+03   8.808E+00  6.221E-03 
1.023E+03   8.753E+00  6.160E-03 
1.035E+03   8.698E+00  6.100E-03 
1.047E+03   8.642E+00  6.041E-03 
1.059E+03   8.585E+00  5.982E-03 
1.072E+03   8.527E+00  5.924E-03 
1.084E+03   8.469E+00  5.866E-03 
1.097E+03   8.410E+00  5.809E-03 
1.109E+03   8.350E+00  5.752E-03 
1.122E+03   8.290E+00  5.696E-03 
1.135E+03   8.229E+00  5.640E-03 
1.149E+03   8.168E+00  5.585E-03 
1.162E+03   8.105E+00  5.530E-03 
1.175E+03   8.042E+00  5.476E-03 
1.189E+03   7.978E+00  5.423E-03 
1.203E+03   7.914E+00  5.370E-03 
1.217E+03   7.852E+00  5.317E-03 
1.231E+03   7.794E+00  5.265E-03 
1.245E+03   7.736E+00  5.214E-03 
1.260E+03   7.679E+00  5.163E-03 
1.274E+03   7.622E+00  5.112E-03 
1.289E+03   7.565E+00  5.062E-03 
1.304E+03   7.509E+00  5.012E-03 
1.319E+03   7.453E+00  4.963E-03 
1.334E+03   7.397E+00  4.914E-03 
1.350E+03   7.341E+00  4.866E-03 
1.365E+03   7.286E+00  4.818E-03 
1.381E+03   7.232E+00  4.771E-03 
1.397E+03   7.177E+00  4.724E-03 
1.414E+03   7.123E+00  4.678E-03 
1.430E+03   7.069E+00  4.632E-03 
1.446E+03   7.016E+00  4.586E-03 
1.463E+03   6.963E+00  4.541E-03 
1.480E+03   6.910E+00  4.497E-03 
1.497E+03   6.857E+00  4.452E-03 
1.515E+03   6.805E+00  4.409E-03 
1.532E+03   6.753E+00  4.365E-03 
1.550E+03   6.702E+00  4.322E-03 
1.568E+03   6.651E+00  4.280E-03 
1.586E+03   6.600E+00  4.238E-03 
1.605E+03   6.549E+00  4.196E-03 
1.623E+03   6.499E+00  4.155E-03 
1.642E+03   6.449E+00  4.114E-03 
1.661E+03   6.399E+00  4.073E-03 
1.680E+03   6.350E+00  4.033E-03 
1.700E+03   6.301E+00  3.993E-03 
1.720E+03   6.253E+00  3.954E-03 
1.740E+03   6.204E+00  3.915E-03 
1.760E+03   6.156E+00  3.876E-03 
1.780E+03   6.108E+00  3.838E-03 
1.801E+03   6.061E+00  3.800E-03 
1.822E+03   6.014E+00  3.762E-03 
1.843E+03   5.967E+00  3.725E-03 
1.864E+03   5.920E+00  3.688E-03 
1.886E+03   5.874E+00  3.652E-03 
1.908E+03   5.828E+00  3.616E-03 
1.930E+03   5.783E+00  3.580E-03 
1.952E+03   5.737E+00  3.545E-03 
1.975E+03   5.692E+00  3.509E-03 
1.998E+03   5.648E+00  3.475E-03 
2.021E+03   5.603E+00  3.440E-03 
2.044E+03   5.559E+00  3.406E-03 
2.068E+03   5.515E+00  3.372E-03 
2.092E+03   5.472E+00  3.339E-03 
2.116E+03   5.429E+00  3.306E-03 
2.141E+03   5.386E+00  3.273E-03 
2.166E+03   5.343E+00  3.241E-03 
2.191E+03   5.301E+00  3.209E-03 
2.216E+03   5.259E+00  3.177E-03 
2.242E+03   5.217E+00  3.145E-03 
2.268E+03   5.175E+00  3.114E-03 
2.294E+03   5.134E+00  3.083E-03 
2.321E+03   5.093E+00  3.052E-03 
2.348E+03   5.052E+00  3.022E-03 
2.375E+03   5.012E+00  2.992E-03 
2.403E+03   4.972E+00  2.962E-03 
2.431E+03   4.932E+00  2.933E-03 
2.459E+03   4.893E+00  2.904E-03 
2.487E+03   4.853E+00  2.875E-03 
2.516E+03   4.814E+00  2.846E-03 
2.545E+03   4.776E+00  2.818E-03 
2.575E+03   4.737E+00  2.790E-03 
2.605E+03   4.699E+00  2.762E-03 
2.635E+03   4.661E+00  2.735E-03 
2.665E+03   4.623E+00  2.707E-03 
2.696E+03   4.586E+00  2.680E-03 
2.728E+03   4.549E+00  2.654E-03 
2.759E+03   4.512E+00  2.627E-03 
2.791E+03   4.475E+00  2.601E-03 
2.824E+03   4.439E+00  2.575E-03 
2.856E+03   4.403E+00  2.549E-03 
2.889E+03   4.367E+00  2.524E-03 
2.923E+03   4.331E+00  2.499E-03 
2.957E+03   4.296E+00  2.474E-03 
2.991E+03   4.261E+00  2.449E-03 
3.026E+03   4.226E+00  2.425E-03 
3.061E+03   4.192E+00  2.401E-03 
3.097E+03   4.157E+00  2.377E-03 
3.132E+03   4.123E+00  2.353E-03 
3.169E+03   4.089E+00  2.329E-03 
3.206E+03   4.056E+00  2.306E-03 
3.243E+03   4.022E+00  2.283E-03 
3.280E+03   3.989E+00  2.260E-03 
3.318E+03   3.956E+00  2.238E-03 
3.357E+03   3.924E+00  2.215E-03 
3.396E+03   3.891E+00  2.193E-03 
3.435E+03   3.859E+00  2.171E-03 
3.475E+03   3.827E+00  2.149E-03 
3.515E+03   3.796E+00  2.128E-03 
3.556E+03   3.764E+00  2.106E-03 
3.597E+03   3.733E+00  2.085E-03 
3.639E+03   3.702E+00  2.064E-03 
3.681E+03   3.671E+00  2.044E-03 
3.724E+03   3.641E+00  2.023E-03 
3.767E+03   3.611E+00  2.003E-03 
3.811E+03   3.580E+00  1.983E-03 
3.855E+03   3.551E+00  1.963E-03 
3.900E+03   3.521E+00  1.943E-03 
3.945E+03   3.492E+00  1.924E-03 
3.991E+03   3.462E+00  1.905E-03 
4.037E+03   3.433E+00  1.885E-03 
4.084E+03   3.405E+00  1.867E-03 
4.131E+03   3.376E+00  1.848E-03 
4.179E+03   3.348E+00  1.829E-03 
4.228E+03   3.320E+00  1.811E-03 
4.277E+03   3.292E+00  1.793E-03 
4.326E+03   3.264E+00  1.775E-03 
4.376E+03   3.237E+00  1.757E-03 
4.427E+03   3.209E+00  1.739E-03 
4.479E+03   3.182E+00  1.722E-03 
4.531E+03   3.155E+00  1.704E-03 
4.583E+03   3.129E+00  1.687E-03 
4.636E+03   3.102E+00  1.670E-03 
4.690E+03   3.076E+00  1.653E-03 
4.744E+03   3.050E+00  1.637E-03 
4.799E+03   3.024E+00  1.620E-03 
4.855E+03   2.999E+00  1.604E-03 
4.911E+03   2.973E+00  1.588E-03 
4.968E+03   2.948E+00  1.572E-03 
5.026E+03   2.923E+00  1.556E-03 
5.084E+03   2.898E+00  1.540E-03 
5.143E+03   2.873E+00  1.525E-03 
5.203E+03   2.849E+00  1.509E-03 
5.263E+03   2.825E+00  1.494E-03 
5.324E+03   2.801E+00  1.479E-03 
5.386E+03   2.777E+00  1.464E-03 
5.449E+03   2.753E+00  1.449E-03 
5.512E+03   2.729E+00  1.435E-03 
5.576E+03   2.706E+00  1.420E-03 
5.640E+03   2.683E+00  1.406E-03 
5.706E+03   2.660E+00  1.392E-03 
5.772E+03   2.637E+00  1.378E-03 
5.839E+03   2.614E+00  1.364E-03 
5.907E+03   2.592E+00  1.350E-03 
5.975E+03   2.570E+00  1.336E-03 
6.045E+03   2.548E+00  1.323E-03 
6.115E+03   2.526E+00  1.309E-03 
6.186E+03   2.504E+00  1.296E-03 
6.257E+03   2.482E+00  1.283E-03 
6.330E+03   2.461E+00  1.270E-03 
6.403E+03   2.440E+00  1.257E-03 
6.478E+03   2.419E+00  1.245E-03 
6.553E+03   2.398E+00  1.232E-03 
6.629E+03   2.377E+00  1.220E-03 
6.706E+03   2.356E+00  1.207E-03 
6.783E+03   2.336E+00  1.195E-03 
6.862E+03   2.316E+00  1.183E-03 
6.942E+03   2.296E+00  1.171E-03 
7.022E+03   2.276E+00  1.159E-03 
7.104E+03   2.256E+00  1.147E-03 
7.186E+03   2.236E+00  1.136E-03 
7.269E+03   2.217E+00  1.124E-03 
7.354E+03   2.198E+00  1.113E-03 
7.439E+03   2.178E+00  1.101E-03 
7.525E+03   2.159E+00  1.090E-03 
7.613E+03   2.141E+00  1.079E-03 
7.701E+03   2.122E+00  1.068E-03 
7.790E+03   2.103E+00  1.057E-03 
7.881E+03   2.085E+00  1.047E-03 
7.972E+03   2.067E+00  1.036E-03 
8.064E+03   2.049E+00  1.026E-03 
8.158E+03   2.031E+00  1.015E-03 
8.253E+03   2.013E+00  1.005E-03 
8.348E+03   1.995E+00  9.946E-04 
8.445E+03   1.978E+00  9.845E-04 
8.543E+03   1.961E+00  9.745E-04 
8.642E+03   1.943E+00  9.646E-04 
8.742E+03   1.926E+00  9.548E-04 
8.844E+03   1.909E+00  9.451E-04 
8.946E+03   1.893E+00  9.355E-04 
9.050E+03   1.876E+00  9.260E-04 
9.155E+03   1.860E+00  9.166E-04 
9.261E+03   1.843E+00  9.073E-04 
9.369E+03   1.827E+00  8.980E-04 
9.477E+03   1.811E+00  8.889E-04 
9.587E+03   1.795E+00  8.798E-04 
9.699E+03   1.779E+00  8.709E-04 
9.811E+03   1.763E+00  8.620E-04 
9.925E+03   1.748E+00  8.532E-04 
1.004E+04   1.732E+00  8.445E-04 
1.016E+04   1.717E+00  8.359E-04 
1.027E+04   1.702E+00  8.274E-04 
1.039E+04   1.687E+00  8.190E-04 
1.051E+04   1.672E+00  8.107E-04 
1.064E+04   1.657E+00  8.024E-04 
1.076E+04   1.642E+00  7.942E-04 
1.088E+04   1.628E+00  7.861E-04 
1.101E+04   1.613E+00  7.781E-04 
1.114E+04   1.599E+00  7.702E-04 
1.127E+04   1.585E+00  7.623E-04 
1.140E+04   1.571E+00  7.545E-04 
1.153E+04   1.557E+00  7.468E-04 
1.166E+04   1.543E+00  7.392E-04 
1.180E+04   1.529E+00  7.317E-04 
1.194E+04   1.516E+00  7.242E-04 
1.207E+04   1.502E+00  7.168E-04 
1.221E+04   1.489E+00  7.095E-04 
1.236E+04   1.476E+00  7.022E-04 
1.250E+04   1.462E+00  6.951E-04 
1.264E+04   1.449E+00  6.880E-04 
1.279E+04   1.436E+00  6.809E-04 
1.294E+04   1.424E+00  6.740E-04 
1.309E+04   1.411E+00  6.671E-04 
1.324E+04   1.398E+00  6.603E-04 
1.340E+04   1.386E+00  6.535E-04 
1.355E+04   1.373E+00  6.468E-04 
1.371E+04   1.361E+00  6.402E-04 
1.387E+04   1.349E+00  6.337E-04 
1.403E+04   1.337E+00  6.272E-04 
1.419E+04   1.325E+00  6.208E-04 
1.435E+04   1.313E+00  6.144E-04 
1.452E+04   1.301E+00  6.081E-04 
1.469E+04   1.290E+00  6.019E-04 
1.486E+04   1.278E+00  5.957E-04 
1.503E+04   1.267E+00  5.896E-04 
1.521E+04   1.255E+00  5.836E-04 
1.538E+04   1.244E+00  5.776E-04 
1.556E+04   1.233E+00  5.717E-04 
1.574E+04   1.222E+00  5.658E-04 
1.592E+04   1.211E+00  5.600E-04 
1.611E+04   1.200E+00  5.543E-04 
1.630E+04   1.189E+00  5.486E-04 
1.649E+04   1.178E+00  5.430E-04 
1.668E+04   1.168E+00  5.374E-04 
1.687E+04   1.157E+00  5.319E-04 
1.707E+04   1.147E+00  5.265E-04 
1.726E+04   1.137E+00  5.211E-04 
1.746E+04   1.126E+00  5.157E-04 
1.767E+04   1.116E+00  5.104E-04 
1.787E+04   1.106E+00  5.052E-04 
1.808E+04   1.096E+00  5.000E-04 
1.829E+04   1.086E+00  4.949E-04 
1.850E+04   1.077E+00  4.898E-04 
1.871E+04   1.067E+00  4.848E-04 
1.893E+04   1.057E+00  4.798E-04 
1.915E+04   1.048E+00  4.749E-04 
1.937E+04   1.038E+00  4.700E-04 
1.960E+04   1.029E+00  4.651E-04 
1.983E+04   1.020E+00  4.604E-04 
2.006E+04   1.011E+00  4.556E-04 
2.029E+04   1.001E+00  4.510E-04 
2.052E+04   9.924E-01  4.463E-04 
2.076E+04   9.834E-01  4.417E-04 
2.100E+04   9.746E-01  4.372E-04 
2.125E+04   9.658E-01  4.327E-04 
2.149E+04   9.571E-01  4.282E-04 
2.174E+04   9.484E-01  4.238E-04 
2.199E+04   9.399E-01  4.195E-04 
2.225E+04   9.314E-01  4.152E-04 
2.251E+04   9.230E-01  4.109E-04 
2.277E+04   9.146E-01  4.067E-04 
2.303E+04   9.064E-01  4.025E-04 
2.330E+04   8.982E-01  3.983E-04 
2.357E+04   8.901E-01  3.942E-04 
2.384E+04   8.820E-01  3.902E-04 
2.412E+04   8.741E-01  3.862E-04 
2.440E+04   8.662E-01  3.822E-04 
2.468E+04   8.583E-01  3.782E-04 
2.497E+04   8.506E-01  3.743E-04 
2.526E+04   8.429E-01  3.705E-04 
2.555E+04   8.353E-01  3.667E-04 
2.585E+04   8.277E-01  3.629E-04 
2.615E+04   8.203E-01  3.591E-04 
2.645E+04   8.128E-01  3.554E-04 
2.676E+04   8.055E-01  3.518E-04 
2.707E+04   7.982E-01  3.481E-04 
2.738E+04   7.910E-01  3.446E-04 
2.770E+04   7.839E-01  3.410E-04 
2.802E+04   7.768E-01  3.375E-04 
2.835E+04   7.698E-01  3.340E-04 
2.867E+04   7.628E-01  3.306E-04 
2.901E+04   7.559E-01  3.271E-04 
2.934E+04   7.491E-01  3.238E-04 
2.968E+04   7.423E-01  3.204E-04 
3.003E+04   7.356E-01  3.171E-04 
3.038E+04   7.290E-01  3.138E-04 
3.073E+04   7.224E-01  3.106E-04 
3.109E+04   7.159E-01  3.074E-04 
3.145E+04   7.094E-01  3.042E-04 
3.181E+04   7.030E-01  3.011E-04 
3.218E+04   6.967E-01  2.980E-04 
3.255E+04   6.904E-01  2.949E-04 
3.293E+04   6.842E-01  2.918E-04 
3.331E+04   6.780E-01  2.888E-04 
3.370E+04   6.719E-01  2.858E-04 
3.409E+04   6.658E-01  2.829E-04 
3.449E+04   6.598E-01  2.800E-04 
3.489E+04   6.539E-01  2.771E-04 
3.529E+04   6.480E-01  2.742E-04 
3.570E+04   6.422E-01  2.714E-04 
3.611E+04   6.364E-01  2.686E-04 
3.653E+04   6.306E-01  2.658E-04 
3.696E+04   6.250E-01  2.630E-04 
3.738E+04   6.193E-01  2.603E-04 
3.782E+04   6.138E-01  2.576E-04 
3.826E+04   6.083E-01  2.549E-04 
3.870E+04   6.028E-01  2.523E-04 
3.915E+04   5.974E-01  2.497E-04 
3.960E+04   5.920E-01  2.471E-04 
4.006E+04   5.867E-01  2.445E-04 
4.053E+04   5.814E-01  2.420E-04 
4.100E+04   5.762E-01  2.395E-04 
4.147E+04   5.710E-01  2.370E-04 
4.195E+04   5.659E-01  2.346E-04 
4.244E+04   5.608E-01  2.321E-04 
4.293E+04   5.558E-01  2.297E-04 
4.343E+04   5.508E-01  2.273E-04 
4.394E+04   5.459E-01  2.250E-04 
4.444E+04   5.410E-01  2.227E-04 
4.496E+04   5.362E-01  2.203E-04 
4.548E+04   5.314E-01  2.181E-04 
4.601E+04   5.266E-01  2.158E-04 
4.654E+04   5.219E-01  2.136E-04 
4.708E+04   5.173E-01  2.113E-04 
4.763E+04   5.126E-01  2.092E-04 
4.818E+04   5.081E-01  2.070E-04 
4.874E+04   5.035E-01  2.048E-04 
4.931E+04   4.990E-01  2.027E-04 
4.988E+04   4.946E-01  2.006E-04 
5.046E+04   4.902E-01  1.985E-04 
5.104E+04   4.858E-01  1.965E-04 
5.163E+04   4.815E-01  1.944E-04 
5.223E+04   4.772E-01  1.924E-04 
5.284E+04   4.730E-01  1.904E-04 
5.345E+04   4.688E-01  1.884E-04 
5.407E+04   4.646E-01  1.865E-04 
5.470E+04   4.605E-01  1.845E-04 
5.533E+04   4.564E-01  1.826E-04 
5.597E+04   4.524E-01  1.807E-04 
5.662E+04   4.484E-01  1.788E-04 
5.728E+04   4.444E-01  1.770E-04 
5.794E+04   4.405E-01  1.751E-04 
5.862E+04   4.366E-01  1.733E-04 
5.930E+04   4.328E-01  1.715E-04 
5.998E+04   4.289E-01  1.697E-04 
6.068E+04   4.252E-01  1.680E-04 
6.138E+04   4.214E-01  1.662E-04 
6.210E+04   4.177E-01  1.645E-04 
6.282E+04   4.140E-01  1.628E-04 
6.354E+04   4.104E-01  1.611E-04 
6.428E+04   4.068E-01  1.594E-04 
6.503E+04   4.032E-01  1.578E-04 
6.578E+04   3.997E-01  1.561E-04 
6.654E+04   3.962E-01  1.545E-04 
6.732E+04   3.928E-01  1.529E-04 
6.810E+04   3.893E-01  1.513E-04 
6.889E+04   3.859E-01  1.497E-04 
6.969E+04   3.826E-01  1.482E-04 
7.049E+04   3.792E-01  1.466E-04 
7.131E+04   3.759E-01  1.451E-04 
7.214E+04   3.727E-01  1.436E-04 
7.298E+04   3.694E-01  1.421E-04 
7.382E+04   3.662E-01  1.406E-04 
7.468E+04   3.630E-01  1.391E-04 
7.555E+04   3.599E-01  1.377E-04 
7.642E+04   3.568E-01  1.362E-04 
7.731E+04   3.537E-01  1.348E-04 
7.820E+04   3.506E-01  1.334E-04 
7.911E+04   3.476E-01  1.320E-04 
8.003E+04   3.446E-01  1.307E-04 
8.096E+04   3.417E-01  1.293E-04 
8.190E+04   3.387E-01  1.279E-04 
8.285E+04   3.358E-01  1.266E-04 
8.381E+04   3.329E-01  1.253E-04 
8.478E+04   3.301E-01  1.240E-04 
8.576E+04   3.273E-01  1.227E-04 
8.676E+04   3.245E-01  1.214E-04 
8.776E+04   3.217E-01  1.201E-04 
8.878E+04   3.190E-01  1.189E-04 
8.981E+04   3.163E-01  1.176E-04 
9.085E+04   3.136E-01  1.164E-04 
9.191E+04   3.109E-01  1.152E-04 
9.297E+04   3.083E-01  1.140E-04 
9.405E+04   3.057E-01  1.128E-04 
9.514E+04   3.031E-01  1.116E-04 
9.625E+04   3.005E-01  1.105E-04 
9.736E+04   2.980E-01  1.093E-04 
9.849E+04   2.955E-01  1.082E-04 
9.963E+04   2.930E-01  1.070E-04 
1.008E+05   2.906E-01  1.059E-04 
