Ion = Hydrogen    . Mass = 1.0079
Tgt = Rb (Solid). Density = 1.532 g/cm3
Stopping Units =  eV/(1E15 atoms/cm2)
Energy(keV)  S(Elec)    S(Nuc)
1.000E+00   7.764E+00  3.673E-01 
1.012E+00   7.809E+00  3.674E-01 
1.023E+00   7.855E+00  3.674E-01 
1.035E+00   7.900E+00  3.675E-01 
1.047E+00   7.946E+00  3.675E-01 
1.059E+00   7.992E+00  3.676E-01 
1.072E+00   8.038E+00  3.676E-01 
1.084E+00   8.084E+00  3.676E-01 
1.097E+00   8.131E+00  3.676E-01 
1.109E+00   8.178E+00  3.676E-01 
1.122E+00   8.225E+00  3.676E-01 
1.135E+00   8.273E+00  3.676E-01 
1.148E+00   8.321E+00  3.676E-01 
1.162E+00   8.369E+00  3.676E-01 
1.175E+00   8.417E+00  3.676E-01 
1.189E+00   8.466E+00  3.675E-01 
1.203E+00   8.515E+00  3.675E-01 
1.217E+00   8.564E+00  3.674E-01 
1.231E+00   8.614E+00  3.674E-01 
1.245E+00   8.663E+00  3.673E-01 
1.259E+00   8.714E+00  3.672E-01 
1.274E+00   8.764E+00  3.672E-01 
1.289E+00   8.815E+00  3.671E-01 
1.304E+00   8.866E+00  3.670E-01 
1.319E+00   8.917E+00  3.669E-01 
1.334E+00   8.968E+00  3.668E-01 
1.350E+00   9.020E+00  3.667E-01 
1.365E+00   9.072E+00  3.665E-01 
1.381E+00   9.125E+00  3.664E-01 
1.397E+00   9.178E+00  3.663E-01 
1.413E+00   9.231E+00  3.661E-01 
1.430E+00   9.284E+00  3.660E-01 
1.446E+00   9.338E+00  3.658E-01 
1.463E+00   9.392E+00  3.656E-01 
1.480E+00   9.446E+00  3.655E-01 
1.497E+00   9.501E+00  3.653E-01 
1.515E+00   9.556E+00  3.651E-01 
1.532E+00   9.611E+00  3.649E-01 
1.550E+00   9.667E+00  3.647E-01 
1.568E+00   9.722E+00  3.645E-01 
1.586E+00   9.779E+00  3.643E-01 
1.605E+00   9.835E+00  3.640E-01 
1.623E+00   9.892E+00  3.638E-01 
1.642E+00   9.949E+00  3.635E-01 
1.661E+00   1.001E+01  3.633E-01 
1.680E+00   1.006E+01  3.630E-01 
1.700E+00   1.012E+01  3.628E-01 
1.719E+00   1.018E+01  3.625E-01 
1.739E+00   1.024E+01  3.622E-01 
1.760E+00   1.030E+01  3.619E-01 
1.780E+00   1.036E+01  3.616E-01 
1.801E+00   1.042E+01  3.613E-01 
1.822E+00   1.048E+01  3.610E-01 
1.843E+00   1.054E+01  3.607E-01 
1.864E+00   1.060E+01  3.604E-01 
1.886E+00   1.066E+01  3.600E-01 
1.908E+00   1.072E+01  3.597E-01 
1.930E+00   1.079E+01  3.593E-01 
1.952E+00   1.085E+01  3.590E-01 
1.975E+00   1.091E+01  3.586E-01 
1.998E+00   1.097E+01  3.582E-01 
2.021E+00   1.104E+01  3.578E-01 
2.044E+00   1.109E+01  3.575E-01 
2.068E+00   1.114E+01  3.571E-01 
2.092E+00   1.120E+01  3.567E-01 
2.116E+00   1.125E+01  3.562E-01 
2.141E+00   1.130E+01  3.558E-01 
2.166E+00   1.136E+01  3.554E-01 
2.191E+00   1.142E+01  3.550E-01 
2.216E+00   1.147E+01  3.545E-01 
2.242E+00   1.153E+01  3.541E-01 
2.268E+00   1.158E+01  3.536E-01 
2.294E+00   1.164E+01  3.531E-01 
2.321E+00   1.170E+01  3.527E-01 
2.348E+00   1.176E+01  3.522E-01 
2.375E+00   1.181E+01  3.517E-01 
2.402E+00   1.187E+01  3.512E-01 
2.430E+00   1.193E+01  3.507E-01 
2.458E+00   1.199E+01  3.502E-01 
2.487E+00   1.205E+01  3.497E-01 
2.516E+00   1.211E+01  3.492E-01 
2.545E+00   1.217E+01  3.486E-01 
2.574E+00   1.223E+01  3.481E-01 
2.604E+00   1.229E+01  3.475E-01 
2.635E+00   1.235E+01  3.470E-01 
2.665E+00   1.241E+01  3.464E-01 
2.696E+00   1.248E+01  3.458E-01 
2.727E+00   1.254E+01  3.453E-01 
2.759E+00   1.260E+01  3.447E-01 
2.791E+00   1.266E+01  3.441E-01 
2.823E+00   1.273E+01  3.435E-01 
2.856E+00   1.279E+01  3.429E-01 
2.889E+00   1.285E+01  3.423E-01 
2.923E+00   1.292E+01  3.417E-01 
2.957E+00   1.298E+01  3.410E-01 
2.991E+00   1.305E+01  3.404E-01 
3.026E+00   1.311E+01  3.397E-01 
3.061E+00   1.317E+01  3.391E-01 
3.096E+00   1.324E+01  3.384E-01 
3.132E+00   1.331E+01  3.378E-01 
3.168E+00   1.337E+01  3.371E-01 
3.205E+00   1.344E+01  3.364E-01 
3.242E+00   1.350E+01  3.357E-01 
3.280E+00   1.357E+01  3.351E-01 
3.318E+00   1.363E+01  3.344E-01 
3.356E+00   1.370E+01  3.337E-01 
3.395E+00   1.377E+01  3.329E-01 
3.435E+00   1.383E+01  3.322E-01 
3.475E+00   1.390E+01  3.315E-01 
3.515E+00   1.397E+01  3.308E-01 
3.556E+00   1.403E+01  3.300E-01 
3.597E+00   1.410E+01  3.293E-01 
3.639E+00   1.417E+01  3.285E-01 
3.681E+00   1.423E+01  3.278E-01 
3.724E+00   1.430E+01  3.270E-01 
3.767E+00   1.437E+01  3.262E-01 
3.810E+00   1.443E+01  3.255E-01 
3.855E+00   1.450E+01  3.247E-01 
3.899E+00   1.457E+01  3.239E-01 
3.945E+00   1.463E+01  3.231E-01 
3.990E+00   1.470E+01  3.223E-01 
4.037E+00   1.476E+01  3.215E-01 
4.083E+00   1.483E+01  3.207E-01 
4.131E+00   1.489E+01  3.199E-01 
4.179E+00   1.496E+01  3.190E-01 
4.227E+00   1.502E+01  3.182E-01 
4.276E+00   1.509E+01  3.174E-01 
4.326E+00   1.515E+01  3.165E-01 
4.376E+00   1.522E+01  3.157E-01 
4.427E+00   1.528E+01  3.148E-01 
4.478E+00   1.535E+01  3.139E-01 
4.530E+00   1.541E+01  3.131E-01 
4.583E+00   1.547E+01  3.122E-01 
4.636E+00   1.553E+01  3.113E-01 
4.690E+00   1.560E+01  3.104E-01 
4.744E+00   1.566E+01  3.096E-01 
4.799E+00   1.572E+01  3.087E-01 
4.855E+00   1.578E+01  3.078E-01 
4.911E+00   1.584E+01  3.069E-01 
4.968E+00   1.590E+01  3.059E-01 
5.026E+00   1.596E+01  3.050E-01 
5.084E+00   1.603E+01  3.041E-01 
5.143E+00   1.609E+01  3.032E-01 
5.202E+00   1.614E+01  3.023E-01 
5.263E+00   1.620E+01  3.013E-01 
5.324E+00   1.626E+01  3.004E-01 
5.386E+00   1.632E+01  2.994E-01 
5.448E+00   1.638E+01  2.985E-01 
5.511E+00   1.644E+01  2.975E-01 
5.575E+00   1.650E+01  2.966E-01 
5.640E+00   1.656E+01  2.956E-01 
5.705E+00   1.662E+01  2.947E-01 
5.771E+00   1.667E+01  2.937E-01 
5.838E+00   1.673E+01  2.927E-01 
5.906E+00   1.679E+01  2.917E-01 
5.975E+00   1.685E+01  2.907E-01 
6.044E+00   1.691E+01  2.898E-01 
6.114E+00   1.697E+01  2.888E-01 
6.185E+00   1.703E+01  2.878E-01 
6.257E+00   1.709E+01  2.868E-01 
6.329E+00   1.715E+01  2.858E-01 
6.403E+00   1.721E+01  2.848E-01 
6.477E+00   1.727E+01  2.837E-01 
6.552E+00   1.734E+01  2.827E-01 
6.628E+00   1.740E+01  2.817E-01 
6.705E+00   1.746E+01  2.807E-01 
6.783E+00   1.753E+01  2.797E-01 
6.861E+00   1.760E+01  2.786E-01 
6.941E+00   1.766E+01  2.776E-01 
7.021E+00   1.773E+01  2.766E-01 
7.103E+00   1.780E+01  2.755E-01 
7.185E+00   1.787E+01  2.745E-01 
7.269E+00   1.795E+01  2.735E-01 
7.353E+00   1.802E+01  2.724E-01 
7.438E+00   1.810E+01  2.714E-01 
7.524E+00   1.817E+01  2.703E-01 
7.612E+00   1.825E+01  2.692E-01 
7.700E+00   1.833E+01  2.682E-01 
7.789E+00   1.842E+01  2.671E-01 
7.880E+00   1.850E+01  2.661E-01 
7.971E+00   1.859E+01  2.650E-01 
8.064E+00   1.868E+01  2.639E-01 
8.157E+00   1.877E+01  2.629E-01 
8.252E+00   1.886E+01  2.618E-01 
8.347E+00   1.895E+01  2.607E-01 
8.444E+00   1.905E+01  2.596E-01 
8.542E+00   1.915E+01  2.586E-01 
8.641E+00   1.925E+01  2.575E-01 
8.741E+00   1.935E+01  2.564E-01 
8.843E+00   1.946E+01  2.553E-01 
8.945E+00   1.957E+01  2.542E-01 
9.049E+00   1.968E+01  2.531E-01 
9.154E+00   1.979E+01  2.521E-01 
9.260E+00   1.991E+01  2.510E-01 
9.368E+00   2.002E+01  2.499E-01 
9.476E+00   2.014E+01  2.488E-01 
9.586E+00   2.027E+01  2.477E-01 
9.698E+00   2.039E+01  2.466E-01 
9.810E+00   2.052E+01  2.455E-01 
9.924E+00   2.065E+01  2.444E-01 
1.004E+01   2.078E+01  2.433E-01 
1.016E+01   2.092E+01  2.422E-01 
1.027E+01   2.105E+01  2.411E-01 
1.039E+01   2.119E+01  2.400E-01 
1.051E+01   2.134E+01  2.389E-01 
1.063E+01   2.148E+01  2.378E-01 
1.076E+01   2.163E+01  2.367E-01 
1.088E+01   2.178E+01  2.356E-01 
1.101E+01   2.193E+01  2.345E-01 
1.114E+01   2.209E+01  2.334E-01 
1.127E+01   2.224E+01  2.323E-01 
1.140E+01   2.240E+01  2.312E-01 
1.153E+01   2.256E+01  2.301E-01 
1.166E+01   2.273E+01  2.290E-01 
1.180E+01   2.289E+01  2.279E-01 
1.193E+01   2.306E+01  2.268E-01 
1.207E+01   2.323E+01  2.257E-01 
1.221E+01   2.341E+01  2.246E-01 
1.235E+01   2.358E+01  2.234E-01 
1.250E+01   2.376E+01  2.223E-01 
1.264E+01   2.394E+01  2.212E-01 
1.279E+01   2.412E+01  2.201E-01 
1.294E+01   2.430E+01  2.190E-01 
1.309E+01   2.449E+01  2.179E-01 
1.324E+01   2.468E+01  2.168E-01 
1.339E+01   2.487E+01  2.157E-01 
1.355E+01   2.506E+01  2.146E-01 
1.371E+01   2.525E+01  2.135E-01 
1.387E+01   2.545E+01  2.124E-01 
1.403E+01   2.564E+01  2.113E-01 
1.419E+01   2.584E+01  2.102E-01 
1.435E+01   2.604E+01  2.091E-01 
1.452E+01   2.625E+01  2.080E-01 
1.469E+01   2.645E+01  2.070E-01 
1.486E+01   2.666E+01  2.059E-01 
1.503E+01   2.687E+01  2.048E-01 
1.521E+01   2.708E+01  2.037E-01 
1.538E+01   2.729E+01  2.026E-01 
1.556E+01   2.750E+01  2.015E-01 
1.574E+01   2.771E+01  2.004E-01 
1.592E+01   2.793E+01  1.993E-01 
1.611E+01   2.815E+01  1.982E-01 
1.629E+01   2.836E+01  1.972E-01 
1.648E+01   2.858E+01  1.961E-01 
1.667E+01   2.880E+01  1.950E-01 
1.687E+01   2.903E+01  1.939E-01 
1.706E+01   2.925E+01  1.929E-01 
1.726E+01   2.947E+01  1.918E-01 
1.746E+01   2.970E+01  1.907E-01 
1.766E+01   2.992E+01  1.896E-01 
1.787E+01   3.015E+01  1.886E-01 
1.808E+01   3.038E+01  1.875E-01 
1.829E+01   3.061E+01  1.865E-01 
1.850E+01   3.084E+01  1.854E-01 
1.871E+01   3.107E+01  1.843E-01 
1.893E+01   3.130E+01  1.833E-01 
1.915E+01   3.153E+01  1.822E-01 
1.937E+01   3.177E+01  1.812E-01 
1.960E+01   3.200E+01  1.801E-01 
1.982E+01   3.223E+01  1.791E-01 
2.005E+01   3.247E+01  1.780E-01 
2.029E+01   3.270E+01  1.770E-01 
2.052E+01   3.294E+01  1.760E-01 
2.076E+01   3.317E+01  1.749E-01 
2.100E+01   3.341E+01  1.739E-01 
2.124E+01   3.365E+01  1.729E-01 
2.149E+01   3.388E+01  1.718E-01 
2.174E+01   3.412E+01  1.708E-01 
2.199E+01   3.435E+01  1.698E-01 
2.225E+01   3.459E+01  1.688E-01 
2.250E+01   3.482E+01  1.677E-01 
2.277E+01   3.506E+01  1.667E-01 
2.303E+01   3.529E+01  1.657E-01 
2.330E+01   3.553E+01  1.647E-01 
2.357E+01   3.576E+01  1.637E-01 
2.384E+01   3.600E+01  1.627E-01 
2.412E+01   3.623E+01  1.617E-01 
2.440E+01   3.646E+01  1.607E-01 
2.468E+01   3.670E+01  1.597E-01 
2.497E+01   3.693E+01  1.587E-01 
2.526E+01   3.716E+01  1.577E-01 
2.555E+01   3.739E+01  1.567E-01 
2.584E+01   3.761E+01  1.558E-01 
2.614E+01   3.784E+01  1.548E-01 
2.645E+01   3.807E+01  1.538E-01 
2.675E+01   3.829E+01  1.528E-01 
2.707E+01   3.852E+01  1.519E-01 
2.738E+01   3.874E+01  1.509E-01 
2.770E+01   3.896E+01  1.500E-01 
2.802E+01   3.918E+01  1.490E-01 
2.834E+01   3.940E+01  1.480E-01 
2.867E+01   3.962E+01  1.471E-01 
2.900E+01   3.983E+01  1.461E-01 
2.934E+01   4.004E+01  1.452E-01 
2.968E+01   4.025E+01  1.443E-01 
3.003E+01   4.046E+01  1.433E-01 
3.037E+01   4.067E+01  1.424E-01 
3.073E+01   4.088E+01  1.415E-01 
3.108E+01   4.108E+01  1.405E-01 
3.144E+01   4.128E+01  1.396E-01 
3.181E+01   4.148E+01  1.387E-01 
3.218E+01   4.168E+01  1.378E-01 
3.255E+01   4.187E+01  1.369E-01 
3.293E+01   4.206E+01  1.360E-01 
3.331E+01   4.225E+01  1.351E-01 
3.370E+01   4.244E+01  1.342E-01 
3.409E+01   4.263E+01  1.333E-01 
3.448E+01   4.281E+01  1.324E-01 
3.488E+01   4.299E+01  1.315E-01 
3.529E+01   4.316E+01  1.306E-01 
3.570E+01   4.334E+01  1.297E-01 
3.611E+01   4.351E+01  1.288E-01 
3.653E+01   4.367E+01  1.280E-01 
3.695E+01   4.384E+01  1.271E-01 
3.738E+01   4.400E+01  1.262E-01 
3.781E+01   4.416E+01  1.254E-01 
3.825E+01   4.431E+01  1.245E-01 
3.870E+01   4.447E+01  1.237E-01 
3.915E+01   4.461E+01  1.228E-01 
3.960E+01   4.476E+01  1.220E-01 
4.006E+01   4.490E+01  1.211E-01 
4.052E+01   4.504E+01  1.203E-01 
4.099E+01   4.518E+01  1.194E-01 
4.147E+01   4.531E+01  1.186E-01 
4.195E+01   4.544E+01  1.178E-01 
4.244E+01   4.556E+01  1.170E-01 
4.293E+01   4.568E+01  1.161E-01 
4.343E+01   4.580E+01  1.153E-01 
4.393E+01   4.592E+01  1.145E-01 
4.444E+01   4.603E+01  1.137E-01 
4.496E+01   4.613E+01  1.129E-01 
4.548E+01   4.624E+01  1.121E-01 
4.600E+01   4.634E+01  1.113E-01 
4.654E+01   4.643E+01  1.105E-01 
4.708E+01   4.652E+01  1.097E-01 
4.762E+01   4.661E+01  1.090E-01 
4.818E+01   4.670E+01  1.082E-01 
4.873E+01   4.678E+01  1.074E-01 
4.930E+01   4.685E+01  1.066E-01 
4.987E+01   4.693E+01  1.059E-01 
5.045E+01   4.699E+01  1.051E-01 
5.104E+01   4.706E+01  1.043E-01 
5.163E+01   4.712E+01  1.036E-01 
5.223E+01   4.718E+01  1.028E-01 
5.283E+01   4.723E+01  1.021E-01 
5.344E+01   4.728E+01  1.013E-01 
5.406E+01   4.733E+01  1.006E-01 
5.469E+01   4.737E+01  9.987E-02 
5.533E+01   4.741E+01  9.914E-02 
5.597E+01   4.744E+01  9.841E-02 
5.662E+01   4.747E+01  9.769E-02 
5.727E+01   4.750E+01  9.697E-02 
5.794E+01   4.752E+01  9.625E-02 
5.861E+01   4.754E+01  9.554E-02 
5.929E+01   4.756E+01  9.483E-02 
5.998E+01   4.757E+01  9.413E-02 
6.067E+01   4.758E+01  9.343E-02 
6.138E+01   4.758E+01  9.274E-02 
6.209E+01   4.758E+01  9.204E-02 
6.281E+01   4.758E+01  9.136E-02 
6.354E+01   4.757E+01  9.067E-02 
6.427E+01   4.756E+01  8.999E-02 
6.502E+01   4.755E+01  8.932E-02 
6.577E+01   4.753E+01  8.865E-02 
6.654E+01   4.751E+01  8.798E-02 
6.731E+01   4.748E+01  8.731E-02 
6.809E+01   4.746E+01  8.665E-02 
6.888E+01   4.742E+01  8.600E-02 
6.968E+01   4.739E+01  8.535E-02 
7.049E+01   4.735E+01  8.470E-02 
7.130E+01   4.731E+01  8.405E-02 
7.213E+01   4.726E+01  8.341E-02 
7.297E+01   4.722E+01  8.277E-02 
7.381E+01   4.716E+01  8.214E-02 
7.467E+01   4.711E+01  8.151E-02 
7.554E+01   4.705E+01  8.089E-02 
7.641E+01   4.699E+01  8.027E-02 
7.730E+01   4.693E+01  7.965E-02 
7.820E+01   4.686E+01  7.903E-02 
7.910E+01   4.679E+01  7.842E-02 
8.002E+01   4.672E+01  7.782E-02 
8.095E+01   4.664E+01  7.721E-02 
8.189E+01   4.656E+01  7.662E-02 
8.284E+01   4.648E+01  7.602E-02 
8.380E+01   4.640E+01  7.543E-02 
8.477E+01   4.631E+01  7.484E-02 
8.575E+01   4.622E+01  7.426E-02 
8.675E+01   4.613E+01  7.368E-02 
8.775E+01   4.603E+01  7.310E-02 
8.877E+01   4.593E+01  7.253E-02 
8.980E+01   4.583E+01  7.196E-02 
9.084E+01   4.573E+01  7.139E-02 
9.190E+01   4.563E+01  7.083E-02 
9.296E+01   4.552E+01  7.027E-02 
9.404E+01   4.541E+01  6.972E-02 
9.513E+01   4.530E+01  6.917E-02 
9.624E+01   4.518E+01  6.862E-02 
9.735E+01   4.507E+01  6.808E-02 
9.848E+01   4.495E+01  6.754E-02 
9.962E+01   4.483E+01  6.700E-02 
1.008E+02   4.470E+01  6.647E-02 
1.019E+02   4.458E+01  6.594E-02 
1.031E+02   4.445E+01  6.541E-02 
1.043E+02   4.432E+01  6.489E-02 
1.055E+02   4.419E+01  6.437E-02 
1.068E+02   4.406E+01  6.385E-02 
1.080E+02   4.393E+01  6.334E-02 
1.093E+02   4.379E+01  6.283E-02 
1.105E+02   4.365E+01  6.233E-02 
1.118E+02   4.352E+01  6.182E-02 
1.131E+02   4.337E+01  6.133E-02 
1.144E+02   4.323E+01  6.253E-02 
1.157E+02   4.309E+01  6.202E-02 
1.171E+02   4.294E+01  6.152E-02 
1.184E+02   4.280E+01  6.102E-02 
1.198E+02   4.265E+01  6.052E-02 
1.212E+02   4.250E+01  6.002E-02 
1.226E+02   4.235E+01  5.953E-02 
1.240E+02   4.220E+01  5.905E-02 
1.255E+02   4.204E+01  5.856E-02 
1.269E+02   4.189E+01  5.808E-02 
1.284E+02   4.173E+01  5.760E-02 
1.299E+02   4.158E+01  5.713E-02 
1.314E+02   4.142E+01  5.666E-02 
1.329E+02   4.126E+01  5.619E-02 
1.345E+02   4.110E+01  5.573E-02 
1.360E+02   4.094E+01  5.527E-02 
1.376E+02   4.078E+01  5.481E-02 
1.392E+02   4.061E+01  5.435E-02 
1.408E+02   4.045E+01  5.390E-02 
1.424E+02   4.029E+01  5.346E-02 
1.441E+02   4.012E+01  5.301E-02 
1.458E+02   3.995E+01  5.257E-02 
1.475E+02   3.979E+01  5.213E-02 
1.492E+02   3.962E+01  5.169E-02 
1.509E+02   3.945E+01  5.126E-02 
1.526E+02   3.928E+01  5.083E-02 
1.544E+02   3.912E+01  5.041E-02 
1.562E+02   3.895E+01  4.998E-02 
1.580E+02   3.878E+01  4.956E-02 
1.598E+02   3.860E+01  4.915E-02 
1.617E+02   3.843E+01  4.873E-02 
1.636E+02   3.826E+01  4.832E-02 
1.655E+02   3.809E+01  4.792E-02 
1.674E+02   3.792E+01  4.751E-02 
1.693E+02   3.774E+01  4.711E-02 
1.713E+02   3.757E+01  4.671E-02 
1.733E+02   3.740E+01  4.631E-02 
1.753E+02   3.722E+01  4.592E-02 
1.773E+02   3.705E+01  4.553E-02 
1.794E+02   3.688E+01  4.514E-02 
1.815E+02   3.670E+01  4.476E-02 
1.836E+02   3.653E+01  4.438E-02 
1.857E+02   3.635E+01  4.400E-02 
1.879E+02   3.618E+01  4.362E-02 
1.900E+02   3.600E+01  4.325E-02 
1.922E+02   3.583E+01  4.288E-02 
1.945E+02   3.565E+01  4.251E-02 
1.967E+02   3.548E+01  4.215E-02 
1.990E+02   3.530E+01  4.179E-02 
2.013E+02   3.512E+01  4.143E-02 
2.036E+02   3.495E+01  4.107E-02 
2.060E+02   3.477E+01  4.072E-02 
2.084E+02   3.460E+01  4.037E-02 
2.108E+02   3.442E+01  4.002E-02 
2.133E+02   3.425E+01  3.968E-02 
2.157E+02   3.407E+01  3.933E-02 
2.182E+02   3.390E+01  3.899E-02 
2.208E+02   3.372E+01  3.866E-02 
2.233E+02   3.355E+01  3.832E-02 
2.259E+02   3.337E+01  3.799E-02 
2.285E+02   3.320E+01  3.766E-02 
2.312E+02   3.303E+01  3.733E-02 
2.339E+02   3.285E+01  3.701E-02 
2.366E+02   3.268E+01  3.669E-02 
2.393E+02   3.250E+01  3.637E-02 
2.421E+02   3.233E+01  3.605E-02 
2.449E+02   3.216E+01  3.574E-02 
2.478E+02   3.199E+01  3.542E-02 
2.506E+02   3.181E+01  3.511E-02 
2.535E+02   3.164E+01  3.481E-02 
2.565E+02   3.147E+01  3.450E-02 
2.595E+02   3.130E+01  3.420E-02 
2.625E+02   3.113E+01  3.390E-02 
2.655E+02   3.096E+01  3.360E-02 
2.686E+02   3.079E+01  3.331E-02 
2.717E+02   3.062E+01  3.301E-02 
2.749E+02   3.045E+01  3.272E-02 
2.780E+02   3.028E+01  3.244E-02 
2.813E+02   3.011E+01  3.215E-02 
2.845E+02   2.994E+01  3.187E-02 
2.878E+02   2.977E+01  3.159E-02 
2.912E+02   2.961E+01  3.131E-02 
2.945E+02   2.944E+01  3.103E-02 
2.980E+02   2.927E+01  3.075E-02 
3.014E+02   2.911E+01  3.048E-02 
3.049E+02   2.894E+01  3.021E-02 
3.085E+02   2.878E+01  2.994E-02 
3.120E+02   2.861E+01  2.968E-02 
3.156E+02   2.845E+01  2.942E-02 
3.193E+02   2.828E+01  2.915E-02 
3.230E+02   2.812E+01  2.889E-02 
3.268E+02   2.796E+01  2.864E-02 
3.306E+02   2.780E+01  2.838E-02 
3.344E+02   2.764E+01  2.813E-02 
3.383E+02   2.747E+01  2.788E-02 
3.422E+02   2.731E+01  2.763E-02 
3.462E+02   2.715E+01  2.738E-02 
3.502E+02   2.699E+01  2.714E-02 
3.542E+02   2.684E+01  2.689E-02 
3.583E+02   2.668E+01  2.665E-02 
3.625E+02   2.652E+01  2.642E-02 
3.667E+02   2.636E+01  2.618E-02 
3.710E+02   2.621E+01  2.594E-02 
3.753E+02   2.605E+01  2.571E-02 
3.796E+02   2.590E+01  2.548E-02 
3.840E+02   2.574E+01  2.525E-02 
3.885E+02   2.559E+01  2.502E-02 
3.930E+02   2.543E+01  2.480E-02 
3.975E+02   2.528E+01  2.457E-02 
4.021E+02   2.513E+01  2.435E-02 
4.068E+02   2.498E+01  2.413E-02 
4.115E+02   2.482E+01  2.392E-02 
4.163E+02   2.467E+01  2.370E-02 
4.211E+02   2.452E+01  2.349E-02 
4.260E+02   2.437E+01  2.327E-02 
4.310E+02   2.423E+01  2.306E-02 
4.360E+02   2.408E+01  2.285E-02 
4.410E+02   2.393E+01  2.265E-02 
4.461E+02   2.378E+01  2.244E-02 
4.513E+02   2.364E+01  2.224E-02 
4.565E+02   2.349E+01  2.203E-02 
4.618E+02   2.335E+01  2.183E-02 
4.672E+02   2.320E+01  2.164E-02 
4.726E+02   2.306E+01  2.144E-02 
4.781E+02   2.292E+01  2.124E-02 
4.836E+02   2.277E+01  2.105E-02 
4.892E+02   2.263E+01  2.086E-02 
4.949E+02   2.249E+01  2.067E-02 
5.007E+02   2.235E+01  2.048E-02 
5.065E+02   2.221E+01  2.029E-02 
5.123E+02   2.207E+01  2.011E-02 
5.183E+02   2.193E+01  1.992E-02 
5.243E+02   2.180E+01  1.974E-02 
5.304E+02   2.166E+01  1.956E-02 
5.365E+02   2.152E+01  1.938E-02 
5.428E+02   2.139E+01  1.920E-02 
5.490E+02   2.125E+01  1.903E-02 
5.554E+02   2.112E+01  1.885E-02 
5.619E+02   2.098E+01  1.868E-02 
5.684E+02   2.085E+01  1.851E-02 
5.750E+02   2.072E+01  1.834E-02 
5.816E+02   2.059E+01  1.817E-02 
5.884E+02   2.045E+01  1.800E-02 
5.952E+02   2.032E+01  1.784E-02 
6.021E+02   2.019E+01  1.767E-02 
6.091E+02   2.006E+01  1.751E-02 
6.162E+02   1.994E+01  1.735E-02 
6.233E+02   1.981E+01  1.719E-02 
6.305E+02   1.968E+01  1.703E-02 
6.378E+02   1.955E+01  1.687E-02 
6.452E+02   1.943E+01  1.672E-02 
6.527E+02   1.930E+01  1.656E-02 
6.603E+02   1.918E+01  1.641E-02 
6.680E+02   1.905E+01  1.626E-02 
6.757E+02   1.893E+01  1.611E-02 
6.835E+02   1.881E+01  1.596E-02 
6.915E+02   1.868E+01  1.581E-02 
6.995E+02   1.856E+01  1.566E-02 
7.076E+02   1.844E+01  1.552E-02 
7.158E+02   1.832E+01  1.537E-02 
7.241E+02   1.820E+01  1.523E-02 
7.325E+02   1.808E+01  1.509E-02 
7.410E+02   1.796E+01  1.495E-02 
7.496E+02   1.785E+01  1.481E-02 
7.583E+02   1.773E+01  1.467E-02 
7.671E+02   1.761E+01  1.453E-02 
7.760E+02   1.750E+01  1.440E-02 
7.850E+02   1.738E+01  1.426E-02 
7.941E+02   1.727E+01  1.413E-02 
8.033E+02   1.715E+01  1.400E-02 
8.126E+02   1.704E+01  1.387E-02 
8.221E+02   1.693E+01  1.374E-02 
8.316E+02   1.681E+01  1.361E-02 
8.412E+02   1.670E+01  1.348E-02 
8.510E+02   1.659E+01  1.336E-02 
8.609E+02   1.648E+01  1.323E-02 
8.709E+02   1.637E+01  1.311E-02 
8.810E+02   1.626E+01  1.299E-02 
8.912E+02   1.615E+01  1.286E-02 
9.015E+02   1.605E+01  1.274E-02 
9.120E+02   1.594E+01  1.262E-02 
9.225E+02   1.583E+01  1.251E-02 
9.332E+02   1.573E+01  1.239E-02 
9.441E+02   1.562E+01  1.227E-02 
9.550E+02   1.552E+01  1.216E-02 
9.661E+02   1.541E+01  1.204E-02 
9.773E+02   1.531E+01  1.193E-02 
9.886E+02   1.520E+01  1.182E-02 
1.000E+03   1.510E+01  1.171E-02 
1.012E+03   1.501E+01  1.159E-02 
1.023E+03   1.493E+01  1.149E-02 
1.035E+03   1.485E+01  1.138E-02 
1.047E+03   1.477E+01  1.127E-02 
1.059E+03   1.469E+01  1.116E-02 
1.072E+03   1.460E+01  1.106E-02 
1.084E+03   1.452E+01  1.095E-02 
1.097E+03   1.443E+01  1.085E-02 
1.109E+03   1.435E+01  1.075E-02 
1.122E+03   1.426E+01  1.065E-02 
1.135E+03   1.417E+01  1.055E-02 
1.149E+03   1.409E+01  1.045E-02 
1.162E+03   1.400E+01  1.035E-02 
1.175E+03   1.390E+01  1.025E-02 
1.189E+03   1.381E+01  1.015E-02 
1.203E+03   1.372E+01  1.005E-02 
1.217E+03   1.363E+01  9.960E-03 
1.231E+03   1.354E+01  9.865E-03 
1.245E+03   1.345E+01  9.771E-03 
1.260E+03   1.336E+01  9.679E-03 
1.274E+03   1.328E+01  9.587E-03 
1.289E+03   1.319E+01  9.495E-03 
1.304E+03   1.310E+01  9.405E-03 
1.319E+03   1.302E+01  9.316E-03 
1.334E+03   1.293E+01  9.227E-03 
1.350E+03   1.285E+01  9.139E-03 
1.365E+03   1.276E+01  9.052E-03 
1.381E+03   1.268E+01  8.966E-03 
1.397E+03   1.260E+01  8.880E-03 
1.414E+03   1.251E+01  8.796E-03 
1.430E+03   1.243E+01  8.712E-03 
1.446E+03   1.235E+01  8.629E-03 
1.463E+03   1.227E+01  8.546E-03 
1.480E+03   1.219E+01  8.465E-03 
1.497E+03   1.211E+01  8.384E-03 
1.515E+03   1.203E+01  8.304E-03 
1.532E+03   1.195E+01  8.224E-03 
1.550E+03   1.187E+01  8.145E-03 
1.568E+03   1.179E+01  8.068E-03 
1.586E+03   1.171E+01  7.990E-03 
1.605E+03   1.163E+01  7.914E-03 
1.623E+03   1.155E+01  7.838E-03 
1.642E+03   1.147E+01  7.763E-03 
1.661E+03   1.140E+01  7.688E-03 
1.680E+03   1.132E+01  7.615E-03 
1.700E+03   1.124E+01  7.542E-03 
1.720E+03   1.117E+01  7.469E-03 
1.740E+03   1.109E+01  7.397E-03 
1.760E+03   1.102E+01  7.326E-03 
1.780E+03   1.094E+01  7.256E-03 
1.801E+03   1.087E+01  7.186E-03 
1.822E+03   1.080E+01  7.117E-03 
1.843E+03   1.072E+01  7.049E-03 
1.864E+03   1.065E+01  6.981E-03 
1.886E+03   1.058E+01  6.914E-03 
1.908E+03   1.050E+01  6.847E-03 
1.930E+03   1.043E+01  6.781E-03 
1.952E+03   1.036E+01  6.716E-03 
1.975E+03   1.029E+01  6.651E-03 
1.998E+03   1.022E+01  6.587E-03 
2.021E+03   1.015E+01  6.523E-03 
2.044E+03   1.008E+01  6.460E-03 
2.068E+03   1.001E+01  6.398E-03 
2.092E+03   9.940E+00  6.336E-03 
2.116E+03   9.871E+00  6.275E-03 
2.141E+03   9.803E+00  6.214E-03 
2.166E+03   9.735E+00  6.154E-03 
2.191E+03   9.667E+00  6.095E-03 
2.216E+03   9.600E+00  6.036E-03 
2.242E+03   9.533E+00  5.977E-03 
2.268E+03   9.466E+00  5.920E-03 
2.294E+03   9.400E+00  5.862E-03 
2.321E+03   9.334E+00  5.805E-03 
2.348E+03   9.268E+00  5.749E-03 
2.375E+03   9.203E+00  5.693E-03 
2.403E+03   9.138E+00  5.638E-03 
2.431E+03   9.074E+00  5.584E-03 
2.459E+03   9.010E+00  5.529E-03 
2.487E+03   8.946E+00  5.476E-03 
2.516E+03   8.883E+00  5.423E-03 
2.545E+03   8.820E+00  5.370E-03 
2.575E+03   8.757E+00  5.318E-03 
2.605E+03   8.695E+00  5.266E-03 
2.635E+03   8.633E+00  5.215E-03 
2.665E+03   8.571E+00  5.164E-03 
2.696E+03   8.510E+00  5.114E-03 
2.728E+03   8.449E+00  5.064E-03 
2.759E+03   8.388E+00  5.015E-03 
2.791E+03   8.328E+00  4.966E-03 
2.824E+03   8.268E+00  4.918E-03 
2.856E+03   8.209E+00  4.870E-03 
2.889E+03   8.150E+00  4.822E-03 
2.923E+03   8.091E+00  4.775E-03 
2.957E+03   8.032E+00  4.729E-03 
2.991E+03   7.974E+00  4.683E-03 
3.026E+03   7.916E+00  4.637E-03 
3.061E+03   7.859E+00  4.592E-03 
3.097E+03   7.801E+00  4.547E-03 
3.132E+03   7.745E+00  4.502E-03 
3.169E+03   7.688E+00  4.458E-03 
3.206E+03   7.632E+00  4.415E-03 
3.243E+03   7.576E+00  4.372E-03 
3.280E+03   7.521E+00  4.329E-03 
3.318E+03   7.465E+00  4.287E-03 
3.357E+03   7.410E+00  4.245E-03 
3.396E+03   7.356E+00  4.203E-03 
3.435E+03   7.302E+00  4.162E-03 
3.475E+03   7.248E+00  4.121E-03 
3.515E+03   7.194E+00  4.081E-03 
3.556E+03   7.141E+00  4.041E-03 
3.597E+03   7.088E+00  4.001E-03 
3.639E+03   7.035E+00  3.962E-03 
3.681E+03   6.983E+00  3.923E-03 
3.724E+03   6.931E+00  3.885E-03 
3.767E+03   6.879E+00  3.847E-03 
3.811E+03   6.828E+00  3.809E-03 
3.855E+03   6.777E+00  3.772E-03 
3.900E+03   6.726E+00  3.734E-03 
3.945E+03   6.676E+00  3.698E-03 
3.991E+03   6.626E+00  3.661E-03 
4.037E+03   6.576E+00  3.625E-03 
4.084E+03   6.526E+00  3.590E-03 
4.131E+03   6.477E+00  3.555E-03 
4.179E+03   6.428E+00  3.520E-03 
4.228E+03   6.380E+00  3.485E-03 
4.277E+03   6.331E+00  3.451E-03 
4.326E+03   6.283E+00  3.417E-03 
4.376E+03   6.236E+00  3.383E-03 
4.427E+03   6.188E+00  3.350E-03 
4.479E+03   6.141E+00  3.317E-03 
4.531E+03   6.094E+00  3.284E-03 
4.583E+03   6.048E+00  3.252E-03 
4.636E+03   6.002E+00  3.220E-03 
4.690E+03   5.956E+00  3.188E-03 
4.744E+03   5.910E+00  3.156E-03 
4.799E+03   5.865E+00  3.125E-03 
4.855E+03   5.820E+00  3.094E-03 
4.911E+03   5.775E+00  3.064E-03 
4.968E+03   5.730E+00  3.034E-03 
5.026E+03   5.686E+00  3.004E-03 
5.084E+03   5.642E+00  2.974E-03 
5.143E+03   5.599E+00  2.945E-03 
5.203E+03   5.555E+00  2.915E-03 
5.263E+03   5.512E+00  2.887E-03 
5.324E+03   5.470E+00  2.858E-03 
5.386E+03   5.427E+00  2.830E-03 
5.449E+03   5.385E+00  2.802E-03 
5.512E+03   5.343E+00  2.774E-03 
5.576E+03   5.301E+00  2.747E-03 
5.640E+03   5.260E+00  2.719E-03 
5.706E+03   5.219E+00  2.692E-03 
5.772E+03   5.178E+00  2.666E-03 
5.839E+03   5.137E+00  2.639E-03 
5.907E+03   5.097E+00  2.613E-03 
5.975E+03   5.057E+00  2.587E-03 
6.045E+03   5.017E+00  2.562E-03 
6.115E+03   4.978E+00  2.536E-03 
6.186E+03   4.939E+00  2.511E-03 
6.257E+03   4.900E+00  2.486E-03 
6.330E+03   4.861E+00  2.461E-03 
6.403E+03   4.822E+00  2.437E-03 
6.478E+03   4.784E+00  2.413E-03 
6.553E+03   4.746E+00  2.389E-03 
6.629E+03   4.709E+00  2.365E-03 
6.706E+03   4.671E+00  2.342E-03 
6.783E+03   4.634E+00  2.318E-03 
6.862E+03   4.597E+00  2.295E-03 
6.942E+03   4.561E+00  2.272E-03 
7.022E+03   4.524E+00  2.250E-03 
7.104E+03   4.488E+00  2.227E-03 
7.186E+03   4.452E+00  2.205E-03 
7.269E+03   4.417E+00  2.183E-03 
7.354E+03   4.381E+00  2.162E-03 
7.439E+03   4.346E+00  2.140E-03 
7.525E+03   4.311E+00  2.119E-03 
7.613E+03   4.277E+00  2.098E-03 
7.701E+03   4.242E+00  2.077E-03 
7.790E+03   4.208E+00  2.056E-03 
7.881E+03   4.174E+00  2.036E-03 
7.972E+03   4.140E+00  2.015E-03 
8.064E+03   4.107E+00  1.995E-03 
8.158E+03   4.074E+00  1.975E-03 
8.253E+03   4.041E+00  1.955E-03 
8.348E+03   4.008E+00  1.936E-03 
8.445E+03   3.975E+00  1.917E-03 
8.543E+03   3.943E+00  1.897E-03 
8.642E+03   3.911E+00  1.879E-03 
8.742E+03   3.879E+00  1.860E-03 
8.844E+03   3.848E+00  1.841E-03 
8.946E+03   3.816E+00  1.823E-03 
9.050E+03   3.785E+00  1.805E-03 
9.155E+03   3.754E+00  1.786E-03 
9.261E+03   3.724E+00  1.769E-03 
9.369E+03   3.693E+00  1.751E-03 
9.477E+03   3.663E+00  1.733E-03 
9.587E+03   3.633E+00  1.716E-03 
9.699E+03   3.603E+00  1.699E-03 
9.811E+03   3.573E+00  1.682E-03 
9.925E+03   3.544E+00  1.665E-03 
1.004E+04   3.515E+00  1.648E-03 
1.016E+04   3.486E+00  1.632E-03 
1.027E+04   3.457E+00  1.615E-03 
1.039E+04   3.429E+00  1.599E-03 
1.051E+04   3.400E+00  1.583E-03 
1.064E+04   3.372E+00  1.567E-03 
1.076E+04   3.344E+00  1.552E-03 
1.088E+04   3.317E+00  1.536E-03 
1.101E+04   3.289E+00  1.521E-03 
1.114E+04   3.262E+00  1.505E-03 
1.127E+04   3.235E+00  1.490E-03 
1.140E+04   3.208E+00  1.475E-03 
1.153E+04   3.181E+00  1.461E-03 
1.166E+04   3.155E+00  1.446E-03 
1.180E+04   3.129E+00  1.431E-03 
1.194E+04   3.103E+00  1.417E-03 
1.207E+04   3.077E+00  1.403E-03 
1.221E+04   3.051E+00  1.389E-03 
1.236E+04   3.026E+00  1.375E-03 
1.250E+04   3.000E+00  1.361E-03 
1.264E+04   2.975E+00  1.347E-03 
1.279E+04   2.950E+00  1.334E-03 
1.294E+04   2.926E+00  1.320E-03 
1.309E+04   2.901E+00  1.307E-03 
1.324E+04   2.877E+00  1.294E-03 
1.340E+04   2.853E+00  1.281E-03 
1.355E+04   2.829E+00  1.268E-03 
1.371E+04   2.805E+00  1.255E-03 
1.387E+04   2.781E+00  1.242E-03 
1.403E+04   2.758E+00  1.230E-03 
1.419E+04   2.735E+00  1.217E-03 
1.435E+04   2.712E+00  1.205E-03 
1.452E+04   2.689E+00  1.193E-03 
1.469E+04   2.666E+00  1.181E-03 
1.486E+04   2.644E+00  1.169E-03 
1.503E+04   2.621E+00  1.157E-03 
1.521E+04   2.599E+00  1.146E-03 
1.538E+04   2.577E+00  1.134E-03 
1.556E+04   2.555E+00  1.123E-03 
1.574E+04   2.534E+00  1.111E-03 
1.592E+04   2.512E+00  1.100E-03 
1.611E+04   2.491E+00  1.089E-03 
1.630E+04   2.470E+00  1.078E-03 
1.649E+04   2.449E+00  1.067E-03 
1.668E+04   2.428E+00  1.056E-03 
1.687E+04   2.407E+00  1.046E-03 
1.707E+04   2.387E+00  1.035E-03 
1.726E+04   2.367E+00  1.025E-03 
1.746E+04   2.347E+00  1.014E-03 
1.767E+04   2.327E+00  1.004E-03 
1.787E+04   2.307E+00  9.938E-04 
1.808E+04   2.287E+00  9.837E-04 
1.829E+04   2.268E+00  9.738E-04 
1.850E+04   2.248E+00  9.639E-04 
1.871E+04   2.229E+00  9.542E-04 
1.893E+04   2.210E+00  9.445E-04 
1.915E+04   2.191E+00  9.349E-04 
1.937E+04   2.172E+00  9.255E-04 
1.960E+04   2.154E+00  9.161E-04 
1.983E+04   2.135E+00  9.068E-04 
2.006E+04   2.117E+00  8.976E-04 
2.029E+04   2.099E+00  8.885E-04 
2.052E+04   2.081E+00  8.795E-04 
2.076E+04   2.063E+00  8.706E-04 
2.100E+04   2.045E+00  8.618E-04 
2.125E+04   2.028E+00  8.530E-04 
2.149E+04   2.011E+00  8.444E-04 
2.174E+04   1.993E+00  8.358E-04 
2.199E+04   1.976E+00  8.273E-04 
2.225E+04   1.959E+00  8.189E-04 
2.251E+04   1.942E+00  8.106E-04 
2.277E+04   1.926E+00  8.024E-04 
2.303E+04   1.909E+00  7.942E-04 
2.330E+04   1.893E+00  7.862E-04 
2.357E+04   1.876E+00  7.782E-04 
2.384E+04   1.860E+00  7.703E-04 
2.412E+04   1.844E+00  7.624E-04 
2.440E+04   1.828E+00  7.547E-04 
2.468E+04   1.813E+00  7.470E-04 
2.497E+04   1.797E+00  7.394E-04 
2.526E+04   1.781E+00  7.319E-04 
2.555E+04   1.766E+00  7.245E-04 
2.585E+04   1.751E+00  7.171E-04 
2.615E+04   1.736E+00  7.098E-04 
2.645E+04   1.721E+00  7.026E-04 
2.676E+04   1.706E+00  6.954E-04 
2.707E+04   1.691E+00  6.883E-04 
2.738E+04   1.677E+00  6.813E-04 
2.770E+04   1.662E+00  6.744E-04 
2.802E+04   1.648E+00  6.675E-04 
2.835E+04   1.634E+00  6.607E-04 
2.867E+04   1.619E+00  6.540E-04 
2.901E+04   1.605E+00  6.473E-04 
2.934E+04   1.592E+00  6.407E-04 
2.968E+04   1.578E+00  6.342E-04 
3.003E+04   1.564E+00  6.277E-04 
3.038E+04   1.551E+00  6.213E-04 
3.073E+04   1.537E+00  6.150E-04 
3.109E+04   1.524E+00  6.087E-04 
3.145E+04   1.511E+00  6.025E-04 
3.181E+04   1.498E+00  5.964E-04 
3.218E+04   1.485E+00  5.903E-04 
3.255E+04   1.472E+00  5.843E-04 
3.293E+04   1.459E+00  5.783E-04 
3.331E+04   1.447E+00  5.724E-04 
3.370E+04   1.434E+00  5.665E-04 
3.409E+04   1.422E+00  5.608E-04 
3.449E+04   1.409E+00  5.550E-04 
3.489E+04   1.397E+00  5.494E-04 
3.529E+04   1.385E+00  5.437E-04 
3.570E+04   1.373E+00  5.382E-04 
3.611E+04   1.361E+00  5.327E-04 
3.653E+04   1.349E+00  5.272E-04 
3.696E+04   1.338E+00  5.219E-04 
3.738E+04   1.326E+00  5.165E-04 
3.782E+04   1.315E+00  5.112E-04 
3.826E+04   1.303E+00  5.060E-04 
3.870E+04   1.292E+00  5.008E-04 
3.915E+04   1.281E+00  4.957E-04 
3.960E+04   1.270E+00  4.906E-04 
4.006E+04   1.259E+00  4.856E-04 
4.053E+04   1.248E+00  4.806E-04 
4.100E+04   1.237E+00  4.757E-04 
4.147E+04   1.226E+00  4.709E-04 
4.195E+04   1.216E+00  4.660E-04 
4.244E+04   1.205E+00  4.613E-04 
4.293E+04   1.195E+00  4.565E-04 
4.343E+04   1.185E+00  4.519E-04 
4.394E+04   1.174E+00  4.472E-04 
4.444E+04   1.164E+00  4.426E-04 
4.496E+04   1.154E+00  4.381E-04 
4.548E+04   1.144E+00  4.336E-04 
4.601E+04   1.134E+00  4.292E-04 
4.654E+04   1.125E+00  4.248E-04 
4.708E+04   1.115E+00  4.204E-04 
4.763E+04   1.105E+00  4.161E-04 
4.818E+04   1.096E+00  4.118E-04 
4.874E+04   1.086E+00  4.076E-04 
4.931E+04   1.077E+00  4.034E-04 
4.988E+04   1.068E+00  3.993E-04 
5.046E+04   1.059E+00  3.952E-04 
5.104E+04   1.050E+00  3.911E-04 
5.163E+04   1.041E+00  3.871E-04 
5.223E+04   1.032E+00  3.831E-04 
5.284E+04   1.023E+00  3.792E-04 
5.345E+04   1.014E+00  3.753E-04 
5.407E+04   1.005E+00  3.715E-04 
5.470E+04   9.967E-01  3.676E-04 
5.533E+04   9.881E-01  3.639E-04 
5.597E+04   9.797E-01  3.601E-04 
5.662E+04   9.713E-01  3.564E-04 
5.728E+04   9.630E-01  3.528E-04 
5.794E+04   9.548E-01  3.491E-04 
5.862E+04   9.466E-01  3.455E-04 
5.930E+04   9.385E-01  3.420E-04 
5.998E+04   9.305E-01  3.385E-04 
6.068E+04   9.226E-01  3.350E-04 
6.138E+04   9.147E-01  3.315E-04 
6.210E+04   9.069E-01  3.281E-04 
6.282E+04   8.992E-01  3.247E-04 
6.354E+04   8.916E-01  3.214E-04 
6.428E+04   8.840E-01  3.181E-04 
6.503E+04   8.765E-01  3.148E-04 
6.578E+04   8.691E-01  3.116E-04 
6.654E+04   8.617E-01  3.084E-04 
6.732E+04   8.544E-01  3.052E-04 
6.810E+04   8.471E-01  3.021E-04 
6.889E+04   8.400E-01  2.989E-04 
6.969E+04   8.329E-01  2.959E-04 
7.049E+04   8.258E-01  2.928E-04 
7.131E+04   8.189E-01  2.898E-04 
7.214E+04   8.120E-01  2.868E-04 
7.298E+04   8.051E-01  2.838E-04 
7.382E+04   7.984E-01  2.809E-04 
7.468E+04   7.916E-01  2.780E-04 
7.555E+04   7.850E-01  2.752E-04 
7.642E+04   7.784E-01  2.723E-04 
7.731E+04   7.719E-01  2.695E-04 
7.820E+04   7.654E-01  2.667E-04 
7.911E+04   7.590E-01  2.640E-04 
8.003E+04   7.527E-01  2.613E-04 
8.096E+04   7.464E-01  2.586E-04 
8.190E+04   7.402E-01  2.559E-04 
8.285E+04   7.340E-01  2.532E-04 
8.381E+04   7.279E-01  2.506E-04 
8.478E+04   7.218E-01  2.480E-04 
8.576E+04   7.158E-01  2.455E-04 
8.676E+04   7.099E-01  2.429E-04 
8.776E+04   7.040E-01  2.404E-04 
8.878E+04   6.982E-01  2.380E-04 
8.981E+04   6.924E-01  2.355E-04 
9.085E+04   6.867E-01  2.331E-04 
9.191E+04   6.811E-01  2.307E-04 
9.297E+04   6.754E-01  2.283E-04 
9.405E+04   6.699E-01  2.259E-04 
9.514E+04   6.644E-01  2.236E-04 
9.625E+04   6.589E-01  2.213E-04 
9.736E+04   6.536E-01  2.190E-04 
9.849E+04   6.482E-01  2.167E-04 
9.963E+04   6.429E-01  2.145E-04 
1.008E+05   6.377E-01  2.122E-04 
