Ion = Hydrogen    . Mass = 1.0079
Tgt = Ac (Solid). Density = 10 g/cm3
Stopping Units =  eV/(1E15 atoms/cm2)
Energy(keV)  S(Elec)    S(Nuc)
1.000E+00   8.253E+00  2.420E-01 
1.012E+00   8.301E+00  2.424E-01 
1.023E+00   8.349E+00  2.428E-01 
1.035E+00   8.397E+00  2.432E-01 
1.047E+00   8.446E+00  2.436E-01 
1.059E+00   8.494E+00  2.440E-01 
1.072E+00   8.544E+00  2.444E-01 
1.084E+00   8.593E+00  2.448E-01 
1.097E+00   8.643E+00  2.452E-01 
1.109E+00   8.693E+00  2.455E-01 
1.122E+00   8.743E+00  2.459E-01 
1.135E+00   8.794E+00  2.463E-01 
1.148E+00   8.844E+00  2.467E-01 
1.162E+00   8.896E+00  2.470E-01 
1.175E+00   8.947E+00  2.474E-01 
1.189E+00   8.999E+00  2.477E-01 
1.203E+00   9.051E+00  2.481E-01 
1.217E+00   9.103E+00  2.485E-01 
1.231E+00   9.156E+00  2.488E-01 
1.245E+00   9.209E+00  2.492E-01 
1.259E+00   9.262E+00  2.495E-01 
1.274E+00   9.315E+00  2.498E-01 
1.289E+00   9.369E+00  2.502E-01 
1.304E+00   9.424E+00  2.505E-01 
1.319E+00   9.478E+00  2.509E-01 
1.334E+00   9.533E+00  2.512E-01 
1.350E+00   9.588E+00  2.515E-01 
1.365E+00   9.643E+00  2.518E-01 
1.381E+00   9.699E+00  2.522E-01 
1.397E+00   9.755E+00  2.525E-01 
1.413E+00   9.812E+00  2.528E-01 
1.430E+00   9.868E+00  2.531E-01 
1.446E+00   9.925E+00  2.534E-01 
1.463E+00   9.983E+00  2.537E-01 
1.480E+00   1.004E+01  2.540E-01 
1.497E+00   1.010E+01  2.543E-01 
1.515E+00   1.016E+01  2.546E-01 
1.532E+00   1.022E+01  2.549E-01 
1.550E+00   1.027E+01  2.552E-01 
1.568E+00   1.033E+01  2.554E-01 
1.586E+00   1.039E+01  2.557E-01 
1.605E+00   1.045E+01  2.560E-01 
1.623E+00   1.051E+01  2.563E-01 
1.642E+00   1.058E+01  2.565E-01 
1.661E+00   1.064E+01  2.568E-01 
1.680E+00   1.070E+01  2.571E-01 
1.700E+00   1.076E+01  2.573E-01 
1.719E+00   1.082E+01  2.576E-01 
1.739E+00   1.088E+01  2.578E-01 
1.760E+00   1.095E+01  2.581E-01 
1.780E+00   1.101E+01  2.583E-01 
1.801E+00   1.107E+01  2.585E-01 
1.822E+00   1.114E+01  2.588E-01 
1.843E+00   1.120E+01  2.590E-01 
1.864E+00   1.127E+01  2.592E-01 
1.886E+00   1.133E+01  2.595E-01 
1.908E+00   1.140E+01  2.597E-01 
1.930E+00   1.146E+01  2.599E-01 
1.952E+00   1.153E+01  2.601E-01 
1.975E+00   1.160E+01  2.603E-01 
1.998E+00   1.166E+01  2.605E-01 
2.021E+00   1.173E+01  2.607E-01 
2.044E+00   1.179E+01  2.609E-01 
2.068E+00   1.185E+01  2.611E-01 
2.092E+00   1.190E+01  2.613E-01 
2.116E+00   1.196E+01  2.615E-01 
2.141E+00   1.202E+01  2.616E-01 
2.166E+00   1.208E+01  2.618E-01 
2.191E+00   1.214E+01  2.620E-01 
2.216E+00   1.220E+01  2.621E-01 
2.242E+00   1.226E+01  2.623E-01 
2.268E+00   1.233E+01  2.625E-01 
2.294E+00   1.239E+01  2.626E-01 
2.321E+00   1.245E+01  2.628E-01 
2.348E+00   1.251E+01  2.629E-01 
2.375E+00   1.258E+01  2.630E-01 
2.402E+00   1.264E+01  2.632E-01 
2.430E+00   1.270E+01  2.633E-01 
2.458E+00   1.277E+01  2.634E-01 
2.487E+00   1.283E+01  2.635E-01 
2.516E+00   1.290E+01  2.637E-01 
2.545E+00   1.296E+01  2.638E-01 
2.574E+00   1.303E+01  2.639E-01 
2.604E+00   1.309E+01  2.640E-01 
2.635E+00   1.316E+01  2.641E-01 
2.665E+00   1.323E+01  2.642E-01 
2.696E+00   1.329E+01  2.643E-01 
2.727E+00   1.336E+01  2.644E-01 
2.759E+00   1.343E+01  2.644E-01 
2.791E+00   1.350E+01  2.645E-01 
2.823E+00   1.357E+01  2.646E-01 
2.856E+00   1.363E+01  2.647E-01 
2.889E+00   1.370E+01  2.647E-01 
2.923E+00   1.377E+01  2.648E-01 
2.957E+00   1.385E+01  2.648E-01 
2.991E+00   1.392E+01  2.649E-01 
3.026E+00   1.399E+01  2.649E-01 
3.061E+00   1.406E+01  2.650E-01 
3.096E+00   1.413E+01  2.650E-01 
3.132E+00   1.421E+01  2.650E-01 
3.168E+00   1.428E+01  2.650E-01 
3.205E+00   1.435E+01  2.651E-01 
3.242E+00   1.443E+01  2.651E-01 
3.280E+00   1.450E+01  2.651E-01 
3.318E+00   1.458E+01  2.651E-01 
3.356E+00   1.465E+01  2.651E-01 
3.395E+00   1.473E+01  2.651E-01 
3.435E+00   1.480E+01  2.651E-01 
3.475E+00   1.488E+01  2.650E-01 
3.515E+00   1.496E+01  2.650E-01 
3.556E+00   1.504E+01  2.650E-01 
3.597E+00   1.512E+01  2.650E-01 
3.639E+00   1.519E+01  2.649E-01 
3.681E+00   1.527E+01  2.649E-01 
3.724E+00   1.535E+01  2.648E-01 
3.767E+00   1.543E+01  2.648E-01 
3.810E+00   1.552E+01  2.647E-01 
3.855E+00   1.560E+01  2.647E-01 
3.899E+00   1.568E+01  2.646E-01 
3.945E+00   1.576E+01  2.645E-01 
3.990E+00   1.584E+01  2.644E-01 
4.037E+00   1.593E+01  2.644E-01 
4.083E+00   1.601E+01  2.643E-01 
4.131E+00   1.610E+01  2.642E-01 
4.179E+00   1.618E+01  2.641E-01 
4.227E+00   1.627E+01  2.640E-01 
4.276E+00   1.635E+01  2.639E-01 
4.326E+00   1.644E+01  2.638E-01 
4.376E+00   1.653E+01  2.636E-01 
4.427E+00   1.661E+01  2.635E-01 
4.478E+00   1.670E+01  2.634E-01 
4.530E+00   1.679E+01  2.632E-01 
4.583E+00   1.688E+01  2.631E-01 
4.636E+00   1.697E+01  2.630E-01 
4.690E+00   1.706E+01  2.628E-01 
4.744E+00   1.715E+01  2.626E-01 
4.799E+00   1.724E+01  2.625E-01 
4.855E+00   1.733E+01  2.623E-01 
4.911E+00   1.743E+01  2.621E-01 
4.968E+00   1.752E+01  2.620E-01 
5.026E+00   1.761E+01  2.618E-01 
5.084E+00   1.771E+01  2.616E-01 
5.143E+00   1.780E+01  2.614E-01 
5.202E+00   1.790E+01  2.612E-01 
5.263E+00   1.799E+01  2.610E-01 
5.324E+00   1.809E+01  2.608E-01 
5.386E+00   1.819E+01  2.606E-01 
5.448E+00   1.828E+01  2.603E-01 
5.511E+00   1.838E+01  2.601E-01 
5.575E+00   1.848E+01  2.599E-01 
5.640E+00   1.858E+01  2.596E-01 
5.705E+00   1.868E+01  2.594E-01 
5.771E+00   1.878E+01  2.591E-01 
5.838E+00   1.888E+01  2.589E-01 
5.906E+00   1.899E+01  2.586E-01 
5.975E+00   1.909E+01  2.584E-01 
6.044E+00   1.919E+01  2.581E-01 
6.114E+00   1.930E+01  2.578E-01 
6.185E+00   1.940E+01  2.575E-01 
6.257E+00   1.950E+01  2.572E-01 
6.329E+00   1.961E+01  2.570E-01 
6.403E+00   1.972E+01  2.567E-01 
6.477E+00   1.982E+01  2.564E-01 
6.552E+00   1.993E+01  2.560E-01 
6.628E+00   2.004E+01  2.557E-01 
6.705E+00   2.015E+01  2.554E-01 
6.783E+00   2.026E+01  2.551E-01 
6.861E+00   2.037E+01  2.548E-01 
6.941E+00   2.048E+01  2.544E-01 
7.021E+00   2.059E+01  2.541E-01 
7.103E+00   2.070E+01  2.537E-01 
7.185E+00   2.082E+01  2.534E-01 
7.269E+00   2.093E+01  2.530E-01 
7.353E+00   2.104E+01  2.527E-01 
7.438E+00   2.116E+01  2.523E-01 
7.524E+00   2.127E+01  2.519E-01 
7.612E+00   2.139E+01  2.515E-01 
7.700E+00   2.151E+01  2.511E-01 
7.789E+00   2.163E+01  2.508E-01 
7.880E+00   2.174E+01  2.504E-01 
7.971E+00   2.186E+01  2.500E-01 
8.064E+00   2.198E+01  2.496E-01 
8.157E+00   2.210E+01  2.491E-01 
8.252E+00   2.222E+01  2.487E-01 
8.347E+00   2.235E+01  2.483E-01 
8.444E+00   2.247E+01  2.479E-01 
8.542E+00   2.259E+01  2.474E-01 
8.641E+00   2.272E+01  2.470E-01 
8.741E+00   2.284E+01  2.466E-01 
8.843E+00   2.297E+01  2.461E-01 
8.945E+00   2.309E+01  2.457E-01 
9.049E+00   2.322E+01  2.452E-01 
9.154E+00   2.335E+01  2.447E-01 
9.260E+00   2.348E+01  2.443E-01 
9.368E+00   2.361E+01  2.438E-01 
9.476E+00   2.374E+01  2.433E-01 
9.586E+00   2.387E+01  2.428E-01 
9.698E+00   2.400E+01  2.423E-01 
9.810E+00   2.413E+01  2.419E-01 
9.924E+00   2.426E+01  2.414E-01 
1.004E+01   2.440E+01  2.409E-01 
1.016E+01   2.453E+01  2.403E-01 
1.027E+01   2.467E+01  2.398E-01 
1.039E+01   2.480E+01  2.393E-01 
1.051E+01   2.494E+01  2.388E-01 
1.063E+01   2.508E+01  2.383E-01 
1.076E+01   2.522E+01  2.377E-01 
1.088E+01   2.536E+01  2.372E-01 
1.101E+01   2.550E+01  2.367E-01 
1.114E+01   2.564E+01  2.361E-01 
1.127E+01   2.578E+01  2.356E-01 
1.140E+01   2.592E+01  2.350E-01 
1.153E+01   2.606E+01  2.344E-01 
1.166E+01   2.621E+01  2.339E-01 
1.180E+01   2.635E+01  2.333E-01 
1.193E+01   2.650E+01  2.327E-01 
1.207E+01   2.665E+01  2.322E-01 
1.221E+01   2.679E+01  2.316E-01 
1.235E+01   2.694E+01  2.310E-01 
1.250E+01   2.709E+01  2.304E-01 
1.264E+01   2.724E+01  2.298E-01 
1.279E+01   2.739E+01  2.292E-01 
1.294E+01   2.754E+01  2.286E-01 
1.309E+01   2.769E+01  2.280E-01 
1.324E+01   2.785E+01  2.274E-01 
1.339E+01   2.800E+01  2.268E-01 
1.355E+01   2.816E+01  2.261E-01 
1.371E+01   2.831E+01  2.255E-01 
1.387E+01   2.847E+01  2.249E-01 
1.403E+01   2.862E+01  2.243E-01 
1.419E+01   2.878E+01  2.236E-01 
1.435E+01   2.894E+01  2.230E-01 
1.452E+01   2.910E+01  2.223E-01 
1.469E+01   2.926E+01  2.217E-01 
1.486E+01   2.942E+01  2.210E-01 
1.503E+01   2.959E+01  2.204E-01 
1.521E+01   2.975E+01  2.197E-01 
1.538E+01   2.991E+01  2.191E-01 
1.556E+01   3.008E+01  2.184E-01 
1.574E+01   3.024E+01  2.177E-01 
1.592E+01   3.041E+01  2.171E-01 
1.611E+01   3.058E+01  2.164E-01 
1.629E+01   3.075E+01  2.157E-01 
1.648E+01   3.091E+01  2.150E-01 
1.667E+01   3.108E+01  2.143E-01 
1.687E+01   3.126E+01  2.136E-01 
1.706E+01   3.143E+01  2.129E-01 
1.726E+01   3.160E+01  2.122E-01 
1.746E+01   3.177E+01  2.115E-01 
1.766E+01   3.195E+01  2.108E-01 
1.787E+01   3.212E+01  2.101E-01 
1.808E+01   3.230E+01  2.094E-01 
1.829E+01   3.247E+01  2.087E-01 
1.850E+01   3.265E+01  2.080E-01 
1.871E+01   3.283E+01  2.073E-01 
1.893E+01   3.301E+01  2.066E-01 
1.915E+01   3.319E+01  2.058E-01 
1.937E+01   3.337E+01  2.051E-01 
1.960E+01   3.355E+01  2.044E-01 
1.982E+01   3.373E+01  2.037E-01 
2.005E+01   3.392E+01  2.029E-01 
2.029E+01   3.410E+01  2.022E-01 
2.052E+01   3.429E+01  2.015E-01 
2.076E+01   3.447E+01  2.007E-01 
2.100E+01   3.466E+01  2.000E-01 
2.124E+01   3.485E+01  1.992E-01 
2.149E+01   3.504E+01  1.985E-01 
2.174E+01   3.522E+01  1.977E-01 
2.199E+01   3.541E+01  1.970E-01 
2.225E+01   3.560E+01  1.962E-01 
2.250E+01   3.580E+01  1.955E-01 
2.277E+01   3.599E+01  1.947E-01 
2.303E+01   3.618E+01  1.940E-01 
2.330E+01   3.637E+01  1.932E-01 
2.357E+01   3.657E+01  1.924E-01 
2.384E+01   3.676E+01  1.917E-01 
2.412E+01   3.696E+01  1.909E-01 
2.440E+01   3.716E+01  1.901E-01 
2.468E+01   3.735E+01  1.894E-01 
2.497E+01   3.755E+01  1.886E-01 
2.526E+01   3.775E+01  1.878E-01 
2.555E+01   3.795E+01  1.870E-01 
2.584E+01   3.815E+01  1.863E-01 
2.614E+01   3.835E+01  1.855E-01 
2.645E+01   3.855E+01  1.847E-01 
2.675E+01   3.876E+01  1.839E-01 
2.707E+01   3.896E+01  1.831E-01 
2.738E+01   3.916E+01  1.824E-01 
2.770E+01   3.937E+01  1.816E-01 
2.802E+01   3.957E+01  1.808E-01 
2.834E+01   3.978E+01  1.800E-01 
2.867E+01   3.998E+01  1.792E-01 
2.900E+01   4.019E+01  1.784E-01 
2.934E+01   4.040E+01  1.776E-01 
2.968E+01   4.061E+01  1.769E-01 
3.003E+01   4.081E+01  1.761E-01 
3.037E+01   4.102E+01  1.753E-01 
3.073E+01   4.123E+01  1.745E-01 
3.108E+01   4.144E+01  1.737E-01 
3.144E+01   4.165E+01  1.729E-01 
3.181E+01   4.186E+01  1.721E-01 
3.218E+01   4.207E+01  1.713E-01 
3.255E+01   4.229E+01  1.705E-01 
3.293E+01   4.250E+01  1.697E-01 
3.331E+01   4.271E+01  1.689E-01 
3.370E+01   4.292E+01  1.681E-01 
3.409E+01   4.314E+01  1.673E-01 
3.448E+01   4.335E+01  1.665E-01 
3.488E+01   4.356E+01  1.657E-01 
3.529E+01   4.378E+01  1.649E-01 
3.570E+01   4.399E+01  1.642E-01 
3.611E+01   4.421E+01  1.634E-01 
3.653E+01   4.442E+01  1.626E-01 
3.695E+01   4.463E+01  1.618E-01 
3.738E+01   4.485E+01  1.610E-01 
3.781E+01   4.506E+01  1.602E-01 
3.825E+01   4.528E+01  1.594E-01 
3.870E+01   4.550E+01  1.586E-01 
3.915E+01   4.571E+01  1.578E-01 
3.960E+01   4.593E+01  1.570E-01 
4.006E+01   4.614E+01  1.562E-01 
4.052E+01   4.636E+01  1.554E-01 
4.099E+01   4.657E+01  1.546E-01 
4.147E+01   4.679E+01  1.538E-01 
4.195E+01   4.700E+01  1.530E-01 
4.244E+01   4.722E+01  1.522E-01 
4.293E+01   4.743E+01  1.515E-01 
4.343E+01   4.764E+01  1.507E-01 
4.393E+01   4.786E+01  1.499E-01 
4.444E+01   4.807E+01  1.491E-01 
4.496E+01   4.828E+01  1.483E-01 
4.548E+01   4.850E+01  1.475E-01 
4.600E+01   4.871E+01  1.467E-01 
4.654E+01   4.892E+01  1.459E-01 
4.708E+01   4.913E+01  1.452E-01 
4.762E+01   4.934E+01  1.444E-01 
4.818E+01   4.955E+01  1.436E-01 
4.873E+01   4.976E+01  1.428E-01 
4.930E+01   4.997E+01  1.420E-01 
4.987E+01   5.018E+01  1.413E-01 
5.045E+01   5.039E+01  1.405E-01 
5.104E+01   5.059E+01  1.397E-01 
5.163E+01   5.080E+01  1.389E-01 
5.223E+01   5.100E+01  1.382E-01 
5.283E+01   5.121E+01  1.374E-01 
5.344E+01   5.141E+01  1.366E-01 
5.406E+01   5.161E+01  1.359E-01 
5.469E+01   5.181E+01  1.351E-01 
5.533E+01   5.201E+01  1.343E-01 
5.597E+01   5.221E+01  1.336E-01 
5.662E+01   5.240E+01  1.328E-01 
5.727E+01   5.260E+01  1.320E-01 
5.794E+01   5.279E+01  1.313E-01 
5.861E+01   5.298E+01  1.305E-01 
5.929E+01   5.317E+01  1.298E-01 
5.998E+01   5.336E+01  1.290E-01 
6.067E+01   5.355E+01  1.283E-01 
6.138E+01   5.374E+01  1.275E-01 
6.209E+01   5.392E+01  1.268E-01 
6.281E+01   5.410E+01  1.260E-01 
6.354E+01   5.428E+01  1.253E-01 
6.427E+01   5.446E+01  1.245E-01 
6.502E+01   5.464E+01  1.238E-01 
6.577E+01   5.481E+01  1.231E-01 
6.654E+01   5.498E+01  1.223E-01 
6.731E+01   5.515E+01  1.216E-01 
6.809E+01   5.532E+01  1.209E-01 
6.888E+01   5.549E+01  1.201E-01 
6.968E+01   5.565E+01  1.194E-01 
7.049E+01   5.581E+01  1.187E-01 
7.130E+01   5.597E+01  1.179E-01 
7.213E+01   5.613E+01  1.172E-01 
7.297E+01   5.628E+01  1.165E-01 
7.381E+01   5.643E+01  1.158E-01 
7.467E+01   5.658E+01  1.151E-01 
7.554E+01   5.672E+01  1.144E-01 
7.641E+01   5.687E+01  1.136E-01 
7.730E+01   5.701E+01  1.129E-01 
7.820E+01   5.714E+01  1.122E-01 
7.910E+01   5.728E+01  1.115E-01 
8.002E+01   5.741E+01  1.108E-01 
8.095E+01   5.753E+01  1.101E-01 
8.189E+01   5.766E+01  1.094E-01 
8.284E+01   5.778E+01  1.087E-01 
8.380E+01   5.790E+01  1.080E-01 
8.477E+01   5.801E+01  1.073E-01 
8.575E+01   5.812E+01  1.067E-01 
8.675E+01   5.823E+01  1.060E-01 
8.775E+01   5.833E+01  1.053E-01 
8.877E+01   5.843E+01  1.046E-01 
8.980E+01   5.853E+01  1.039E-01 
9.084E+01   5.862E+01  1.033E-01 
9.190E+01   5.871E+01  1.026E-01 
9.296E+01   5.880E+01  1.019E-01 
9.404E+01   5.888E+01  1.013E-01 
9.513E+01   5.896E+01  1.006E-01 
9.624E+01   5.903E+01  9.993E-02 
9.735E+01   5.910E+01  9.927E-02 
9.848E+01   5.917E+01  9.862E-02 
9.962E+01   5.923E+01  9.796E-02 
1.008E+02   5.929E+01  9.731E-02 
1.019E+02   5.934E+01  9.666E-02 
1.031E+02   5.939E+01  9.602E-02 
1.043E+02   5.944E+01  9.538E-02 
1.055E+02   5.948E+01  9.474E-02 
1.068E+02   5.952E+01  9.410E-02 
1.080E+02   5.955E+01  9.346E-02 
1.093E+02   5.958E+01  9.283E-02 
1.105E+02   5.961E+01  9.220E-02 
1.118E+02   5.963E+01  9.158E-02 
1.131E+02   5.964E+01  9.095E-02 
1.144E+02   5.965E+01  9.033E-02 
1.157E+02   5.966E+01  8.971E-02 
1.171E+02   5.966E+01  8.910E-02 
1.184E+02   5.966E+01  8.849E-02 
1.198E+02   5.966E+01  8.788E-02 
1.212E+02   5.965E+01  8.727E-02 
1.226E+02   5.963E+01  8.667E-02 
1.240E+02   5.961E+01  8.606E-02 
1.255E+02   5.959E+01  8.547E-02 
1.269E+02   5.956E+01  8.487E-02 
1.284E+02   5.953E+01  8.428E-02 
1.299E+02   5.949E+01  8.369E-02 
1.314E+02   5.945E+01  8.310E-02 
1.329E+02   5.940E+01  8.252E-02 
1.345E+02   5.935E+01  8.194E-02 
1.360E+02   5.930E+01  8.136E-02 
1.376E+02   5.924E+01  8.078E-02 
1.392E+02   5.918E+01  8.021E-02 
1.408E+02   5.911E+01  7.964E-02 
1.424E+02   5.904E+01  7.907E-02 
1.441E+02   5.897E+01  7.851E-02 
1.458E+02   5.889E+01  7.795E-02 
1.475E+02   5.880E+01  7.739E-02 
1.492E+02   5.871E+01  7.683E-02 
1.509E+02   5.862E+01  7.628E-02 
1.526E+02   5.853E+01  7.573E-02 
1.544E+02   5.843E+01  7.518E-02 
1.562E+02   5.832E+01  7.464E-02 
1.580E+02   5.821E+01  7.410E-02 
1.598E+02   5.810E+01  7.356E-02 
1.617E+02   5.799E+01  7.303E-02 
1.636E+02   5.787E+01  7.249E-02 
1.655E+02   5.774E+01  7.196E-02 
1.674E+02   5.762E+01  7.144E-02 
1.693E+02   5.748E+01  7.091E-02 
1.713E+02   5.735E+01  7.039E-02 
1.733E+02   5.721E+01  6.987E-02 
1.753E+02   5.707E+01  6.936E-02 
1.773E+02   5.693E+01  6.885E-02 
1.794E+02   5.678E+01  6.834E-02 
1.815E+02   5.662E+01  6.783E-02 
1.836E+02   5.647E+01  6.733E-02 
1.857E+02   5.631E+01  6.683E-02 
1.879E+02   5.615E+01  6.633E-02 
1.900E+02   5.598E+01  6.583E-02 
1.922E+02   5.582E+01  6.534E-02 
1.945E+02   5.564E+01  6.485E-02 
1.967E+02   5.547E+01  6.436E-02 
1.990E+02   5.529E+01  6.388E-02 
2.013E+02   5.511E+01  6.340E-02 
2.036E+02   5.493E+01  6.292E-02 
2.060E+02   5.475E+01  6.244E-02 
2.084E+02   5.456E+01  6.197E-02 
2.108E+02   5.437E+01  6.150E-02 
2.133E+02   5.417E+01  6.103E-02 
2.157E+02   5.398E+01  6.057E-02 
2.182E+02   5.378E+01  6.011E-02 
2.208E+02   5.358E+01  5.965E-02 
2.233E+02   5.338E+01  5.919E-02 
2.259E+02   5.317E+01  5.874E-02 
2.285E+02   5.296E+01  5.829E-02 
2.312E+02   5.275E+01  5.784E-02 
2.339E+02   5.254E+01  5.740E-02 
2.366E+02   5.233E+01  5.695E-02 
2.393E+02   5.211E+01  5.651E-02 
2.421E+02   5.189E+01  5.608E-02 
2.449E+02   5.167E+01  5.564E-02 
2.478E+02   5.145E+01  5.521E-02 
2.506E+02   5.123E+01  5.478E-02 
2.535E+02   5.100E+01  5.436E-02 
2.565E+02   5.077E+01  5.393E-02 
2.595E+02   5.055E+01  5.351E-02 
2.625E+02   5.032E+01  5.310E-02 
2.655E+02   5.008E+01  5.268E-02 
2.686E+02   4.985E+01  5.227E-02 
2.717E+02   4.962E+01  5.186E-02 
2.749E+02   4.938E+01  5.145E-02 
2.780E+02   4.914E+01  5.104E-02 
2.813E+02   4.890E+01  5.064E-02 
2.845E+02   4.866E+01  5.024E-02 
2.878E+02   4.842E+01  4.985E-02 
2.912E+02   4.818E+01  4.945E-02 
2.945E+02   4.794E+01  4.906E-02 
2.980E+02   4.769E+01  4.867E-02 
3.014E+02   4.745E+01  4.828E-02 
3.049E+02   4.720E+01  4.790E-02 
3.085E+02   4.696E+01  4.752E-02 
3.120E+02   4.671E+01  4.714E-02 
3.156E+02   4.646E+01  4.937E-02 
3.193E+02   4.621E+01  4.897E-02 
3.230E+02   4.596E+01  4.857E-02 
3.268E+02   4.571E+01  4.817E-02 
3.306E+02   4.546E+01  4.778E-02 
3.344E+02   4.521E+01  4.739E-02 
3.383E+02   4.495E+01  4.700E-02 
3.422E+02   4.470E+01  4.662E-02 
3.462E+02   4.445E+01  4.624E-02 
3.502E+02   4.419E+01  4.586E-02 
3.542E+02   4.394E+01  4.548E-02 
3.583E+02   4.368E+01  4.511E-02 
3.625E+02   4.343E+01  4.474E-02 
3.667E+02   4.317E+01  4.437E-02 
3.710E+02   4.291E+01  4.400E-02 
3.753E+02   4.266E+01  4.364E-02 
3.796E+02   4.240E+01  4.327E-02 
3.840E+02   4.215E+01  4.292E-02 
3.885E+02   4.189E+01  4.256E-02 
3.930E+02   4.163E+01  4.221E-02 
3.975E+02   4.137E+01  4.185E-02 
4.021E+02   4.112E+01  4.151E-02 
4.068E+02   4.086E+01  4.116E-02 
4.115E+02   4.060E+01  4.082E-02 
4.163E+02   4.035E+01  4.047E-02 
4.211E+02   4.009E+01  4.014E-02 
4.260E+02   3.983E+01  3.980E-02 
4.310E+02   3.958E+01  3.947E-02 
4.360E+02   3.932E+01  3.913E-02 
4.410E+02   3.906E+01  3.880E-02 
4.461E+02   3.881E+01  3.848E-02 
4.513E+02   3.855E+01  3.815E-02 
4.565E+02   3.830E+01  3.783E-02 
4.618E+02   3.804E+01  3.751E-02 
4.672E+02   3.779E+01  3.719E-02 
4.726E+02   3.753E+01  3.688E-02 
4.781E+02   3.728E+01  3.657E-02 
4.836E+02   3.702E+01  3.626E-02 
4.892E+02   3.677E+01  3.595E-02 
4.949E+02   3.652E+01  3.564E-02 
5.007E+02   3.626E+01  3.534E-02 
5.065E+02   3.601E+01  3.504E-02 
5.123E+02   3.576E+01  3.474E-02 
5.183E+02   3.551E+01  3.444E-02 
5.243E+02   3.526E+01  3.415E-02 
5.304E+02   3.501E+01  3.386E-02 
5.365E+02   3.476E+01  3.357E-02 
5.428E+02   3.451E+01  3.328E-02 
5.490E+02   3.426E+01  3.299E-02 
5.554E+02   3.402E+01  3.271E-02 
5.619E+02   3.377E+01  3.243E-02 
5.684E+02   3.352E+01  3.215E-02 
5.750E+02   3.328E+01  3.187E-02 
5.816E+02   3.303E+01  3.160E-02 
5.884E+02   3.279E+01  3.133E-02 
5.952E+02   3.255E+01  3.106E-02 
6.021E+02   3.230E+01  3.079E-02 
6.091E+02   3.206E+01  3.052E-02 
6.162E+02   3.182E+01  3.026E-02 
6.233E+02   3.158E+01  2.999E-02 
6.305E+02   3.134E+01  2.973E-02 
6.378E+02   3.110E+01  2.948E-02 
6.452E+02   3.087E+01  2.922E-02 
6.527E+02   3.063E+01  2.897E-02 
6.603E+02   3.039E+01  2.871E-02 
6.680E+02   3.016E+01  2.846E-02 
6.757E+02   2.992E+01  2.821E-02 
6.835E+02   2.969E+01  2.797E-02 
6.915E+02   2.946E+01  2.772E-02 
6.995E+02   2.923E+01  2.748E-02 
7.076E+02   2.900E+01  2.724E-02 
7.158E+02   2.877E+01  2.700E-02 
7.241E+02   2.854E+01  2.677E-02 
7.325E+02   2.831E+01  2.653E-02 
7.410E+02   2.809E+01  2.630E-02 
7.496E+02   2.786E+01  2.607E-02 
7.583E+02   2.764E+01  2.584E-02 
7.671E+02   2.742E+01  2.561E-02 
7.760E+02   2.719E+01  2.538E-02 
7.850E+02   2.697E+01  2.516E-02 
7.941E+02   2.675E+01  2.494E-02 
8.033E+02   2.653E+01  2.472E-02 
8.126E+02   2.632E+01  2.450E-02 
8.221E+02   2.610E+01  2.428E-02 
8.316E+02   2.589E+01  2.407E-02 
8.412E+02   2.567E+01  2.385E-02 
8.510E+02   2.546E+01  2.364E-02 
8.609E+02   2.525E+01  2.343E-02 
8.709E+02   2.504E+01  2.323E-02 
8.810E+02   2.483E+01  2.302E-02 
8.912E+02   2.462E+01  2.281E-02 
9.015E+02   2.441E+01  2.261E-02 
9.120E+02   2.420E+01  2.241E-02 
9.225E+02   2.400E+01  2.221E-02 
9.332E+02   2.379E+01  2.201E-02 
9.441E+02   2.359E+01  2.182E-02 
9.550E+02   2.339E+01  2.162E-02 
9.661E+02   2.319E+01  2.143E-02 
9.773E+02   2.299E+01  2.124E-02 
9.886E+02   2.279E+01  2.105E-02 
1.000E+03   2.260E+01  2.086E-02 
1.012E+03   2.244E+01  2.067E-02 
1.023E+03   2.235E+01  2.048E-02 
1.035E+03   2.226E+01  2.030E-02 
1.047E+03   2.217E+01  2.012E-02 
1.059E+03   2.208E+01  1.994E-02 
1.072E+03   2.198E+01  1.976E-02 
1.084E+03   2.189E+01  1.958E-02 
1.097E+03   2.179E+01  1.940E-02 
1.109E+03   2.170E+01  1.923E-02 
1.122E+03   2.160E+01  1.905E-02 
1.135E+03   2.150E+01  1.888E-02 
1.149E+03   2.140E+01  1.871E-02 
1.162E+03   2.130E+01  1.854E-02 
1.175E+03   2.120E+01  1.838E-02 
1.189E+03   2.110E+01  1.821E-02 
1.203E+03   2.100E+01  1.804E-02 
1.217E+03   2.089E+01  1.788E-02 
1.231E+03   2.079E+01  1.772E-02 
1.245E+03   2.069E+01  1.756E-02 
1.260E+03   2.059E+01  1.740E-02 
1.274E+03   2.049E+01  1.724E-02 
1.289E+03   2.039E+01  1.708E-02 
1.304E+03   2.029E+01  1.693E-02 
1.319E+03   2.019E+01  1.677E-02 
1.334E+03   2.008E+01  1.662E-02 
1.350E+03   1.998E+01  1.647E-02 
1.365E+03   1.988E+01  1.632E-02 
1.381E+03   1.978E+01  1.617E-02 
1.397E+03   1.968E+01  1.602E-02 
1.414E+03   1.957E+01  1.588E-02 
1.430E+03   1.947E+01  1.573E-02 
1.446E+03   1.937E+01  1.559E-02 
1.463E+03   1.927E+01  1.544E-02 
1.480E+03   1.916E+01  1.530E-02 
1.497E+03   1.906E+01  1.516E-02 
1.515E+03   1.896E+01  1.502E-02 
1.532E+03   1.886E+01  1.489E-02 
1.550E+03   1.875E+01  1.475E-02 
1.568E+03   1.865E+01  1.461E-02 
1.586E+03   1.855E+01  1.448E-02 
1.605E+03   1.845E+01  1.435E-02 
1.623E+03   1.835E+01  1.421E-02 
1.642E+03   1.825E+01  1.408E-02 
1.661E+03   1.815E+01  1.395E-02 
1.680E+03   1.804E+01  1.383E-02 
1.700E+03   1.794E+01  1.370E-02 
1.720E+03   1.784E+01  1.357E-02 
1.740E+03   1.774E+01  1.345E-02 
1.760E+03   1.764E+01  1.332E-02 
1.780E+03   1.754E+01  1.320E-02 
1.801E+03   1.744E+01  1.308E-02 
1.822E+03   1.734E+01  1.296E-02 
1.843E+03   1.725E+01  1.284E-02 
1.864E+03   1.715E+01  1.272E-02 
1.886E+03   1.705E+01  1.260E-02 
1.908E+03   1.695E+01  1.248E-02 
1.930E+03   1.685E+01  1.237E-02 
1.952E+03   1.676E+01  1.225E-02 
1.975E+03   1.666E+01  1.214E-02 
1.998E+03   1.656E+01  1.203E-02 
2.021E+03   1.646E+01  1.191E-02 
2.044E+03   1.637E+01  1.180E-02 
2.068E+03   1.627E+01  1.169E-02 
2.092E+03   1.618E+01  1.158E-02 
2.116E+03   1.608E+01  1.148E-02 
2.141E+03   1.599E+01  1.137E-02 
2.166E+03   1.589E+01  1.126E-02 
2.191E+03   1.580E+01  1.116E-02 
2.216E+03   1.570E+01  1.105E-02 
2.242E+03   1.561E+01  1.095E-02 
2.268E+03   1.552E+01  1.085E-02 
2.294E+03   1.542E+01  1.075E-02 
2.321E+03   1.533E+01  1.065E-02 
2.348E+03   1.524E+01  1.055E-02 
2.375E+03   1.515E+01  1.045E-02 
2.403E+03   1.505E+01  1.035E-02 
2.431E+03   1.496E+01  1.025E-02 
2.459E+03   1.487E+01  1.016E-02 
2.487E+03   1.478E+01  1.006E-02 
2.516E+03   1.469E+01  9.968E-03 
2.545E+03   1.460E+01  9.874E-03 
2.575E+03   1.451E+01  9.781E-03 
2.605E+03   1.442E+01  9.689E-03 
2.635E+03   1.434E+01  9.598E-03 
2.665E+03   1.425E+01  9.508E-03 
2.696E+03   1.416E+01  9.419E-03 
2.728E+03   1.407E+01  9.330E-03 
2.759E+03   1.398E+01  9.242E-03 
2.791E+03   1.390E+01  9.155E-03 
2.824E+03   1.381E+01  9.069E-03 
2.856E+03   1.373E+01  8.983E-03 
2.889E+03   1.364E+01  8.898E-03 
2.923E+03   1.355E+01  8.814E-03 
2.957E+03   1.347E+01  8.731E-03 
2.991E+03   1.338E+01  8.649E-03 
3.026E+03   1.330E+01  8.567E-03 
3.061E+03   1.322E+01  8.486E-03 
3.097E+03   1.313E+01  8.406E-03 
3.132E+03   1.305E+01  8.326E-03 
3.169E+03   1.297E+01  8.247E-03 
3.206E+03   1.289E+01  8.169E-03 
3.243E+03   1.280E+01  8.092E-03 
3.280E+03   1.272E+01  8.015E-03 
3.318E+03   1.264E+01  7.939E-03 
3.357E+03   1.256E+01  7.864E-03 
3.396E+03   1.248E+01  7.789E-03 
3.435E+03   1.240E+01  7.715E-03 
3.475E+03   1.232E+01  7.642E-03 
3.515E+03   1.224E+01  7.569E-03 
3.556E+03   1.216E+01  7.497E-03 
3.597E+03   1.208E+01  7.426E-03 
3.639E+03   1.200E+01  7.355E-03 
3.681E+03   1.193E+01  7.285E-03 
3.724E+03   1.185E+01  7.216E-03 
3.767E+03   1.177E+01  7.147E-03 
3.811E+03   1.169E+01  7.079E-03 
3.855E+03   1.162E+01  7.012E-03 
3.900E+03   1.154E+01  6.945E-03 
3.945E+03   1.147E+01  6.879E-03 
3.991E+03   1.139E+01  6.813E-03 
4.037E+03   1.132E+01  6.748E-03 
4.084E+03   1.124E+01  6.683E-03 
4.131E+03   1.117E+01  6.620E-03 
4.179E+03   1.109E+01  6.556E-03 
4.228E+03   1.102E+01  6.494E-03 
4.277E+03   1.095E+01  6.432E-03 
4.326E+03   1.087E+01  6.370E-03 
4.376E+03   1.080E+01  6.309E-03 
4.427E+03   1.073E+01  6.249E-03 
4.479E+03   1.066E+01  6.189E-03 
4.531E+03   1.059E+01  6.129E-03 
4.583E+03   1.051E+01  6.071E-03 
4.636E+03   1.044E+01  6.012E-03 
4.690E+03   1.037E+01  5.955E-03 
4.744E+03   1.030E+01  5.898E-03 
4.799E+03   1.023E+01  5.841E-03 
4.855E+03   1.016E+01  5.785E-03 
4.911E+03   1.010E+01  5.729E-03 
4.968E+03   1.003E+01  5.674E-03 
5.026E+03   9.959E+00  5.620E-03 
5.084E+03   9.891E+00  5.565E-03 
5.143E+03   9.823E+00  5.512E-03 
5.203E+03   9.756E+00  5.459E-03 
5.263E+03   9.689E+00  5.406E-03 
5.324E+03   9.623E+00  5.354E-03 
5.386E+03   9.557E+00  5.303E-03 
5.449E+03   9.491E+00  5.252E-03 
5.512E+03   9.425E+00  5.201E-03 
5.576E+03   9.360E+00  5.151E-03 
5.640E+03   9.296E+00  5.101E-03 
5.706E+03   9.231E+00  5.052E-03 
5.772E+03   9.167E+00  5.003E-03 
5.839E+03   9.103E+00  4.955E-03 
5.907E+03   9.040E+00  4.907E-03 
5.975E+03   8.977E+00  4.859E-03 
6.045E+03   8.914E+00  4.812E-03 
6.115E+03   8.852E+00  4.766E-03 
6.186E+03   8.790E+00  4.720E-03 
6.257E+03   8.728E+00  4.674E-03 
6.330E+03   8.667E+00  4.629E-03 
6.403E+03   8.606E+00  4.584E-03 
6.478E+03   8.545E+00  4.539E-03 
6.553E+03   8.485E+00  4.495E-03 
6.629E+03   8.425E+00  4.452E-03 
6.706E+03   8.365E+00  4.409E-03 
6.783E+03   8.306E+00  4.366E-03 
6.862E+03   8.247E+00  4.324E-03 
6.942E+03   8.188E+00  4.282E-03 
7.022E+03   8.130E+00  4.240E-03 
7.104E+03   8.072E+00  4.199E-03 
7.186E+03   8.014E+00  4.158E-03 
7.269E+03   7.957E+00  4.118E-03 
7.354E+03   7.900E+00  4.078E-03 
7.439E+03   7.843E+00  4.038E-03 
7.525E+03   7.787E+00  3.999E-03 
7.613E+03   7.731E+00  3.960E-03 
7.701E+03   7.675E+00  3.921E-03 
7.790E+03   7.620E+00  3.883E-03 
7.881E+03   7.565E+00  3.845E-03 
7.972E+03   7.510E+00  3.808E-03 
8.064E+03   7.455E+00  3.771E-03 
8.158E+03   7.401E+00  3.734E-03 
8.253E+03   7.347E+00  3.697E-03 
8.348E+03   7.294E+00  3.661E-03 
8.445E+03   7.241E+00  3.626E-03 
8.543E+03   7.188E+00  3.590E-03 
8.642E+03   7.135E+00  3.555E-03 
8.742E+03   7.083E+00  3.520E-03 
8.844E+03   7.031E+00  3.486E-03 
8.946E+03   6.979E+00  3.452E-03 
9.050E+03   6.928E+00  3.418E-03 
9.155E+03   6.877E+00  3.385E-03 
9.261E+03   6.826E+00  3.352E-03 
9.369E+03   6.776E+00  3.319E-03 
9.477E+03   6.726E+00  3.286E-03 
9.587E+03   6.676E+00  3.254E-03 
9.699E+03   6.627E+00  3.222E-03 
9.811E+03   6.577E+00  3.191E-03 
9.925E+03   6.529E+00  3.159E-03 
1.004E+04   6.480E+00  3.128E-03 
1.016E+04   6.432E+00  3.098E-03 
1.027E+04   6.384E+00  3.067E-03 
1.039E+04   6.336E+00  3.037E-03 
1.051E+04   6.289E+00  3.007E-03 
1.064E+04   6.242E+00  2.978E-03 
1.076E+04   6.195E+00  2.949E-03 
1.088E+04   6.148E+00  2.920E-03 
1.101E+04   6.102E+00  2.891E-03 
1.114E+04   6.056E+00  2.863E-03 
1.127E+04   6.011E+00  2.834E-03 
1.140E+04   5.965E+00  2.807E-03 
1.153E+04   5.920E+00  2.779E-03 
1.166E+04   5.875E+00  2.752E-03 
1.180E+04   5.831E+00  2.725E-03 
1.194E+04   5.787E+00  2.698E-03 
1.207E+04   5.743E+00  2.671E-03 
1.221E+04   5.699E+00  2.645E-03 
1.236E+04   5.656E+00  2.619E-03 
1.250E+04   5.613E+00  2.593E-03 
1.264E+04   5.570E+00  2.567E-03 
1.279E+04   5.528E+00  2.542E-03 
1.294E+04   5.485E+00  2.517E-03 
1.309E+04   5.443E+00  2.492E-03 
1.324E+04   5.402E+00  2.468E-03 
1.340E+04   5.360E+00  2.443E-03 
1.355E+04   5.319E+00  2.419E-03 
1.371E+04   5.278E+00  2.395E-03 
1.387E+04   5.238E+00  2.372E-03 
1.403E+04   5.197E+00  2.348E-03 
1.419E+04   5.157E+00  2.325E-03 
1.435E+04   5.118E+00  2.302E-03 
1.452E+04   5.078E+00  2.279E-03 
1.469E+04   5.039E+00  2.257E-03 
1.486E+04   5.000E+00  2.234E-03 
1.503E+04   4.961E+00  2.212E-03 
1.521E+04   4.923E+00  2.190E-03 
1.538E+04   4.884E+00  2.169E-03 
1.556E+04   4.847E+00  2.147E-03 
1.574E+04   4.809E+00  2.126E-03 
1.592E+04   4.771E+00  2.105E-03 
1.611E+04   4.734E+00  2.084E-03 
1.630E+04   4.697E+00  2.063E-03 
1.649E+04   4.661E+00  2.043E-03 
1.668E+04   4.624E+00  2.023E-03 
1.687E+04   4.588E+00  2.003E-03 
1.707E+04   4.552E+00  1.983E-03 
1.726E+04   4.517E+00  1.963E-03 
1.746E+04   4.481E+00  1.944E-03 
1.767E+04   4.446E+00  1.924E-03 
1.787E+04   4.411E+00  1.905E-03 
1.808E+04   4.376E+00  1.886E-03 
1.829E+04   4.342E+00  1.867E-03 
1.850E+04   4.308E+00  1.849E-03 
1.871E+04   4.274E+00  1.831E-03 
1.893E+04   4.240E+00  1.812E-03 
1.915E+04   4.207E+00  1.794E-03 
1.937E+04   4.173E+00  1.776E-03 
1.960E+04   4.140E+00  1.759E-03 
1.983E+04   4.108E+00  1.741E-03 
2.006E+04   4.075E+00  1.724E-03 
2.029E+04   4.043E+00  1.707E-03 
2.052E+04   4.011E+00  1.690E-03 
2.076E+04   3.979E+00  1.673E-03 
2.100E+04   3.947E+00  1.656E-03 
2.125E+04   3.916E+00  1.640E-03 
2.149E+04   3.885E+00  1.623E-03 
2.174E+04   3.854E+00  1.607E-03 
2.199E+04   3.823E+00  1.591E-03 
2.225E+04   3.793E+00  1.575E-03 
2.251E+04   3.762E+00  1.560E-03 
2.277E+04   3.732E+00  1.544E-03 
2.303E+04   3.703E+00  1.529E-03 
2.330E+04   3.673E+00  1.513E-03 
2.357E+04   3.644E+00  1.498E-03 
2.384E+04   3.615E+00  1.483E-03 
2.412E+04   3.586E+00  1.468E-03 
2.440E+04   3.557E+00  1.454E-03 
2.468E+04   3.528E+00  1.439E-03 
2.497E+04   3.500E+00  1.425E-03 
2.526E+04   3.472E+00  1.411E-03 
2.555E+04   3.444E+00  1.396E-03 
2.585E+04   3.416E+00  1.383E-03 
2.615E+04   3.389E+00  1.369E-03 
2.645E+04   3.362E+00  1.355E-03 
2.676E+04   3.335E+00  1.341E-03 
2.707E+04   3.308E+00  1.328E-03 
2.738E+04   3.281E+00  1.315E-03 
2.770E+04   3.255E+00  1.302E-03 
2.802E+04   3.228E+00  1.288E-03 
2.835E+04   3.202E+00  1.276E-03 
2.867E+04   3.177E+00  1.263E-03 
2.901E+04   3.151E+00  1.250E-03 
2.934E+04   3.125E+00  1.238E-03 
2.968E+04   3.100E+00  1.225E-03 
3.003E+04   3.075E+00  1.213E-03 
3.038E+04   3.050E+00  1.201E-03 
3.073E+04   3.026E+00  1.189E-03 
3.109E+04   3.001E+00  1.177E-03 
3.145E+04   2.977E+00  1.165E-03 
3.181E+04   2.953E+00  1.153E-03 
3.218E+04   2.929E+00  1.142E-03 
3.255E+04   2.905E+00  1.130E-03 
3.293E+04   2.881E+00  1.119E-03 
3.331E+04   2.858E+00  1.108E-03 
3.370E+04   2.835E+00  1.096E-03 
3.409E+04   2.812E+00  1.085E-03 
3.449E+04   2.789E+00  1.074E-03 
3.489E+04   2.766E+00  1.064E-03 
3.529E+04   2.744E+00  1.053E-03 
3.570E+04   2.722E+00  1.042E-03 
3.611E+04   2.699E+00  1.032E-03 
3.653E+04   2.677E+00  1.022E-03 
3.696E+04   2.656E+00  1.011E-03 
3.738E+04   2.634E+00  1.001E-03 
3.782E+04   2.613E+00  9.909E-04 
3.826E+04   2.591E+00  9.810E-04 
3.870E+04   2.570E+00  9.711E-04 
3.915E+04   2.549E+00  9.613E-04 
3.960E+04   2.529E+00  9.516E-04 
4.006E+04   2.508E+00  9.420E-04 
4.053E+04   2.488E+00  9.325E-04 
4.100E+04   2.467E+00  9.231E-04 
4.147E+04   2.447E+00  9.138E-04 
4.195E+04   2.427E+00  9.046E-04 
4.244E+04   2.408E+00  8.954E-04 
4.293E+04   2.388E+00  8.864E-04 
4.343E+04   2.368E+00  8.775E-04 
4.394E+04   2.349E+00  8.686E-04 
4.444E+04   2.330E+00  8.598E-04 
4.496E+04   2.311E+00  8.511E-04 
4.548E+04   2.292E+00  8.425E-04 
4.601E+04   2.274E+00  8.340E-04 
4.654E+04   2.255E+00  8.256E-04 
4.708E+04   2.237E+00  8.172E-04 
4.763E+04   2.218E+00  8.090E-04 
4.818E+04   2.200E+00  8.008E-04 
4.874E+04   2.182E+00  7.927E-04 
4.931E+04   2.165E+00  7.847E-04 
4.988E+04   2.147E+00  7.767E-04 
5.046E+04   2.130E+00  7.689E-04 
5.104E+04   2.112E+00  7.611E-04 
5.163E+04   2.095E+00  7.534E-04 
5.223E+04   2.078E+00  7.458E-04 
5.284E+04   2.061E+00  7.382E-04 
5.345E+04   2.044E+00  7.307E-04 
5.407E+04   2.028E+00  7.233E-04 
5.470E+04   2.011E+00  7.160E-04 
5.533E+04   1.995E+00  7.087E-04 
5.597E+04   1.979E+00  7.016E-04 
5.662E+04   1.963E+00  6.945E-04 
5.728E+04   1.947E+00  6.874E-04 
5.794E+04   1.931E+00  6.804E-04 
5.862E+04   1.915E+00  6.735E-04 
5.930E+04   1.900E+00  6.667E-04 
5.998E+04   1.884E+00  6.599E-04 
6.068E+04   1.869E+00  6.532E-04 
6.138E+04   1.854E+00  6.466E-04 
6.210E+04   1.839E+00  6.400E-04 
6.282E+04   1.824E+00  6.335E-04 
6.354E+04   1.809E+00  6.271E-04 
6.428E+04   1.795E+00  6.207E-04 
6.503E+04   1.780E+00  6.144E-04 
6.578E+04   1.766E+00  6.082E-04 
6.654E+04   1.751E+00  6.020E-04 
6.732E+04   1.737E+00  5.959E-04 
6.810E+04   1.723E+00  5.898E-04 
6.889E+04   1.709E+00  5.838E-04 
6.969E+04   1.696E+00  5.779E-04 
7.049E+04   1.682E+00  5.720E-04 
7.131E+04   1.668E+00  5.662E-04 
7.214E+04   1.655E+00  5.604E-04 
7.298E+04   1.642E+00  5.547E-04 
7.382E+04   1.629E+00  5.491E-04 
7.468E+04   1.615E+00  5.435E-04 
7.555E+04   1.602E+00  5.380E-04 
7.642E+04   1.590E+00  5.325E-04 
7.731E+04   1.577E+00  5.271E-04 
7.820E+04   1.564E+00  5.217E-04 
7.911E+04   1.552E+00  5.164E-04 
8.003E+04   1.539E+00  5.111E-04 
8.096E+04   1.527E+00  5.059E-04 
8.190E+04   1.515E+00  5.008E-04 
8.285E+04   1.503E+00  4.957E-04 
8.381E+04   1.491E+00  4.906E-04 
8.478E+04   1.479E+00  4.856E-04 
8.576E+04   1.467E+00  4.806E-04 
8.676E+04   1.456E+00  4.757E-04 
8.776E+04   1.444E+00  4.709E-04 
8.878E+04   1.433E+00  4.661E-04 
8.981E+04   1.421E+00  4.613E-04 
9.085E+04   1.410E+00  4.566E-04 
9.191E+04   1.399E+00  4.520E-04 
9.297E+04   1.388E+00  4.473E-04 
9.405E+04   1.377E+00  4.428E-04 
9.514E+04   1.366E+00  4.382E-04 
9.625E+04   1.355E+00  4.338E-04 
9.736E+04   1.345E+00  4.293E-04 
9.849E+04   1.334E+00  4.250E-04 
9.963E+04   1.324E+00  4.206E-04 
1.008E+05   1.313E+00  4.163E-04 
