Ion = Helium      . Mass = 4.0026
Tgt = Mo (Solid). Density = 10.206 g/cm3
Stopping Units =  eV/(1E15 atoms/cm2)
Energy(keV)  S(Elec)    S(Nuc)
1.000E+00   5.546E+00  2.624E+00 
1.013E+00   5.582E+00  2.628E+00 
1.026E+00   5.618E+00  2.633E+00 
1.039E+00   5.655E+00  2.637E+00 
1.053E+00   5.691E+00  2.641E+00 
1.067E+00   5.728E+00  2.646E+00 
1.081E+00   5.765E+00  2.650E+00 
1.095E+00   5.803E+00  2.654E+00 
1.109E+00   5.840E+00  2.658E+00 
1.123E+00   5.878E+00  2.663E+00 
1.138E+00   5.916E+00  2.667E+00 
1.153E+00   5.955E+00  2.671E+00 
1.168E+00   5.993E+00  2.675E+00 
1.183E+00   6.032E+00  2.679E+00 
1.198E+00   6.071E+00  2.683E+00 
1.214E+00   6.110E+00  2.686E+00 
1.229E+00   6.150E+00  2.690E+00 
1.245E+00   6.190E+00  2.694E+00 
1.262E+00   6.230E+00  2.698E+00 
1.278E+00   6.270E+00  2.701E+00 
1.295E+00   6.311E+00  2.705E+00 
1.311E+00   6.352E+00  2.708E+00 
1.329E+00   6.393E+00  2.712E+00 
1.346E+00   6.434E+00  2.715E+00 
1.363E+00   6.476E+00  2.719E+00 
1.381E+00   6.518E+00  2.722E+00 
1.399E+00   6.560E+00  2.725E+00 
1.417E+00   6.603E+00  2.729E+00 
1.436E+00   6.645E+00  2.732E+00 
1.454E+00   6.688E+00  2.735E+00 
1.473E+00   6.732E+00  2.738E+00 
1.492E+00   6.775E+00  2.741E+00 
1.512E+00   6.819E+00  2.744E+00 
1.531E+00   6.863E+00  2.747E+00 
1.551E+00   6.908E+00  2.750E+00 
1.571E+00   6.953E+00  2.752E+00 
1.592E+00   6.998E+00  2.755E+00 
1.612E+00   7.043E+00  2.758E+00 
1.633E+00   7.089E+00  2.760E+00 
1.655E+00   7.134E+00  2.763E+00 
1.676E+00   7.181E+00  2.765E+00 
1.698E+00   7.227E+00  2.768E+00 
1.720E+00   7.274E+00  2.770E+00 
1.742E+00   7.321E+00  2.773E+00 
1.765E+00   7.369E+00  2.775E+00 
1.788E+00   7.416E+00  2.777E+00 
1.811E+00   7.464E+00  2.779E+00 
1.835E+00   7.513E+00  2.781E+00 
1.859E+00   7.561E+00  2.783E+00 
1.883E+00   7.610E+00  2.785E+00 
1.907E+00   7.660E+00  2.787E+00 
1.932E+00   7.709E+00  2.789E+00 
1.957E+00   7.759E+00  2.791E+00 
1.983E+00   7.809E+00  2.792E+00 
2.008E+00   7.860E+00  2.794E+00 
2.034E+00   7.911E+00  2.796E+00 
2.061E+00   7.962E+00  2.797E+00 
2.088E+00   8.014E+00  2.799E+00 
2.115E+00   8.066E+00  2.800E+00 
2.142E+00   8.118E+00  2.801E+00 
2.170E+00   8.170E+00  2.803E+00 
2.198E+00   8.223E+00  2.804E+00 
2.227E+00   8.277E+00  2.805E+00 
2.256E+00   8.330E+00  2.806E+00 
2.285E+00   8.384E+00  2.807E+00 
2.315E+00   8.439E+00  2.808E+00 
2.345E+00   8.493E+00  2.809E+00 
2.375E+00   8.548E+00  2.810E+00 
2.406E+00   8.604E+00  2.810E+00 
2.438E+00   8.659E+00  2.811E+00 
2.469E+00   8.715E+00  2.812E+00 
2.501E+00   8.772E+00  2.812E+00 
2.534E+00   8.829E+00  2.813E+00 
2.567E+00   8.886E+00  2.813E+00 
2.600E+00   8.943E+00  2.813E+00 
2.634E+00   9.001E+00  2.814E+00 
2.668E+00   9.060E+00  2.814E+00 
2.703E+00   9.118E+00  2.814E+00 
2.738E+00   9.177E+00  2.814E+00 
2.773E+00   9.237E+00  2.814E+00 
2.810E+00   9.297E+00  2.814E+00 
2.846E+00   9.357E+00  2.814E+00 
2.883E+00   9.417E+00  2.814E+00 
2.921E+00   9.478E+00  2.813E+00 
2.958E+00   9.540E+00  2.813E+00 
2.997E+00   9.602E+00  2.812E+00 
3.036E+00   9.664E+00  2.812E+00 
3.075E+00   9.726E+00  2.811E+00 
3.115E+00   9.789E+00  2.811E+00 
3.156E+00   9.853E+00  2.810E+00 
3.197E+00   9.917E+00  2.809E+00 
3.238E+00   9.981E+00  2.808E+00 
3.280E+00   1.005E+01  2.807E+00 
3.323E+00   1.011E+01  2.806E+00 
3.366E+00   1.018E+01  2.805E+00 
3.410E+00   1.024E+01  2.804E+00 
3.454E+00   1.031E+01  2.803E+00 
3.499E+00   1.038E+01  2.802E+00 
3.545E+00   1.044E+01  2.800E+00 
3.591E+00   1.051E+01  2.799E+00 
3.637E+00   1.058E+01  2.797E+00 
3.685E+00   1.065E+01  2.796E+00 
3.733E+00   1.072E+01  2.794E+00 
3.781E+00   1.078E+01  2.792E+00 
3.830E+00   1.085E+01  2.790E+00 
3.880E+00   1.093E+01  2.788E+00 
3.930E+00   1.100E+01  2.786E+00 
3.982E+00   1.107E+01  2.784E+00 
4.033E+00   1.114E+01  2.782E+00 
4.086E+00   1.121E+01  2.780E+00 
4.139E+00   1.128E+01  2.778E+00 
4.193E+00   1.136E+01  2.775E+00 
4.247E+00   1.143E+01  2.773E+00 
4.302E+00   1.150E+01  2.770E+00 
4.358E+00   1.158E+01  2.768E+00 
4.415E+00   1.165E+01  2.765E+00 
4.472E+00   1.173E+01  2.762E+00 
4.530E+00   1.181E+01  2.760E+00 
4.589E+00   1.188E+01  2.757E+00 
4.649E+00   1.196E+01  2.754E+00 
4.709E+00   1.204E+01  2.751E+00 
4.770E+00   1.211E+01  2.748E+00 
4.832E+00   1.219E+01  2.745E+00 
4.895E+00   1.227E+01  2.741E+00 
4.959E+00   1.235E+01  2.738E+00 
5.023E+00   1.243E+01  2.735E+00 
5.089E+00   1.251E+01  2.731E+00 
5.155E+00   1.259E+01  2.727E+00 
5.222E+00   1.267E+01  2.724E+00 
5.290E+00   1.276E+01  2.720E+00 
5.358E+00   1.284E+01  2.716E+00 
5.428E+00   1.292E+01  2.713E+00 
5.499E+00   1.301E+01  2.709E+00 
5.570E+00   1.309E+01  2.705E+00 
5.642E+00   1.317E+01  2.701E+00 
5.716E+00   1.326E+01  2.696E+00 
5.790E+00   1.335E+01  2.692E+00 
5.865E+00   1.343E+01  2.688E+00 
5.942E+00   1.352E+01  2.683E+00 
6.019E+00   1.361E+01  2.679E+00 
6.097E+00   1.370E+01  2.674E+00 
6.176E+00   1.378E+01  2.670E+00 
6.256E+00   1.387E+01  2.665E+00 
6.338E+00   1.396E+01  2.660E+00 
6.420E+00   1.405E+01  2.656E+00 
6.504E+00   1.414E+01  2.651E+00 
6.588E+00   1.424E+01  2.646E+00 
6.674E+00   1.433E+01  2.641E+00 
6.760E+00   1.442E+01  2.636E+00 
6.848E+00   1.451E+01  2.631E+00 
6.937E+00   1.461E+01  2.625E+00 
7.027E+00   1.470E+01  2.620E+00 
7.119E+00   1.480E+01  2.615E+00 
7.211E+00   1.489E+01  2.609E+00 
7.305E+00   1.499E+01  2.604E+00 
7.400E+00   1.509E+01  2.598E+00 
7.496E+00   1.519E+01  2.592E+00 
7.594E+00   1.528E+01  2.587E+00 
7.692E+00   1.538E+01  2.581E+00 
7.792E+00   1.548E+01  2.575E+00 
7.894E+00   1.558E+01  2.569E+00 
7.996E+00   1.568E+01  2.563E+00 
8.100E+00   1.579E+01  2.557E+00 
8.205E+00   1.590E+01  2.551E+00 
8.312E+00   1.601E+01  2.545E+00 
8.420E+00   1.613E+01  2.538E+00 
8.529E+00   1.624E+01  2.532E+00 
8.640E+00   1.635E+01  2.526E+00 
8.753E+00   1.647E+01  2.519E+00 
8.866E+00   1.658E+01  2.513E+00 
8.982E+00   1.670E+01  2.506E+00 
9.098E+00   1.682E+01  2.499E+00 
9.217E+00   1.694E+01  2.493E+00 
9.336E+00   1.705E+01  2.486E+00 
9.458E+00   1.717E+01  2.479E+00 
9.581E+00   1.729E+01  2.472E+00 
9.705E+00   1.742E+01  2.465E+00 
9.831E+00   1.754E+01  2.458E+00 
9.959E+00   1.766E+01  2.451E+00 
1.009E+01   1.778E+01  2.444E+00 
1.022E+01   1.791E+01  2.437E+00 
1.035E+01   1.804E+01  2.430E+00 
1.049E+01   1.816E+01  2.422E+00 
1.062E+01   1.829E+01  2.415E+00 
1.076E+01   1.842E+01  2.408E+00 
1.090E+01   1.855E+01  2.400E+00 
1.104E+01   1.868E+01  2.393E+00 
1.119E+01   1.881E+01  2.385E+00 
1.133E+01   1.894E+01  2.377E+00 
1.148E+01   1.907E+01  2.370E+00 
1.163E+01   1.921E+01  2.362E+00 
1.178E+01   1.934E+01  2.354E+00 
1.193E+01   1.948E+01  2.346E+00 
1.209E+01   1.961E+01  2.339E+00 
1.224E+01   1.975E+01  2.331E+00 
1.240E+01   1.989E+01  2.323E+00 
1.256E+01   2.003E+01  2.315E+00 
1.273E+01   2.017E+01  2.307E+00 
1.289E+01   2.031E+01  2.298E+00 
1.306E+01   2.046E+01  2.290E+00 
1.323E+01   2.060E+01  2.282E+00 
1.340E+01   2.075E+01  2.274E+00 
1.358E+01   2.089E+01  2.266E+00 
1.375E+01   2.104E+01  2.257E+00 
1.393E+01   2.119E+01  2.249E+00 
1.411E+01   2.133E+01  2.240E+00 
1.430E+01   2.148E+01  2.232E+00 
1.448E+01   2.164E+01  2.223E+00 
1.467E+01   2.179E+01  2.215E+00 
1.486E+01   2.194E+01  2.206E+00 
1.505E+01   2.209E+01  2.198E+00 
1.525E+01   2.225E+01  2.189E+00 
1.545E+01   2.241E+01  2.180E+00 
1.565E+01   2.256E+01  2.172E+00 
1.585E+01   2.272E+01  2.163E+00 
1.606E+01   2.288E+01  2.154E+00 
1.627E+01   2.304E+01  2.145E+00 
1.648E+01   2.321E+01  2.136E+00 
1.669E+01   2.337E+01  2.128E+00 
1.691E+01   2.353E+01  2.119E+00 
1.713E+01   2.370E+01  2.110E+00 
1.735E+01   2.387E+01  2.101E+00 
1.758E+01   2.403E+01  2.092E+00 
1.781E+01   2.420E+01  2.083E+00 
1.804E+01   2.437E+01  2.074E+00 
1.827E+01   2.454E+01  2.065E+00 
1.851E+01   2.472E+01  2.055E+00 
1.875E+01   2.489E+01  2.046E+00 
1.899E+01   2.506E+01  2.037E+00 
1.924E+01   2.524E+01  2.028E+00 
1.949E+01   2.542E+01  2.019E+00 
1.974E+01   2.560E+01  2.009E+00 
2.000E+01   2.578E+01  2.000E+00 
2.026E+01   2.596E+01  1.991E+00 
2.052E+01   2.614E+01  1.982E+00 
2.079E+01   2.632E+01  1.972E+00 
2.106E+01   2.651E+01  1.963E+00 
2.133E+01   2.670E+01  1.954E+00 
2.161E+01   2.688E+01  1.944E+00 
2.189E+01   2.707E+01  1.935E+00 
2.218E+01   2.726E+01  1.926E+00 
2.247E+01   2.745E+01  1.916E+00 
2.276E+01   2.765E+01  1.907E+00 
2.305E+01   2.784E+01  1.897E+00 
2.335E+01   2.804E+01  1.888E+00 
2.366E+01   2.823E+01  1.878E+00 
2.396E+01   2.843E+01  1.869E+00 
2.428E+01   2.863E+01  1.860E+00 
2.459E+01   2.883E+01  1.850E+00 
2.491E+01   2.904E+01  1.841E+00 
2.523E+01   2.924E+01  1.831E+00 
2.556E+01   2.944E+01  1.822E+00 
2.589E+01   2.965E+01  1.812E+00 
2.623E+01   2.986E+01  1.803E+00 
2.657E+01   3.007E+01  1.793E+00 
2.692E+01   3.028E+01  1.784E+00 
2.727E+01   3.049E+01  1.774E+00 
2.762E+01   3.071E+01  1.765E+00 
2.798E+01   3.092E+01  1.755E+00 
2.834E+01   3.114E+01  1.746E+00 
2.871E+01   3.136E+01  1.736E+00 
2.909E+01   3.158E+01  1.727E+00 
2.946E+01   3.180E+01  1.717E+00 
2.985E+01   3.202E+01  1.707E+00 
3.023E+01   3.224E+01  1.698E+00 
3.063E+01   3.247E+01  1.688E+00 
3.103E+01   3.270E+01  1.679E+00 
3.143E+01   3.293E+01  1.669E+00 
3.184E+01   3.316E+01  1.660E+00 
3.225E+01   3.339E+01  1.651E+00 
3.267E+01   3.362E+01  1.641E+00 
3.309E+01   3.386E+01  1.632E+00 
3.352E+01   3.409E+01  1.622E+00 
3.396E+01   3.433E+01  1.613E+00 
3.440E+01   3.457E+01  1.603E+00 
3.485E+01   3.481E+01  1.594E+00 
3.530E+01   3.505E+01  1.584E+00 
3.576E+01   3.530E+01  1.575E+00 
3.623E+01   3.555E+01  1.566E+00 
3.670E+01   3.579E+01  1.556E+00 
3.717E+01   3.604E+01  1.547E+00 
3.766E+01   3.629E+01  1.538E+00 
3.815E+01   3.655E+01  1.528E+00 
3.864E+01   3.680E+01  1.519E+00 
3.914E+01   3.706E+01  1.510E+00 
3.965E+01   3.732E+01  1.500E+00 
4.017E+01   3.757E+01  1.491E+00 
4.069E+01   3.784E+01  1.482E+00 
4.122E+01   3.810E+01  1.473E+00 
4.175E+01   3.836E+01  1.463E+00 
4.230E+01   3.863E+01  1.454E+00 
4.285E+01   3.890E+01  1.445E+00 
4.340E+01   3.917E+01  1.436E+00 
4.397E+01   3.944E+01  1.427E+00 
4.454E+01   3.971E+01  1.418E+00 
4.512E+01   3.999E+01  1.408E+00 
4.570E+01   4.026E+01  1.399E+00 
4.630E+01   4.054E+01  1.390E+00 
4.690E+01   4.082E+01  1.381E+00 
4.751E+01   4.110E+01  1.372E+00 
4.813E+01   4.139E+01  1.363E+00 
4.875E+01   4.167E+01  1.354E+00 
4.939E+01   4.196E+01  1.345E+00 
5.003E+01   4.225E+01  1.337E+00 
5.068E+01   4.254E+01  1.328E+00 
5.134E+01   4.283E+01  1.319E+00 
5.200E+01   4.313E+01  1.310E+00 
5.268E+01   4.342E+01  1.301E+00 
5.336E+01   4.372E+01  1.292E+00 
5.406E+01   4.402E+01  1.284E+00 
5.476E+01   4.432E+01  1.275E+00 
5.547E+01   4.463E+01  1.266E+00 
5.619E+01   4.493E+01  1.258E+00 
5.692E+01   4.524E+01  1.249E+00 
5.766E+01   4.555E+01  1.240E+00 
5.841E+01   4.586E+01  1.232E+00 
5.917E+01   4.617E+01  1.223E+00 
5.994E+01   4.649E+01  1.215E+00 
6.072E+01   4.680E+01  1.206E+00 
6.151E+01   4.712E+01  1.198E+00 
6.231E+01   4.744E+01  1.189E+00 
6.312E+01   4.776E+01  1.181E+00 
6.394E+01   4.809E+01  1.173E+00 
6.477E+01   4.841E+01  1.164E+00 
6.561E+01   4.874E+01  1.156E+00 
6.646E+01   4.907E+01  1.148E+00 
6.733E+01   4.940E+01  1.140E+00 
6.820E+01   4.974E+01  1.131E+00 
6.909E+01   5.007E+01  1.123E+00 
6.999E+01   5.041E+01  1.115E+00 
7.090E+01   5.075E+01  1.107E+00 
7.182E+01   5.109E+01  1.099E+00 
7.275E+01   5.143E+01  1.091E+00 
7.370E+01   5.178E+01  1.083E+00 
7.465E+01   5.212E+01  1.075E+00 
7.562E+01   5.247E+01  1.067E+00 
7.661E+01   5.282E+01  1.059E+00 
7.760E+01   5.317E+01  1.051E+00 
7.861E+01   5.353E+01  1.044E+00 
7.963E+01   5.388E+01  1.036E+00 
8.067E+01   5.424E+01  1.028E+00 
8.172E+01   5.460E+01  1.020E+00 
8.278E+01   5.496E+01  1.013E+00 
8.385E+01   5.532E+01  1.005E+00 
8.494E+01   5.569E+01  9.974E-01 
8.605E+01   5.606E+01  9.899E-01 
8.717E+01   5.643E+01  9.824E-01 
8.830E+01   5.680E+01  9.749E-01 
8.945E+01   5.717E+01  9.674E-01 
9.061E+01   5.754E+01  9.600E-01 
9.179E+01   5.792E+01  9.527E-01 
9.298E+01   5.830E+01  9.453E-01 
9.419E+01   5.867E+01  9.380E-01 
9.541E+01   5.906E+01  9.308E-01 
9.665E+01   5.944E+01  9.236E-01 
9.791E+01   5.982E+01  9.164E-01 
9.918E+01   6.021E+01  9.092E-01 
1.005E+02   6.060E+01  9.021E-01 
1.018E+02   6.099E+01  8.951E-01 
1.031E+02   6.138E+01  8.880E-01 
1.044E+02   6.177E+01  8.810E-01 
1.058E+02   6.217E+01  8.741E-01 
1.072E+02   6.256E+01  8.672E-01 
1.086E+02   6.296E+01  8.603E-01 
1.100E+02   6.336E+01  8.535E-01 
1.114E+02   6.376E+01  8.467E-01 
1.129E+02   6.417E+01  8.399E-01 
1.143E+02   6.457E+01  8.332E-01 
1.158E+02   6.498E+01  8.265E-01 
1.173E+02   6.538E+01  8.199E-01 
1.188E+02   6.579E+01  8.133E-01 
1.204E+02   6.620E+01  8.067E-01 
1.219E+02   6.662E+01  8.002E-01 
1.235E+02   6.703E+01  7.937E-01 
1.251E+02   6.745E+01  7.872E-01 
1.268E+02   6.786E+01  7.808E-01 
1.284E+02   6.828E+01  7.744E-01 
1.301E+02   6.870E+01  7.681E-01 
1.318E+02   6.912E+01  7.618E-01 
1.335E+02   6.954E+01  7.555E-01 
1.352E+02   6.996E+01  7.493E-01 
1.370E+02   7.039E+01  7.431E-01 
1.388E+02   7.081E+01  7.370E-01 
1.406E+02   7.124E+01  7.309E-01 
1.424E+02   7.167E+01  7.248E-01 
1.442E+02   7.210E+01  7.188E-01 
1.461E+02   7.253E+01  7.128E-01 
1.480E+02   7.296E+01  7.069E-01 
1.499E+02   7.339E+01  7.009E-01 
1.519E+02   7.382E+01  6.951E-01 
1.539E+02   7.426E+01  6.892E-01 
1.559E+02   7.469E+01  6.834E-01 
1.579E+02   7.513E+01  6.777E-01 
1.599E+02   7.556E+01  6.719E-01 
1.620E+02   7.600E+01  6.662E-01 
1.641E+02   7.644E+01  6.606E-01 
1.662E+02   7.688E+01  6.550E-01 
1.684E+02   7.732E+01  6.494E-01 
1.706E+02   7.776E+01  6.439E-01 
1.728E+02   7.820E+01  6.384E-01 
1.751E+02   7.864E+01  6.329E-01 
1.773E+02   7.908E+01  6.275E-01 
1.796E+02   7.952E+01  6.221E-01 
1.820E+02   7.997E+01  6.167E-01 
1.843E+02   8.041E+01  6.114E-01 
1.867E+02   8.085E+01  6.061E-01 
1.892E+02   8.130E+01  6.009E-01 
1.916E+02   8.174E+01  5.957E-01 
1.941E+02   8.218E+01  5.905E-01 
1.966E+02   8.263E+01  5.854E-01 
1.992E+02   8.307E+01  5.803E-01 
2.018E+02   8.351E+01  5.752E-01 
2.044E+02   8.396E+01  5.702E-01 
2.071E+02   8.440E+01  5.652E-01 
2.097E+02   8.484E+01  5.603E-01 
2.125E+02   8.528E+01  5.553E-01 
2.152E+02   8.573E+01  5.505E-01 
2.180E+02   8.617E+01  5.456E-01 
2.209E+02   8.661E+01  5.408E-01 
2.237E+02   8.705E+01  5.360E-01 
2.266E+02   8.749E+01  5.313E-01 
2.296E+02   8.793E+01  5.266E-01 
2.326E+02   8.837E+01  5.219E-01 
2.356E+02   8.881E+01  5.172E-01 
2.387E+02   8.924E+01  5.126E-01 
2.418E+02   8.968E+01  5.081E-01 
2.449E+02   9.011E+01  5.035E-01 
2.481E+02   9.055E+01  4.990E-01 
2.513E+02   9.098E+01  4.946E-01 
2.546E+02   9.141E+01  4.901E-01 
2.579E+02   9.184E+01  4.857E-01 
2.612E+02   9.227E+01  4.813E-01 
2.646E+02   9.269E+01  4.770E-01 
2.681E+02   9.312E+01  4.727E-01 
2.716E+02   9.354E+01  4.684E-01 
2.751E+02   9.396E+01  4.642E-01 
2.787E+02   9.438E+01  4.600E-01 
2.823E+02   9.480E+01  4.558E-01 
2.859E+02   9.522E+01  4.557E-01 
2.897E+02   9.563E+01  4.516E-01 
2.934E+02   9.604E+01  4.475E-01 
2.972E+02   9.645E+01  4.434E-01 
3.011E+02   9.686E+01  4.394E-01 
3.050E+02   9.726E+01  4.353E-01 
3.090E+02   9.766E+01  4.314E-01 
3.130E+02   9.806E+01  4.274E-01 
3.171E+02   9.846E+01  4.235E-01 
3.212E+02   9.885E+01  4.196E-01 
3.254E+02   9.924E+01  4.157E-01 
3.296E+02   9.963E+01  4.119E-01 
3.339E+02   1.000E+02  4.081E-01 
3.382E+02   1.004E+02  4.043E-01 
3.426E+02   1.008E+02  4.006E-01 
3.471E+02   1.011E+02  3.968E-01 
3.516E+02   1.015E+02  3.932E-01 
3.561E+02   1.019E+02  3.895E-01 
3.608E+02   1.022E+02  3.859E-01 
3.655E+02   1.026E+02  3.823E-01 
3.702E+02   1.030E+02  3.787E-01 
3.750E+02   1.033E+02  3.752E-01 
3.799E+02   1.037E+02  3.717E-01 
3.848E+02   1.040E+02  3.682E-01 
3.898E+02   1.043E+02  3.647E-01 
3.949E+02   1.047E+02  3.613E-01 
4.000E+02   1.050E+02  3.579E-01 
4.052E+02   1.053E+02  3.545E-01 
4.105E+02   1.056E+02  3.512E-01 
4.158E+02   1.060E+02  3.479E-01 
4.212E+02   1.063E+02  3.446E-01 
4.267E+02   1.066E+02  3.413E-01 
4.323E+02   1.069E+02  3.381E-01 
4.379E+02   1.072E+02  3.349E-01 
4.436E+02   1.075E+02  3.317E-01 
4.493E+02   1.077E+02  3.285E-01 
4.552E+02   1.080E+02  3.254E-01 
4.611E+02   1.083E+02  3.223E-01 
4.671E+02   1.086E+02  3.192E-01 
4.731E+02   1.088E+02  3.162E-01 
4.793E+02   1.091E+02  3.131E-01 
4.855E+02   1.093E+02  3.101E-01 
4.918E+02   1.096E+02  3.072E-01 
4.982E+02   1.098E+02  3.042E-01 
5.047E+02   1.100E+02  3.013E-01 
5.113E+02   1.103E+02  2.984E-01 
5.179E+02   1.105E+02  2.955E-01 
5.246E+02   1.107E+02  2.927E-01 
5.315E+02   1.109E+02  2.899E-01 
5.384E+02   1.111E+02  2.871E-01 
5.454E+02   1.113E+02  2.843E-01 
5.524E+02   1.115E+02  2.815E-01 
5.596E+02   1.117E+02  2.788E-01 
5.669E+02   1.118E+02  2.761E-01 
5.743E+02   1.120E+02  2.734E-01 
5.817E+02   1.122E+02  2.708E-01 
5.893E+02   1.123E+02  2.681E-01 
5.969E+02   1.125E+02  2.655E-01 
6.047E+02   1.126E+02  2.629E-01 
6.126E+02   1.127E+02  2.604E-01 
6.205E+02   1.129E+02  2.578E-01 
6.286E+02   1.130E+02  2.553E-01 
6.368E+02   1.131E+02  2.528E-01 
6.450E+02   1.132E+02  2.503E-01 
6.534E+02   1.133E+02  2.479E-01 
6.619E+02   1.134E+02  2.454E-01 
6.705E+02   1.134E+02  2.430E-01 
6.792E+02   1.135E+02  2.406E-01 
6.881E+02   1.136E+02  2.383E-01 
6.970E+02   1.136E+02  2.359E-01 
7.061E+02   1.137E+02  2.336E-01 
7.152E+02   1.137E+02  2.313E-01 
7.245E+02   1.137E+02  2.290E-01 
7.339E+02   1.138E+02  2.267E-01 
7.435E+02   1.138E+02  2.245E-01 
7.531E+02   1.138E+02  2.223E-01 
7.629E+02   1.138E+02  2.201E-01 
7.728E+02   1.138E+02  2.179E-01 
7.829E+02   1.138E+02  2.157E-01 
7.931E+02   1.137E+02  2.136E-01 
8.034E+02   1.137E+02  2.114E-01 
8.138E+02   1.137E+02  2.093E-01 
8.244E+02   1.136E+02  2.072E-01 
8.351E+02   1.136E+02  2.052E-01 
8.460E+02   1.135E+02  2.031E-01 
8.570E+02   1.134E+02  2.011E-01 
8.681E+02   1.133E+02  1.991E-01 
8.794E+02   1.132E+02  1.971E-01 
8.908E+02   1.132E+02  1.951E-01 
9.024E+02   1.130E+02  1.932E-01 
9.141E+02   1.129E+02  1.912E-01 
9.260E+02   1.128E+02  1.893E-01 
9.380E+02   1.127E+02  1.874E-01 
9.502E+02   1.125E+02  1.855E-01 
9.626E+02   1.124E+02  1.837E-01 
9.751E+02   1.123E+02  1.818E-01 
9.877E+02   1.121E+02  1.800E-01 
1.001E+03   1.119E+02  1.782E-01 
1.014E+03   1.118E+02  1.764E-01 
1.027E+03   1.116E+02  1.746E-01 
1.040E+03   1.114E+02  1.728E-01 
1.054E+03   1.112E+02  1.711E-01 
1.067E+03   1.110E+02  1.693E-01 
1.081E+03   1.108E+02  1.676E-01 
1.095E+03   1.105E+02  1.659E-01 
1.109E+03   1.103E+02  1.642E-01 
1.124E+03   1.101E+02  1.626E-01 
1.138E+03   1.098E+02  1.609E-01 
1.153E+03   1.096E+02  1.593E-01 
1.168E+03   1.093E+02  1.577E-01 
1.183E+03   1.091E+02  1.561E-01 
1.199E+03   1.088E+02  1.545E-01 
1.214E+03   1.085E+02  1.529E-01 
1.230E+03   1.082E+02  1.513E-01 
1.246E+03   1.080E+02  1.498E-01 
1.262E+03   1.077E+02  1.483E-01 
1.279E+03   1.074E+02  1.467E-01 
1.295E+03   1.071E+02  1.452E-01 
1.312E+03   1.067E+02  1.438E-01 
1.329E+03   1.064E+02  1.423E-01 
1.347E+03   1.061E+02  1.408E-01 
1.364E+03   1.058E+02  1.394E-01 
1.382E+03   1.054E+02  1.380E-01 
1.400E+03   1.051E+02  1.365E-01 
1.418E+03   1.047E+02  1.351E-01 
1.436E+03   1.044E+02  1.337E-01 
1.455E+03   1.040E+02  1.324E-01 
1.474E+03   1.036E+02  1.310E-01 
1.493E+03   1.033E+02  1.297E-01 
1.513E+03   1.029E+02  1.283E-01 
1.532E+03   1.025E+02  1.270E-01 
1.552E+03   1.021E+02  1.257E-01 
1.572E+03   1.017E+02  1.244E-01 
1.593E+03   1.013E+02  1.231E-01 
1.613E+03   1.009E+02  1.218E-01 
1.634E+03   1.005E+02  1.206E-01 
1.656E+03   1.001E+02  1.193E-01 
1.677E+03   9.968E+01  1.181E-01 
1.699E+03   9.925E+01  1.169E-01 
1.721E+03   9.883E+01  1.156E-01 
1.743E+03   9.840E+01  1.144E-01 
1.766E+03   9.797E+01  1.133E-01 
1.789E+03   9.753E+01  1.121E-01 
1.812E+03   9.709E+01  1.109E-01 
1.836E+03   9.664E+01  1.098E-01 
1.860E+03   9.620E+01  1.086E-01 
1.884E+03   9.574E+01  1.075E-01 
1.908E+03   9.529E+01  1.064E-01 
1.933E+03   9.483E+01  1.053E-01 
1.958E+03   9.437E+01  1.042E-01 
1.984E+03   9.391E+01  1.031E-01 
2.009E+03   9.344E+01  1.020E-01 
2.036E+03   9.297E+01  1.009E-01 
2.062E+03   9.250E+01  9.988E-02 
2.089E+03   9.202E+01  9.883E-02 
2.116E+03   9.154E+01  9.780E-02 
2.143E+03   9.106E+01  9.678E-02 
2.171E+03   9.058E+01  9.576E-02 
2.200E+03   9.010E+01  9.476E-02 
2.228E+03   8.961E+01  9.376E-02 
2.257E+03   8.912E+01  9.278E-02 
2.286E+03   8.863E+01  9.181E-02 
2.316E+03   8.814E+01  9.084E-02 
2.346E+03   8.765E+01  8.989E-02 
2.377E+03   8.715E+01  8.894E-02 
2.408E+03   8.665E+01  8.801E-02 
2.439E+03   8.615E+01  8.708E-02 
2.471E+03   8.566E+01  8.616E-02 
2.503E+03   8.515E+01  8.525E-02 
2.535E+03   8.465E+01  8.436E-02 
2.568E+03   8.415E+01  8.347E-02 
2.602E+03   8.365E+01  8.259E-02 
2.635E+03   8.314E+01  8.171E-02 
2.670E+03   8.264E+01  8.085E-02 
2.704E+03   8.213E+01  8.000E-02 
2.740E+03   8.162E+01  7.915E-02 
2.775E+03   8.112E+01  7.831E-02 
2.811E+03   8.061E+01  7.748E-02 
2.848E+03   8.010E+01  7.666E-02 
2.885E+03   7.960E+01  7.585E-02 
2.922E+03   7.909E+01  7.505E-02 
2.960E+03   7.858E+01  7.425E-02 
2.999E+03   7.807E+01  7.346E-02 
3.038E+03   7.756E+01  7.268E-02 
3.077E+03   7.706E+01  7.191E-02 
3.117E+03   7.655E+01  7.115E-02 
3.158E+03   7.604E+01  7.039E-02 
3.199E+03   7.553E+01  6.964E-02 
3.240E+03   7.503E+01  6.890E-02 
3.282E+03   7.452E+01  6.817E-02 
3.325E+03   7.402E+01  6.744E-02 
3.368E+03   7.351E+01  6.672E-02 
3.412E+03   7.301E+01  6.601E-02 
3.456E+03   7.251E+01  6.531E-02 
3.501E+03   7.200E+01  6.461E-02 
3.547E+03   7.150E+01  6.392E-02 
3.593E+03   7.100E+01  6.324E-02 
3.640E+03   7.050E+01  6.257E-02 
3.687E+03   7.001E+01  6.190E-02 
3.735E+03   6.951E+01  6.123E-02 
3.783E+03   6.901E+01  6.058E-02 
3.832E+03   6.852E+01  5.993E-02 
3.882E+03   6.802E+01  5.929E-02 
3.933E+03   6.753E+01  5.866E-02 
3.984E+03   6.704E+01  5.803E-02 
4.036E+03   6.655E+01  5.740E-02 
4.088E+03   6.607E+01  5.679E-02 
4.141E+03   6.558E+01  5.618E-02 
4.195E+03   6.509E+01  5.558E-02 
4.250E+03   6.461E+01  5.498E-02 
4.305E+03   6.413E+01  5.439E-02 
4.361E+03   6.365E+01  5.381E-02 
4.417E+03   6.317E+01  5.323E-02 
4.475E+03   6.270E+01  5.265E-02 
4.533E+03   6.222E+01  5.209E-02 
4.592E+03   6.175E+01  5.153E-02 
4.652E+03   6.128E+01  5.097E-02 
4.712E+03   6.081E+01  5.042E-02 
4.773E+03   6.034E+01  4.988E-02 
4.835E+03   5.988E+01  4.934E-02 
4.898E+03   5.942E+01  4.881E-02 
4.962E+03   5.896E+01  4.828E-02 
5.026E+03   5.850E+01  4.776E-02 
5.092E+03   5.804E+01  4.725E-02 
5.158E+03   5.759E+01  4.674E-02 
5.225E+03   5.713E+01  4.623E-02 
5.293E+03   5.668E+01  4.573E-02 
5.362E+03   5.624E+01  4.524E-02 
5.431E+03   5.579E+01  4.475E-02 
5.502E+03   5.535E+01  4.426E-02 
5.573E+03   5.491E+01  4.378E-02 
5.646E+03   5.447E+01  4.331E-02 
5.719E+03   5.403E+01  4.284E-02 
5.793E+03   5.360E+01  4.238E-02 
5.869E+03   5.316E+01  4.192E-02 
5.945E+03   5.274E+01  4.146E-02 
6.022E+03   5.231E+01  4.101E-02 
6.101E+03   5.188E+01  4.057E-02 
6.180E+03   5.146E+01  4.013E-02 
6.260E+03   5.104E+01  3.969E-02 
6.341E+03   5.062E+01  3.926E-02 
6.424E+03   5.021E+01  3.883E-02 
6.507E+03   4.979E+01  3.841E-02 
6.592E+03   4.938E+01  3.799E-02 
6.678E+03   4.898E+01  3.758E-02 
6.764E+03   4.857E+01  3.717E-02 
6.852E+03   4.817E+01  3.677E-02 
6.941E+03   4.777E+01  3.637E-02 
7.032E+03   4.737E+01  3.597E-02 
7.123E+03   4.697E+01  3.558E-02 
7.216E+03   4.658E+01  3.519E-02 
7.309E+03   4.619E+01  3.481E-02 
7.404E+03   4.580E+01  3.443E-02 
7.501E+03   4.541E+01  3.405E-02 
7.598E+03   4.503E+01  3.368E-02 
7.697E+03   4.465E+01  3.331E-02 
7.797E+03   4.427E+01  3.295E-02 
7.898E+03   4.390E+01  3.259E-02 
8.001E+03   4.352E+01  3.223E-02 
8.105E+03   4.324E+01  3.188E-02 
8.210E+03   4.295E+01  3.153E-02 
8.317E+03   4.266E+01  3.118E-02 
8.425E+03   4.237E+01  3.084E-02 
8.534E+03   4.208E+01  3.050E-02 
8.645E+03   4.178E+01  3.017E-02 
8.758E+03   4.147E+01  2.984E-02 
8.871E+03   4.117E+01  2.951E-02 
8.987E+03   4.085E+01  2.919E-02 
9.104E+03   4.054E+01  2.887E-02 
9.222E+03   4.022E+01  2.855E-02 
9.342E+03   3.990E+01  2.824E-02 
9.463E+03   3.957E+01  2.793E-02 
9.586E+03   3.924E+01  2.762E-02 
9.711E+03   3.893E+01  2.732E-02 
9.837E+03   3.863E+01  2.702E-02 
9.965E+03   3.834E+01  2.672E-02 
1.009E+04   3.804E+01  2.643E-02 
1.023E+04   3.775E+01  2.614E-02 
1.036E+04   3.746E+01  2.585E-02 
1.049E+04   3.717E+01  2.556E-02 
1.063E+04   3.688E+01  2.528E-02 
1.077E+04   3.659E+01  2.500E-02 
1.091E+04   3.630E+01  2.473E-02 
1.105E+04   3.602E+01  2.446E-02 
1.119E+04   3.574E+01  2.419E-02 
1.134E+04   3.546E+01  2.392E-02 
1.149E+04   3.518E+01  2.366E-02 
1.163E+04   3.490E+01  2.340E-02 
1.179E+04   3.463E+01  2.314E-02 
1.194E+04   3.435E+01  2.288E-02 
1.209E+04   3.408E+01  2.263E-02 
1.225E+04   3.381E+01  2.238E-02 
1.241E+04   3.354E+01  2.213E-02 
1.257E+04   3.327E+01  2.189E-02 
1.274E+04   3.301E+01  2.165E-02 
1.290E+04   3.274E+01  2.141E-02 
1.307E+04   3.248E+01  2.117E-02 
1.324E+04   3.222E+01  2.093E-02 
1.341E+04   3.196E+01  2.070E-02 
1.358E+04   3.170E+01  2.047E-02 
1.376E+04   3.145E+01  2.025E-02 
1.394E+04   3.119E+01  2.002E-02 
1.412E+04   3.094E+01  1.980E-02 
1.431E+04   3.069E+01  1.958E-02 
1.449E+04   3.044E+01  1.936E-02 
1.468E+04   3.019E+01  1.915E-02 
1.487E+04   2.994E+01  1.894E-02 
1.506E+04   2.970E+01  1.873E-02 
1.526E+04   2.945E+01  1.852E-02 
1.546E+04   2.921E+01  1.831E-02 
1.566E+04   2.897E+01  1.811E-02 
1.586E+04   2.873E+01  1.791E-02 
1.607E+04   2.849E+01  1.771E-02 
1.628E+04   2.826E+01  1.751E-02 
1.649E+04   2.802E+01  1.732E-02 
1.670E+04   2.779E+01  1.713E-02 
1.692E+04   2.756E+01  1.694E-02 
1.714E+04   2.733E+01  1.675E-02 
1.736E+04   2.710E+01  1.656E-02 
1.759E+04   2.688E+01  1.638E-02 
1.782E+04   2.665E+01  1.619E-02 
1.805E+04   2.643E+01  1.601E-02 
1.828E+04   2.621E+01  1.584E-02 
1.852E+04   2.599E+01  1.566E-02 
1.876E+04   2.577E+01  1.548E-02 
1.900E+04   2.555E+01  1.531E-02 
1.925E+04   2.533E+01  1.514E-02 
1.950E+04   2.512E+01  1.497E-02 
1.976E+04   2.491E+01  1.480E-02 
2.001E+04   2.469E+01  1.464E-02 
2.027E+04   2.448E+01  1.448E-02 
2.054E+04   2.428E+01  1.431E-02 
2.080E+04   2.407E+01  1.415E-02 
2.107E+04   2.386E+01  1.400E-02 
2.135E+04   2.366E+01  1.384E-02 
2.162E+04   2.346E+01  1.369E-02 
2.191E+04   2.326E+01  1.353E-02 
2.219E+04   2.306E+01  1.338E-02 
2.248E+04   2.286E+01  1.323E-02 
2.277E+04   2.266E+01  1.308E-02 
2.307E+04   2.246E+01  1.294E-02 
2.337E+04   2.227E+01  1.279E-02 
2.367E+04   2.208E+01  1.265E-02 
2.398E+04   2.189E+01  1.251E-02 
2.429E+04   2.170E+01  1.237E-02 
2.461E+04   2.151E+01  1.223E-02 
2.492E+04   2.132E+01  1.209E-02 
2.525E+04   2.113E+01  1.196E-02 
2.558E+04   2.095E+01  1.182E-02 
2.591E+04   2.077E+01  1.169E-02 
2.625E+04   2.059E+01  1.156E-02 
2.659E+04   2.041E+01  1.143E-02 
2.693E+04   2.023E+01  1.130E-02 
2.728E+04   2.005E+01  1.117E-02 
2.764E+04   1.987E+01  1.105E-02 
2.800E+04   1.970E+01  1.092E-02 
2.836E+04   1.952E+01  1.080E-02 
2.873E+04   1.935E+01  1.068E-02 
2.910E+04   1.918E+01  1.056E-02 
2.948E+04   1.901E+01  1.044E-02 
2.986E+04   1.884E+01  1.032E-02 
3.025E+04   1.867E+01  1.021E-02 
3.065E+04   1.851E+01  1.009E-02 
3.104E+04   1.834E+01  9.979E-03 
3.145E+04   1.818E+01  9.867E-03 
3.186E+04   1.802E+01  9.756E-03 
3.227E+04   1.786E+01  9.646E-03 
3.269E+04   1.770E+01  9.537E-03 
3.311E+04   1.754E+01  9.430E-03 
3.354E+04   1.738E+01  9.323E-03 
3.398E+04   1.723E+01  9.218E-03 
3.442E+04   1.707E+01  9.114E-03 
3.487E+04   1.692E+01  9.012E-03 
3.532E+04   1.677E+01  8.910E-03 
3.578E+04   1.662E+01  8.810E-03 
3.625E+04   1.647E+01  8.710E-03 
3.672E+04   1.632E+01  8.612E-03 
3.719E+04   1.617E+01  8.515E-03 
3.768E+04   1.602E+01  8.419E-03 
3.817E+04   1.588E+01  8.324E-03 
3.866E+04   1.573E+01  8.230E-03 
3.917E+04   1.559E+01  8.137E-03 
3.968E+04   1.545E+01  8.045E-03 
4.019E+04   1.531E+01  7.954E-03 
4.071E+04   1.517E+01  7.864E-03 
4.124E+04   1.503E+01  7.775E-03 
4.178E+04   1.489E+01  7.687E-03 
4.232E+04   1.476E+01  7.600E-03 
4.287E+04   1.462E+01  7.514E-03 
4.343E+04   1.449E+01  7.429E-03 
4.399E+04   1.436E+01  7.345E-03 
4.456E+04   1.422E+01  7.262E-03 
4.514E+04   1.409E+01  7.180E-03 
4.573E+04   1.396E+01  7.098E-03 
4.632E+04   1.384E+01  7.018E-03 
4.693E+04   1.371E+01  6.938E-03 
4.754E+04   1.358E+01  6.860E-03 
4.815E+04   1.346E+01  6.782E-03 
4.878E+04   1.333E+01  6.705E-03 
4.941E+04   1.321E+01  6.629E-03 
5.006E+04   1.309E+01  6.554E-03 
5.071E+04   1.297E+01  6.480E-03 
5.137E+04   1.285E+01  6.406E-03 
5.203E+04   1.273E+01  6.333E-03 
5.271E+04   1.261E+01  6.262E-03 
5.340E+04   1.249E+01  6.191E-03 
5.409E+04   1.238E+01  6.120E-03 
5.479E+04   1.226E+01  6.051E-03 
5.550E+04   1.215E+01  5.982E-03 
5.623E+04   1.203E+01  5.914E-03 
5.696E+04   1.192E+01  5.847E-03 
5.770E+04   1.181E+01  5.780E-03 
5.845E+04   1.170E+01  5.715E-03 
5.921E+04   1.159E+01  5.650E-03 
5.998E+04   1.148E+01  5.586E-03 
6.075E+04   1.137E+01  5.522E-03 
6.154E+04   1.127E+01  5.459E-03 
6.234E+04   1.116E+01  5.397E-03 
6.315E+04   1.106E+01  5.336E-03 
6.398E+04   1.095E+01  5.275E-03 
6.481E+04   1.085E+01  5.215E-03 
6.565E+04   1.075E+01  5.156E-03 
6.650E+04   1.065E+01  5.097E-03 
6.737E+04   1.055E+01  5.039E-03 
6.824E+04   1.045E+01  4.981E-03 
6.913E+04   1.035E+01  4.925E-03 
7.003E+04   1.025E+01  4.868E-03 
7.094E+04   1.015E+01  4.813E-03 
7.186E+04   1.006E+01  4.758E-03 
7.279E+04   9.963E+00  4.704E-03 
7.374E+04   9.868E+00  4.650E-03 
7.470E+04   9.775E+00  4.597E-03 
7.567E+04   9.682E+00  4.545E-03 
7.665E+04   9.591E+00  4.493E-03 
7.765E+04   9.500E+00  4.442E-03 
7.866E+04   9.410E+00  4.391E-03 
7.968E+04   9.320E+00  4.341E-03 
8.072E+04   9.232E+00  4.291E-03 
8.176E+04   9.144E+00  4.242E-03 
8.283E+04   9.057E+00  4.194E-03 
8.390E+04   8.971E+00  4.146E-03 
8.499E+04   8.886E+00  4.098E-03 
8.610E+04   8.801E+00  4.052E-03 
8.722E+04   8.717E+00  4.005E-03 
8.835E+04   8.634E+00  3.960E-03 
8.950E+04   8.552E+00  3.914E-03 
9.066E+04   8.470E+00  3.869E-03 
9.184E+04   8.389E+00  3.825E-03 
9.303E+04   8.309E+00  3.781E-03 
9.424E+04   8.230E+00  3.738E-03 
9.547E+04   8.151E+00  3.695E-03 
9.671E+04   8.073E+00  3.653E-03 
9.797E+04   7.996E+00  3.611E-03 
9.924E+04   7.919E+00  3.570E-03 
1.005E+05   7.844E+00  3.529E-03 
1.018E+05   7.769E+00  3.489E-03 
1.032E+05   7.694E+00  3.449E-03 
1.045E+05   7.620E+00  3.409E-03 
1.059E+05   7.547E+00  3.370E-03 
1.072E+05   7.475E+00  3.331E-03 
1.086E+05   7.403E+00  3.293E-03 
1.100E+05   7.332E+00  3.255E-03 
1.115E+05   7.262E+00  3.218E-03 
1.129E+05   7.192E+00  3.181E-03 
1.144E+05   7.123E+00  3.145E-03 
1.159E+05   7.055E+00  3.109E-03 
1.174E+05   6.987E+00  3.073E-03 
1.189E+05   6.920E+00  3.038E-03 
1.204E+05   6.854E+00  3.003E-03 
1.220E+05   6.788E+00  2.968E-03 
1.236E+05   6.723E+00  2.934E-03 
1.252E+05   6.658E+00  2.901E-03 
1.268E+05   6.594E+00  2.867E-03 
1.285E+05   6.531E+00  2.834E-03 
1.302E+05   6.468E+00  2.802E-03 
1.318E+05   6.406E+00  2.770E-03 
1.336E+05   6.344E+00  2.738E-03 
1.353E+05   6.283E+00  2.706E-03 
1.371E+05   6.223E+00  2.675E-03 
1.388E+05   6.163E+00  2.644E-03 
1.406E+05   6.104E+00  2.614E-03 
1.425E+05   6.045E+00  2.584E-03 
1.443E+05   5.987E+00  2.554E-03 
1.462E+05   5.929E+00  2.525E-03 
1.481E+05   5.872E+00  2.496E-03 
1.500E+05   5.816E+00  2.467E-03 
1.520E+05   5.760E+00  2.439E-03 
1.539E+05   5.704E+00  2.411E-03 
1.559E+05   5.650E+00  2.383E-03 
1.580E+05   5.595E+00  2.355E-03 
1.600E+05   5.541E+00  2.328E-03 
1.621E+05   5.488E+00  2.301E-03 
1.642E+05   5.435E+00  2.275E-03 
1.663E+05   5.383E+00  2.249E-03 
1.685E+05   5.332E+00  2.223E-03 
1.707E+05   5.280E+00  2.197E-03 
1.729E+05   5.230E+00  2.172E-03 
1.752E+05   5.179E+00  2.147E-03 
1.774E+05   5.130E+00  2.122E-03 
1.797E+05   5.080E+00  2.098E-03 
1.821E+05   5.032E+00  2.073E-03 
1.844E+05   4.984E+00  2.049E-03 
1.868E+05   4.936E+00  2.026E-03 
1.893E+05   4.888E+00  2.002E-03 
1.917E+05   4.842E+00  1.979E-03 
1.942E+05   4.795E+00  1.956E-03 
1.967E+05   4.749E+00  1.934E-03 
1.993E+05   4.704E+00  1.912E-03 
2.019E+05   4.659E+00  1.889E-03 
2.045E+05   4.614E+00  1.868E-03 
2.072E+05   4.570E+00  1.846E-03 
2.099E+05   4.527E+00  1.825E-03 
2.126E+05   4.483E+00  1.804E-03 
2.154E+05   4.441E+00  1.783E-03 
2.182E+05   4.398E+00  1.762E-03 
2.210E+05   4.356E+00  1.742E-03 
2.239E+05   4.315E+00  1.722E-03 
2.268E+05   4.274E+00  1.702E-03 
2.297E+05   4.233E+00  1.682E-03 
2.327E+05   4.193E+00  1.663E-03 
2.357E+05   4.153E+00  1.643E-03 
2.388E+05   4.113E+00  1.624E-03 
2.419E+05   4.074E+00  1.606E-03 
2.450E+05   4.036E+00  1.587E-03 
2.482E+05   3.997E+00  1.569E-03 
2.515E+05   3.960E+00  1.550E-03 
2.547E+05   3.922E+00  1.533E-03 
2.580E+05   3.885E+00  1.515E-03 
2.614E+05   3.848E+00  1.497E-03 
2.648E+05   3.812E+00  1.480E-03 
2.682E+05   3.776E+00  1.463E-03 
2.717E+05   3.740E+00  1.446E-03 
2.752E+05   3.705E+00  1.429E-03 
2.788E+05   3.670E+00  1.412E-03 
2.824E+05   3.636E+00  1.396E-03 
2.861E+05   3.602E+00  1.380E-03 
2.898E+05   3.568E+00  1.364E-03 
2.936E+05   3.534E+00  1.348E-03 
2.974E+05   3.501E+00  1.332E-03 
3.013E+05   3.468E+00  1.317E-03 
3.052E+05   3.436E+00  1.302E-03 
3.092E+05   3.404E+00  1.287E-03 
3.132E+05   3.372E+00  1.272E-03 
3.172E+05   3.341E+00  1.257E-03 
3.214E+05   3.310E+00  1.242E-03 
3.255E+05   3.279E+00  1.228E-03 
3.298E+05   3.248E+00  1.214E-03 
3.341E+05   3.218E+00  1.200E-03 
3.384E+05   3.189E+00  1.186E-03 
3.428E+05   3.159E+00  1.172E-03 
3.473E+05   3.130E+00  1.158E-03 
3.518E+05   3.101E+00  1.145E-03 
3.563E+05   3.072E+00  1.132E-03 
3.610E+05   3.044E+00  1.118E-03 
3.657E+05   3.016E+00  1.105E-03 
3.704E+05   2.988E+00  1.093E-03 
3.752E+05   2.961E+00  1.080E-03 
3.801E+05   2.934E+00  1.067E-03 
3.851E+05   2.907E+00  1.055E-03 
3.901E+05   2.881E+00  1.043E-03 
3.951E+05   2.854E+00  1.031E-03 
4.003E+05   2.828E+00  1.019E-03 
