Ion = Helium      . Mass = 4.0026
Tgt =  F (Solid). Density = 1.1111 g/cm3
Stopping Units =  eV/(1E15 atoms/cm2)
Energy(keV)  S(Elec)    S(Nuc)
1.000E+00   2.079E+00  3.802E+00 
1.013E+00   2.093E+00  3.797E+00 
1.026E+00   2.106E+00  3.792E+00 
1.039E+00   2.120E+00  3.787E+00 
1.053E+00   2.134E+00  3.782E+00 
1.067E+00   2.147E+00  3.777E+00 
1.081E+00   2.161E+00  3.772E+00 
1.095E+00   2.175E+00  3.766E+00 
1.109E+00   2.189E+00  3.761E+00 
1.123E+00   2.204E+00  3.755E+00 
1.138E+00   2.218E+00  3.749E+00 
1.153E+00   2.232E+00  3.743E+00 
1.168E+00   2.247E+00  3.737E+00 
1.183E+00   2.261E+00  3.731E+00 
1.198E+00   2.276E+00  3.724E+00 
1.214E+00   2.291E+00  3.718E+00 
1.229E+00   2.305E+00  3.711E+00 
1.245E+00   2.320E+00  3.704E+00 
1.262E+00   2.335E+00  3.697E+00 
1.278E+00   2.350E+00  3.690E+00 
1.295E+00   2.366E+00  3.683E+00 
1.311E+00   2.381E+00  3.676E+00 
1.329E+00   2.396E+00  3.669E+00 
1.346E+00   2.412E+00  3.661E+00 
1.363E+00   2.428E+00  3.654E+00 
1.381E+00   2.443E+00  3.646E+00 
1.399E+00   2.459E+00  3.638E+00 
1.417E+00   2.475E+00  3.630E+00 
1.436E+00   2.491E+00  3.622E+00 
1.454E+00   2.507E+00  3.614E+00 
1.473E+00   2.524E+00  3.606E+00 
1.492E+00   2.540E+00  3.597E+00 
1.512E+00   2.556E+00  3.589E+00 
1.531E+00   2.573E+00  3.580E+00 
1.551E+00   2.590E+00  3.571E+00 
1.571E+00   2.606E+00  3.563E+00 
1.592E+00   2.623E+00  3.554E+00 
1.612E+00   2.640E+00  3.545E+00 
1.633E+00   2.657E+00  3.535E+00 
1.655E+00   2.674E+00  3.526E+00 
1.676E+00   2.692E+00  3.517E+00 
1.698E+00   2.709E+00  3.507E+00 
1.720E+00   2.727E+00  3.498E+00 
1.742E+00   2.744E+00  3.488E+00 
1.765E+00   2.762E+00  3.478E+00 
1.788E+00   2.780E+00  3.468E+00 
1.811E+00   2.798E+00  3.458E+00 
1.835E+00   2.816E+00  3.448E+00 
1.859E+00   2.835E+00  3.438E+00 
1.883E+00   2.853E+00  3.428E+00 
1.907E+00   2.871E+00  3.418E+00 
1.932E+00   2.890E+00  3.407E+00 
1.957E+00   2.909E+00  3.397E+00 
1.983E+00   2.928E+00  3.386E+00 
2.008E+00   2.946E+00  3.375E+00 
2.034E+00   2.966E+00  3.365E+00 
2.061E+00   2.985E+00  3.354E+00 
2.088E+00   3.004E+00  3.343E+00 
2.115E+00   3.024E+00  3.332E+00 
2.142E+00   3.043E+00  3.321E+00 
2.170E+00   3.063E+00  3.309E+00 
2.198E+00   3.083E+00  3.298E+00 
2.227E+00   3.103E+00  3.287E+00 
2.256E+00   3.123E+00  3.275E+00 
2.285E+00   3.143E+00  3.264E+00 
2.315E+00   3.163E+00  3.252E+00 
2.345E+00   3.184E+00  3.240E+00 
2.375E+00   3.204E+00  3.229E+00 
2.406E+00   3.225E+00  3.217E+00 
2.438E+00   3.246E+00  3.205E+00 
2.469E+00   3.267E+00  3.193E+00 
2.501E+00   3.288E+00  3.181E+00 
2.534E+00   3.310E+00  3.169E+00 
2.567E+00   3.331E+00  3.157E+00 
2.600E+00   3.353E+00  3.144E+00 
2.634E+00   3.374E+00  3.132E+00 
2.668E+00   3.396E+00  3.120E+00 
2.703E+00   3.418E+00  3.107E+00 
2.738E+00   3.440E+00  3.095E+00 
2.773E+00   3.463E+00  3.082E+00 
2.810E+00   3.485E+00  3.070E+00 
2.846E+00   3.508E+00  3.057E+00 
2.883E+00   3.530E+00  3.045E+00 
2.921E+00   3.553E+00  3.032E+00 
2.958E+00   3.576E+00  3.019E+00 
2.997E+00   3.599E+00  3.006E+00 
3.036E+00   3.623E+00  2.993E+00 
3.075E+00   3.646E+00  2.980E+00 
3.115E+00   3.670E+00  2.967E+00 
3.156E+00   3.694E+00  2.954E+00 
3.197E+00   3.718E+00  2.941E+00 
3.238E+00   3.742E+00  2.928E+00 
3.280E+00   3.766E+00  2.915E+00 
3.323E+00   3.790E+00  2.902E+00 
3.366E+00   3.815E+00  2.889E+00 
3.410E+00   3.839E+00  2.875E+00 
3.454E+00   3.864E+00  2.862E+00 
3.499E+00   3.889E+00  2.849E+00 
3.545E+00   3.915E+00  2.835E+00 
3.591E+00   3.940E+00  2.822E+00 
3.637E+00   3.965E+00  2.809E+00 
3.685E+00   3.991E+00  2.795E+00 
3.733E+00   4.017E+00  2.782E+00 
3.781E+00   4.043E+00  2.768E+00 
3.830E+00   4.069E+00  2.755E+00 
3.880E+00   4.096E+00  2.741E+00 
3.930E+00   4.122E+00  2.728E+00 
3.982E+00   4.149E+00  2.714E+00 
4.033E+00   4.176E+00  2.700E+00 
4.086E+00   4.203E+00  2.687E+00 
4.139E+00   4.230E+00  2.673E+00 
4.193E+00   4.257E+00  2.659E+00 
4.247E+00   4.285E+00  2.646E+00 
4.302E+00   4.313E+00  2.632E+00 
4.358E+00   4.341E+00  2.618E+00 
4.415E+00   4.369E+00  2.605E+00 
4.472E+00   4.397E+00  2.591E+00 
4.530E+00   4.426E+00  2.577E+00 
4.589E+00   4.454E+00  2.564E+00 
4.649E+00   4.483E+00  2.550E+00 
4.709E+00   4.512E+00  2.536E+00 
4.770E+00   4.541E+00  2.522E+00 
4.832E+00   4.571E+00  2.509E+00 
4.895E+00   4.600E+00  2.495E+00 
4.959E+00   4.630E+00  2.481E+00 
5.023E+00   4.660E+00  2.467E+00 
5.089E+00   4.690E+00  2.454E+00 
5.155E+00   4.721E+00  2.440E+00 
5.222E+00   4.751E+00  2.426E+00 
5.290E+00   4.782E+00  2.412E+00 
5.358E+00   4.813E+00  2.399E+00 
5.428E+00   4.844E+00  2.385E+00 
5.499E+00   4.876E+00  2.371E+00 
5.570E+00   4.907E+00  2.358E+00 
5.642E+00   4.939E+00  2.344E+00 
5.716E+00   4.971E+00  2.330E+00 
5.790E+00   5.003E+00  2.317E+00 
5.865E+00   5.036E+00  2.303E+00 
5.942E+00   5.068E+00  2.289E+00 
6.019E+00   5.101E+00  2.276E+00 
6.097E+00   5.134E+00  2.262E+00 
6.176E+00   5.167E+00  2.248E+00 
6.256E+00   5.201E+00  2.235E+00 
6.338E+00   5.235E+00  2.221E+00 
6.420E+00   5.268E+00  2.208E+00 
6.504E+00   5.303E+00  2.194E+00 
6.588E+00   5.337E+00  2.181E+00 
6.674E+00   5.371E+00  2.167E+00 
6.760E+00   5.406E+00  2.154E+00 
6.848E+00   5.441E+00  2.141E+00 
6.937E+00   5.477E+00  2.127E+00 
7.027E+00   5.512E+00  2.114E+00 
7.119E+00   5.548E+00  2.100E+00 
7.211E+00   5.584E+00  2.087E+00 
7.305E+00   5.620E+00  2.074E+00 
7.400E+00   5.656E+00  2.061E+00 
7.496E+00   5.693E+00  2.047E+00 
7.594E+00   5.730E+00  2.034E+00 
7.692E+00   5.767E+00  2.021E+00 
7.792E+00   5.804E+00  2.008E+00 
7.894E+00   5.842E+00  1.995E+00 
7.996E+00   5.880E+00  1.982E+00 
8.100E+00   5.918E+00  1.969E+00 
8.205E+00   5.956E+00  1.956E+00 
8.312E+00   5.995E+00  1.943E+00 
8.420E+00   6.034E+00  1.930E+00 
8.529E+00   6.073E+00  1.917E+00 
8.640E+00   6.113E+00  1.904E+00 
8.753E+00   6.152E+00  1.891E+00 
8.866E+00   6.192E+00  1.879E+00 
8.982E+00   6.233E+00  1.866E+00 
9.098E+00   6.273E+00  1.853E+00 
9.217E+00   6.314E+00  1.840E+00 
9.336E+00   6.355E+00  1.828E+00 
9.458E+00   6.396E+00  1.815E+00 
9.581E+00   6.438E+00  1.803E+00 
9.705E+00   6.480E+00  1.790E+00 
9.831E+00   6.522E+00  1.778E+00 
9.959E+00   6.564E+00  1.765E+00 
1.009E+01   6.607E+00  1.753E+00 
1.022E+01   6.650E+00  1.741E+00 
1.035E+01   6.693E+00  1.729E+00 
1.049E+01   6.737E+00  1.716E+00 
1.062E+01   6.781E+00  1.704E+00 
1.076E+01   6.825E+00  1.692E+00 
1.090E+01   6.869E+00  1.680E+00 
1.104E+01   6.914E+00  1.668E+00 
1.119E+01   6.959E+00  1.656E+00 
1.133E+01   7.004E+00  1.644E+00 
1.148E+01   7.050E+00  1.632E+00 
1.163E+01   7.096E+00  1.620E+00 
1.178E+01   7.142E+00  1.609E+00 
1.193E+01   7.188E+00  1.597E+00 
1.209E+01   7.235E+00  1.585E+00 
1.224E+01   7.282E+00  1.574E+00 
1.240E+01   7.330E+00  1.562E+00 
1.256E+01   7.378E+00  1.550E+00 
1.273E+01   7.426E+00  1.539E+00 
1.289E+01   7.474E+00  1.528E+00 
1.306E+01   7.523E+00  1.516E+00 
1.323E+01   7.572E+00  1.505E+00 
1.340E+01   7.621E+00  1.494E+00 
1.358E+01   7.671E+00  1.482E+00 
1.375E+01   7.721E+00  1.471E+00 
1.393E+01   7.771E+00  1.460E+00 
1.411E+01   7.822E+00  1.449E+00 
1.430E+01   7.873E+00  1.438E+00 
1.448E+01   7.924E+00  1.427E+00 
1.467E+01   7.975E+00  1.416E+00 
1.486E+01   8.027E+00  1.405E+00 
1.505E+01   8.080E+00  1.395E+00 
1.525E+01   8.132E+00  1.384E+00 
1.545E+01   8.186E+00  1.373E+00 
1.565E+01   8.239E+00  1.363E+00 
1.585E+01   8.293E+00  1.352E+00 
1.606E+01   8.347E+00  1.341E+00 
1.627E+01   8.401E+00  1.331E+00 
1.648E+01   8.456E+00  1.321E+00 
1.669E+01   8.511E+00  1.310E+00 
1.691E+01   8.567E+00  1.300E+00 
1.713E+01   8.622E+00  1.290E+00 
1.735E+01   8.679E+00  1.280E+00 
1.758E+01   8.735E+00  1.269E+00 
1.781E+01   8.792E+00  1.259E+00 
1.804E+01   8.850E+00  1.249E+00 
1.827E+01   8.907E+00  1.239E+00 
1.851E+01   8.965E+00  1.229E+00 
1.875E+01   9.024E+00  1.220E+00 
1.899E+01   9.083E+00  1.210E+00 
1.924E+01   9.142E+00  1.200E+00 
1.949E+01   9.202E+00  1.190E+00 
1.974E+01   9.262E+00  1.181E+00 
2.000E+01   9.322E+00  1.171E+00 
2.026E+01   9.383E+00  1.162E+00 
2.052E+01   9.444E+00  1.152E+00 
2.079E+01   9.506E+00  1.143E+00 
2.106E+01   9.568E+00  1.134E+00 
2.133E+01   9.630E+00  1.124E+00 
2.161E+01   9.693E+00  1.115E+00 
2.189E+01   9.756E+00  1.106E+00 
2.218E+01   9.820E+00  1.097E+00 
2.247E+01   9.884E+00  1.088E+00 
2.276E+01   9.949E+00  1.079E+00 
2.305E+01   1.001E+01  1.070E+00 
2.335E+01   1.008E+01  1.061E+00 
2.366E+01   1.014E+01  1.052E+00 
2.396E+01   1.021E+01  1.043E+00 
2.428E+01   1.028E+01  1.035E+00 
2.459E+01   1.034E+01  1.026E+00 
2.491E+01   1.041E+01  1.017E+00 
2.523E+01   1.048E+01  1.009E+00 
2.556E+01   1.055E+01  1.000E+00 
2.589E+01   1.062E+01  9.919E-01 
2.623E+01   1.069E+01  9.835E-01 
2.657E+01   1.076E+01  9.751E-01 
2.692E+01   1.083E+01  9.669E-01 
2.727E+01   1.090E+01  9.586E-01 
2.762E+01   1.097E+01  9.505E-01 
2.798E+01   1.104E+01  9.424E-01 
2.834E+01   1.111E+01  9.343E-01 
2.871E+01   1.118E+01  9.263E-01 
2.909E+01   1.126E+01  9.183E-01 
2.946E+01   1.133E+01  9.105E-01 
2.985E+01   1.140E+01  9.026E-01 
3.023E+01   1.148E+01  8.948E-01 
3.063E+01   1.155E+01  8.871E-01 
3.103E+01   1.163E+01  8.794E-01 
3.143E+01   1.170E+01  8.718E-01 
3.184E+01   1.178E+01  8.642E-01 
3.225E+01   1.186E+01  8.567E-01 
3.267E+01   1.193E+01  8.492E-01 
3.309E+01   1.201E+01  8.418E-01 
3.352E+01   1.209E+01  8.344E-01 
3.396E+01   1.217E+01  8.271E-01 
3.440E+01   1.225E+01  8.199E-01 
3.485E+01   1.233E+01  8.127E-01 
3.530E+01   1.241E+01  8.055E-01 
3.576E+01   1.249E+01  7.984E-01 
3.623E+01   1.257E+01  7.914E-01 
3.670E+01   1.265E+01  7.844E-01 
3.717E+01   1.273E+01  7.774E-01 
3.766E+01   1.282E+01  7.705E-01 
3.815E+01   1.290E+01  7.637E-01 
3.864E+01   1.298E+01  7.569E-01 
3.914E+01   1.307E+01  7.501E-01 
3.965E+01   1.315E+01  7.434E-01 
4.017E+01   1.324E+01  7.368E-01 
4.069E+01   1.332E+01  7.302E-01 
4.122E+01   1.341E+01  7.236E-01 
4.175E+01   1.350E+01  7.171E-01 
4.230E+01   1.358E+01  7.107E-01 
4.285E+01   1.367E+01  7.043E-01 
4.340E+01   1.376E+01  6.979E-01 
4.397E+01   1.385E+01  6.916E-01 
4.454E+01   1.394E+01  6.853E-01 
4.512E+01   1.403E+01  6.791E-01 
4.570E+01   1.412E+01  6.730E-01 
4.630E+01   1.421E+01  6.668E-01 
4.690E+01   1.430E+01  6.608E-01 
4.751E+01   1.439E+01  6.548E-01 
4.813E+01   1.449E+01  6.488E-01 
4.875E+01   1.458E+01  6.429E-01 
4.939E+01   1.467E+01  6.370E-01 
5.003E+01   1.477E+01  6.311E-01 
5.068E+01   1.486E+01  6.253E-01 
5.134E+01   1.496E+01  6.196E-01 
5.200E+01   1.505E+01  6.139E-01 
5.268E+01   1.515E+01  6.082E-01 
5.336E+01   1.525E+01  6.026E-01 
5.406E+01   1.535E+01  5.971E-01 
5.476E+01   1.545E+01  5.915E-01 
5.547E+01   1.554E+01  5.861E-01 
5.619E+01   1.564E+01  5.806E-01 
5.692E+01   1.574E+01  5.306E-01 
5.766E+01   1.584E+01  5.258E-01 
5.841E+01   1.595E+01  5.210E-01 
5.917E+01   1.605E+01  5.163E-01 
5.994E+01   1.615E+01  5.115E-01 
6.072E+01   1.625E+01  5.069E-01 
6.151E+01   1.636E+01  5.022E-01 
6.231E+01   1.646E+01  4.976E-01 
6.312E+01   1.657E+01  4.931E-01 
6.394E+01   1.667E+01  4.885E-01 
6.477E+01   1.678E+01  4.840E-01 
6.561E+01   1.688E+01  4.796E-01 
6.646E+01   1.699E+01  4.751E-01 
6.733E+01   1.710E+01  4.707E-01 
6.820E+01   1.721E+01  4.664E-01 
6.909E+01   1.732E+01  4.621E-01 
6.999E+01   1.742E+01  4.578E-01 
7.090E+01   1.753E+01  4.535E-01 
7.182E+01   1.765E+01  4.493E-01 
7.275E+01   1.776E+01  4.451E-01 
7.370E+01   1.787E+01  4.409E-01 
7.465E+01   1.798E+01  4.368E-01 
7.562E+01   1.809E+01  4.327E-01 
7.661E+01   1.821E+01  4.287E-01 
7.760E+01   1.832E+01  4.247E-01 
7.861E+01   1.844E+01  4.207E-01 
7.963E+01   1.855E+01  4.167E-01 
8.067E+01   1.867E+01  4.128E-01 
8.172E+01   1.879E+01  4.089E-01 
8.278E+01   1.890E+01  4.050E-01 
8.385E+01   1.902E+01  4.012E-01 
8.494E+01   1.914E+01  3.974E-01 
8.605E+01   1.926E+01  3.936E-01 
8.717E+01   1.938E+01  3.899E-01 
8.830E+01   1.950E+01  3.862E-01 
8.945E+01   1.962E+01  3.825E-01 
9.061E+01   1.974E+01  3.789E-01 
9.179E+01   1.986E+01  3.753E-01 
9.298E+01   1.999E+01  3.717E-01 
9.419E+01   2.011E+01  3.681E-01 
9.541E+01   2.023E+01  3.646E-01 
9.665E+01   2.036E+01  3.611E-01 
9.791E+01   2.049E+01  3.577E-01 
9.918E+01   2.061E+01  3.542E-01 
1.005E+02   2.074E+01  3.508E-01 
1.018E+02   2.087E+01  3.475E-01 
1.031E+02   2.099E+01  3.441E-01 
1.044E+02   2.112E+01  3.408E-01 
1.058E+02   2.125E+01  3.375E-01 
1.072E+02   2.138E+01  3.342E-01 
1.086E+02   2.151E+01  3.310E-01 
1.100E+02   2.164E+01  3.278E-01 
1.114E+02   2.177E+01  3.246E-01 
1.129E+02   2.191E+01  3.215E-01 
1.143E+02   2.204E+01  3.184E-01 
1.158E+02   2.217E+01  3.153E-01 
1.173E+02   2.231E+01  3.122E-01 
1.188E+02   2.244E+01  3.092E-01 
1.204E+02   2.258E+01  3.061E-01 
1.219E+02   2.271E+01  3.032E-01 
1.235E+02   2.285E+01  3.002E-01 
1.251E+02   2.299E+01  2.973E-01 
1.268E+02   2.313E+01  2.943E-01 
1.284E+02   2.327E+01  2.915E-01 
1.301E+02   2.341E+01  2.886E-01 
1.318E+02   2.355E+01  2.858E-01 
1.335E+02   2.369E+01  2.830E-01 
1.352E+02   2.383E+01  2.802E-01 
1.370E+02   2.397E+01  2.774E-01 
1.388E+02   2.411E+01  2.747E-01 
1.406E+02   2.425E+01  2.720E-01 
1.424E+02   2.440E+01  2.693E-01 
1.442E+02   2.454E+01  2.666E-01 
1.461E+02   2.469E+01  2.640E-01 
1.480E+02   2.483E+01  2.614E-01 
1.499E+02   2.498E+01  2.588E-01 
1.519E+02   2.513E+01  2.562E-01 
1.539E+02   2.527E+01  2.537E-01 
1.559E+02   2.542E+01  2.512E-01 
1.579E+02   2.557E+01  2.487E-01 
1.599E+02   2.572E+01  2.462E-01 
1.620E+02   2.587E+01  2.438E-01 
1.641E+02   2.602E+01  2.413E-01 
1.662E+02   2.617E+01  2.389E-01 
1.684E+02   2.632E+01  2.365E-01 
1.706E+02   2.647E+01  2.342E-01 
1.728E+02   2.662E+01  2.318E-01 
1.751E+02   2.678E+01  2.295E-01 
1.773E+02   2.693E+01  2.272E-01 
1.796E+02   2.709E+01  2.249E-01 
1.820E+02   2.724E+01  2.227E-01 
1.843E+02   2.739E+01  2.204E-01 
1.867E+02   2.755E+01  2.182E-01 
1.892E+02   2.771E+01  2.160E-01 
1.916E+02   2.786E+01  2.139E-01 
1.941E+02   2.802E+01  2.117E-01 
1.966E+02   2.818E+01  2.096E-01 
1.992E+02   2.833E+01  2.075E-01 
2.018E+02   2.849E+01  2.054E-01 
2.044E+02   2.865E+01  2.033E-01 
2.071E+02   2.881E+01  2.012E-01 
2.097E+02   2.897E+01  1.992E-01 
2.125E+02   2.913E+01  1.972E-01 
2.152E+02   2.929E+01  1.952E-01 
2.180E+02   2.945E+01  1.932E-01 
2.209E+02   2.961E+01  1.913E-01 
2.237E+02   2.977E+01  1.893E-01 
2.266E+02   2.993E+01  1.874E-01 
2.296E+02   3.010E+01  1.855E-01 
2.326E+02   3.026E+01  1.836E-01 
2.356E+02   3.042E+01  1.817E-01 
2.387E+02   3.058E+01  1.799E-01 
2.418E+02   3.075E+01  1.780E-01 
2.449E+02   3.091E+01  1.762E-01 
2.481E+02   3.107E+01  1.744E-01 
2.513E+02   3.124E+01  1.726E-01 
2.546E+02   3.140E+01  1.709E-01 
2.579E+02   3.156E+01  1.691E-01 
2.612E+02   3.173E+01  1.674E-01 
2.646E+02   3.189E+01  1.657E-01 
2.681E+02   3.206E+01  1.640E-01 
2.716E+02   3.222E+01  1.623E-01 
2.751E+02   3.238E+01  1.606E-01 
2.787E+02   3.255E+01  1.590E-01 
2.823E+02   3.271E+01  1.574E-01 
2.859E+02   3.288E+01  1.557E-01 
2.897E+02   3.304E+01  1.541E-01 
2.934E+02   3.320E+01  1.526E-01 
2.972E+02   3.337E+01  1.510E-01 
3.011E+02   3.353E+01  1.494E-01 
3.050E+02   3.369E+01  1.479E-01 
3.090E+02   3.386E+01  1.464E-01 
3.130E+02   3.402E+01  1.448E-01 
3.171E+02   3.418E+01  1.434E-01 
3.212E+02   3.434E+01  1.419E-01 
3.254E+02   3.451E+01  1.404E-01 
3.296E+02   3.467E+01  1.389E-01 
3.339E+02   3.483E+01  1.375E-01 
3.382E+02   3.499E+01  1.361E-01 
3.426E+02   3.515E+01  1.347E-01 
3.471E+02   3.531E+01  1.333E-01 
3.516E+02   3.547E+01  1.319E-01 
3.561E+02   3.562E+01  1.305E-01 
3.608E+02   3.578E+01  1.292E-01 
3.655E+02   3.594E+01  1.278E-01 
3.702E+02   3.609E+01  1.265E-01 
3.750E+02   3.625E+01  1.252E-01 
3.799E+02   3.641E+01  1.239E-01 
3.848E+02   3.656E+01  1.226E-01 
3.898E+02   3.671E+01  1.213E-01 
3.949E+02   3.686E+01  1.200E-01 
4.000E+02   3.701E+01  1.188E-01 
4.052E+02   3.716E+01  1.175E-01 
4.105E+02   3.731E+01  1.163E-01 
4.158E+02   3.746E+01  1.151E-01 
4.212E+02   3.761E+01  1.139E-01 
4.267E+02   3.775E+01  1.127E-01 
4.323E+02   3.790E+01  1.115E-01 
4.379E+02   3.804E+01  1.103E-01 
4.436E+02   3.818E+01  1.092E-01 
4.493E+02   3.832E+01  1.080E-01 
4.552E+02   3.846E+01  1.069E-01 
4.611E+02   3.860E+01  1.058E-01 
4.671E+02   3.874E+01  1.047E-01 
4.731E+02   3.887E+01  1.036E-01 
4.793E+02   3.900E+01  1.025E-01 
4.855E+02   3.914E+01  1.014E-01 
4.918E+02   3.926E+01  1.003E-01 
4.982E+02   3.939E+01  9.928E-02 
5.047E+02   3.952E+01  9.823E-02 
5.113E+02   3.964E+01  9.720E-02 
5.179E+02   3.977E+01  9.617E-02 
5.246E+02   3.989E+01  9.516E-02 
5.315E+02   4.000E+01  9.415E-02 
5.384E+02   4.012E+01  9.316E-02 
5.454E+02   4.023E+01  9.217E-02 
5.524E+02   4.035E+01  9.120E-02 
5.596E+02   4.046E+01  9.023E-02 
5.669E+02   4.056E+01  8.928E-02 
5.743E+02   4.067E+01  8.833E-02 
5.817E+02   4.077E+01  8.739E-02 
5.893E+02   4.087E+01  8.647E-02 
5.969E+02   4.097E+01  8.555E-02 
6.047E+02   4.107E+01  8.464E-02 
6.126E+02   4.116E+01  8.374E-02 
6.205E+02   4.125E+01  8.285E-02 
6.286E+02   4.134E+01  8.197E-02 
6.368E+02   4.142E+01  8.110E-02 
6.450E+02   4.151E+01  8.024E-02 
6.534E+02   4.159E+01  7.938E-02 
6.619E+02   4.166E+01  7.854E-02 
6.705E+02   4.174E+01  7.770E-02 
6.792E+02   4.181E+01  7.687E-02 
6.881E+02   4.188E+01  7.606E-02 
6.970E+02   4.195E+01  7.524E-02 
7.061E+02   4.201E+01  7.444E-02 
7.152E+02   4.207E+01  7.365E-02 
7.245E+02   4.212E+01  7.286E-02 
7.339E+02   4.218E+01  7.208E-02 
7.435E+02   4.223E+01  7.131E-02 
7.531E+02   4.228E+01  7.055E-02 
7.629E+02   4.232E+01  6.979E-02 
7.728E+02   4.236E+01  6.905E-02 
7.829E+02   4.240E+01  6.831E-02 
7.931E+02   4.243E+01  6.757E-02 
8.034E+02   4.247E+01  6.685E-02 
8.138E+02   4.249E+01  6.613E-02 
8.244E+02   4.252E+01  6.542E-02 
8.351E+02   4.254E+01  6.472E-02 
8.460E+02   4.256E+01  6.403E-02 
8.570E+02   4.257E+01  6.334E-02 
8.681E+02   4.258E+01  6.266E-02 
8.794E+02   4.259E+01  6.199E-02 
8.908E+02   4.260E+01  6.132E-02 
9.024E+02   4.260E+01  6.066E-02 
9.141E+02   4.259E+01  6.001E-02 
9.260E+02   4.259E+01  5.936E-02 
9.380E+02   4.258E+01  5.872E-02 
9.502E+02   4.257E+01  5.809E-02 
9.626E+02   4.255E+01  5.746E-02 
9.751E+02   4.253E+01  5.684E-02 
9.877E+02   4.251E+01  5.623E-02 
1.001E+03   4.248E+01  5.562E-02 
1.014E+03   4.245E+01  5.502E-02 
1.027E+03   4.242E+01  5.443E-02 
1.040E+03   4.238E+01  5.384E-02 
1.054E+03   4.234E+01  5.326E-02 
1.067E+03   4.229E+01  5.268E-02 
1.081E+03   4.225E+01  5.211E-02 
1.095E+03   4.220E+01  5.155E-02 
1.109E+03   4.214E+01  5.099E-02 
1.124E+03   4.209E+01  5.044E-02 
1.138E+03   4.203E+01  4.989E-02 
1.153E+03   4.196E+01  4.935E-02 
1.168E+03   4.189E+01  4.882E-02 
1.183E+03   4.182E+01  4.829E-02 
1.199E+03   4.175E+01  4.776E-02 
1.214E+03   4.167E+01  4.724E-02 
1.230E+03   4.159E+01  4.673E-02 
1.246E+03   4.151E+01  4.622E-02 
1.262E+03   4.142E+01  4.572E-02 
1.279E+03   4.133E+01  4.522E-02 
1.295E+03   4.124E+01  4.473E-02 
1.312E+03   4.114E+01  4.425E-02 
1.329E+03   4.104E+01  4.376E-02 
1.347E+03   4.094E+01  4.329E-02 
1.364E+03   4.084E+01  4.282E-02 
1.382E+03   4.073E+01  4.235E-02 
1.400E+03   4.062E+01  4.189E-02 
1.418E+03   4.050E+01  4.143E-02 
1.436E+03   4.039E+01  4.098E-02 
1.455E+03   4.027E+01  4.053E-02 
1.474E+03   4.014E+01  4.009E-02 
1.493E+03   4.002E+01  3.965E-02 
1.513E+03   3.989E+01  3.922E-02 
1.532E+03   3.976E+01  3.879E-02 
1.552E+03   3.963E+01  3.837E-02 
1.572E+03   3.949E+01  3.795E-02 
1.593E+03   3.935E+01  3.753E-02 
1.613E+03   3.921E+01  3.712E-02 
1.634E+03   3.907E+01  3.672E-02 
1.656E+03   3.892E+01  3.632E-02 
1.677E+03   3.877E+01  3.592E-02 
1.699E+03   3.862E+01  3.553E-02 
1.721E+03   3.846E+01  3.514E-02 
1.743E+03   3.831E+01  3.475E-02 
1.766E+03   3.815E+01  3.437E-02 
1.789E+03   3.799E+01  3.399E-02 
1.812E+03   3.782E+01  3.362E-02 
1.836E+03   3.766E+01  3.325E-02 
1.860E+03   3.749E+01  3.289E-02 
1.884E+03   3.732E+01  3.253E-02 
1.908E+03   3.715E+01  3.217E-02 
1.933E+03   3.697E+01  3.181E-02 
1.958E+03   3.680E+01  3.147E-02 
1.984E+03   3.662E+01  3.112E-02 
2.009E+03   3.644E+01  3.078E-02 
2.036E+03   3.626E+01  3.044E-02 
2.062E+03   3.607E+01  3.010E-02 
2.089E+03   3.589E+01  2.977E-02 
2.116E+03   3.570E+01  2.944E-02 
2.143E+03   3.551E+01  2.912E-02 
2.171E+03   3.532E+01  2.880E-02 
2.200E+03   3.512E+01  2.848E-02 
2.228E+03   3.493E+01  2.817E-02 
2.257E+03   3.473E+01  2.786E-02 
2.286E+03   3.454E+01  2.755E-02 
2.316E+03   3.434E+01  2.725E-02 
2.346E+03   3.414E+01  2.695E-02 
2.377E+03   3.393E+01  2.665E-02 
2.408E+03   3.373E+01  2.635E-02 
2.439E+03   3.353E+01  2.606E-02 
2.471E+03   3.332E+01  2.577E-02 
2.503E+03   3.311E+01  2.549E-02 
2.535E+03   3.291E+01  2.521E-02 
2.568E+03   3.270E+01  2.493E-02 
2.602E+03   3.249E+01  2.465E-02 
2.635E+03   3.228E+01  2.438E-02 
2.670E+03   3.206E+01  2.411E-02 
2.704E+03   3.185E+01  2.384E-02 
2.740E+03   3.164E+01  2.358E-02 
2.775E+03   3.143E+01  2.332E-02 
2.811E+03   3.121E+01  2.306E-02 
2.848E+03   3.100E+01  2.280E-02 
2.885E+03   3.078E+01  2.255E-02 
2.922E+03   3.056E+01  2.230E-02 
2.960E+03   3.035E+01  2.205E-02 
2.999E+03   3.013E+01  2.181E-02 
3.038E+03   2.992E+01  2.157E-02 
3.077E+03   2.970E+01  2.133E-02 
3.117E+03   2.948E+01  2.109E-02 
3.158E+03   2.926E+01  2.086E-02 
3.199E+03   2.905E+01  2.063E-02 
3.240E+03   2.883E+01  2.040E-02 
3.282E+03   2.861E+01  2.017E-02 
3.325E+03   2.840E+01  1.994E-02 
3.368E+03   2.818E+01  1.972E-02 
3.412E+03   2.796E+01  1.950E-02 
3.456E+03   2.775E+01  1.929E-02 
3.501E+03   2.753E+01  1.907E-02 
3.547E+03   2.731E+01  1.886E-02 
3.593E+03   2.710E+01  1.865E-02 
3.640E+03   2.688E+01  1.844E-02 
3.687E+03   2.667E+01  1.824E-02 
3.735E+03   2.646E+01  1.803E-02 
3.783E+03   2.624E+01  1.783E-02 
3.832E+03   2.603E+01  1.763E-02 
3.882E+03   2.582E+01  1.744E-02 
3.933E+03   2.561E+01  1.724E-02 
3.984E+03   2.540E+01  1.705E-02 
4.036E+03   2.519E+01  1.686E-02 
4.088E+03   2.498E+01  1.667E-02 
4.141E+03   2.477E+01  1.648E-02 
4.195E+03   2.456E+01  1.630E-02 
4.250E+03   2.436E+01  1.612E-02 
4.305E+03   2.415E+01  1.594E-02 
4.361E+03   2.395E+01  1.576E-02 
4.417E+03   2.374E+01  1.558E-02 
4.475E+03   2.354E+01  1.541E-02 
4.533E+03   2.334E+01  1.524E-02 
4.592E+03   2.314E+01  1.507E-02 
4.652E+03   2.294E+01  1.490E-02 
4.712E+03   2.274E+01  1.473E-02 
4.773E+03   2.254E+01  1.457E-02 
4.835E+03   2.235E+01  1.440E-02 
4.898E+03   2.215E+01  1.424E-02 
4.962E+03   2.196E+01  1.408E-02 
5.026E+03   2.176E+01  1.392E-02 
5.092E+03   2.157E+01  1.377E-02 
5.158E+03   2.138E+01  1.361E-02 
5.225E+03   2.119E+01  1.346E-02 
5.293E+03   2.100E+01  1.331E-02 
5.362E+03   2.082E+01  1.316E-02 
5.431E+03   2.063E+01  1.301E-02 
5.502E+03   2.044E+01  1.287E-02 
5.573E+03   2.026E+01  1.272E-02 
5.646E+03   2.008E+01  1.258E-02 
5.719E+03   1.990E+01  1.244E-02 
5.793E+03   1.972E+01  1.230E-02 
5.869E+03   1.954E+01  1.216E-02 
5.945E+03   1.936E+01  1.202E-02 
6.022E+03   1.918E+01  1.189E-02 
6.101E+03   1.901E+01  1.175E-02 
6.180E+03   1.884E+01  1.162E-02 
6.260E+03   1.866E+01  1.149E-02 
6.341E+03   1.849E+01  1.136E-02 
6.424E+03   1.832E+01  1.123E-02 
6.507E+03   1.815E+01  1.111E-02 
6.592E+03   1.799E+01  1.098E-02 
6.678E+03   1.782E+01  1.086E-02 
6.764E+03   1.766E+01  1.074E-02 
6.852E+03   1.749E+01  1.061E-02 
6.941E+03   1.733E+01  1.050E-02 
7.032E+03   1.717E+01  1.038E-02 
7.123E+03   1.701E+01  1.026E-02 
7.216E+03   1.685E+01  1.014E-02 
7.309E+03   1.669E+01  1.003E-02 
7.404E+03   1.654E+01  9.916E-03 
7.501E+03   1.638E+01  9.805E-03 
7.598E+03   1.623E+01  9.694E-03 
7.697E+03   1.608E+01  9.584E-03 
7.797E+03   1.592E+01  9.476E-03 
7.898E+03   1.577E+01  9.369E-03 
8.001E+03   1.563E+01  9.263E-03 
8.105E+03   1.550E+01  9.158E-03 
8.210E+03   1.537E+01  9.055E-03 
8.317E+03   1.523E+01  8.953E-03 
8.425E+03   1.510E+01  8.851E-03 
8.534E+03   1.497E+01  8.751E-03 
8.645E+03   1.483E+01  8.652E-03 
8.758E+03   1.469E+01  8.554E-03 
8.871E+03   1.455E+01  8.457E-03 
8.987E+03   1.441E+01  8.362E-03 
9.104E+03   1.426E+01  8.267E-03 
9.222E+03   1.411E+01  8.173E-03 
9.342E+03   1.397E+01  8.081E-03 
9.463E+03   1.382E+01  7.989E-03 
9.586E+03   1.366E+01  7.899E-03 
9.711E+03   1.353E+01  7.809E-03 
9.837E+03   1.340E+01  7.721E-03 
9.965E+03   1.327E+01  7.633E-03 
1.009E+04   1.315E+01  7.546E-03 
1.023E+04   1.302E+01  7.461E-03 
1.036E+04   1.290E+01  7.376E-03 
1.049E+04   1.278E+01  7.293E-03 
1.063E+04   1.265E+01  7.210E-03 
1.077E+04   1.253E+01  7.128E-03 
1.091E+04   1.241E+01  7.047E-03 
1.105E+04   1.229E+01  6.967E-03 
1.119E+04   1.218E+01  6.888E-03 
1.134E+04   1.206E+01  6.810E-03 
1.149E+04   1.194E+01  6.732E-03 
1.163E+04   1.183E+01  6.656E-03 
1.179E+04   1.172E+01  6.580E-03 
1.194E+04   1.160E+01  6.505E-03 
1.209E+04   1.149E+01  6.431E-03 
1.225E+04   1.138E+01  6.358E-03 
1.241E+04   1.127E+01  6.286E-03 
1.257E+04   1.116E+01  6.214E-03 
1.274E+04   1.106E+01  6.143E-03 
1.290E+04   1.095E+01  6.073E-03 
1.307E+04   1.084E+01  6.004E-03 
1.324E+04   1.074E+01  5.936E-03 
1.341E+04   1.063E+01  5.868E-03 
1.358E+04   1.053E+01  5.802E-03 
1.376E+04   1.043E+01  5.735E-03 
1.394E+04   1.033E+01  5.670E-03 
1.412E+04   1.023E+01  5.605E-03 
1.431E+04   1.013E+01  5.542E-03 
1.449E+04   1.003E+01  5.478E-03 
1.468E+04   9.932E+00  5.416E-03 
1.487E+04   9.836E+00  5.354E-03 
1.506E+04   9.740E+00  5.293E-03 
1.526E+04   9.645E+00  5.233E-03 
1.546E+04   9.551E+00  5.173E-03 
1.566E+04   9.458E+00  5.114E-03 
1.586E+04   9.365E+00  5.055E-03 
1.607E+04   9.274E+00  4.998E-03 
1.628E+04   9.183E+00  4.941E-03 
1.649E+04   9.093E+00  4.884E-03 
1.670E+04   9.004E+00  4.828E-03 
1.692E+04   8.916E+00  4.773E-03 
1.714E+04   8.829E+00  4.719E-03 
1.736E+04   8.742E+00  4.665E-03 
1.759E+04   8.656E+00  4.611E-03 
1.782E+04   8.571E+00  4.559E-03 
1.805E+04   8.487E+00  4.507E-03 
1.828E+04   8.403E+00  4.455E-03 
1.852E+04   8.320E+00  4.404E-03 
1.876E+04   8.238E+00  4.354E-03 
1.900E+04   8.157E+00  4.304E-03 
1.925E+04   8.077E+00  4.255E-03 
1.950E+04   7.997E+00  4.206E-03 
1.976E+04   7.918E+00  4.158E-03 
2.001E+04   7.840E+00  4.110E-03 
2.027E+04   7.762E+00  4.063E-03 
2.054E+04   7.685E+00  4.016E-03 
2.080E+04   7.609E+00  3.970E-03 
2.107E+04   7.534E+00  3.925E-03 
2.135E+04   7.459E+00  3.880E-03 
2.162E+04   7.385E+00  3.835E-03 
2.191E+04   7.311E+00  3.792E-03 
2.219E+04   7.239E+00  3.748E-03 
2.248E+04   7.167E+00  3.705E-03 
2.277E+04   7.095E+00  3.663E-03 
2.307E+04   7.025E+00  3.621E-03 
2.337E+04   6.955E+00  3.579E-03 
2.367E+04   6.885E+00  3.538E-03 
2.398E+04   6.817E+00  3.497E-03 
2.429E+04   6.749E+00  3.457E-03 
2.461E+04   6.681E+00  3.417E-03 
2.492E+04   6.614E+00  3.378E-03 
2.525E+04   6.548E+00  3.339E-03 
2.558E+04   6.483E+00  3.301E-03 
2.591E+04   6.418E+00  3.263E-03 
2.625E+04   6.354E+00  3.226E-03 
2.659E+04   6.290E+00  3.189E-03 
2.693E+04   6.227E+00  3.152E-03 
2.728E+04   6.164E+00  3.116E-03 
2.764E+04   6.102E+00  3.080E-03 
2.800E+04   6.041E+00  3.044E-03 
2.836E+04   5.980E+00  3.009E-03 
2.873E+04   5.920E+00  2.975E-03 
2.910E+04   5.861E+00  2.941E-03 
2.948E+04   5.802E+00  2.907E-03 
2.986E+04   5.743E+00  2.873E-03 
3.025E+04   5.685E+00  2.840E-03 
3.065E+04   5.628E+00  2.808E-03 
3.104E+04   5.571E+00  2.775E-03 
3.145E+04   5.515E+00  2.743E-03 
3.186E+04   5.459E+00  2.712E-03 
3.227E+04   5.404E+00  2.680E-03 
3.269E+04   5.349E+00  2.650E-03 
3.311E+04   5.295E+00  2.619E-03 
3.354E+04   5.242E+00  2.589E-03 
3.398E+04   5.188E+00  2.559E-03 
3.442E+04   5.136E+00  2.529E-03 
3.487E+04   5.084E+00  2.500E-03 
3.532E+04   5.032E+00  2.471E-03 
3.578E+04   4.981E+00  2.443E-03 
3.625E+04   4.931E+00  2.415E-03 
3.672E+04   4.881E+00  2.387E-03 
3.719E+04   4.831E+00  2.359E-03 
3.768E+04   4.782E+00  2.332E-03 
3.817E+04   4.733E+00  2.305E-03 
3.866E+04   4.685E+00  2.279E-03 
3.917E+04   4.637E+00  2.252E-03 
3.968E+04   4.590E+00  2.226E-03 
4.019E+04   4.543E+00  2.201E-03 
4.071E+04   4.497E+00  2.175E-03 
4.124E+04   4.451E+00  2.150E-03 
4.178E+04   4.406E+00  2.125E-03 
4.232E+04   4.361E+00  2.101E-03 
4.287E+04   4.316E+00  2.076E-03 
4.343E+04   4.272E+00  2.052E-03 
4.399E+04   4.229E+00  2.029E-03 
4.456E+04   4.185E+00  2.005E-03 
4.514E+04   4.143E+00  1.982E-03 
4.573E+04   4.100E+00  1.959E-03 
4.632E+04   4.058E+00  1.936E-03 
4.693E+04   4.017E+00  1.914E-03 
4.754E+04   3.976E+00  1.892E-03 
4.815E+04   3.935E+00  1.870E-03 
4.878E+04   3.895E+00  1.848E-03 
4.941E+04   3.855E+00  1.827E-03 
5.006E+04   3.815E+00  1.806E-03 
5.071E+04   3.776E+00  1.785E-03 
5.137E+04   3.737E+00  1.764E-03 
5.203E+04   3.699E+00  1.744E-03 
5.271E+04   3.661E+00  1.724E-03 
5.340E+04   3.623E+00  1.704E-03 
5.409E+04   3.586E+00  1.684E-03 
5.479E+04   3.549E+00  1.664E-03 
5.550E+04   3.513E+00  1.645E-03 
5.623E+04   3.477E+00  1.626E-03 
5.696E+04   3.441E+00  1.607E-03 
5.770E+04   3.406E+00  1.589E-03 
5.845E+04   3.371E+00  1.570E-03 
5.921E+04   3.336E+00  1.552E-03 
5.998E+04   3.302E+00  1.534E-03 
6.075E+04   3.268E+00  1.516E-03 
6.154E+04   3.234E+00  1.499E-03 
6.234E+04   3.201E+00  1.481E-03 
6.315E+04   3.168E+00  1.464E-03 
6.398E+04   3.135E+00  1.447E-03 
6.481E+04   3.103E+00  1.430E-03 
6.565E+04   3.071E+00  1.414E-03 
6.650E+04   3.039E+00  1.397E-03 
6.737E+04   3.008E+00  1.381E-03 
6.824E+04   2.977E+00  1.365E-03 
6.913E+04   2.946E+00  1.349E-03 
7.003E+04   2.916E+00  1.333E-03 
7.094E+04   2.886E+00  1.318E-03 
7.186E+04   2.856E+00  1.303E-03 
7.279E+04   2.826E+00  1.287E-03 
7.374E+04   2.797E+00  1.272E-03 
7.470E+04   2.768E+00  1.258E-03 
7.567E+04   2.740E+00  1.243E-03 
7.665E+04   2.712E+00  1.229E-03 
7.765E+04   2.684E+00  1.214E-03 
7.866E+04   2.656E+00  1.200E-03 
7.968E+04   2.628E+00  1.186E-03 
8.072E+04   2.601E+00  1.172E-03 
8.176E+04   2.574E+00  1.159E-03 
8.283E+04   2.548E+00  1.145E-03 
8.390E+04   2.522E+00  1.132E-03 
8.499E+04   2.496E+00  1.119E-03 
8.610E+04   2.470E+00  1.106E-03 
8.722E+04   2.444E+00  1.093E-03 
8.835E+04   2.419E+00  1.080E-03 
8.950E+04   2.394E+00  1.068E-03 
9.066E+04   2.369E+00  1.055E-03 
9.184E+04   2.345E+00  1.043E-03 
9.303E+04   2.321E+00  1.031E-03 
9.424E+04   2.297E+00  1.019E-03 
9.547E+04   2.273E+00  1.007E-03 
9.671E+04   2.250E+00  9.951E-04 
9.797E+04   2.226E+00  9.835E-04 
9.924E+04   2.203E+00  9.721E-04 
1.005E+05   2.181E+00  9.608E-04 
1.018E+05   2.158E+00  9.496E-04 
1.032E+05   2.136E+00  9.385E-04 
1.045E+05   2.114E+00  9.275E-04 
1.059E+05   2.092E+00  9.167E-04 
1.072E+05   2.070E+00  9.060E-04 
1.086E+05   2.049E+00  8.955E-04 
1.100E+05   2.028E+00  8.850E-04 
1.115E+05   2.007E+00  8.747E-04 
1.129E+05   1.986E+00  8.645E-04 
1.144E+05   1.966E+00  8.544E-04 
1.159E+05   1.946E+00  8.444E-04 
1.174E+05   1.926E+00  8.346E-04 
1.189E+05   1.906E+00  8.248E-04 
1.204E+05   1.886E+00  8.152E-04 
1.220E+05   1.867E+00  8.057E-04 
1.236E+05   1.847E+00  7.963E-04 
1.252E+05   1.828E+00  7.870E-04 
1.268E+05   1.810E+00  7.778E-04 
1.285E+05   1.791E+00  7.687E-04 
1.302E+05   1.773E+00  7.597E-04 
1.318E+05   1.754E+00  7.508E-04 
1.336E+05   1.736E+00  7.420E-04 
1.353E+05   1.718E+00  7.334E-04 
1.371E+05   1.701E+00  7.248E-04 
1.388E+05   1.683E+00  7.163E-04 
1.406E+05   1.666E+00  7.080E-04 
1.425E+05   1.649E+00  6.997E-04 
1.443E+05   1.632E+00  6.915E-04 
1.462E+05   1.615E+00  6.834E-04 
1.481E+05   1.599E+00  6.754E-04 
1.500E+05   1.582E+00  6.675E-04 
1.520E+05   1.566E+00  6.597E-04 
1.539E+05   1.550E+00  6.520E-04 
1.559E+05   1.534E+00  6.444E-04 
1.580E+05   1.519E+00  6.368E-04 
1.600E+05   1.503E+00  6.294E-04 
1.621E+05   1.488E+00  6.220E-04 
1.642E+05   1.473E+00  6.147E-04 
1.663E+05   1.458E+00  6.075E-04 
1.685E+05   1.443E+00  6.004E-04 
1.707E+05   1.428E+00  5.934E-04 
1.729E+05   1.413E+00  5.864E-04 
1.752E+05   1.399E+00  5.795E-04 
1.774E+05   1.385E+00  5.728E-04 
1.797E+05   1.371E+00  5.660E-04 
1.821E+05   1.357E+00  5.594E-04 
1.844E+05   1.343E+00  5.529E-04 
1.868E+05   1.329E+00  5.464E-04 
1.893E+05   1.316E+00  5.400E-04 
1.917E+05   1.303E+00  5.336E-04 
1.942E+05   1.289E+00  5.274E-04 
1.967E+05   1.276E+00  5.212E-04 
1.993E+05   1.263E+00  5.151E-04 
2.019E+05   1.251E+00  5.091E-04 
2.045E+05   1.238E+00  5.031E-04 
2.072E+05   1.225E+00  4.972E-04 
2.099E+05   1.213E+00  4.913E-04 
2.126E+05   1.201E+00  4.856E-04 
2.154E+05   1.189E+00  4.799E-04 
2.182E+05   1.177E+00  4.743E-04 
2.210E+05   1.165E+00  4.687E-04 
2.239E+05   1.153E+00  4.632E-04 
2.268E+05   1.142E+00  4.578E-04 
2.297E+05   1.130E+00  4.524E-04 
2.327E+05   1.119E+00  4.471E-04 
2.357E+05   1.108E+00  4.418E-04 
2.388E+05   1.097E+00  4.366E-04 
2.419E+05   1.086E+00  4.315E-04 
2.450E+05   1.075E+00  4.264E-04 
2.482E+05   1.064E+00  4.214E-04 
2.515E+05   1.053E+00  4.165E-04 
2.547E+05   1.043E+00  4.116E-04 
2.580E+05   1.033E+00  4.067E-04 
2.614E+05   1.022E+00  4.020E-04 
2.648E+05   1.012E+00  3.972E-04 
2.682E+05   1.002E+00  3.926E-04 
2.717E+05   9.922E-01  3.880E-04 
2.752E+05   9.824E-01  3.834E-04 
2.788E+05   9.727E-01  3.789E-04 
2.824E+05   9.631E-01  3.744E-04 
2.861E+05   9.536E-01  3.700E-04 
2.898E+05   9.442E-01  3.657E-04 
2.936E+05   9.349E-01  3.614E-04 
2.974E+05   9.257E-01  3.571E-04 
3.013E+05   9.166E-01  3.529E-04 
3.052E+05   9.077E-01  3.488E-04 
3.092E+05   8.988E-01  3.447E-04 
3.132E+05   8.900E-01  3.406E-04 
3.172E+05   8.813E-01  3.366E-04 
3.214E+05   8.727E-01  3.326E-04 
3.255E+05   8.642E-01  3.287E-04 
3.298E+05   8.558E-01  3.249E-04 
3.341E+05   8.475E-01  3.210E-04 
3.384E+05   8.393E-01  3.173E-04 
3.428E+05   8.312E-01  3.135E-04 
3.473E+05   8.231E-01  3.098E-04 
3.518E+05   8.152E-01  3.062E-04 
3.563E+05   8.074E-01  3.026E-04 
3.610E+05   7.996E-01  2.990E-04 
3.657E+05   7.919E-01  2.955E-04 
3.704E+05   7.843E-01  2.920E-04 
3.752E+05   7.768E-01  2.886E-04 
3.801E+05   7.694E-01  2.852E-04 
3.851E+05   7.621E-01  2.818E-04 
3.901E+05   7.548E-01  2.785E-04 
3.951E+05   7.476E-01  2.752E-04 
4.003E+05   7.405E-01  2.719E-04 
