Ion = Hydrogen    . Mass = 1.0079
Tgt = Hg (Solid). Density = 13.5462 g/cm3
Stopping Units =  eV/(1E15 atoms/cm2)
Energy(keV)  S(Elec)    S(Nuc)
1.000E+00   5.526E+00  2.552E-01 
1.012E+00   5.558E+00  2.556E-01 
1.023E+00   5.590E+00  2.559E-01 
1.035E+00   5.622E+00  2.563E-01 
1.047E+00   5.655E+00  2.566E-01 
1.059E+00   5.688E+00  2.569E-01 
1.072E+00   5.721E+00  2.573E-01 
1.084E+00   5.754E+00  2.576E-01 
1.097E+00   5.787E+00  2.579E-01 
1.109E+00   5.820E+00  2.582E-01 
1.122E+00   5.854E+00  2.586E-01 
1.135E+00   5.888E+00  2.589E-01 
1.148E+00   5.922E+00  2.592E-01 
1.162E+00   5.956E+00  2.595E-01 
1.175E+00   5.991E+00  2.598E-01 
1.189E+00   6.025E+00  2.601E-01 
1.203E+00   6.060E+00  2.604E-01 
1.217E+00   6.095E+00  2.607E-01 
1.231E+00   6.130E+00  2.610E-01 
1.245E+00   6.166E+00  2.613E-01 
1.259E+00   6.202E+00  2.615E-01 
1.274E+00   6.237E+00  2.618E-01 
1.289E+00   6.273E+00  2.621E-01 
1.304E+00   6.310E+00  2.624E-01 
1.319E+00   6.346E+00  2.626E-01 
1.334E+00   6.383E+00  2.629E-01 
1.350E+00   6.420E+00  2.632E-01 
1.365E+00   6.457E+00  2.634E-01 
1.381E+00   6.494E+00  2.637E-01 
1.397E+00   6.532E+00  2.639E-01 
1.413E+00   6.570E+00  2.642E-01 
1.430E+00   6.608E+00  2.644E-01 
1.446E+00   6.646E+00  2.647E-01 
1.463E+00   6.684E+00  2.649E-01 
1.480E+00   6.723E+00  2.651E-01 
1.497E+00   6.762E+00  2.654E-01 
1.515E+00   6.801E+00  2.656E-01 
1.532E+00   6.840E+00  2.658E-01 
1.550E+00   6.880E+00  2.660E-01 
1.568E+00   6.920E+00  2.662E-01 
1.586E+00   6.960E+00  2.665E-01 
1.605E+00   7.000E+00  2.667E-01 
1.623E+00   7.040E+00  2.669E-01 
1.642E+00   7.081E+00  2.671E-01 
1.661E+00   7.122E+00  2.673E-01 
1.680E+00   7.163E+00  2.675E-01 
1.700E+00   7.205E+00  2.676E-01 
1.719E+00   7.246E+00  2.678E-01 
1.739E+00   7.288E+00  2.680E-01 
1.760E+00   7.330E+00  2.682E-01 
1.780E+00   7.373E+00  2.683E-01 
1.801E+00   7.415E+00  2.685E-01 
1.822E+00   7.458E+00  2.687E-01 
1.843E+00   7.501E+00  2.688E-01 
1.864E+00   7.545E+00  2.690E-01 
1.886E+00   7.588E+00  2.691E-01 
1.908E+00   7.632E+00  2.693E-01 
1.930E+00   7.676E+00  2.694E-01 
1.952E+00   7.721E+00  2.696E-01 
1.975E+00   7.765E+00  2.697E-01 
1.998E+00   7.810E+00  2.698E-01 
2.021E+00   7.854E+00  2.699E-01 
2.044E+00   7.893E+00  2.701E-01 
2.068E+00   7.932E+00  2.702E-01 
2.092E+00   7.971E+00  2.703E-01 
2.116E+00   8.011E+00  2.704E-01 
2.141E+00   8.050E+00  2.705E-01 
2.166E+00   8.090E+00  2.706E-01 
2.191E+00   8.130E+00  2.707E-01 
2.216E+00   8.171E+00  2.708E-01 
2.242E+00   8.211E+00  2.709E-01 
2.268E+00   8.252E+00  2.709E-01 
2.294E+00   8.293E+00  2.710E-01 
2.321E+00   8.334E+00  2.711E-01 
2.348E+00   8.375E+00  2.712E-01 
2.375E+00   8.416E+00  2.712E-01 
2.402E+00   8.458E+00  2.713E-01 
2.430E+00   8.500E+00  2.713E-01 
2.458E+00   8.542E+00  2.714E-01 
2.487E+00   8.585E+00  2.714E-01 
2.516E+00   8.627E+00  2.715E-01 
2.545E+00   8.670E+00  2.715E-01 
2.574E+00   8.713E+00  2.715E-01 
2.604E+00   8.756E+00  2.716E-01 
2.635E+00   8.800E+00  2.716E-01 
2.665E+00   8.843E+00  2.716E-01 
2.696E+00   8.887E+00  2.716E-01 
2.727E+00   8.932E+00  2.716E-01 
2.759E+00   8.976E+00  2.716E-01 
2.791E+00   9.021E+00  2.716E-01 
2.823E+00   9.065E+00  2.716E-01 
2.856E+00   9.110E+00  2.716E-01 
2.889E+00   9.156E+00  2.716E-01 
2.923E+00   9.201E+00  2.715E-01 
2.957E+00   9.247E+00  2.715E-01 
2.991E+00   9.293E+00  2.715E-01 
3.026E+00   9.339E+00  2.715E-01 
3.061E+00   9.386E+00  2.714E-01 
3.096E+00   9.432E+00  2.714E-01 
3.132E+00   9.479E+00  2.713E-01 
3.168E+00   9.526E+00  2.713E-01 
3.205E+00   9.574E+00  2.712E-01 
3.242E+00   9.621E+00  2.711E-01 
3.280E+00   9.669E+00  2.711E-01 
3.318E+00   9.717E+00  2.710E-01 
3.356E+00   9.766E+00  2.709E-01 
3.395E+00   9.814E+00  2.708E-01 
3.435E+00   9.863E+00  2.707E-01 
3.475E+00   9.912E+00  2.706E-01 
3.515E+00   9.962E+00  2.705E-01 
3.556E+00   1.001E+01  2.704E-01 
3.597E+00   1.006E+01  2.703E-01 
3.639E+00   1.011E+01  2.702E-01 
3.681E+00   1.016E+01  2.701E-01 
3.724E+00   1.021E+01  2.699E-01 
3.767E+00   1.026E+01  2.698E-01 
3.810E+00   1.031E+01  2.697E-01 
3.855E+00   1.037E+01  2.695E-01 
3.899E+00   1.042E+01  2.694E-01 
3.945E+00   1.047E+01  2.692E-01 
3.990E+00   1.052E+01  2.691E-01 
4.037E+00   1.057E+01  2.689E-01 
4.083E+00   1.063E+01  2.687E-01 
4.131E+00   1.068E+01  2.685E-01 
4.179E+00   1.073E+01  2.684E-01 
4.227E+00   1.079E+01  2.682E-01 
4.276E+00   1.084E+01  2.680E-01 
4.326E+00   1.089E+01  2.678E-01 
4.376E+00   1.095E+01  2.676E-01 
4.427E+00   1.100E+01  2.674E-01 
4.478E+00   1.106E+01  2.672E-01 
4.530E+00   1.111E+01  2.670E-01 
4.583E+00   1.117E+01  2.667E-01 
4.636E+00   1.122E+01  2.665E-01 
4.690E+00   1.128E+01  2.663E-01 
4.744E+00   1.134E+01  2.660E-01 
4.799E+00   1.139E+01  2.658E-01 
4.855E+00   1.145E+01  2.656E-01 
4.911E+00   1.151E+01  2.653E-01 
4.968E+00   1.156E+01  2.650E-01 
5.026E+00   1.162E+01  2.648E-01 
5.084E+00   1.168E+01  2.645E-01 
5.143E+00   1.174E+01  2.642E-01 
5.202E+00   1.180E+01  2.640E-01 
5.263E+00   1.186E+01  2.637E-01 
5.324E+00   1.191E+01  2.634E-01 
5.386E+00   1.197E+01  2.631E-01 
5.448E+00   1.203E+01  2.628E-01 
5.511E+00   1.209E+01  2.625E-01 
5.575E+00   1.215E+01  2.622E-01 
5.640E+00   1.222E+01  2.618E-01 
5.705E+00   1.228E+01  2.615E-01 
5.771E+00   1.234E+01  2.612E-01 
5.838E+00   1.240E+01  2.609E-01 
5.906E+00   1.246E+01  2.605E-01 
5.975E+00   1.252E+01  2.602E-01 
6.044E+00   1.259E+01  2.598E-01 
6.114E+00   1.265E+01  2.595E-01 
6.185E+00   1.271E+01  2.591E-01 
6.257E+00   1.277E+01  2.587E-01 
6.329E+00   1.284E+01  2.584E-01 
6.403E+00   1.290E+01  2.580E-01 
6.477E+00   1.297E+01  2.576E-01 
6.552E+00   1.303E+01  2.572E-01 
6.628E+00   1.310E+01  2.568E-01 
6.705E+00   1.316E+01  2.564E-01 
6.783E+00   1.323E+01  2.560E-01 
6.861E+00   1.329E+01  2.556E-01 
6.941E+00   1.336E+01  2.552E-01 
7.021E+00   1.343E+01  2.548E-01 
7.103E+00   1.349E+01  2.544E-01 
7.185E+00   1.356E+01  2.540E-01 
7.269E+00   1.363E+01  2.535E-01 
7.353E+00   1.370E+01  2.531E-01 
7.438E+00   1.376E+01  2.527E-01 
7.524E+00   1.383E+01  2.522E-01 
7.612E+00   1.390E+01  2.518E-01 
7.700E+00   1.397E+01  2.513E-01 
7.789E+00   1.404E+01  2.508E-01 
7.880E+00   1.411E+01  2.504E-01 
7.971E+00   1.418E+01  2.499E-01 
8.064E+00   1.425E+01  2.494E-01 
8.157E+00   1.432E+01  2.489E-01 
8.252E+00   1.439E+01  2.484E-01 
8.347E+00   1.447E+01  2.479E-01 
8.444E+00   1.454E+01  2.475E-01 
8.542E+00   1.461E+01  2.469E-01 
8.641E+00   1.468E+01  2.464E-01 
8.741E+00   1.476E+01  2.459E-01 
8.843E+00   1.483E+01  2.454E-01 
8.945E+00   1.490E+01  2.449E-01 
9.049E+00   1.498E+01  2.444E-01 
9.154E+00   1.505E+01  2.438E-01 
9.260E+00   1.513E+01  2.433E-01 
9.368E+00   1.520E+01  2.428E-01 
9.476E+00   1.528E+01  2.422E-01 
9.586E+00   1.535E+01  2.417E-01 
9.698E+00   1.543E+01  2.411E-01 
9.810E+00   1.551E+01  2.406E-01 
9.924E+00   1.558E+01  2.400E-01 
1.004E+01   1.566E+01  2.394E-01 
1.016E+01   1.574E+01  2.388E-01 
1.027E+01   1.582E+01  2.383E-01 
1.039E+01   1.589E+01  2.377E-01 
1.051E+01   1.597E+01  2.371E-01 
1.063E+01   1.605E+01  2.365E-01 
1.076E+01   1.613E+01  2.359E-01 
1.088E+01   1.621E+01  2.353E-01 
1.101E+01   1.629E+01  2.347E-01 
1.114E+01   1.637E+01  2.341E-01 
1.127E+01   1.645E+01  2.335E-01 
1.140E+01   1.653E+01  2.329E-01 
1.153E+01   1.662E+01  2.323E-01 
1.166E+01   1.670E+01  2.316E-01 
1.180E+01   1.678E+01  2.310E-01 
1.193E+01   1.686E+01  2.304E-01 
1.207E+01   1.695E+01  2.297E-01 
1.221E+01   1.703E+01  2.291E-01 
1.235E+01   1.712E+01  2.285E-01 
1.250E+01   1.720E+01  2.278E-01 
1.264E+01   1.728E+01  2.272E-01 
1.279E+01   1.737E+01  2.265E-01 
1.294E+01   1.746E+01  2.258E-01 
1.309E+01   1.754E+01  2.252E-01 
1.324E+01   1.763E+01  2.245E-01 
1.339E+01   1.771E+01  2.239E-01 
1.355E+01   1.780E+01  2.232E-01 
1.371E+01   1.789E+01  2.225E-01 
1.387E+01   1.798E+01  2.218E-01 
1.403E+01   1.807E+01  2.211E-01 
1.419E+01   1.815E+01  2.204E-01 
1.435E+01   1.824E+01  2.198E-01 
1.452E+01   1.833E+01  2.191E-01 
1.469E+01   1.842E+01  2.184E-01 
1.486E+01   1.851E+01  2.177E-01 
1.503E+01   1.860E+01  2.170E-01 
1.521E+01   1.869E+01  2.163E-01 
1.538E+01   1.879E+01  2.155E-01 
1.556E+01   1.888E+01  2.148E-01 
1.574E+01   1.897E+01  2.141E-01 
1.592E+01   1.906E+01  2.134E-01 
1.611E+01   1.916E+01  2.127E-01 
1.629E+01   1.925E+01  2.120E-01 
1.648E+01   1.934E+01  2.112E-01 
1.667E+01   1.944E+01  2.105E-01 
1.687E+01   1.953E+01  2.098E-01 
1.706E+01   1.963E+01  2.090E-01 
1.726E+01   1.972E+01  2.083E-01 
1.746E+01   1.982E+01  2.075E-01 
1.766E+01   1.991E+01  2.068E-01 
1.787E+01   2.001E+01  2.061E-01 
1.808E+01   2.011E+01  2.053E-01 
1.829E+01   2.021E+01  2.046E-01 
1.850E+01   2.030E+01  2.038E-01 
1.871E+01   2.040E+01  2.031E-01 
1.893E+01   2.050E+01  2.023E-01 
1.915E+01   2.060E+01  2.015E-01 
1.937E+01   2.070E+01  2.008E-01 
1.960E+01   2.080E+01  2.000E-01 
1.982E+01   2.090E+01  1.992E-01 
2.005E+01   2.100E+01  1.985E-01 
2.029E+01   2.110E+01  1.977E-01 
2.052E+01   2.120E+01  1.969E-01 
2.076E+01   2.130E+01  1.962E-01 
2.100E+01   2.140E+01  1.954E-01 
2.124E+01   2.151E+01  1.946E-01 
2.149E+01   2.161E+01  1.938E-01 
2.174E+01   2.171E+01  1.930E-01 
2.199E+01   2.182E+01  1.923E-01 
2.225E+01   2.192E+01  1.915E-01 
2.250E+01   2.202E+01  1.907E-01 
2.277E+01   2.213E+01  1.899E-01 
2.303E+01   2.223E+01  1.891E-01 
2.330E+01   2.234E+01  1.883E-01 
2.357E+01   2.245E+01  1.875E-01 
2.384E+01   2.255E+01  1.867E-01 
2.412E+01   2.266E+01  1.860E-01 
2.440E+01   2.276E+01  1.852E-01 
2.468E+01   2.287E+01  1.844E-01 
2.497E+01   2.298E+01  1.836E-01 
2.526E+01   2.309E+01  1.828E-01 
2.555E+01   2.320E+01  1.820E-01 
2.584E+01   2.330E+01  1.812E-01 
2.614E+01   2.341E+01  1.804E-01 
2.645E+01   2.352E+01  1.796E-01 
2.675E+01   2.363E+01  1.788E-01 
2.707E+01   2.374E+01  1.780E-01 
2.738E+01   2.385E+01  1.772E-01 
2.770E+01   2.396E+01  1.764E-01 
2.802E+01   2.408E+01  1.756E-01 
2.834E+01   2.419E+01  1.748E-01 
2.867E+01   2.430E+01  1.739E-01 
2.900E+01   2.441E+01  1.731E-01 
2.934E+01   2.452E+01  1.723E-01 
2.968E+01   2.464E+01  1.715E-01 
3.003E+01   2.475E+01  1.707E-01 
3.037E+01   2.486E+01  1.699E-01 
3.073E+01   2.498E+01  1.691E-01 
3.108E+01   2.509E+01  1.683E-01 
3.144E+01   2.520E+01  1.675E-01 
3.181E+01   2.532E+01  1.667E-01 
3.218E+01   2.543E+01  1.659E-01 
3.255E+01   2.555E+01  1.651E-01 
3.293E+01   2.566E+01  1.643E-01 
3.331E+01   2.578E+01  1.635E-01 
3.370E+01   2.589E+01  1.627E-01 
3.409E+01   2.601E+01  1.619E-01 
3.448E+01   2.613E+01  1.610E-01 
3.488E+01   2.624E+01  1.602E-01 
3.529E+01   2.636E+01  1.594E-01 
3.570E+01   2.648E+01  1.586E-01 
3.611E+01   2.659E+01  1.578E-01 
3.653E+01   2.671E+01  1.570E-01 
3.695E+01   2.683E+01  1.562E-01 
3.738E+01   2.695E+01  1.554E-01 
3.781E+01   2.706E+01  1.546E-01 
3.825E+01   2.718E+01  1.538E-01 
3.870E+01   2.730E+01  1.530E-01 
3.915E+01   2.742E+01  1.522E-01 
3.960E+01   2.754E+01  1.514E-01 
4.006E+01   2.766E+01  1.506E-01 
4.052E+01   2.778E+01  1.498E-01 
4.099E+01   2.789E+01  1.490E-01 
4.147E+01   2.801E+01  1.482E-01 
4.195E+01   2.813E+01  1.474E-01 
4.244E+01   2.825E+01  1.467E-01 
4.293E+01   2.837E+01  1.459E-01 
4.343E+01   2.849E+01  1.451E-01 
4.393E+01   2.861E+01  1.443E-01 
4.444E+01   2.873E+01  1.435E-01 
4.496E+01   2.885E+01  1.427E-01 
4.548E+01   2.897E+01  1.419E-01 
4.600E+01   2.909E+01  1.411E-01 
4.654E+01   2.921E+01  1.404E-01 
4.708E+01   2.933E+01  1.396E-01 
4.762E+01   2.945E+01  1.388E-01 
4.818E+01   2.957E+01  1.380E-01 
4.873E+01   2.969E+01  1.372E-01 
4.930E+01   2.981E+01  1.365E-01 
4.987E+01   2.993E+01  1.357E-01 
5.045E+01   3.005E+01  1.349E-01 
5.104E+01   3.017E+01  1.341E-01 
5.163E+01   3.029E+01  1.334E-01 
5.223E+01   3.041E+01  1.326E-01 
5.283E+01   3.053E+01  1.318E-01 
5.344E+01   3.064E+01  1.311E-01 
5.406E+01   3.076E+01  1.303E-01 
5.469E+01   3.088E+01  1.296E-01 
5.533E+01   3.100E+01  1.288E-01 
5.597E+01   3.112E+01  1.280E-01 
5.662E+01   3.124E+01  1.273E-01 
5.727E+01   3.136E+01  1.265E-01 
5.794E+01   3.147E+01  1.258E-01 
5.861E+01   3.159E+01  1.250E-01 
5.929E+01   3.171E+01  1.243E-01 
5.998E+01   3.182E+01  1.235E-01 
6.067E+01   3.194E+01  1.228E-01 
6.138E+01   3.206E+01  1.221E-01 
6.209E+01   3.217E+01  1.213E-01 
6.281E+01   3.229E+01  1.206E-01 
6.354E+01   3.240E+01  1.198E-01 
6.427E+01   3.252E+01  1.191E-01 
6.502E+01   3.263E+01  1.184E-01 
6.577E+01   3.274E+01  1.177E-01 
6.654E+01   3.286E+01  1.169E-01 
6.731E+01   3.297E+01  1.162E-01 
6.809E+01   3.308E+01  1.155E-01 
6.888E+01   3.319E+01  1.148E-01 
6.968E+01   3.330E+01  1.141E-01 
7.049E+01   3.341E+01  1.133E-01 
7.130E+01   3.352E+01  1.126E-01 
7.213E+01   3.363E+01  1.119E-01 
7.297E+01   3.374E+01  1.112E-01 
7.381E+01   3.385E+01  1.105E-01 
7.467E+01   3.395E+01  1.098E-01 
7.554E+01   3.406E+01  1.091E-01 
7.641E+01   3.416E+01  1.084E-01 
7.730E+01   3.427E+01  1.077E-01 
7.820E+01   3.437E+01  1.070E-01 
7.910E+01   3.447E+01  1.063E-01 
8.002E+01   3.458E+01  1.056E-01 
8.095E+01   3.468E+01  1.050E-01 
8.189E+01   3.478E+01  1.043E-01 
8.284E+01   3.488E+01  1.036E-01 
8.380E+01   3.497E+01  1.029E-01 
8.477E+01   3.507E+01  1.023E-01 
8.575E+01   3.517E+01  1.016E-01 
8.675E+01   3.526E+01  1.009E-01 
8.775E+01   3.536E+01  1.002E-01 
8.877E+01   3.545E+01  9.958E-02 
8.980E+01   3.554E+01  9.892E-02 
9.084E+01   3.563E+01  9.827E-02 
9.190E+01   3.572E+01  9.761E-02 
9.296E+01   3.581E+01  9.696E-02 
9.404E+01   3.590E+01  9.631E-02 
9.513E+01   3.598E+01  9.566E-02 
9.624E+01   3.607E+01  9.502E-02 
9.735E+01   3.615E+01  9.438E-02 
9.848E+01   3.623E+01  9.374E-02 
9.962E+01   3.631E+01  9.310E-02 
1.008E+02   3.639E+01  9.247E-02 
1.019E+02   3.647E+01  9.184E-02 
1.031E+02   3.654E+01  9.121E-02 
1.043E+02   3.662E+01  9.059E-02 
1.055E+02   3.669E+01  8.997E-02 
1.068E+02   3.676E+01  8.935E-02 
1.080E+02   3.683E+01  8.873E-02 
1.093E+02   3.690E+01  8.812E-02 
1.105E+02   3.696E+01  8.751E-02 
1.118E+02   3.703E+01  8.690E-02 
1.131E+02   3.709E+01  8.630E-02 
1.144E+02   3.715E+01  8.570E-02 
1.157E+02   3.721E+01  8.510E-02 
1.171E+02   3.727E+01  8.450E-02 
1.184E+02   3.732E+01  8.391E-02 
1.198E+02   3.738E+01  8.332E-02 
1.212E+02   3.743E+01  8.273E-02 
1.226E+02   3.748E+01  8.215E-02 
1.240E+02   3.752E+01  8.157E-02 
1.255E+02   3.757E+01  8.099E-02 
1.269E+02   3.761E+01  8.041E-02 
1.284E+02   3.766E+01  7.984E-02 
1.299E+02   3.770E+01  7.927E-02 
1.314E+02   3.773E+01  7.870E-02 
1.329E+02   3.777E+01  7.814E-02 
1.345E+02   3.780E+01  7.758E-02 
1.360E+02   3.783E+01  7.702E-02 
1.376E+02   3.786E+01  7.647E-02 
1.392E+02   3.789E+01  7.591E-02 
1.408E+02   3.791E+01  7.536E-02 
1.424E+02   3.794E+01  7.482E-02 
1.441E+02   3.796E+01  7.427E-02 
1.458E+02   3.797E+01  7.373E-02 
1.475E+02   3.799E+01  7.320E-02 
1.492E+02   3.800E+01  7.266E-02 
1.509E+02   3.801E+01  7.213E-02 
1.526E+02   3.802E+01  7.160E-02 
1.544E+02   3.803E+01  7.107E-02 
1.562E+02   3.803E+01  7.055E-02 
1.580E+02   3.803E+01  7.003E-02 
1.598E+02   3.803E+01  6.951E-02 
1.617E+02   3.803E+01  6.900E-02 
1.636E+02   3.802E+01  6.849E-02 
1.655E+02   3.801E+01  6.798E-02 
1.674E+02   3.800E+01  6.747E-02 
1.693E+02   3.799E+01  6.697E-02 
1.713E+02   3.797E+01  6.647E-02 
1.733E+02   3.796E+01  6.597E-02 
1.753E+02   3.793E+01  6.548E-02 
1.773E+02   3.791E+01  6.498E-02 
1.794E+02   3.789E+01  6.450E-02 
1.815E+02   3.786E+01  6.401E-02 
1.836E+02   3.783E+01  6.353E-02 
1.857E+02   3.779E+01  6.305E-02 
1.879E+02   3.776E+01  6.257E-02 
1.900E+02   3.772E+01  6.209E-02 
1.922E+02   3.768E+01  6.162E-02 
1.945E+02   3.764E+01  6.115E-02 
1.967E+02   3.759E+01  6.069E-02 
1.990E+02   3.754E+01  6.022E-02 
2.013E+02   3.749E+01  5.976E-02 
2.036E+02   3.744E+01  5.931E-02 
2.060E+02   3.738E+01  5.885E-02 
2.084E+02   3.732E+01  5.840E-02 
2.108E+02   3.726E+01  5.795E-02 
2.133E+02   3.720E+01  5.750E-02 
2.157E+02   3.714E+01  5.706E-02 
2.182E+02   3.707E+01  5.662E-02 
2.208E+02   3.700E+01  5.618E-02 
2.233E+02   3.693E+01  5.574E-02 
2.259E+02   3.685E+01  5.531E-02 
2.285E+02   3.678E+01  5.488E-02 
2.312E+02   3.670E+01  5.445E-02 
2.339E+02   3.662E+01  5.403E-02 
2.366E+02   3.653E+01  5.361E-02 
2.393E+02   3.645E+01  5.319E-02 
2.421E+02   3.636E+01  5.277E-02 
2.449E+02   3.627E+01  5.236E-02 
2.478E+02   3.618E+01  5.195E-02 
2.506E+02   3.609E+01  5.154E-02 
2.535E+02   3.599E+01  5.113E-02 
2.565E+02   3.589E+01  5.073E-02 
2.595E+02   3.580E+01  5.033E-02 
2.625E+02   3.569E+01  4.993E-02 
2.655E+02   3.559E+01  4.953E-02 
2.686E+02   3.549E+01  4.914E-02 
2.717E+02   3.538E+01  4.875E-02 
2.749E+02   3.527E+01  4.836E-02 
2.780E+02   3.516E+01  5.120E-02 
2.813E+02   3.505E+01  5.079E-02 
2.845E+02   3.493E+01  5.038E-02 
2.878E+02   3.482E+01  4.997E-02 
2.912E+02   3.470E+01  4.956E-02 
2.945E+02   3.458E+01  4.915E-02 
2.980E+02   3.446E+01  4.875E-02 
3.014E+02   3.434E+01  4.835E-02 
3.049E+02   3.422E+01  4.796E-02 
3.085E+02   3.410E+01  4.756E-02 
3.120E+02   3.397E+01  4.717E-02 
3.156E+02   3.384E+01  4.679E-02 
3.193E+02   3.372E+01  4.640E-02 
3.230E+02   3.359E+01  4.602E-02 
3.268E+02   3.346E+01  4.564E-02 
3.306E+02   3.333E+01  4.526E-02 
3.344E+02   3.320E+01  4.488E-02 
3.383E+02   3.306E+01  4.451E-02 
3.422E+02   3.293E+01  4.414E-02 
3.462E+02   3.279E+01  4.378E-02 
3.502E+02   3.266E+01  4.341E-02 
3.542E+02   3.252E+01  4.305E-02 
3.583E+02   3.239E+01  4.269E-02 
3.625E+02   3.225E+01  4.234E-02 
3.667E+02   3.211E+01  4.198E-02 
3.710E+02   3.197E+01  4.163E-02 
3.753E+02   3.183E+01  4.128E-02 
3.796E+02   3.169E+01  4.094E-02 
3.840E+02   3.155E+01  4.059E-02 
3.885E+02   3.141E+01  4.025E-02 
3.930E+02   3.127E+01  3.991E-02 
3.975E+02   3.112E+01  3.958E-02 
4.021E+02   3.098E+01  3.924E-02 
4.068E+02   3.084E+01  3.891E-02 
4.115E+02   3.070E+01  3.858E-02 
4.163E+02   3.055E+01  3.825E-02 
4.211E+02   3.041E+01  3.793E-02 
4.260E+02   3.027E+01  3.761E-02 
4.310E+02   3.012E+01  3.729E-02 
4.360E+02   2.998E+01  3.697E-02 
4.410E+02   2.984E+01  3.666E-02 
4.461E+02   2.969E+01  3.635E-02 
4.513E+02   2.955E+01  3.604E-02 
4.565E+02   2.940E+01  3.573E-02 
4.618E+02   2.926E+01  3.542E-02 
4.672E+02   2.912E+01  3.512E-02 
4.726E+02   2.897E+01  3.482E-02 
4.781E+02   2.883E+01  3.452E-02 
4.836E+02   2.869E+01  3.423E-02 
4.892E+02   2.854E+01  3.393E-02 
4.949E+02   2.840E+01  3.364E-02 
5.007E+02   2.826E+01  3.335E-02 
5.065E+02   2.811E+01  3.306E-02 
5.123E+02   2.797E+01  3.278E-02 
5.183E+02   2.783E+01  3.250E-02 
5.243E+02   2.769E+01  3.221E-02 
5.304E+02   2.755E+01  3.194E-02 
5.365E+02   2.741E+01  3.166E-02 
5.428E+02   2.727E+01  3.139E-02 
5.490E+02   2.713E+01  3.111E-02 
5.554E+02   2.699E+01  3.084E-02 
5.619E+02   2.685E+01  3.058E-02 
5.684E+02   2.671E+01  3.031E-02 
5.750E+02   2.657E+01  3.005E-02 
5.816E+02   2.643E+01  2.979E-02 
5.884E+02   2.630E+01  2.953E-02 
5.952E+02   2.616E+01  2.927E-02 
6.021E+02   2.602E+01  2.901E-02 
6.091E+02   2.589E+01  2.876E-02 
6.162E+02   2.575E+01  2.851E-02 
6.233E+02   2.562E+01  2.826E-02 
6.305E+02   2.548E+01  2.801E-02 
6.378E+02   2.535E+01  2.777E-02 
6.452E+02   2.521E+01  2.752E-02 
6.527E+02   2.508E+01  2.728E-02 
6.603E+02   2.495E+01  2.704E-02 
6.680E+02   2.482E+01  2.680E-02 
6.757E+02   2.469E+01  2.657E-02 
6.835E+02   2.455E+01  2.633E-02 
6.915E+02   2.442E+01  2.610E-02 
6.995E+02   2.430E+01  2.587E-02 
7.076E+02   2.417E+01  2.564E-02 
7.158E+02   2.404E+01  2.541E-02 
7.241E+02   2.391E+01  2.519E-02 
7.325E+02   2.378E+01  2.497E-02 
7.410E+02   2.366E+01  2.475E-02 
7.496E+02   2.353E+01  2.453E-02 
7.583E+02   2.340E+01  2.431E-02 
7.671E+02   2.328E+01  2.409E-02 
7.760E+02   2.315E+01  2.388E-02 
7.850E+02   2.303E+01  2.367E-02 
7.941E+02   2.291E+01  2.346E-02 
8.033E+02   2.278E+01  2.325E-02 
8.126E+02   2.266E+01  2.304E-02 
8.221E+02   2.254E+01  2.283E-02 
8.316E+02   2.242E+01  2.263E-02 
8.412E+02   2.230E+01  2.243E-02 
8.510E+02   2.218E+01  2.223E-02 
8.609E+02   2.206E+01  2.203E-02 
8.709E+02   2.194E+01  2.183E-02 
8.810E+02   2.182E+01  2.164E-02 
8.912E+02   2.170E+01  2.144E-02 
9.015E+02   2.158E+01  2.125E-02 
9.120E+02   2.147E+01  2.106E-02 
9.225E+02   2.135E+01  2.087E-02 
9.332E+02   2.123E+01  2.068E-02 
9.441E+02   2.112E+01  2.050E-02 
9.550E+02   2.100E+01  2.031E-02 
9.661E+02   2.089E+01  2.013E-02 
9.773E+02   2.078E+01  1.995E-02 
9.886E+02   2.066E+01  1.977E-02 
1.000E+03   2.055E+01  1.959E-02 
1.012E+03   2.045E+01  1.941E-02 
1.023E+03   2.036E+01  1.924E-02 
1.035E+03   2.028E+01  1.906E-02 
1.047E+03   2.019E+01  1.889E-02 
1.059E+03   2.010E+01  1.872E-02 
1.072E+03   2.002E+01  1.855E-02 
1.084E+03   1.993E+01  1.838E-02 
1.097E+03   1.984E+01  1.821E-02 
1.109E+03   1.974E+01  1.805E-02 
1.122E+03   1.965E+01  1.789E-02 
1.135E+03   1.956E+01  1.772E-02 
1.149E+03   1.946E+01  1.756E-02 
1.162E+03   1.937E+01  1.740E-02 
1.175E+03   1.927E+01  1.724E-02 
1.189E+03   1.917E+01  1.709E-02 
1.203E+03   1.907E+01  1.693E-02 
1.217E+03   1.898E+01  1.678E-02 
1.231E+03   1.889E+01  1.662E-02 
1.245E+03   1.879E+01  1.647E-02 
1.260E+03   1.870E+01  1.632E-02 
1.274E+03   1.861E+01  1.617E-02 
1.289E+03   1.852E+01  1.602E-02 
1.304E+03   1.842E+01  1.588E-02 
1.319E+03   1.833E+01  1.573E-02 
1.334E+03   1.824E+01  1.559E-02 
1.350E+03   1.815E+01  1.544E-02 
1.365E+03   1.806E+01  1.530E-02 
1.381E+03   1.796E+01  1.516E-02 
1.397E+03   1.787E+01  1.502E-02 
1.414E+03   1.778E+01  1.488E-02 
1.430E+03   1.769E+01  1.475E-02 
1.446E+03   1.760E+01  1.461E-02 
1.463E+03   1.750E+01  1.448E-02 
1.480E+03   1.741E+01  1.434E-02 
1.497E+03   1.732E+01  1.421E-02 
1.515E+03   1.723E+01  1.408E-02 
1.532E+03   1.714E+01  1.395E-02 
1.550E+03   1.705E+01  1.382E-02 
1.568E+03   1.696E+01  1.369E-02 
1.586E+03   1.687E+01  1.357E-02 
1.605E+03   1.678E+01  1.344E-02 
1.623E+03   1.669E+01  1.332E-02 
1.642E+03   1.660E+01  1.319E-02 
1.661E+03   1.651E+01  1.307E-02 
1.680E+03   1.642E+01  1.295E-02 
1.700E+03   1.633E+01  1.283E-02 
1.720E+03   1.624E+01  1.271E-02 
1.740E+03   1.615E+01  1.259E-02 
1.760E+03   1.606E+01  1.248E-02 
1.780E+03   1.597E+01  1.236E-02 
1.801E+03   1.588E+01  1.224E-02 
1.822E+03   1.579E+01  1.213E-02 
1.843E+03   1.571E+01  1.202E-02 
1.864E+03   1.562E+01  1.191E-02 
1.886E+03   1.553E+01  1.180E-02 
1.908E+03   1.544E+01  1.169E-02 
1.930E+03   1.536E+01  1.158E-02 
1.952E+03   1.527E+01  1.147E-02 
1.975E+03   1.518E+01  1.136E-02 
1.998E+03   1.510E+01  1.126E-02 
2.021E+03   1.501E+01  1.115E-02 
2.044E+03   1.492E+01  1.105E-02 
2.068E+03   1.484E+01  1.094E-02 
2.092E+03   1.475E+01  1.084E-02 
2.116E+03   1.467E+01  1.074E-02 
2.141E+03   1.458E+01  1.064E-02 
2.166E+03   1.450E+01  1.054E-02 
2.191E+03   1.442E+01  1.044E-02 
2.216E+03   1.433E+01  1.034E-02 
2.242E+03   1.425E+01  1.024E-02 
2.268E+03   1.416E+01  1.015E-02 
2.294E+03   1.408E+01  1.005E-02 
2.321E+03   1.400E+01  9.958E-03 
2.348E+03   1.392E+01  9.865E-03 
2.375E+03   1.383E+01  9.772E-03 
2.403E+03   1.375E+01  9.680E-03 
2.431E+03   1.367E+01  9.589E-03 
2.459E+03   1.359E+01  9.498E-03 
2.487E+03   1.351E+01  9.409E-03 
2.516E+03   1.343E+01  9.320E-03 
2.545E+03   1.335E+01  9.232E-03 
2.575E+03   1.327E+01  9.145E-03 
2.605E+03   1.319E+01  9.059E-03 
2.635E+03   1.311E+01  8.973E-03 
2.665E+03   1.303E+01  8.888E-03 
2.696E+03   1.295E+01  8.804E-03 
2.728E+03   1.287E+01  8.721E-03 
2.759E+03   1.279E+01  8.639E-03 
2.791E+03   1.271E+01  8.557E-03 
2.824E+03   1.263E+01  8.476E-03 
2.856E+03   1.256E+01  8.395E-03 
2.889E+03   1.248E+01  8.316E-03 
2.923E+03   1.240E+01  8.237E-03 
2.957E+03   1.233E+01  8.159E-03 
2.991E+03   1.225E+01  8.082E-03 
3.026E+03   1.217E+01  8.005E-03 
3.061E+03   1.210E+01  7.929E-03 
3.097E+03   1.202E+01  7.853E-03 
3.132E+03   1.195E+01  7.779E-03 
3.169E+03   1.187E+01  7.705E-03 
3.206E+03   1.180E+01  7.632E-03 
3.243E+03   1.172E+01  7.559E-03 
3.280E+03   1.165E+01  7.487E-03 
3.318E+03   1.157E+01  7.416E-03 
3.357E+03   1.150E+01  7.345E-03 
3.396E+03   1.143E+01  7.275E-03 
3.435E+03   1.136E+01  7.206E-03 
3.475E+03   1.128E+01  7.137E-03 
3.515E+03   1.121E+01  7.069E-03 
3.556E+03   1.114E+01  7.001E-03 
3.597E+03   1.107E+01  6.934E-03 
3.639E+03   1.100E+01  6.868E-03 
3.681E+03   1.093E+01  6.802E-03 
3.724E+03   1.086E+01  6.737E-03 
3.767E+03   1.079E+01  6.673E-03 
3.811E+03   1.072E+01  6.609E-03 
3.855E+03   1.065E+01  6.546E-03 
3.900E+03   1.058E+01  6.483E-03 
3.945E+03   1.051E+01  6.421E-03 
3.991E+03   1.044E+01  6.360E-03 
4.037E+03   1.037E+01  6.299E-03 
4.084E+03   1.030E+01  6.238E-03 
4.131E+03   1.023E+01  6.178E-03 
4.179E+03   1.017E+01  6.119E-03 
4.228E+03   1.010E+01  6.060E-03 
4.277E+03   1.003E+01  6.002E-03 
4.326E+03   9.967E+00  5.944E-03 
4.376E+03   9.901E+00  5.887E-03 
4.427E+03   9.835E+00  5.831E-03 
4.479E+03   9.770E+00  5.775E-03 
4.531E+03   9.704E+00  5.719E-03 
4.583E+03   9.639E+00  5.664E-03 
4.636E+03   9.575E+00  5.609E-03 
4.690E+03   9.510E+00  5.555E-03 
4.744E+03   9.446E+00  5.502E-03 
4.799E+03   9.383E+00  5.449E-03 
4.855E+03   9.319E+00  5.396E-03 
4.911E+03   9.256E+00  5.344E-03 
4.968E+03   9.194E+00  5.293E-03 
5.026E+03   9.131E+00  5.242E-03 
5.084E+03   9.069E+00  5.191E-03 
5.143E+03   9.007E+00  5.141E-03 
5.203E+03   8.946E+00  5.091E-03 
5.263E+03   8.885E+00  5.042E-03 
5.324E+03   8.824E+00  4.993E-03 
5.386E+03   8.763E+00  4.945E-03 
5.449E+03   8.703E+00  4.897E-03 
5.512E+03   8.643E+00  4.850E-03 
5.576E+03   8.583E+00  4.803E-03 
5.640E+03   8.524E+00  4.756E-03 
5.706E+03   8.465E+00  4.710E-03 
5.772E+03   8.406E+00  4.664E-03 
5.839E+03   8.348E+00  4.619E-03 
5.907E+03   8.290E+00  4.574E-03 
5.975E+03   8.232E+00  4.530E-03 
6.045E+03   8.174E+00  4.486E-03 
6.115E+03   8.117E+00  4.442E-03 
6.186E+03   8.060E+00  4.399E-03 
6.257E+03   8.004E+00  4.357E-03 
6.330E+03   7.947E+00  4.314E-03 
6.403E+03   7.892E+00  4.272E-03 
6.478E+03   7.836E+00  4.231E-03 
6.553E+03   7.780E+00  4.190E-03 
6.629E+03   7.725E+00  4.149E-03 
6.706E+03   7.671E+00  4.109E-03 
6.783E+03   7.616E+00  4.069E-03 
6.862E+03   7.562E+00  4.029E-03 
6.942E+03   7.508E+00  3.990E-03 
7.022E+03   7.454E+00  3.951E-03 
7.104E+03   7.401E+00  3.912E-03 
7.186E+03   7.348E+00  3.874E-03 
7.269E+03   7.296E+00  3.836E-03 
7.354E+03   7.243E+00  3.799E-03 
7.439E+03   7.191E+00  3.762E-03 
7.525E+03   7.139E+00  3.725E-03 
7.613E+03   7.088E+00  3.689E-03 
7.701E+03   7.037E+00  3.653E-03 
7.790E+03   6.986E+00  3.617E-03 
7.881E+03   6.935E+00  3.582E-03 
7.972E+03   6.885E+00  3.547E-03 
8.064E+03   6.835E+00  3.512E-03 
8.158E+03   6.785E+00  3.478E-03 
8.253E+03   6.735E+00  3.444E-03 
8.348E+03   6.686E+00  3.410E-03 
8.445E+03   6.637E+00  3.376E-03 
8.543E+03   6.589E+00  3.343E-03 
8.642E+03   6.540E+00  3.311E-03 
8.742E+03   6.492E+00  3.278E-03 
8.844E+03   6.445E+00  3.246E-03 
8.946E+03   6.397E+00  3.214E-03 
9.050E+03   6.350E+00  3.183E-03 
9.155E+03   6.303E+00  3.151E-03 
9.261E+03   6.256E+00  3.121E-03 
9.369E+03   6.210E+00  3.090E-03 
9.477E+03   6.164E+00  3.060E-03 
9.587E+03   6.118E+00  3.030E-03 
9.699E+03   6.073E+00  3.000E-03 
9.811E+03   6.027E+00  2.970E-03 
9.925E+03   5.983E+00  2.941E-03 
1.004E+04   5.938E+00  2.912E-03 
1.016E+04   5.893E+00  2.884E-03 
1.027E+04   5.849E+00  2.855E-03 
1.039E+04   5.805E+00  2.827E-03 
1.051E+04   5.762E+00  2.799E-03 
1.064E+04   5.719E+00  2.772E-03 
1.076E+04   5.676E+00  2.744E-03 
1.088E+04   5.633E+00  2.717E-03 
1.101E+04   5.590E+00  2.691E-03 
1.114E+04   5.548E+00  2.664E-03 
1.127E+04   5.506E+00  2.638E-03 
1.140E+04   5.464E+00  2.612E-03 
1.153E+04   5.423E+00  2.586E-03 
1.166E+04   5.382E+00  2.561E-03 
1.180E+04   5.341E+00  2.535E-03 
1.194E+04   5.300E+00  2.510E-03 
1.207E+04   5.260E+00  2.485E-03 
1.221E+04   5.220E+00  2.461E-03 
1.236E+04   5.180E+00  2.437E-03 
1.250E+04   5.140E+00  2.412E-03 
1.264E+04   5.101E+00  2.389E-03 
1.279E+04   5.062E+00  2.365E-03 
1.294E+04   5.023E+00  2.342E-03 
1.309E+04   4.984E+00  2.318E-03 
1.324E+04   4.946E+00  2.296E-03 
1.340E+04   4.908E+00  2.273E-03 
1.355E+04   4.870E+00  2.250E-03 
1.371E+04   4.833E+00  2.228E-03 
1.387E+04   4.795E+00  2.206E-03 
1.403E+04   4.758E+00  2.184E-03 
1.419E+04   4.721E+00  2.162E-03 
1.435E+04   4.685E+00  2.141E-03 
1.452E+04   4.648E+00  2.120E-03 
1.469E+04   4.612E+00  2.099E-03 
1.486E+04   4.576E+00  2.078E-03 
1.503E+04   4.541E+00  2.057E-03 
1.521E+04   4.505E+00  2.037E-03 
1.538E+04   4.470E+00  2.017E-03 
1.556E+04   4.435E+00  1.997E-03 
1.574E+04   4.401E+00  1.977E-03 
1.592E+04   4.366E+00  1.957E-03 
1.611E+04   4.332E+00  1.938E-03 
1.630E+04   4.298E+00  1.918E-03 
1.649E+04   4.265E+00  1.899E-03 
1.668E+04   4.231E+00  1.881E-03 
1.687E+04   4.198E+00  1.862E-03 
1.707E+04   4.165E+00  1.843E-03 
1.726E+04   4.132E+00  1.825E-03 
1.746E+04   4.099E+00  1.807E-03 
1.767E+04   4.067E+00  1.789E-03 
1.787E+04   4.035E+00  1.771E-03 
1.808E+04   4.003E+00  1.753E-03 
1.829E+04   3.972E+00  1.736E-03 
1.850E+04   3.940E+00  1.719E-03 
1.871E+04   3.909E+00  1.701E-03 
1.893E+04   3.878E+00  1.685E-03 
1.915E+04   3.847E+00  1.668E-03 
1.937E+04   3.817E+00  1.651E-03 
1.960E+04   3.786E+00  1.635E-03 
1.983E+04   3.756E+00  1.618E-03 
2.006E+04   3.726E+00  1.602E-03 
2.029E+04   3.697E+00  1.586E-03 
2.052E+04   3.667E+00  1.570E-03 
2.076E+04   3.638E+00  1.555E-03 
2.100E+04   3.609E+00  1.539E-03 
2.125E+04   3.580E+00  1.524E-03 
2.149E+04   3.551E+00  1.509E-03 
2.174E+04   3.523E+00  1.493E-03 
2.199E+04   3.495E+00  1.479E-03 
2.225E+04   3.467E+00  1.464E-03 
2.251E+04   3.439E+00  1.449E-03 
2.277E+04   3.411E+00  1.435E-03 
2.303E+04   3.384E+00  1.420E-03 
2.330E+04   3.357E+00  1.406E-03 
2.357E+04   3.330E+00  1.392E-03 
2.384E+04   3.303E+00  1.378E-03 
2.412E+04   3.276E+00  1.364E-03 
2.440E+04   3.250E+00  1.351E-03 
2.468E+04   3.224E+00  1.337E-03 
2.497E+04   3.198E+00  1.324E-03 
2.526E+04   3.172E+00  1.310E-03 
2.555E+04   3.146E+00  1.297E-03 
2.585E+04   3.121E+00  1.284E-03 
2.615E+04   3.096E+00  1.271E-03 
2.645E+04   3.071E+00  1.259E-03 
2.676E+04   3.046E+00  1.246E-03 
2.707E+04   3.021E+00  1.233E-03 
2.738E+04   2.997E+00  1.221E-03 
2.770E+04   2.973E+00  1.209E-03 
2.802E+04   2.948E+00  1.197E-03 
2.835E+04   2.924E+00  1.185E-03 
2.867E+04   2.901E+00  1.173E-03 
2.901E+04   2.877E+00  1.161E-03 
2.934E+04   2.854E+00  1.149E-03 
2.968E+04   2.831E+00  1.138E-03 
3.003E+04   2.808E+00  1.126E-03 
3.038E+04   2.785E+00  1.115E-03 
3.073E+04   2.762E+00  1.104E-03 
3.109E+04   2.740E+00  1.093E-03 
3.145E+04   2.717E+00  1.082E-03 
3.181E+04   2.695E+00  1.071E-03 
3.218E+04   2.673E+00  1.060E-03 
3.255E+04   2.651E+00  1.049E-03 
3.293E+04   2.630E+00  1.039E-03 
3.331E+04   2.608E+00  1.028E-03 
3.370E+04   2.587E+00  1.018E-03 
3.409E+04   2.566E+00  1.008E-03 
3.449E+04   2.545E+00  9.975E-04 
3.489E+04   2.524E+00  9.875E-04 
3.529E+04   2.504E+00  9.775E-04 
3.570E+04   2.483E+00  9.676E-04 
3.611E+04   2.463E+00  9.579E-04 
3.653E+04   2.443E+00  9.482E-04 
3.696E+04   2.423E+00  9.387E-04 
3.738E+04   2.403E+00  9.292E-04 
3.782E+04   2.383E+00  9.198E-04 
3.826E+04   2.364E+00  9.105E-04 
3.870E+04   2.345E+00  9.013E-04 
3.915E+04   2.325E+00  8.922E-04 
3.960E+04   2.306E+00  8.832E-04 
4.006E+04   2.287E+00  8.743E-04 
4.053E+04   2.269E+00  8.655E-04 
4.100E+04   2.250E+00  8.567E-04 
4.147E+04   2.232E+00  8.480E-04 
4.195E+04   2.213E+00  8.395E-04 
4.244E+04   2.195E+00  8.310E-04 
4.293E+04   2.177E+00  8.226E-04 
4.343E+04   2.159E+00  8.143E-04 
4.394E+04   2.142E+00  8.060E-04 
4.444E+04   2.124E+00  7.979E-04 
4.496E+04   2.107E+00  7.898E-04 
4.548E+04   2.090E+00  7.818E-04 
4.601E+04   2.073E+00  7.739E-04 
4.654E+04   2.056E+00  7.660E-04 
4.708E+04   2.039E+00  7.583E-04 
4.763E+04   2.022E+00  7.506E-04 
4.818E+04   2.005E+00  7.430E-04 
4.874E+04   1.989E+00  7.355E-04 
4.931E+04   1.973E+00  7.280E-04 
4.988E+04   1.957E+00  7.206E-04 
5.046E+04   1.941E+00  7.133E-04 
5.104E+04   1.925E+00  7.061E-04 
5.163E+04   1.909E+00  6.989E-04 
5.223E+04   1.893E+00  6.918E-04 
5.284E+04   1.878E+00  6.848E-04 
5.345E+04   1.863E+00  6.779E-04 
5.407E+04   1.847E+00  6.710E-04 
5.470E+04   1.832E+00  6.642E-04 
5.533E+04   1.817E+00  6.574E-04 
5.597E+04   1.802E+00  6.508E-04 
5.662E+04   1.788E+00  6.441E-04 
5.728E+04   1.773E+00  6.376E-04 
5.794E+04   1.759E+00  6.311E-04 
5.862E+04   1.744E+00  6.247E-04 
5.930E+04   1.730E+00  6.184E-04 
5.998E+04   1.716E+00  6.121E-04 
6.068E+04   1.702E+00  6.058E-04 
6.138E+04   1.688E+00  5.997E-04 
6.210E+04   1.674E+00  5.936E-04 
6.282E+04   1.661E+00  5.875E-04 
6.354E+04   1.647E+00  5.816E-04 
6.428E+04   1.634E+00  5.757E-04 
6.503E+04   1.621E+00  5.698E-04 
6.578E+04   1.608E+00  5.640E-04 
6.654E+04   1.594E+00  5.583E-04 
6.732E+04   1.582E+00  5.526E-04 
6.810E+04   1.569E+00  5.469E-04 
6.889E+04   1.556E+00  5.414E-04 
6.969E+04   1.543E+00  5.359E-04 
7.049E+04   1.531E+00  5.304E-04 
7.131E+04   1.519E+00  5.250E-04 
7.214E+04   1.506E+00  5.196E-04 
7.298E+04   1.494E+00  5.143E-04 
7.382E+04   1.482E+00  5.091E-04 
7.468E+04   1.470E+00  5.039E-04 
7.555E+04   1.458E+00  4.988E-04 
7.642E+04   1.447E+00  4.937E-04 
7.731E+04   1.435E+00  4.886E-04 
7.820E+04   1.423E+00  4.837E-04 
7.911E+04   1.412E+00  4.787E-04 
8.003E+04   1.401E+00  4.738E-04 
8.096E+04   1.389E+00  4.690E-04 
8.190E+04   1.378E+00  4.642E-04 
8.285E+04   1.367E+00  4.595E-04 
8.381E+04   1.356E+00  4.548E-04 
8.478E+04   1.345E+00  4.501E-04 
8.576E+04   1.335E+00  4.455E-04 
8.676E+04   1.324E+00  4.410E-04 
8.776E+04   1.314E+00  4.365E-04 
8.878E+04   1.303E+00  4.320E-04 
8.981E+04   1.293E+00  4.276E-04 
9.085E+04   1.282E+00  4.232E-04 
9.191E+04   1.272E+00  4.189E-04 
9.297E+04   1.262E+00  4.146E-04 
9.405E+04   1.252E+00  4.104E-04 
9.514E+04   1.242E+00  4.062E-04 
9.625E+04   1.233E+00  4.020E-04 
9.736E+04   1.223E+00  3.979E-04 
9.849E+04   1.213E+00  3.938E-04 
9.963E+04   1.204E+00  3.898E-04 
1.008E+05   1.194E+00  3.858E-04 
