Ion = Helium      . Mass = 4.0026
Tgt = Lu (Solid). Density = 9.841 g/cm3
Stopping Units =  eV/(1E15 atoms/cm2)
Energy(keV)  S(Elec)    S(Nuc)
1.000E+00   4.362E+00  1.822E+00 
1.013E+00   4.390E+00  1.827E+00 
1.026E+00   4.418E+00  1.832E+00 
1.039E+00   4.447E+00  1.837E+00 
1.053E+00   4.476E+00  1.842E+00 
1.067E+00   4.505E+00  1.847E+00 
1.081E+00   4.534E+00  1.852E+00 
1.095E+00   4.563E+00  1.857E+00 
1.109E+00   4.593E+00  1.862E+00 
1.123E+00   4.623E+00  1.867E+00 
1.138E+00   4.653E+00  1.872E+00 
1.153E+00   4.683E+00  1.877E+00 
1.168E+00   4.713E+00  1.882E+00 
1.183E+00   4.744E+00  1.887E+00 
1.198E+00   4.774E+00  1.891E+00 
1.214E+00   4.805E+00  1.896E+00 
1.229E+00   4.836E+00  1.901E+00 
1.245E+00   4.868E+00  1.906E+00 
1.262E+00   4.899E+00  1.910E+00 
1.278E+00   4.931E+00  1.915E+00 
1.295E+00   4.963E+00  1.920E+00 
1.311E+00   4.995E+00  1.925E+00 
1.329E+00   5.027E+00  1.929E+00 
1.346E+00   5.060E+00  1.934E+00 
1.363E+00   5.093E+00  1.938E+00 
1.381E+00   5.126E+00  1.943E+00 
1.399E+00   5.159E+00  1.947E+00 
1.417E+00   5.192E+00  1.952E+00 
1.436E+00   5.226E+00  1.956E+00 
1.454E+00   5.260E+00  1.961E+00 
1.473E+00   5.294E+00  1.965E+00 
1.492E+00   5.328E+00  1.970E+00 
1.512E+00   5.363E+00  1.974E+00 
1.531E+00   5.397E+00  1.979E+00 
1.551E+00   5.432E+00  1.983E+00 
1.571E+00   5.468E+00  1.987E+00 
1.592E+00   5.503E+00  1.992E+00 
1.612E+00   5.539E+00  1.996E+00 
1.633E+00   5.575E+00  2.000E+00 
1.655E+00   5.611E+00  2.004E+00 
1.676E+00   5.647E+00  2.008E+00 
1.698E+00   5.684E+00  2.013E+00 
1.720E+00   5.720E+00  2.017E+00 
1.742E+00   5.757E+00  2.021E+00 
1.765E+00   5.795E+00  2.025E+00 
1.788E+00   5.832E+00  2.029E+00 
1.811E+00   5.870E+00  2.033E+00 
1.835E+00   5.908E+00  2.037E+00 
1.859E+00   5.946E+00  2.041E+00 
1.883E+00   5.985E+00  2.045E+00 
1.907E+00   6.024E+00  2.048E+00 
1.932E+00   6.063E+00  2.052E+00 
1.957E+00   6.102E+00  2.056E+00 
1.983E+00   6.141E+00  2.060E+00 
2.008E+00   6.181E+00  2.064E+00 
2.034E+00   6.221E+00  2.067E+00 
2.061E+00   6.262E+00  2.071E+00 
2.088E+00   6.302E+00  2.075E+00 
2.115E+00   6.343E+00  2.078E+00 
2.142E+00   6.384E+00  2.082E+00 
2.170E+00   6.425E+00  2.085E+00 
2.198E+00   6.467E+00  2.089E+00 
2.227E+00   6.509E+00  2.092E+00 
2.256E+00   6.551E+00  2.096E+00 
2.285E+00   6.593E+00  2.099E+00 
2.315E+00   6.636E+00  2.103E+00 
2.345E+00   6.679E+00  2.106E+00 
2.375E+00   6.722E+00  2.109E+00 
2.406E+00   6.766E+00  2.112E+00 
2.438E+00   6.810E+00  2.116E+00 
2.469E+00   6.854E+00  2.119E+00 
2.501E+00   6.898E+00  2.122E+00 
2.534E+00   6.943E+00  2.125E+00 
2.567E+00   6.988E+00  2.128E+00 
2.600E+00   7.033E+00  2.131E+00 
2.634E+00   7.079E+00  2.134E+00 
2.668E+00   7.125E+00  2.137E+00 
2.703E+00   7.171E+00  2.140E+00 
2.738E+00   7.217E+00  2.143E+00 
2.773E+00   7.264E+00  2.146E+00 
2.810E+00   7.311E+00  2.148E+00 
2.846E+00   7.358E+00  2.151E+00 
2.883E+00   7.406E+00  2.154E+00 
2.921E+00   7.454E+00  2.156E+00 
2.958E+00   7.502E+00  2.159E+00 
2.997E+00   7.551E+00  2.162E+00 
3.036E+00   7.600E+00  2.164E+00 
3.075E+00   7.649E+00  2.167E+00 
3.115E+00   7.699E+00  2.169E+00 
3.156E+00   7.748E+00  2.171E+00 
3.197E+00   7.799E+00  2.174E+00 
3.238E+00   7.849E+00  2.176E+00 
3.280E+00   7.900E+00  2.178E+00 
3.323E+00   7.951E+00  2.180E+00 
3.366E+00   8.003E+00  2.183E+00 
3.410E+00   8.054E+00  2.185E+00 
3.454E+00   8.107E+00  2.187E+00 
3.499E+00   8.159E+00  2.189E+00 
3.545E+00   8.212E+00  2.191E+00 
3.591E+00   8.265E+00  2.193E+00 
3.637E+00   8.319E+00  2.195E+00 
3.685E+00   8.373E+00  2.196E+00 
3.733E+00   8.427E+00  2.198E+00 
3.781E+00   8.481E+00  2.200E+00 
3.830E+00   8.536E+00  2.202E+00 
3.880E+00   8.592E+00  2.203E+00 
3.930E+00   8.647E+00  2.205E+00 
3.982E+00   8.703E+00  2.206E+00 
4.033E+00   8.760E+00  2.208E+00 
4.086E+00   8.816E+00  2.209E+00 
4.139E+00   8.873E+00  2.211E+00 
4.193E+00   8.931E+00  2.212E+00 
4.247E+00   8.989E+00  2.213E+00 
4.302E+00   9.047E+00  2.215E+00 
4.358E+00   9.106E+00  2.216E+00 
4.415E+00   9.165E+00  2.217E+00 
4.472E+00   9.224E+00  2.218E+00 
4.530E+00   9.284E+00  2.219E+00 
4.589E+00   9.344E+00  2.220E+00 
4.649E+00   9.404E+00  2.221E+00 
4.709E+00   9.465E+00  2.222E+00 
4.770E+00   9.527E+00  2.223E+00 
4.832E+00   9.588E+00  2.223E+00 
4.895E+00   9.650E+00  2.224E+00 
4.959E+00   9.713E+00  2.225E+00 
5.023E+00   9.776E+00  2.225E+00 
5.089E+00   9.839E+00  2.226E+00 
5.155E+00   9.903E+00  2.226E+00 
5.222E+00   9.967E+00  2.227E+00 
5.290E+00   1.003E+01  2.227E+00 
5.358E+00   1.010E+01  2.228E+00 
5.428E+00   1.016E+01  2.228E+00 
5.499E+00   1.023E+01  2.228E+00 
5.570E+00   1.029E+01  2.228E+00 
5.642E+00   1.036E+01  2.228E+00 
5.716E+00   1.043E+01  2.228E+00 
5.790E+00   1.050E+01  2.228E+00 
5.865E+00   1.056E+01  2.228E+00 
5.942E+00   1.063E+01  2.228E+00 
6.019E+00   1.070E+01  2.228E+00 
6.097E+00   1.077E+01  2.228E+00 
6.176E+00   1.084E+01  2.227E+00 
6.256E+00   1.091E+01  2.227E+00 
6.338E+00   1.098E+01  2.226E+00 
6.420E+00   1.105E+01  2.226E+00 
6.504E+00   1.112E+01  2.225E+00 
6.588E+00   1.120E+01  2.225E+00 
6.674E+00   1.127E+01  2.224E+00 
6.760E+00   1.134E+01  2.223E+00 
6.848E+00   1.141E+01  2.223E+00 
6.937E+00   1.149E+01  2.222E+00 
7.027E+00   1.156E+01  2.221E+00 
7.119E+00   1.164E+01  2.220E+00 
7.211E+00   1.171E+01  2.219E+00 
7.305E+00   1.179E+01  2.218E+00 
7.400E+00   1.187E+01  2.217E+00 
7.496E+00   1.194E+01  2.215E+00 
7.594E+00   1.202E+01  2.214E+00 
7.692E+00   1.210E+01  2.213E+00 
7.792E+00   1.218E+01  2.211E+00 
7.894E+00   1.225E+01  2.210E+00 
7.996E+00   1.233E+01  2.209E+00 
8.100E+00   1.241E+01  2.207E+00 
8.205E+00   1.250E+01  2.205E+00 
8.312E+00   1.258E+01  2.204E+00 
8.420E+00   1.266E+01  2.202E+00 
8.529E+00   1.275E+01  2.200E+00 
8.640E+00   1.283E+01  2.198E+00 
8.753E+00   1.292E+01  2.196E+00 
8.866E+00   1.301E+01  2.194E+00 
8.982E+00   1.309E+01  2.192E+00 
9.098E+00   1.318E+01  2.190E+00 
9.217E+00   1.327E+01  2.188E+00 
9.336E+00   1.336E+01  2.186E+00 
9.458E+00   1.346E+01  2.183E+00 
9.581E+00   1.355E+01  2.181E+00 
9.705E+00   1.364E+01  2.178E+00 
9.831E+00   1.374E+01  2.176E+00 
9.959E+00   1.383E+01  2.173E+00 
1.009E+01   1.393E+01  2.171E+00 
1.022E+01   1.403E+01  2.168E+00 
1.035E+01   1.413E+01  2.165E+00 
1.049E+01   1.423E+01  2.163E+00 
1.062E+01   1.433E+01  2.160E+00 
1.076E+01   1.443E+01  2.157E+00 
1.090E+01   1.454E+01  2.154E+00 
1.104E+01   1.464E+01  2.151E+00 
1.119E+01   1.475E+01  2.148E+00 
1.133E+01   1.485E+01  2.144E+00 
1.148E+01   1.496E+01  2.141E+00 
1.163E+01   1.507E+01  2.138E+00 
1.178E+01   1.518E+01  2.135E+00 
1.193E+01   1.529E+01  2.131E+00 
1.209E+01   1.540E+01  2.128E+00 
1.224E+01   1.552E+01  2.124E+00 
1.240E+01   1.563E+01  2.120E+00 
1.256E+01   1.575E+01  2.117E+00 
1.273E+01   1.587E+01  2.113E+00 
1.289E+01   1.599E+01  2.109E+00 
1.306E+01   1.611E+01  2.106E+00 
1.323E+01   1.623E+01  2.102E+00 
1.340E+01   1.635E+01  2.098E+00 
1.358E+01   1.647E+01  2.094E+00 
1.375E+01   1.660E+01  2.090E+00 
1.393E+01   1.673E+01  2.085E+00 
1.411E+01   1.685E+01  2.081E+00 
1.430E+01   1.698E+01  2.077E+00 
1.448E+01   1.711E+01  2.073E+00 
1.467E+01   1.725E+01  2.068E+00 
1.486E+01   1.738E+01  2.064E+00 
1.505E+01   1.751E+01  2.060E+00 
1.525E+01   1.765E+01  2.055E+00 
1.545E+01   1.779E+01  2.050E+00 
1.565E+01   1.793E+01  2.046E+00 
1.585E+01   1.807E+01  2.041E+00 
1.606E+01   1.821E+01  2.036E+00 
1.627E+01   1.836E+01  2.032E+00 
1.648E+01   1.850E+01  2.027E+00 
1.669E+01   1.865E+01  2.022E+00 
1.691E+01   1.880E+01  2.017E+00 
1.713E+01   1.895E+01  2.012E+00 
1.735E+01   1.910E+01  2.007E+00 
1.758E+01   1.925E+01  2.002E+00 
1.781E+01   1.941E+01  1.996E+00 
1.804E+01   1.956E+01  1.991E+00 
1.827E+01   1.972E+01  1.986E+00 
1.851E+01   1.988E+01  1.981E+00 
1.875E+01   2.004E+01  1.975E+00 
1.899E+01   2.020E+01  1.970E+00 
1.924E+01   2.037E+01  1.964E+00 
1.949E+01   2.053E+01  1.959E+00 
1.974E+01   2.070E+01  1.953E+00 
2.000E+01   2.087E+01  1.948E+00 
2.026E+01   2.104E+01  1.942E+00 
2.052E+01   2.122E+01  1.936E+00 
2.079E+01   2.139E+01  1.930E+00 
2.106E+01   2.157E+01  1.925E+00 
2.133E+01   2.175E+01  1.919E+00 
2.161E+01   2.193E+01  1.913E+00 
2.189E+01   2.211E+01  1.907E+00 
2.218E+01   2.230E+01  1.901E+00 
2.247E+01   2.248E+01  1.895E+00 
2.276E+01   2.267E+01  1.889E+00 
2.305E+01   2.286E+01  1.883E+00 
2.335E+01   2.305E+01  1.877E+00 
2.366E+01   2.325E+01  1.870E+00 
2.396E+01   2.345E+01  1.864E+00 
2.428E+01   2.364E+01  1.858E+00 
2.459E+01   2.384E+01  1.852E+00 
2.491E+01   2.405E+01  1.845E+00 
2.523E+01   2.425E+01  1.839E+00 
2.556E+01   2.446E+01  1.832E+00 
2.589E+01   2.467E+01  1.826E+00 
2.623E+01   2.488E+01  1.819E+00 
2.657E+01   2.509E+01  1.813E+00 
2.692E+01   2.530E+01  1.806E+00 
2.727E+01   2.552E+01  1.800E+00 
2.762E+01   2.574E+01  1.793E+00 
2.798E+01   2.596E+01  1.786E+00 
2.834E+01   2.619E+01  1.780E+00 
2.871E+01   2.641E+01  1.773E+00 
2.909E+01   2.664E+01  1.766E+00 
2.946E+01   2.687E+01  1.759E+00 
2.985E+01   2.710E+01  1.752E+00 
3.023E+01   2.734E+01  1.745E+00 
3.063E+01   2.758E+01  1.739E+00 
3.103E+01   2.782E+01  1.732E+00 
3.143E+01   2.806E+01  1.725E+00 
3.184E+01   2.830E+01  1.718E+00 
3.225E+01   2.855E+01  1.711E+00 
3.267E+01   2.880E+01  1.704E+00 
3.309E+01   2.905E+01  1.697E+00 
3.352E+01   2.931E+01  1.689E+00 
3.396E+01   2.956E+01  1.682E+00 
3.440E+01   2.982E+01  1.675E+00 
3.485E+01   3.009E+01  1.668E+00 
3.530E+01   3.035E+01  1.661E+00 
3.576E+01   3.062E+01  1.654E+00 
3.623E+01   3.089E+01  1.646E+00 
3.670E+01   3.116E+01  1.639E+00 
3.717E+01   3.144E+01  1.632E+00 
3.766E+01   3.171E+01  1.624E+00 
3.815E+01   3.199E+01  1.617E+00 
3.864E+01   3.228E+01  1.610E+00 
3.914E+01   3.256E+01  1.602E+00 
3.965E+01   3.285E+01  1.595E+00 
4.017E+01   3.314E+01  1.588E+00 
4.069E+01   3.344E+01  1.580E+00 
4.122E+01   3.373E+01  1.573E+00 
4.175E+01   3.403E+01  1.565E+00 
4.230E+01   3.434E+01  1.558E+00 
4.285E+01   3.464E+01  1.551E+00 
4.340E+01   3.495E+01  1.543E+00 
4.397E+01   3.526E+01  1.536E+00 
4.454E+01   3.558E+01  1.528E+00 
4.512E+01   3.589E+01  1.521E+00 
4.570E+01   3.621E+01  1.513E+00 
4.630E+01   3.654E+01  1.506E+00 
4.690E+01   3.686E+01  1.498E+00 
4.751E+01   3.719E+01  1.491E+00 
4.813E+01   3.752E+01  1.483E+00 
4.875E+01   3.786E+01  1.475E+00 
4.939E+01   3.819E+01  1.468E+00 
5.003E+01   3.854E+01  1.460E+00 
5.068E+01   3.888E+01  1.453E+00 
5.134E+01   3.923E+01  1.445E+00 
5.200E+01   3.958E+01  1.438E+00 
5.268E+01   3.993E+01  1.430E+00 
5.336E+01   4.029E+01  1.422E+00 
5.406E+01   4.065E+01  1.415E+00 
5.476E+01   4.101E+01  1.407E+00 
5.547E+01   4.138E+01  1.400E+00 
5.619E+01   4.174E+01  1.392E+00 
5.692E+01   4.212E+01  1.384E+00 
5.766E+01   4.249E+01  1.377E+00 
5.841E+01   4.287E+01  1.369E+00 
5.917E+01   4.325E+01  1.362E+00 
5.994E+01   4.364E+01  1.354E+00 
6.072E+01   4.403E+01  1.346E+00 
6.151E+01   4.442E+01  1.339E+00 
6.231E+01   4.481E+01  1.331E+00 
6.312E+01   4.521E+01  1.324E+00 
6.394E+01   4.561E+01  1.316E+00 
6.477E+01   4.602E+01  1.309E+00 
6.561E+01   4.643E+01  1.301E+00 
6.646E+01   4.684E+01  1.294E+00 
6.733E+01   4.725E+01  1.286E+00 
6.820E+01   4.767E+01  1.278E+00 
6.909E+01   4.809E+01  1.271E+00 
6.999E+01   4.852E+01  1.263E+00 
7.090E+01   4.895E+01  1.256E+00 
7.182E+01   4.938E+01  1.248E+00 
7.275E+01   4.982E+01  1.241E+00 
7.370E+01   5.025E+01  1.233E+00 
7.465E+01   5.070E+01  1.226E+00 
7.562E+01   5.114E+01  1.219E+00 
7.661E+01   5.159E+01  1.211E+00 
7.760E+01   5.204E+01  1.204E+00 
7.861E+01   5.250E+01  1.196E+00 
7.963E+01   5.296E+01  1.189E+00 
8.067E+01   5.342E+01  1.181E+00 
8.172E+01   5.389E+01  1.174E+00 
8.278E+01   5.435E+01  1.167E+00 
8.385E+01   5.483E+01  1.159E+00 
8.494E+01   5.530E+01  1.152E+00 
8.605E+01   5.578E+01  1.145E+00 
8.717E+01   5.626E+01  1.138E+00 
8.830E+01   5.675E+01  1.130E+00 
8.945E+01   5.724E+01  1.123E+00 
9.061E+01   5.773E+01  1.116E+00 
9.179E+01   5.823E+01  1.108E+00 
9.298E+01   5.873E+01  1.101E+00 
9.419E+01   5.923E+01  1.094E+00 
9.541E+01   5.973E+01  1.087E+00 
9.665E+01   6.024E+01  1.080E+00 
9.791E+01   6.076E+01  1.073E+00 
9.918E+01   6.127E+01  1.066E+00 
1.005E+02   6.179E+01  1.058E+00 
1.018E+02   6.231E+01  1.051E+00 
1.031E+02   6.284E+01  1.044E+00 
1.044E+02   6.336E+01  1.037E+00 
1.058E+02   6.390E+01  1.030E+00 
1.072E+02   6.443E+01  1.023E+00 
1.086E+02   6.497E+01  1.016E+00 
1.100E+02   6.551E+01  1.009E+00 
1.114E+02   6.605E+01  1.003E+00 
1.129E+02   6.660E+01  9.957E-01 
1.143E+02   6.715E+01  9.888E-01 
1.158E+02   6.770E+01  9.819E-01 
1.173E+02   6.825E+01  9.751E-01 
1.188E+02   6.881E+01  9.683E-01 
1.204E+02   6.937E+01  9.616E-01 
1.219E+02   6.993E+01  9.548E-01 
1.235E+02   7.050E+01  9.481E-01 
1.251E+02   7.107E+01  9.414E-01 
1.268E+02   7.164E+01  9.347E-01 
1.284E+02   7.221E+01  9.281E-01 
1.301E+02   7.279E+01  9.215E-01 
1.318E+02   7.337E+01  9.149E-01 
1.335E+02   7.395E+01  9.083E-01 
1.352E+02   7.453E+01  9.018E-01 
1.370E+02   7.512E+01  8.953E-01 
1.388E+02   7.570E+01  8.888E-01 
1.406E+02   7.629E+01  8.823E-01 
1.424E+02   7.688E+01  8.759E-01 
1.442E+02   7.748E+01  8.695E-01 
1.461E+02   7.807E+01  8.631E-01 
1.480E+02   7.867E+01  8.568E-01 
1.499E+02   7.927E+01  8.505E-01 
1.519E+02   7.987E+01  8.442E-01 
1.539E+02   8.048E+01  8.379E-01 
1.559E+02   8.108E+01  8.317E-01 
1.579E+02   8.169E+01  8.255E-01 
1.599E+02   8.229E+01  8.193E-01 
1.620E+02   8.290E+01  8.132E-01 
1.641E+02   8.351E+01  8.071E-01 
1.662E+02   8.412E+01  8.010E-01 
1.684E+02   8.474E+01  7.949E-01 
1.706E+02   8.535E+01  7.889E-01 
1.728E+02   8.596E+01  7.829E-01 
1.751E+02   8.658E+01  7.769E-01 
1.773E+02   8.720E+01  7.710E-01 
1.796E+02   8.781E+01  7.651E-01 
1.820E+02   8.843E+01  7.592E-01 
1.843E+02   8.905E+01  7.533E-01 
1.867E+02   8.966E+01  7.475E-01 
1.892E+02   9.028E+01  7.417E-01 
1.916E+02   9.090E+01  7.360E-01 
1.941E+02   9.152E+01  7.303E-01 
1.966E+02   9.214E+01  7.246E-01 
1.992E+02   9.275E+01  7.189E-01 
2.018E+02   9.337E+01  7.133E-01 
2.044E+02   9.399E+01  7.076E-01 
2.071E+02   9.461E+01  7.021E-01 
2.097E+02   9.522E+01  6.965E-01 
2.125E+02   9.584E+01  6.910E-01 
2.152E+02   9.645E+01  6.855E-01 
2.180E+02   9.706E+01  6.801E-01 
2.209E+02   9.768E+01  6.746E-01 
2.237E+02   9.829E+01  6.693E-01 
2.266E+02   9.890E+01  6.639E-01 
2.296E+02   9.950E+01  6.586E-01 
2.326E+02   1.001E+02  6.533E-01 
2.356E+02   1.007E+02  6.480E-01 
2.387E+02   1.013E+02  6.428E-01 
2.418E+02   1.019E+02  6.376E-01 
2.449E+02   1.025E+02  6.324E-01 
2.481E+02   1.031E+02  6.272E-01 
2.513E+02   1.037E+02  6.221E-01 
2.546E+02   1.043E+02  6.170E-01 
2.579E+02   1.049E+02  6.120E-01 
2.612E+02   1.055E+02  6.070E-01 
2.646E+02   1.061E+02  6.020E-01 
2.681E+02   1.066E+02  5.970E-01 
2.716E+02   1.072E+02  5.921E-01 
2.751E+02   1.078E+02  5.872E-01 
2.787E+02   1.083E+02  5.823E-01 
2.823E+02   1.089E+02  5.775E-01 
2.859E+02   1.095E+02  5.727E-01 
2.897E+02   1.100E+02  5.679E-01 
2.934E+02   1.106E+02  5.631E-01 
2.972E+02   1.111E+02  5.584E-01 
3.011E+02   1.117E+02  5.537E-01 
3.050E+02   1.122E+02  5.491E-01 
3.090E+02   1.127E+02  5.445E-01 
3.130E+02   1.133E+02  5.399E-01 
3.171E+02   1.138E+02  5.353E-01 
3.212E+02   1.143E+02  5.308E-01 
3.254E+02   1.148E+02  5.263E-01 
3.296E+02   1.153E+02  5.218E-01 
3.339E+02   1.158E+02  5.173E-01 
3.382E+02   1.163E+02  5.129E-01 
3.426E+02   1.168E+02  5.085E-01 
3.471E+02   1.173E+02  5.042E-01 
3.516E+02   1.178E+02  4.998E-01 
3.561E+02   1.183E+02  4.956E-01 
3.608E+02   1.187E+02  4.913E-01 
3.655E+02   1.192E+02  4.870E-01 
3.702E+02   1.196E+02  4.828E-01 
3.750E+02   1.201E+02  4.787E-01 
3.799E+02   1.205E+02  4.745E-01 
3.848E+02   1.210E+02  4.704E-01 
3.898E+02   1.214E+02  4.663E-01 
3.949E+02   1.218E+02  4.622E-01 
4.000E+02   1.222E+02  4.582E-01 
4.052E+02   1.226E+02  4.542E-01 
4.105E+02   1.230E+02  4.502E-01 
4.158E+02   1.234E+02  4.463E-01 
4.212E+02   1.238E+02  4.423E-01 
4.267E+02   1.241E+02  4.384E-01 
4.323E+02   1.245E+02  4.346E-01 
4.379E+02   1.248E+02  4.307E-01 
4.436E+02   1.252E+02  4.269E-01 
4.493E+02   1.255E+02  4.231E-01 
4.552E+02   1.259E+02  4.194E-01 
4.611E+02   1.262E+02  4.157E-01 
4.671E+02   1.265E+02  4.120E-01 
4.731E+02   1.268E+02  4.083E-01 
4.793E+02   1.271E+02  4.046E-01 
4.855E+02   1.274E+02  4.010E-01 
4.918E+02   1.276E+02  3.974E-01 
4.982E+02   1.279E+02  3.939E-01 
5.047E+02   1.282E+02  3.903E-01 
5.113E+02   1.284E+02  3.868E-01 
5.179E+02   1.286E+02  3.948E-01 
5.246E+02   1.289E+02  3.913E-01 
5.315E+02   1.291E+02  3.877E-01 
5.384E+02   1.293E+02  3.842E-01 
5.454E+02   1.295E+02  3.806E-01 
5.524E+02   1.297E+02  3.772E-01 
5.596E+02   1.299E+02  3.737E-01 
5.669E+02   1.300E+02  3.703E-01 
5.743E+02   1.302E+02  3.669E-01 
5.817E+02   1.304E+02  3.635E-01 
5.893E+02   1.305E+02  3.602E-01 
5.969E+02   1.306E+02  3.568E-01 
6.047E+02   1.307E+02  3.535E-01 
6.126E+02   1.309E+02  3.503E-01 
6.205E+02   1.310E+02  3.470E-01 
6.286E+02   1.310E+02  3.438E-01 
6.368E+02   1.311E+02  3.406E-01 
6.450E+02   1.312E+02  3.374E-01 
6.534E+02   1.313E+02  3.343E-01 
6.619E+02   1.313E+02  3.312E-01 
6.705E+02   1.314E+02  3.281E-01 
6.792E+02   1.314E+02  3.250E-01 
6.881E+02   1.314E+02  3.220E-01 
6.970E+02   1.314E+02  3.190E-01 
7.061E+02   1.314E+02  3.160E-01 
7.152E+02   1.314E+02  3.130E-01 
7.245E+02   1.314E+02  3.100E-01 
7.339E+02   1.314E+02  3.071E-01 
7.435E+02   1.313E+02  3.042E-01 
7.531E+02   1.313E+02  3.013E-01 
7.629E+02   1.312E+02  2.985E-01 
7.728E+02   1.312E+02  2.957E-01 
7.829E+02   1.311E+02  2.929E-01 
7.931E+02   1.310E+02  2.901E-01 
8.034E+02   1.309E+02  2.873E-01 
8.138E+02   1.308E+02  2.846E-01 
8.244E+02   1.307E+02  2.819E-01 
8.351E+02   1.306E+02  2.792E-01 
8.460E+02   1.304E+02  2.765E-01 
8.570E+02   1.303E+02  2.739E-01 
8.681E+02   1.302E+02  2.713E-01 
8.794E+02   1.300E+02  2.687E-01 
8.908E+02   1.298E+02  2.661E-01 
9.024E+02   1.297E+02  2.635E-01 
9.141E+02   1.295E+02  2.610E-01 
9.260E+02   1.293E+02  2.585E-01 
9.380E+02   1.291E+02  2.560E-01 
9.502E+02   1.289E+02  2.535E-01 
9.626E+02   1.286E+02  2.511E-01 
9.751E+02   1.284E+02  2.486E-01 
9.877E+02   1.282E+02  2.462E-01 
1.001E+03   1.279E+02  2.439E-01 
1.014E+03   1.277E+02  2.415E-01 
1.027E+03   1.274E+02  2.391E-01 
1.040E+03   1.272E+02  2.368E-01 
1.054E+03   1.269E+02  2.345E-01 
1.067E+03   1.266E+02  2.322E-01 
1.081E+03   1.263E+02  2.300E-01 
1.095E+03   1.260E+02  2.277E-01 
1.109E+03   1.257E+02  2.255E-01 
1.124E+03   1.254E+02  2.233E-01 
1.138E+03   1.251E+02  2.211E-01 
1.153E+03   1.248E+02  2.190E-01 
1.168E+03   1.244E+02  2.168E-01 
1.183E+03   1.241E+02  2.147E-01 
1.199E+03   1.238E+02  2.126E-01 
1.214E+03   1.234E+02  2.105E-01 
1.230E+03   1.231E+02  2.084E-01 
1.246E+03   1.227E+02  2.064E-01 
1.262E+03   1.223E+02  2.043E-01 
1.279E+03   1.220E+02  2.023E-01 
1.295E+03   1.216E+02  2.003E-01 
1.312E+03   1.212E+02  1.983E-01 
1.329E+03   1.208E+02  1.964E-01 
1.347E+03   1.204E+02  1.944E-01 
1.364E+03   1.200E+02  1.925E-01 
1.382E+03   1.196E+02  1.906E-01 
1.400E+03   1.192E+02  1.887E-01 
1.418E+03   1.188E+02  1.868E-01 
1.436E+03   1.184E+02  1.850E-01 
1.455E+03   1.179E+02  1.831E-01 
1.474E+03   1.175E+02  1.813E-01 
1.493E+03   1.171E+02  1.795E-01 
1.513E+03   1.166E+02  1.777E-01 
1.532E+03   1.162E+02  1.759E-01 
1.552E+03   1.157E+02  1.742E-01 
1.572E+03   1.153E+02  1.724E-01 
1.593E+03   1.148E+02  1.707E-01 
1.613E+03   1.144E+02  1.690E-01 
1.634E+03   1.139E+02  1.673E-01 
1.656E+03   1.135E+02  1.656E-01 
1.677E+03   1.130E+02  1.640E-01 
1.699E+03   1.125E+02  1.623E-01 
1.721E+03   1.120E+02  1.607E-01 
1.743E+03   1.116E+02  1.591E-01 
1.766E+03   1.111E+02  1.575E-01 
1.789E+03   1.106E+02  1.559E-01 
1.812E+03   1.101E+02  1.543E-01 
1.836E+03   1.096E+02  1.527E-01 
1.860E+03   1.091E+02  1.512E-01 
1.884E+03   1.086E+02  1.497E-01 
1.908E+03   1.082E+02  1.482E-01 
1.933E+03   1.077E+02  1.467E-01 
1.958E+03   1.072E+02  1.452E-01 
1.984E+03   1.067E+02  1.437E-01 
2.009E+03   1.062E+02  1.422E-01 
2.036E+03   1.057E+02  1.408E-01 
2.062E+03   1.051E+02  1.394E-01 
2.089E+03   1.046E+02  1.380E-01 
2.116E+03   1.041E+02  1.365E-01 
2.143E+03   1.036E+02  1.352E-01 
2.171E+03   1.031E+02  1.338E-01 
2.200E+03   1.026E+02  1.324E-01 
2.228E+03   1.021E+02  1.311E-01 
2.257E+03   1.016E+02  1.297E-01 
2.286E+03   1.011E+02  1.284E-01 
2.316E+03   1.005E+02  1.271E-01 
2.346E+03   1.000E+02  1.258E-01 
2.377E+03   9.952E+01  1.245E-01 
2.408E+03   9.900E+01  1.232E-01 
2.439E+03   9.849E+01  1.220E-01 
2.471E+03   9.797E+01  1.207E-01 
2.503E+03   9.746E+01  1.195E-01 
2.535E+03   9.694E+01  1.182E-01 
2.568E+03   9.642E+01  1.170E-01 
2.602E+03   9.591E+01  1.158E-01 
2.635E+03   9.539E+01  1.146E-01 
2.670E+03   9.488E+01  1.135E-01 
2.704E+03   9.436E+01  1.123E-01 
2.740E+03   9.385E+01  1.111E-01 
2.775E+03   9.333E+01  1.100E-01 
2.811E+03   9.282E+01  1.088E-01 
2.848E+03   9.231E+01  1.077E-01 
2.885E+03   9.179E+01  1.066E-01 
2.922E+03   9.128E+01  1.055E-01 
2.960E+03   9.077E+01  1.044E-01 
2.999E+03   9.026E+01  1.033E-01 
3.038E+03   8.975E+01  1.023E-01 
3.077E+03   8.925E+01  1.012E-01 
3.117E+03   8.874E+01  1.001E-01 
3.158E+03   8.823E+01  9.911E-02 
3.199E+03   8.773E+01  9.808E-02 
3.240E+03   8.723E+01  9.706E-02 
3.282E+03   8.673E+01  9.605E-02 
3.325E+03   8.623E+01  9.505E-02 
3.368E+03   8.573E+01  9.406E-02 
3.412E+03   8.523E+01  9.308E-02 
3.456E+03   8.474E+01  9.211E-02 
3.501E+03   8.424E+01  9.115E-02 
3.547E+03   8.375E+01  9.020E-02 
3.593E+03   8.326E+01  8.926E-02 
3.640E+03   8.278E+01  8.833E-02 
3.687E+03   8.229E+01  8.740E-02 
3.735E+03   8.181E+01  8.649E-02 
3.783E+03   8.132E+01  8.558E-02 
3.832E+03   8.084E+01  8.469E-02 
3.882E+03   8.037E+01  8.380E-02 
3.933E+03   7.989E+01  8.292E-02 
3.984E+03   7.942E+01  8.205E-02 
4.036E+03   7.895E+01  8.119E-02 
4.088E+03   7.848E+01  8.034E-02 
4.141E+03   7.801E+01  7.950E-02 
4.195E+03   7.755E+01  7.866E-02 
4.250E+03   7.709E+01  7.784E-02 
4.305E+03   7.663E+01  7.702E-02 
4.361E+03   7.617E+01  7.621E-02 
4.417E+03   7.572E+01  7.540E-02 
4.475E+03   7.526E+01  7.461E-02 
4.533E+03   7.482E+01  7.382E-02 
4.592E+03   7.437E+01  7.304E-02 
4.652E+03   7.393E+01  7.227E-02 
4.712E+03   7.348E+01  7.151E-02 
4.773E+03   7.305E+01  7.076E-02 
4.835E+03   7.261E+01  7.001E-02 
4.898E+03   7.218E+01  6.927E-02 
4.962E+03   7.175E+01  6.854E-02 
5.026E+03   7.132E+01  6.781E-02 
5.092E+03   7.090E+01  6.709E-02 
5.158E+03   7.048E+01  6.638E-02 
5.225E+03   7.006E+01  6.568E-02 
5.293E+03   6.964E+01  6.498E-02 
5.362E+03   6.923E+01  6.429E-02 
5.431E+03   6.882E+01  6.361E-02 
5.502E+03   6.842E+01  6.294E-02 
5.573E+03   6.801E+01  6.227E-02 
5.646E+03   6.761E+01  6.161E-02 
5.719E+03   6.722E+01  6.095E-02 
5.793E+03   6.682E+01  6.030E-02 
5.869E+03   6.643E+01  5.966E-02 
5.945E+03   6.605E+01  5.903E-02 
6.022E+03   6.566E+01  5.840E-02 
6.101E+03   6.528E+01  5.778E-02 
6.180E+03   6.490E+01  5.716E-02 
6.260E+03   6.453E+01  5.655E-02 
6.341E+03   6.416E+01  5.595E-02 
6.424E+03   6.379E+01  5.535E-02 
6.507E+03   6.343E+01  5.476E-02 
6.592E+03   6.307E+01  5.417E-02 
6.678E+03   6.271E+01  5.359E-02 
6.764E+03   6.235E+01  5.302E-02 
6.852E+03   6.200E+01  5.245E-02 
6.941E+03   6.166E+01  5.189E-02 
7.032E+03   6.131E+01  5.134E-02 
7.123E+03   6.097E+01  5.079E-02 
7.216E+03   6.063E+01  5.024E-02 
7.309E+03   6.030E+01  4.970E-02 
7.404E+03   5.997E+01  4.917E-02 
7.501E+03   5.964E+01  4.864E-02 
7.598E+03   5.932E+01  4.812E-02 
7.697E+03   5.900E+01  4.760E-02 
7.797E+03   5.868E+01  4.709E-02 
7.898E+03   5.836E+01  4.659E-02 
8.001E+03   5.805E+01  4.609E-02 
8.105E+03   5.772E+01  4.559E-02 
8.210E+03   5.738E+01  4.510E-02 
8.317E+03   5.704E+01  4.461E-02 
8.425E+03   5.669E+01  4.413E-02 
8.534E+03   5.634E+01  4.366E-02 
8.645E+03   5.598E+01  4.319E-02 
8.758E+03   5.562E+01  4.272E-02 
8.871E+03   5.526E+01  4.226E-02 
8.987E+03   5.489E+01  4.181E-02 
9.104E+03   5.451E+01  4.135E-02 
9.222E+03   5.413E+01  4.091E-02 
9.342E+03   5.375E+01  4.047E-02 
9.463E+03   5.336E+01  4.003E-02 
9.586E+03   5.296E+01  3.960E-02 
9.711E+03   5.259E+01  3.917E-02 
9.837E+03   5.223E+01  3.874E-02 
9.965E+03   5.187E+01  3.832E-02 
1.009E+04   5.151E+01  3.791E-02 
1.023E+04   5.115E+01  3.750E-02 
1.036E+04   5.079E+01  3.709E-02 
1.049E+04   5.044E+01  3.669E-02 
1.063E+04   5.008E+01  3.629E-02 
1.077E+04   4.973E+01  3.590E-02 
1.091E+04   4.938E+01  3.551E-02 
1.105E+04   4.903E+01  3.512E-02 
1.119E+04   4.868E+01  3.474E-02 
1.134E+04   4.833E+01  3.437E-02 
1.149E+04   4.799E+01  3.399E-02 
1.163E+04   4.764E+01  3.362E-02 
1.179E+04   4.730E+01  3.326E-02 
1.194E+04   4.696E+01  3.289E-02 
1.209E+04   4.662E+01  3.254E-02 
1.225E+04   4.629E+01  3.218E-02 
1.241E+04   4.595E+01  3.183E-02 
1.257E+04   4.562E+01  3.149E-02 
1.274E+04   4.528E+01  3.114E-02 
1.290E+04   4.495E+01  3.080E-02 
1.307E+04   4.462E+01  3.047E-02 
1.324E+04   4.430E+01  3.013E-02 
1.341E+04   4.397E+01  2.981E-02 
1.358E+04   4.365E+01  2.948E-02 
1.376E+04   4.332E+01  2.916E-02 
1.394E+04   4.300E+01  2.884E-02 
1.412E+04   4.268E+01  2.852E-02 
1.431E+04   4.236E+01  2.821E-02 
1.449E+04   4.205E+01  2.790E-02 
1.468E+04   4.173E+01  2.760E-02 
1.487E+04   4.142E+01  2.730E-02 
1.506E+04   4.111E+01  2.700E-02 
1.526E+04   4.080E+01  2.670E-02 
1.546E+04   4.049E+01  2.641E-02 
1.566E+04   4.018E+01  2.612E-02 
1.586E+04   3.988E+01  2.583E-02 
1.607E+04   3.958E+01  2.555E-02 
1.628E+04   3.928E+01  2.527E-02 
1.649E+04   3.898E+01  2.499E-02 
1.670E+04   3.868E+01  2.472E-02 
1.692E+04   3.838E+01  2.445E-02 
1.714E+04   3.809E+01  2.418E-02 
1.736E+04   3.779E+01  2.391E-02 
1.759E+04   3.750E+01  2.365E-02 
1.782E+04   3.721E+01  2.339E-02 
1.805E+04   3.692E+01  2.313E-02 
1.828E+04   3.664E+01  2.288E-02 
1.852E+04   3.635E+01  2.263E-02 
1.876E+04   3.607E+01  2.238E-02 
1.900E+04   3.579E+01  2.213E-02 
1.925E+04   3.551E+01  2.189E-02 
1.950E+04   3.523E+01  2.165E-02 
1.976E+04   3.495E+01  2.141E-02 
2.001E+04   3.468E+01  2.117E-02 
2.027E+04   3.440E+01  2.094E-02 
2.054E+04   3.413E+01  2.071E-02 
2.080E+04   3.386E+01  2.048E-02 
2.107E+04   3.359E+01  2.025E-02 
2.135E+04   3.332E+01  2.003E-02 
2.162E+04   3.306E+01  1.981E-02 
2.191E+04   3.280E+01  1.959E-02 
2.219E+04   3.253E+01  1.937E-02 
2.248E+04   3.227E+01  1.916E-02 
2.277E+04   3.201E+01  1.895E-02 
2.307E+04   3.176E+01  1.874E-02 
2.337E+04   3.150E+01  1.853E-02 
2.367E+04   3.125E+01  1.833E-02 
2.398E+04   3.099E+01  1.812E-02 
2.429E+04   3.074E+01  1.792E-02 
2.461E+04   3.049E+01  1.772E-02 
2.492E+04   3.025E+01  1.753E-02 
2.525E+04   3.000E+01  1.733E-02 
2.558E+04   2.976E+01  1.714E-02 
2.591E+04   2.951E+01  1.695E-02 
2.625E+04   2.927E+01  1.676E-02 
2.659E+04   2.903E+01  1.658E-02 
2.693E+04   2.879E+01  1.639E-02 
2.728E+04   2.856E+01  1.621E-02 
2.764E+04   2.832E+01  1.603E-02 
2.800E+04   2.809E+01  1.585E-02 
2.836E+04   2.786E+01  1.568E-02 
2.873E+04   2.763E+01  1.550E-02 
2.910E+04   2.740E+01  1.533E-02 
2.948E+04   2.717E+01  1.516E-02 
2.986E+04   2.695E+01  1.499E-02 
3.025E+04   2.672E+01  1.483E-02 
3.065E+04   2.650E+01  1.466E-02 
3.104E+04   2.628E+01  1.450E-02 
3.145E+04   2.606E+01  1.434E-02 
3.186E+04   2.584E+01  1.418E-02 
3.227E+04   2.562E+01  1.402E-02 
3.269E+04   2.541E+01  1.386E-02 
3.311E+04   2.519E+01  1.371E-02 
3.354E+04   2.498E+01  1.356E-02 
3.398E+04   2.477E+01  1.340E-02 
3.442E+04   2.456E+01  1.326E-02 
3.487E+04   2.435E+01  1.311E-02 
3.532E+04   2.415E+01  1.296E-02 
3.578E+04   2.394E+01  1.282E-02 
3.625E+04   2.374E+01  1.267E-02 
3.672E+04   2.354E+01  1.253E-02 
3.719E+04   2.334E+01  1.239E-02 
3.768E+04   2.314E+01  1.225E-02 
3.817E+04   2.294E+01  1.212E-02 
3.866E+04   2.274E+01  1.198E-02 
3.917E+04   2.255E+01  1.185E-02 
3.968E+04   2.236E+01  1.171E-02 
4.019E+04   2.216E+01  1.158E-02 
4.071E+04   2.197E+01  1.145E-02 
4.124E+04   2.178E+01  1.133E-02 
4.178E+04   2.160E+01  1.120E-02 
4.232E+04   2.141E+01  1.107E-02 
4.287E+04   2.122E+01  1.095E-02 
4.343E+04   2.104E+01  1.083E-02 
4.399E+04   2.086E+01  1.071E-02 
4.456E+04   2.068E+01  1.059E-02 
4.514E+04   2.050E+01  1.047E-02 
4.573E+04   2.032E+01  1.035E-02 
4.632E+04   2.014E+01  1.023E-02 
4.693E+04   1.997E+01  1.012E-02 
4.754E+04   1.979E+01  1.001E-02 
4.815E+04   1.962E+01  9.893E-03 
4.878E+04   1.945E+01  9.782E-03 
4.941E+04   1.928E+01  9.672E-03 
5.006E+04   1.911E+01  9.564E-03 
5.071E+04   1.894E+01  9.456E-03 
5.137E+04   1.877E+01  9.350E-03 
5.203E+04   1.861E+01  9.245E-03 
5.271E+04   1.845E+01  9.141E-03 
5.340E+04   1.828E+01  9.038E-03 
5.409E+04   1.812E+01  8.937E-03 
5.479E+04   1.796E+01  8.836E-03 
5.550E+04   1.780E+01  8.737E-03 
5.623E+04   1.764E+01  8.639E-03 
5.696E+04   1.749E+01  8.541E-03 
5.770E+04   1.733E+01  8.445E-03 
5.845E+04   1.718E+01  8.350E-03 
5.921E+04   1.703E+01  8.256E-03 
5.998E+04   1.687E+01  8.163E-03 
6.075E+04   1.672E+01  8.071E-03 
6.154E+04   1.657E+01  7.980E-03 
6.234E+04   1.643E+01  7.890E-03 
6.315E+04   1.628E+01  7.801E-03 
6.398E+04   1.613E+01  7.713E-03 
6.481E+04   1.599E+01  7.626E-03 
6.565E+04   1.585E+01  7.540E-03 
6.650E+04   1.570E+01  7.455E-03 
6.737E+04   1.556E+01  7.371E-03 
6.824E+04   1.542E+01  7.288E-03 
6.913E+04   1.528E+01  7.205E-03 
7.003E+04   1.515E+01  7.124E-03 
7.094E+04   1.501E+01  7.044E-03 
7.186E+04   1.488E+01  6.964E-03 
7.279E+04   1.474E+01  6.885E-03 
7.374E+04   1.461E+01  6.807E-03 
7.470E+04   1.448E+01  6.730E-03 
7.567E+04   1.434E+01  6.654E-03 
7.665E+04   1.421E+01  6.579E-03 
7.765E+04   1.409E+01  6.505E-03 
7.866E+04   1.396E+01  6.431E-03 
7.968E+04   1.383E+01  6.358E-03 
8.072E+04   1.371E+01  6.286E-03 
8.176E+04   1.358E+01  6.215E-03 
8.283E+04   1.346E+01  6.145E-03 
8.390E+04   1.334E+01  6.075E-03 
8.499E+04   1.321E+01  6.006E-03 
8.610E+04   1.309E+01  5.938E-03 
8.722E+04   1.297E+01  5.871E-03 
8.835E+04   1.286E+01  5.804E-03 
8.950E+04   1.274E+01  5.739E-03 
9.066E+04   1.262E+01  5.673E-03 
9.184E+04   1.251E+01  5.609E-03 
9.303E+04   1.239E+01  5.545E-03 
9.424E+04   1.228E+01  5.483E-03 
9.547E+04   1.217E+01  5.420E-03 
9.671E+04   1.205E+01  5.359E-03 
9.797E+04   1.194E+01  5.298E-03 
9.924E+04   1.183E+01  5.238E-03 
1.005E+05   1.173E+01  5.178E-03 
1.018E+05   1.162E+01  5.119E-03 
1.032E+05   1.151E+01  5.061E-03 
1.045E+05   1.140E+01  5.004E-03 
1.059E+05   1.130E+01  4.947E-03 
1.072E+05   1.120E+01  4.891E-03 
1.086E+05   1.109E+01  4.835E-03 
1.100E+05   1.099E+01  4.780E-03 
1.115E+05   1.089E+01  4.726E-03 
1.129E+05   1.079E+01  4.672E-03 
1.144E+05   1.069E+01  4.619E-03 
1.159E+05   1.059E+01  4.566E-03 
1.174E+05   1.049E+01  4.514E-03 
1.189E+05   1.040E+01  4.463E-03 
1.204E+05   1.030E+01  4.412E-03 
1.220E+05   1.020E+01  4.362E-03 
1.236E+05   1.011E+01  4.312E-03 
1.252E+05   1.002E+01  4.263E-03 
1.268E+05   9.924E+00  4.214E-03 
1.285E+05   9.832E+00  4.166E-03 
1.302E+05   9.741E+00  4.119E-03 
1.318E+05   9.650E+00  4.072E-03 
1.336E+05   9.561E+00  4.025E-03 
1.353E+05   9.472E+00  3.979E-03 
1.371E+05   9.385E+00  3.934E-03 
1.388E+05   9.298E+00  3.889E-03 
1.406E+05   9.211E+00  3.845E-03 
1.425E+05   9.126E+00  3.801E-03 
1.443E+05   9.041E+00  3.757E-03 
1.462E+05   8.957E+00  3.715E-03 
1.481E+05   8.874E+00  3.672E-03 
1.500E+05   8.792E+00  3.630E-03 
1.520E+05   8.710E+00  3.589E-03 
1.539E+05   8.629E+00  3.548E-03 
1.559E+05   8.549E+00  3.507E-03 
1.580E+05   8.470E+00  3.467E-03 
1.600E+05   8.391E+00  3.427E-03 
1.621E+05   8.313E+00  3.388E-03 
1.642E+05   8.236E+00  3.349E-03 
1.663E+05   8.159E+00  3.311E-03 
1.685E+05   8.084E+00  3.273E-03 
1.707E+05   8.009E+00  3.236E-03 
1.729E+05   7.934E+00  3.199E-03 
1.752E+05   7.861E+00  3.162E-03 
1.774E+05   7.788E+00  3.126E-03 
1.797E+05   7.715E+00  3.090E-03 
1.821E+05   7.644E+00  3.055E-03 
1.844E+05   7.573E+00  3.020E-03 
1.868E+05   7.502E+00  2.985E-03 
1.893E+05   7.433E+00  2.951E-03 
1.917E+05   7.364E+00  2.917E-03 
1.942E+05   7.296E+00  2.884E-03 
1.967E+05   7.228E+00  2.851E-03 
1.993E+05   7.161E+00  2.818E-03 
2.019E+05   7.094E+00  2.786E-03 
2.045E+05   7.029E+00  2.754E-03 
2.072E+05   6.964E+00  2.722E-03 
2.099E+05   6.899E+00  2.691E-03 
2.126E+05   6.835E+00  2.660E-03 
2.154E+05   6.772E+00  2.629E-03 
2.182E+05   6.709E+00  2.599E-03 
2.210E+05   6.647E+00  2.569E-03 
2.239E+05   6.586E+00  2.540E-03 
2.268E+05   6.525E+00  2.511E-03 
2.297E+05   6.465E+00  2.482E-03 
2.327E+05   6.405E+00  2.453E-03 
2.357E+05   6.346E+00  2.425E-03 
2.388E+05   6.287E+00  2.397E-03 
2.419E+05   6.229E+00  2.370E-03 
2.450E+05   6.172E+00  2.343E-03 
2.482E+05   6.115E+00  2.316E-03 
2.515E+05   6.059E+00  2.289E-03 
2.547E+05   6.003E+00  2.263E-03 
2.580E+05   5.948E+00  2.237E-03 
2.614E+05   5.893E+00  2.211E-03 
2.648E+05   5.839E+00  2.185E-03 
2.682E+05   5.786E+00  2.160E-03 
2.717E+05   5.732E+00  2.135E-03 
2.752E+05   5.680E+00  2.111E-03 
2.788E+05   5.628E+00  2.087E-03 
2.824E+05   5.576E+00  2.063E-03 
2.861E+05   5.525E+00  2.039E-03 
2.898E+05   5.475E+00  2.015E-03 
2.936E+05   5.425E+00  1.992E-03 
2.974E+05   5.376E+00  1.969E-03 
3.013E+05   5.327E+00  1.946E-03 
3.052E+05   5.278E+00  1.924E-03 
3.092E+05   5.230E+00  1.902E-03 
3.132E+05   5.183E+00  1.880E-03 
3.172E+05   5.136E+00  1.858E-03 
3.214E+05   5.089E+00  1.837E-03 
3.255E+05   5.043E+00  1.816E-03 
3.298E+05   4.997E+00  1.795E-03 
3.341E+05   4.952E+00  1.774E-03 
3.384E+05   4.907E+00  1.753E-03 
3.428E+05   4.863E+00  1.733E-03 
3.473E+05   4.819E+00  1.713E-03 
3.518E+05   4.776E+00  1.693E-03 
3.563E+05   4.733E+00  1.674E-03 
3.610E+05   4.691E+00  1.655E-03 
3.657E+05   4.648E+00  1.635E-03 
3.704E+05   4.607E+00  1.617E-03 
3.752E+05   4.566E+00  1.598E-03 
3.801E+05   4.525E+00  1.579E-03 
3.851E+05   4.485E+00  1.561E-03 
3.901E+05   4.445E+00  1.543E-03 
3.951E+05   4.405E+00  1.525E-03 
4.003E+05   4.366E+00  1.508E-03 
