Ion = Hydrogen    . Mass = 1.0079
Tgt =  U (Solid). Density = 19.043 g/cm3
Stopping Units =  eV/(1E15 atoms/cm2)
Energy(keV)  S(Elec)    S(Nuc)
1.000E+00   6.433E+00  2.363E-01 
1.012E+00   6.470E+00  2.367E-01 
1.023E+00   6.507E+00  2.370E-01 
1.035E+00   6.545E+00  2.374E-01 
1.047E+00   6.583E+00  2.378E-01 
1.059E+00   6.621E+00  2.381E-01 
1.072E+00   6.659E+00  2.385E-01 
1.084E+00   6.698E+00  2.388E-01 
1.097E+00   6.736E+00  2.392E-01 
1.109E+00   6.775E+00  2.395E-01 
1.122E+00   6.815E+00  2.399E-01 
1.135E+00   6.854E+00  2.402E-01 
1.148E+00   6.894E+00  2.406E-01 
1.162E+00   6.933E+00  2.409E-01 
1.175E+00   6.974E+00  2.412E-01 
1.189E+00   7.014E+00  2.416E-01 
1.203E+00   7.054E+00  2.419E-01 
1.217E+00   7.095E+00  2.422E-01 
1.231E+00   7.136E+00  2.426E-01 
1.245E+00   7.178E+00  2.429E-01 
1.259E+00   7.219E+00  2.432E-01 
1.274E+00   7.261E+00  2.435E-01 
1.289E+00   7.303E+00  2.438E-01 
1.304E+00   7.345E+00  2.441E-01 
1.319E+00   7.387E+00  2.444E-01 
1.334E+00   7.430E+00  2.447E-01 
1.350E+00   7.473E+00  2.450E-01 
1.365E+00   7.516E+00  2.453E-01 
1.381E+00   7.560E+00  2.456E-01 
1.397E+00   7.604E+00  2.459E-01 
1.413E+00   7.648E+00  2.462E-01 
1.430E+00   7.692E+00  2.465E-01 
1.446E+00   7.736E+00  2.468E-01 
1.463E+00   7.781E+00  2.470E-01 
1.480E+00   7.826E+00  2.473E-01 
1.497E+00   7.871E+00  2.476E-01 
1.515E+00   7.917E+00  2.478E-01 
1.532E+00   7.962E+00  2.481E-01 
1.550E+00   8.009E+00  2.484E-01 
1.568E+00   8.055E+00  2.486E-01 
1.586E+00   8.101E+00  2.489E-01 
1.605E+00   8.148E+00  2.491E-01 
1.623E+00   8.195E+00  2.494E-01 
1.642E+00   8.243E+00  2.496E-01 
1.661E+00   8.290E+00  2.499E-01 
1.680E+00   8.338E+00  2.501E-01 
1.700E+00   8.387E+00  2.503E-01 
1.719E+00   8.435E+00  2.506E-01 
1.739E+00   8.484E+00  2.508E-01 
1.760E+00   8.533E+00  2.510E-01 
1.780E+00   8.582E+00  2.512E-01 
1.801E+00   8.632E+00  2.514E-01 
1.822E+00   8.682E+00  2.516E-01 
1.843E+00   8.732E+00  2.519E-01 
1.864E+00   8.783E+00  2.521E-01 
1.886E+00   8.833E+00  2.523E-01 
1.908E+00   8.884E+00  2.525E-01 
1.930E+00   8.936E+00  2.526E-01 
1.952E+00   8.987E+00  2.528E-01 
1.975E+00   9.039E+00  2.530E-01 
1.998E+00   9.092E+00  2.532E-01 
2.021E+00   9.143E+00  2.534E-01 
2.044E+00   9.187E+00  2.536E-01 
2.068E+00   9.233E+00  2.537E-01 
2.092E+00   9.278E+00  2.539E-01 
2.116E+00   9.324E+00  2.541E-01 
2.141E+00   9.370E+00  2.542E-01 
2.166E+00   9.416E+00  2.544E-01 
2.191E+00   9.463E+00  2.545E-01 
2.216E+00   9.510E+00  2.547E-01 
2.242E+00   9.558E+00  2.548E-01 
2.268E+00   9.606E+00  2.549E-01 
2.294E+00   9.654E+00  2.551E-01 
2.321E+00   9.702E+00  2.552E-01 
2.348E+00   9.751E+00  2.553E-01 
2.375E+00   9.800E+00  2.555E-01 
2.402E+00   9.850E+00  2.556E-01 
2.430E+00   9.899E+00  2.557E-01 
2.458E+00   9.950E+00  2.558E-01 
2.487E+00   1.000E+01  2.559E-01 
2.516E+00   1.005E+01  2.560E-01 
2.545E+00   1.010E+01  2.561E-01 
2.574E+00   1.015E+01  2.562E-01 
2.604E+00   1.021E+01  2.563E-01 
2.635E+00   1.026E+01  2.564E-01 
2.665E+00   1.031E+01  2.565E-01 
2.696E+00   1.036E+01  2.565E-01 
2.727E+00   1.042E+01  2.566E-01 
2.759E+00   1.047E+01  2.567E-01 
2.791E+00   1.053E+01  2.567E-01 
2.823E+00   1.058E+01  2.568E-01 
2.856E+00   1.064E+01  2.568E-01 
2.889E+00   1.069E+01  2.569E-01 
2.923E+00   1.075E+01  2.569E-01 
2.957E+00   1.080E+01  2.570E-01 
2.991E+00   1.086E+01  2.570E-01 
3.026E+00   1.092E+01  2.571E-01 
3.061E+00   1.097E+01  2.571E-01 
3.096E+00   1.103E+01  2.571E-01 
3.132E+00   1.109E+01  2.571E-01 
3.168E+00   1.115E+01  2.571E-01 
3.205E+00   1.121E+01  2.572E-01 
3.242E+00   1.127E+01  2.572E-01 
3.280E+00   1.133E+01  2.572E-01 
3.318E+00   1.139E+01  2.572E-01 
3.356E+00   1.145E+01  2.572E-01 
3.395E+00   1.151E+01  2.571E-01 
3.435E+00   1.157E+01  2.571E-01 
3.475E+00   1.163E+01  2.571E-01 
3.515E+00   1.169E+01  2.571E-01 
3.556E+00   1.176E+01  2.570E-01 
3.597E+00   1.182E+01  2.570E-01 
3.639E+00   1.188E+01  2.570E-01 
3.681E+00   1.195E+01  2.569E-01 
3.724E+00   1.201E+01  2.569E-01 
3.767E+00   1.208E+01  2.568E-01 
3.810E+00   1.214E+01  2.568E-01 
3.855E+00   1.221E+01  2.567E-01 
3.899E+00   1.228E+01  2.566E-01 
3.945E+00   1.234E+01  2.566E-01 
3.990E+00   1.241E+01  2.565E-01 
4.037E+00   1.248E+01  2.564E-01 
4.083E+00   1.255E+01  2.563E-01 
4.131E+00   1.262E+01  2.562E-01 
4.179E+00   1.268E+01  2.561E-01 
4.227E+00   1.275E+01  2.560E-01 
4.276E+00   1.282E+01  2.559E-01 
4.326E+00   1.290E+01  2.558E-01 
4.376E+00   1.297E+01  2.557E-01 
4.427E+00   1.304E+01  2.556E-01 
4.478E+00   1.311E+01  2.554E-01 
4.530E+00   1.318E+01  2.553E-01 
4.583E+00   1.326E+01  2.552E-01 
4.636E+00   1.333E+01  2.550E-01 
4.690E+00   1.340E+01  2.549E-01 
4.744E+00   1.348E+01  2.547E-01 
4.799E+00   1.356E+01  2.546E-01 
4.855E+00   1.363E+01  2.544E-01 
4.911E+00   1.371E+01  2.542E-01 
4.968E+00   1.378E+01  2.541E-01 
5.026E+00   1.386E+01  2.539E-01 
5.084E+00   1.394E+01  2.537E-01 
5.143E+00   1.402E+01  2.535E-01 
5.202E+00   1.410E+01  2.533E-01 
5.263E+00   1.418E+01  2.531E-01 
5.324E+00   1.426E+01  2.529E-01 
5.386E+00   1.434E+01  2.527E-01 
5.448E+00   1.442E+01  2.525E-01 
5.511E+00   1.450E+01  2.523E-01 
5.575E+00   1.458E+01  2.521E-01 
5.640E+00   1.467E+01  2.518E-01 
5.705E+00   1.475E+01  2.516E-01 
5.771E+00   1.483E+01  2.514E-01 
5.838E+00   1.492E+01  2.511E-01 
5.906E+00   1.500E+01  2.509E-01 
5.975E+00   1.509E+01  2.506E-01 
6.044E+00   1.518E+01  2.504E-01 
6.114E+00   1.526E+01  2.501E-01 
6.185E+00   1.535E+01  2.498E-01 
6.257E+00   1.544E+01  2.496E-01 
6.329E+00   1.553E+01  2.493E-01 
6.403E+00   1.562E+01  2.490E-01 
6.477E+00   1.571E+01  2.487E-01 
6.552E+00   1.580E+01  2.484E-01 
6.628E+00   1.589E+01  2.481E-01 
6.705E+00   1.598E+01  2.478E-01 
6.783E+00   1.608E+01  2.475E-01 
6.861E+00   1.617E+01  2.472E-01 
6.941E+00   1.626E+01  2.469E-01 
7.021E+00   1.636E+01  2.466E-01 
7.103E+00   1.645E+01  2.462E-01 
7.185E+00   1.655E+01  2.459E-01 
7.269E+00   1.665E+01  2.456E-01 
7.353E+00   1.674E+01  2.452E-01 
7.438E+00   1.684E+01  2.449E-01 
7.524E+00   1.694E+01  2.445E-01 
7.612E+00   1.704E+01  2.442E-01 
7.700E+00   1.714E+01  2.438E-01 
7.789E+00   1.724E+01  2.434E-01 
7.880E+00   1.734E+01  2.431E-01 
7.971E+00   1.744E+01  2.427E-01 
8.064E+00   1.754E+01  2.423E-01 
8.157E+00   1.765E+01  2.419E-01 
8.252E+00   1.775E+01  2.415E-01 
8.347E+00   1.786E+01  2.411E-01 
8.444E+00   1.796E+01  2.407E-01 
8.542E+00   1.807E+01  2.403E-01 
8.641E+00   1.818E+01  2.399E-01 
8.741E+00   1.828E+01  2.395E-01 
8.843E+00   1.839E+01  2.391E-01 
8.945E+00   1.850E+01  2.386E-01 
9.049E+00   1.861E+01  2.382E-01 
9.154E+00   1.872E+01  2.378E-01 
9.260E+00   1.883E+01  2.373E-01 
9.368E+00   1.894E+01  2.369E-01 
9.476E+00   1.906E+01  2.364E-01 
9.586E+00   1.917E+01  2.360E-01 
9.698E+00   1.928E+01  2.355E-01 
9.810E+00   1.940E+01  2.350E-01 
9.924E+00   1.951E+01  2.346E-01 
1.004E+01   1.963E+01  2.341E-01 
1.016E+01   1.975E+01  2.336E-01 
1.027E+01   1.987E+01  2.331E-01 
1.039E+01   1.999E+01  2.327E-01 
1.051E+01   2.011E+01  2.322E-01 
1.063E+01   2.023E+01  2.317E-01 
1.076E+01   2.035E+01  2.312E-01 
1.088E+01   2.047E+01  2.307E-01 
1.101E+01   2.059E+01  2.301E-01 
1.114E+01   2.072E+01  2.296E-01 
1.127E+01   2.084E+01  2.291E-01 
1.140E+01   2.096E+01  2.286E-01 
1.153E+01   2.109E+01  2.281E-01 
1.166E+01   2.122E+01  2.275E-01 
1.180E+01   2.135E+01  2.270E-01 
1.193E+01   2.147E+01  2.265E-01 
1.207E+01   2.160E+01  2.259E-01 
1.221E+01   2.173E+01  2.254E-01 
1.235E+01   2.186E+01  2.248E-01 
1.250E+01   2.200E+01  2.242E-01 
1.264E+01   2.213E+01  2.237E-01 
1.279E+01   2.226E+01  2.231E-01 
1.294E+01   2.240E+01  2.225E-01 
1.309E+01   2.253E+01  2.220E-01 
1.324E+01   2.267E+01  2.214E-01 
1.339E+01   2.281E+01  2.208E-01 
1.355E+01   2.294E+01  2.202E-01 
1.371E+01   2.308E+01  2.196E-01 
1.387E+01   2.322E+01  2.190E-01 
1.403E+01   2.336E+01  2.184E-01 
1.419E+01   2.350E+01  2.178E-01 
1.435E+01   2.365E+01  2.172E-01 
1.452E+01   2.379E+01  2.166E-01 
1.469E+01   2.393E+01  2.160E-01 
1.486E+01   2.408E+01  2.154E-01 
1.503E+01   2.422E+01  2.148E-01 
1.521E+01   2.437E+01  2.142E-01 
1.538E+01   2.452E+01  2.135E-01 
1.556E+01   2.466E+01  2.129E-01 
1.574E+01   2.481E+01  2.123E-01 
1.592E+01   2.496E+01  2.116E-01 
1.611E+01   2.512E+01  2.110E-01 
1.629E+01   2.527E+01  2.103E-01 
1.648E+01   2.542E+01  2.097E-01 
1.667E+01   2.557E+01  2.091E-01 
1.687E+01   2.573E+01  2.084E-01 
1.706E+01   2.588E+01  2.077E-01 
1.726E+01   2.604E+01  2.071E-01 
1.746E+01   2.620E+01  2.064E-01 
1.766E+01   2.636E+01  2.058E-01 
1.787E+01   2.652E+01  2.051E-01 
1.808E+01   2.668E+01  2.044E-01 
1.829E+01   2.684E+01  2.037E-01 
1.850E+01   2.700E+01  2.031E-01 
1.871E+01   2.716E+01  2.024E-01 
1.893E+01   2.733E+01  2.017E-01 
1.915E+01   2.749E+01  2.010E-01 
1.937E+01   2.766E+01  2.003E-01 
1.960E+01   2.782E+01  1.996E-01 
1.982E+01   2.799E+01  1.989E-01 
2.005E+01   2.816E+01  1.982E-01 
2.029E+01   2.833E+01  1.975E-01 
2.052E+01   2.850E+01  1.968E-01 
2.076E+01   2.867E+01  1.961E-01 
2.100E+01   2.884E+01  1.954E-01 
2.124E+01   2.902E+01  1.947E-01 
2.149E+01   2.919E+01  1.940E-01 
2.174E+01   2.937E+01  1.933E-01 
2.199E+01   2.954E+01  1.926E-01 
2.225E+01   2.972E+01  1.919E-01 
2.250E+01   2.990E+01  1.911E-01 
2.277E+01   3.007E+01  1.904E-01 
2.303E+01   3.025E+01  1.897E-01 
2.330E+01   3.043E+01  1.890E-01 
2.357E+01   3.062E+01  1.882E-01 
2.384E+01   3.080E+01  1.875E-01 
2.412E+01   3.098E+01  1.868E-01 
2.440E+01   3.117E+01  1.860E-01 
2.468E+01   3.135E+01  1.853E-01 
2.497E+01   3.154E+01  1.846E-01 
2.526E+01   3.172E+01  1.838E-01 
2.555E+01   3.191E+01  1.831E-01 
2.584E+01   3.210E+01  1.824E-01 
2.614E+01   3.229E+01  1.816E-01 
2.645E+01   3.248E+01  1.809E-01 
2.675E+01   3.267E+01  1.801E-01 
2.707E+01   3.286E+01  1.794E-01 
2.738E+01   3.305E+01  1.786E-01 
2.770E+01   3.325E+01  1.779E-01 
2.802E+01   3.344E+01  1.771E-01 
2.834E+01   3.363E+01  1.764E-01 
2.867E+01   3.383E+01  1.756E-01 
2.900E+01   3.403E+01  1.749E-01 
2.934E+01   3.422E+01  1.741E-01 
2.968E+01   3.442E+01  1.734E-01 
3.003E+01   3.462E+01  1.726E-01 
3.037E+01   3.482E+01  1.718E-01 
3.073E+01   3.502E+01  1.711E-01 
3.108E+01   3.522E+01  1.703E-01 
3.144E+01   3.542E+01  1.696E-01 
3.181E+01   3.563E+01  1.688E-01 
3.218E+01   3.583E+01  1.680E-01 
3.255E+01   3.603E+01  1.673E-01 
3.293E+01   3.624E+01  1.665E-01 
3.331E+01   3.644E+01  1.658E-01 
3.370E+01   3.665E+01  1.650E-01 
3.409E+01   3.686E+01  1.642E-01 
3.448E+01   3.706E+01  1.635E-01 
3.488E+01   3.727E+01  1.627E-01 
3.529E+01   3.748E+01  1.619E-01 
3.570E+01   3.769E+01  1.612E-01 
3.611E+01   3.790E+01  1.604E-01 
3.653E+01   3.811E+01  1.596E-01 
3.695E+01   3.832E+01  1.589E-01 
3.738E+01   3.853E+01  1.581E-01 
3.781E+01   3.874E+01  1.574E-01 
3.825E+01   3.895E+01  1.566E-01 
3.870E+01   3.916E+01  1.558E-01 
3.915E+01   3.937E+01  1.551E-01 
3.960E+01   3.959E+01  1.543E-01 
4.006E+01   3.980E+01  1.535E-01 
4.052E+01   4.001E+01  1.528E-01 
4.099E+01   4.022E+01  1.520E-01 
4.147E+01   4.044E+01  1.512E-01 
4.195E+01   4.065E+01  1.505E-01 
4.244E+01   4.087E+01  1.497E-01 
4.293E+01   4.108E+01  1.490E-01 
4.343E+01   4.129E+01  1.482E-01 
4.393E+01   4.151E+01  1.474E-01 
4.444E+01   4.172E+01  1.467E-01 
4.496E+01   4.194E+01  1.459E-01 
4.548E+01   4.215E+01  1.452E-01 
4.600E+01   4.237E+01  1.444E-01 
4.654E+01   4.258E+01  1.436E-01 
4.708E+01   4.280E+01  1.429E-01 
4.762E+01   4.301E+01  1.421E-01 
4.818E+01   4.323E+01  1.414E-01 
4.873E+01   4.344E+01  1.406E-01 
4.930E+01   4.365E+01  1.399E-01 
4.987E+01   4.387E+01  1.391E-01 
5.045E+01   4.408E+01  1.384E-01 
5.104E+01   4.429E+01  1.376E-01 
5.163E+01   4.450E+01  1.369E-01 
5.223E+01   4.472E+01  1.361E-01 
5.283E+01   4.493E+01  1.354E-01 
5.344E+01   4.514E+01  1.346E-01 
5.406E+01   4.535E+01  1.339E-01 
5.469E+01   4.556E+01  1.331E-01 
5.533E+01   4.577E+01  1.324E-01 
5.597E+01   4.597E+01  1.317E-01 
5.662E+01   4.618E+01  1.309E-01 
5.727E+01   4.639E+01  1.302E-01 
5.794E+01   4.659E+01  1.295E-01 
5.861E+01   4.680E+01  1.287E-01 
5.929E+01   4.700E+01  1.280E-01 
5.998E+01   4.720E+01  1.273E-01 
6.067E+01   4.741E+01  1.265E-01 
6.138E+01   4.761E+01  1.258E-01 
6.209E+01   4.780E+01  1.251E-01 
6.281E+01   4.800E+01  1.243E-01 
6.354E+01   4.820E+01  1.236E-01 
6.427E+01   4.839E+01  1.229E-01 
6.502E+01   4.859E+01  1.222E-01 
6.577E+01   4.878E+01  1.215E-01 
6.654E+01   4.897E+01  1.207E-01 
6.731E+01   4.916E+01  1.200E-01 
6.809E+01   4.935E+01  1.193E-01 
6.888E+01   4.953E+01  1.186E-01 
6.968E+01   4.972E+01  1.179E-01 
7.049E+01   4.990E+01  1.172E-01 
7.130E+01   5.008E+01  1.165E-01 
7.213E+01   5.026E+01  1.158E-01 
7.297E+01   5.043E+01  1.151E-01 
7.381E+01   5.061E+01  1.144E-01 
7.467E+01   5.078E+01  1.137E-01 
7.554E+01   5.095E+01  1.130E-01 
7.641E+01   5.111E+01  1.123E-01 
7.730E+01   5.128E+01  1.116E-01 
7.820E+01   5.144E+01  1.109E-01 
7.910E+01   5.160E+01  1.102E-01 
8.002E+01   5.176E+01  1.096E-01 
8.095E+01   5.191E+01  1.089E-01 
8.189E+01   5.206E+01  1.082E-01 
8.284E+01   5.221E+01  1.075E-01 
8.380E+01   5.236E+01  1.068E-01 
8.477E+01   5.250E+01  1.062E-01 
8.575E+01   5.264E+01  1.055E-01 
8.675E+01   5.278E+01  1.048E-01 
8.775E+01   5.291E+01  1.042E-01 
8.877E+01   5.304E+01  1.035E-01 
8.980E+01   5.317E+01  1.028E-01 
9.084E+01   5.329E+01  1.022E-01 
9.190E+01   5.341E+01  1.015E-01 
9.296E+01   5.353E+01  1.009E-01 
9.404E+01   5.364E+01  1.002E-01 
9.513E+01   5.375E+01  9.958E-02 
9.624E+01   5.386E+01  9.893E-02 
9.735E+01   5.396E+01  9.829E-02 
9.848E+01   5.406E+01  9.764E-02 
9.962E+01   5.415E+01  9.701E-02 
1.008E+02   5.424E+01  9.637E-02 
1.019E+02   5.433E+01  9.573E-02 
1.031E+02   5.441E+01  9.510E-02 
1.043E+02   5.449E+01  9.447E-02 
1.055E+02   5.456E+01  9.385E-02 
1.068E+02   5.463E+01  9.322E-02 
1.080E+02   5.470E+01  9.260E-02 
1.093E+02   5.476E+01  9.198E-02 
1.105E+02   5.482E+01  9.137E-02 
1.118E+02   5.487E+01  9.076E-02 
1.131E+02   5.492E+01  9.014E-02 
1.144E+02   5.496E+01  8.954E-02 
1.157E+02   5.500E+01  8.893E-02 
1.171E+02   5.504E+01  8.833E-02 
1.184E+02   5.507E+01  8.773E-02 
1.198E+02   5.509E+01  8.713E-02 
1.212E+02   5.512E+01  8.653E-02 
1.226E+02   5.513E+01  8.594E-02 
1.240E+02   5.514E+01  8.535E-02 
1.255E+02   5.515E+01  8.477E-02 
1.269E+02   5.515E+01  8.418E-02 
1.284E+02   5.515E+01  8.360E-02 
1.299E+02   5.514E+01  8.302E-02 
1.314E+02   5.513E+01  8.245E-02 
1.329E+02   5.511E+01  8.187E-02 
1.345E+02   5.509E+01  8.130E-02 
1.360E+02   5.507E+01  8.073E-02 
1.376E+02   5.503E+01  8.017E-02 
1.392E+02   5.500E+01  7.961E-02 
1.408E+02   5.496E+01  7.905E-02 
1.424E+02   5.491E+01  7.849E-02 
1.441E+02   5.486E+01  7.794E-02 
1.458E+02   5.480E+01  7.738E-02 
1.475E+02   5.474E+01  7.684E-02 
1.492E+02   5.468E+01  7.629E-02 
1.509E+02   5.461E+01  7.575E-02 
1.526E+02   5.454E+01  7.521E-02 
1.544E+02   5.446E+01  7.467E-02 
1.562E+02   5.437E+01  7.413E-02 
1.580E+02   5.428E+01  7.360E-02 
1.598E+02   5.419E+01  7.307E-02 
1.617E+02   5.409E+01  7.254E-02 
1.636E+02   5.399E+01  7.202E-02 
1.655E+02   5.389E+01  7.150E-02 
1.674E+02   5.377E+01  7.098E-02 
1.693E+02   5.366E+01  7.047E-02 
1.713E+02   5.354E+01  6.995E-02 
1.733E+02   5.342E+01  6.944E-02 
1.753E+02   5.329E+01  6.893E-02 
1.773E+02   5.316E+01  6.843E-02 
1.794E+02   5.302E+01  6.793E-02 
1.815E+02   5.288E+01  6.743E-02 
1.836E+02   5.274E+01  6.693E-02 
1.857E+02   5.259E+01  6.644E-02 
1.879E+02   5.244E+01  6.595E-02 
1.900E+02   5.228E+01  6.546E-02 
1.922E+02   5.212E+01  6.497E-02 
1.945E+02   5.196E+01  6.449E-02 
1.967E+02   5.179E+01  6.401E-02 
1.990E+02   5.162E+01  6.353E-02 
2.013E+02   5.145E+01  6.306E-02 
2.036E+02   5.127E+01  6.259E-02 
2.060E+02   5.109E+01  6.212E-02 
2.084E+02   5.091E+01  6.165E-02 
2.108E+02   5.072E+01  6.119E-02 
2.133E+02   5.054E+01  6.073E-02 
2.157E+02   5.034E+01  6.027E-02 
2.182E+02   5.015E+01  5.981E-02 
2.208E+02   4.995E+01  5.936E-02 
2.233E+02   4.975E+01  5.891E-02 
2.259E+02   4.955E+01  5.846E-02 
2.285E+02   4.935E+01  5.802E-02 
2.312E+02   4.914E+01  5.758E-02 
2.339E+02   4.893E+01  5.714E-02 
2.366E+02   4.872E+01  5.670E-02 
2.393E+02   4.851E+01  5.627E-02 
2.421E+02   4.829E+01  5.583E-02 
2.449E+02   4.808E+01  5.541E-02 
2.478E+02   4.786E+01  5.498E-02 
2.506E+02   4.764E+01  5.456E-02 
2.535E+02   4.742E+01  5.413E-02 
2.565E+02   4.719E+01  5.372E-02 
2.595E+02   4.697E+01  5.330E-02 
2.625E+02   4.674E+01  5.289E-02 
2.655E+02   4.652E+01  5.248E-02 
2.686E+02   4.629E+01  5.207E-02 
2.717E+02   4.606E+01  5.166E-02 
2.749E+02   4.583E+01  5.126E-02 
2.780E+02   4.560E+01  5.086E-02 
2.813E+02   4.537E+01  5.046E-02 
2.845E+02   4.513E+01  5.007E-02 
2.878E+02   4.490E+01  4.967E-02 
2.912E+02   4.467E+01  4.928E-02 
2.945E+02   4.443E+01  4.889E-02 
2.980E+02   4.420E+01  4.851E-02 
3.014E+02   4.396E+01  4.813E-02 
3.049E+02   4.373E+01  4.775E-02 
3.085E+02   4.349E+01  4.737E-02 
3.120E+02   4.326E+01  4.699E-02 
3.156E+02   4.302E+01  4.662E-02 
3.193E+02   4.278E+01  4.625E-02 
3.230E+02   4.255E+01  4.588E-02 
3.268E+02   4.231E+01  4.854E-02 
3.306E+02   4.208E+01  4.815E-02 
3.344E+02   4.184E+01  4.776E-02 
3.383E+02   4.161E+01  4.737E-02 
3.422E+02   4.137E+01  4.698E-02 
3.462E+02   4.114E+01  4.660E-02 
3.502E+02   4.090E+01  4.622E-02 
3.542E+02   4.067E+01  4.584E-02 
3.583E+02   4.043E+01  4.546E-02 
3.625E+02   4.020E+01  4.509E-02 
3.667E+02   3.997E+01  4.472E-02 
3.710E+02   3.974E+01  4.435E-02 
3.753E+02   3.951E+01  4.399E-02 
3.796E+02   3.928E+01  4.362E-02 
3.840E+02   3.905E+01  4.326E-02 
3.885E+02   3.882E+01  4.291E-02 
3.930E+02   3.859E+01  4.255E-02 
3.975E+02   3.836E+01  4.220E-02 
4.021E+02   3.814E+01  4.185E-02 
4.068E+02   3.791E+01  4.150E-02 
4.115E+02   3.769E+01  4.116E-02 
4.163E+02   3.746E+01  4.081E-02 
4.211E+02   3.724E+01  4.047E-02 
4.260E+02   3.702E+01  4.013E-02 
4.310E+02   3.680E+01  3.980E-02 
4.360E+02   3.658E+01  3.947E-02 
4.410E+02   3.636E+01  3.914E-02 
4.461E+02   3.614E+01  3.881E-02 
4.513E+02   3.592E+01  3.848E-02 
4.565E+02   3.570E+01  3.816E-02 
4.618E+02   3.549E+01  3.784E-02 
4.672E+02   3.528E+01  3.752E-02 
4.726E+02   3.506E+01  3.720E-02 
4.781E+02   3.485E+01  3.689E-02 
4.836E+02   3.464E+01  3.658E-02 
4.892E+02   3.443E+01  3.627E-02 
4.949E+02   3.422E+01  3.596E-02 
5.007E+02   3.401E+01  3.565E-02 
5.065E+02   3.381E+01  3.535E-02 
5.123E+02   3.360E+01  3.505E-02 
5.183E+02   3.340E+01  3.475E-02 
5.243E+02   3.319E+01  3.446E-02 
5.304E+02   3.299E+01  3.416E-02 
5.365E+02   3.279E+01  3.387E-02 
5.428E+02   3.259E+01  3.358E-02 
5.490E+02   3.239E+01  3.330E-02 
5.554E+02   3.219E+01  3.301E-02 
5.619E+02   3.199E+01  3.273E-02 
5.684E+02   3.180E+01  3.245E-02 
5.750E+02   3.160E+01  3.217E-02 
5.816E+02   3.141E+01  3.189E-02 
5.884E+02   3.122E+01  3.162E-02 
5.952E+02   3.103E+01  3.135E-02 
6.021E+02   3.083E+01  3.108E-02 
6.091E+02   3.064E+01  3.081E-02 
6.162E+02   3.046E+01  3.054E-02 
6.233E+02   3.027E+01  3.028E-02 
6.305E+02   3.008E+01  3.002E-02 
6.378E+02   2.990E+01  2.976E-02 
6.452E+02   2.971E+01  2.950E-02 
6.527E+02   2.953E+01  2.924E-02 
6.603E+02   2.935E+01  2.899E-02 
6.680E+02   2.916E+01  2.874E-02 
6.757E+02   2.898E+01  2.849E-02 
6.835E+02   2.880E+01  2.824E-02 
6.915E+02   2.862E+01  2.799E-02 
6.995E+02   2.845E+01  2.775E-02 
7.076E+02   2.827E+01  2.751E-02 
7.158E+02   2.809E+01  2.727E-02 
7.241E+02   2.792E+01  2.703E-02 
7.325E+02   2.774E+01  2.679E-02 
7.410E+02   2.757E+01  2.656E-02 
7.496E+02   2.740E+01  2.632E-02 
7.583E+02   2.723E+01  2.609E-02 
7.671E+02   2.706E+01  2.586E-02 
7.760E+02   2.689E+01  2.564E-02 
7.850E+02   2.672E+01  2.541E-02 
7.941E+02   2.655E+01  2.519E-02 
8.033E+02   2.638E+01  2.496E-02 
8.126E+02   2.622E+01  2.474E-02 
8.221E+02   2.605E+01  2.453E-02 
8.316E+02   2.589E+01  2.431E-02 
8.412E+02   2.573E+01  2.409E-02 
8.510E+02   2.556E+01  2.388E-02 
8.609E+02   2.540E+01  2.367E-02 
8.709E+02   2.524E+01  2.346E-02 
8.810E+02   2.508E+01  2.325E-02 
8.912E+02   2.492E+01  2.305E-02 
9.015E+02   2.476E+01  2.284E-02 
9.120E+02   2.460E+01  2.264E-02 
9.225E+02   2.445E+01  2.244E-02 
9.332E+02   2.429E+01  2.224E-02 
9.441E+02   2.413E+01  2.204E-02 
9.550E+02   2.398E+01  2.184E-02 
9.661E+02   2.383E+01  2.165E-02 
9.773E+02   2.367E+01  2.146E-02 
9.886E+02   2.352E+01  2.126E-02 
1.000E+03   2.337E+01  2.107E-02 
1.012E+03   2.324E+01  2.089E-02 
1.023E+03   2.314E+01  2.070E-02 
1.035E+03   2.303E+01  2.051E-02 
1.047E+03   2.293E+01  2.033E-02 
1.059E+03   2.283E+01  2.015E-02 
1.072E+03   2.273E+01  1.997E-02 
1.084E+03   2.262E+01  1.979E-02 
1.097E+03   2.251E+01  1.961E-02 
1.109E+03   2.241E+01  1.943E-02 
1.122E+03   2.230E+01  1.926E-02 
1.135E+03   2.219E+01  1.908E-02 
1.149E+03   2.207E+01  1.891E-02 
1.162E+03   2.196E+01  1.874E-02 
1.175E+03   2.185E+01  1.857E-02 
1.189E+03   2.173E+01  1.840E-02 
1.203E+03   2.161E+01  1.824E-02 
1.217E+03   2.150E+01  1.807E-02 
1.231E+03   2.139E+01  1.791E-02 
1.245E+03   2.129E+01  1.775E-02 
1.260E+03   2.118E+01  1.759E-02 
1.274E+03   2.107E+01  1.743E-02 
1.289E+03   2.096E+01  1.727E-02 
1.304E+03   2.085E+01  1.711E-02 
1.319E+03   2.075E+01  1.696E-02 
1.334E+03   2.064E+01  1.680E-02 
1.350E+03   2.053E+01  1.665E-02 
1.365E+03   2.042E+01  1.650E-02 
1.381E+03   2.032E+01  1.635E-02 
1.397E+03   2.021E+01  1.620E-02 
1.414E+03   2.010E+01  1.605E-02 
1.430E+03   2.000E+01  1.590E-02 
1.446E+03   1.989E+01  1.576E-02 
1.463E+03   1.978E+01  1.562E-02 
1.480E+03   1.968E+01  1.547E-02 
1.497E+03   1.957E+01  1.533E-02 
1.515E+03   1.946E+01  1.519E-02 
1.532E+03   1.936E+01  1.505E-02 
1.550E+03   1.925E+01  1.491E-02 
1.568E+03   1.915E+01  1.478E-02 
1.586E+03   1.904E+01  1.464E-02 
1.605E+03   1.894E+01  1.451E-02 
1.623E+03   1.883E+01  1.437E-02 
1.642E+03   1.873E+01  1.424E-02 
1.661E+03   1.862E+01  1.411E-02 
1.680E+03   1.852E+01  1.398E-02 
1.700E+03   1.842E+01  1.385E-02 
1.720E+03   1.831E+01  1.373E-02 
1.740E+03   1.821E+01  1.360E-02 
1.760E+03   1.811E+01  1.347E-02 
1.780E+03   1.800E+01  1.335E-02 
1.801E+03   1.790E+01  1.323E-02 
1.822E+03   1.780E+01  1.310E-02 
1.843E+03   1.770E+01  1.298E-02 
1.864E+03   1.760E+01  1.286E-02 
1.886E+03   1.750E+01  1.274E-02 
1.908E+03   1.739E+01  1.263E-02 
1.930E+03   1.729E+01  1.251E-02 
1.952E+03   1.719E+01  1.239E-02 
1.975E+03   1.709E+01  1.228E-02 
1.998E+03   1.699E+01  1.216E-02 
2.021E+03   1.689E+01  1.205E-02 
2.044E+03   1.680E+01  1.194E-02 
2.068E+03   1.670E+01  1.183E-02 
2.092E+03   1.660E+01  1.172E-02 
2.116E+03   1.650E+01  1.161E-02 
2.141E+03   1.640E+01  1.150E-02 
2.166E+03   1.631E+01  1.139E-02 
2.191E+03   1.621E+01  1.129E-02 
2.216E+03   1.611E+01  1.118E-02 
2.242E+03   1.602E+01  1.108E-02 
2.268E+03   1.592E+01  1.098E-02 
2.294E+03   1.583E+01  1.087E-02 
2.321E+03   1.573E+01  1.077E-02 
2.348E+03   1.564E+01  1.067E-02 
2.375E+03   1.554E+01  1.057E-02 
2.403E+03   1.545E+01  1.047E-02 
2.431E+03   1.535E+01  1.037E-02 
2.459E+03   1.526E+01  1.028E-02 
2.487E+03   1.517E+01  1.018E-02 
2.516E+03   1.507E+01  1.009E-02 
2.545E+03   1.498E+01  9.991E-03 
2.575E+03   1.489E+01  9.898E-03 
2.605E+03   1.480E+01  9.805E-03 
2.635E+03   1.471E+01  9.713E-03 
2.665E+03   1.462E+01  9.622E-03 
2.696E+03   1.453E+01  9.531E-03 
2.728E+03   1.444E+01  9.442E-03 
2.759E+03   1.435E+01  9.353E-03 
2.791E+03   1.426E+01  9.265E-03 
2.824E+03   1.417E+01  9.178E-03 
2.856E+03   1.408E+01  9.091E-03 
2.889E+03   1.399E+01  9.006E-03 
2.923E+03   1.390E+01  8.921E-03 
2.957E+03   1.382E+01  8.837E-03 
2.991E+03   1.373E+01  8.753E-03 
3.026E+03   1.364E+01  8.671E-03 
3.061E+03   1.356E+01  8.589E-03 
3.097E+03   1.347E+01  8.508E-03 
3.132E+03   1.339E+01  8.427E-03 
3.169E+03   1.330E+01  8.348E-03 
3.206E+03   1.322E+01  8.269E-03 
3.243E+03   1.313E+01  8.190E-03 
3.280E+03   1.305E+01  8.113E-03 
3.318E+03   1.296E+01  8.036E-03 
3.357E+03   1.288E+01  7.960E-03 
3.396E+03   1.280E+01  7.885E-03 
3.435E+03   1.272E+01  7.810E-03 
3.475E+03   1.263E+01  7.736E-03 
3.515E+03   1.255E+01  7.662E-03 
3.556E+03   1.247E+01  7.590E-03 
3.597E+03   1.239E+01  7.517E-03 
3.639E+03   1.231E+01  7.446E-03 
3.681E+03   1.223E+01  7.375E-03 
3.724E+03   1.215E+01  7.305E-03 
3.767E+03   1.207E+01  7.236E-03 
3.811E+03   1.199E+01  7.167E-03 
3.855E+03   1.191E+01  7.099E-03 
3.900E+03   1.183E+01  7.031E-03 
3.945E+03   1.176E+01  6.964E-03 
3.991E+03   1.168E+01  6.898E-03 
4.037E+03   1.160E+01  6.832E-03 
4.084E+03   1.152E+01  6.767E-03 
4.131E+03   1.145E+01  6.702E-03 
4.179E+03   1.137E+01  6.638E-03 
4.228E+03   1.130E+01  6.575E-03 
4.277E+03   1.122E+01  6.512E-03 
4.326E+03   1.115E+01  6.450E-03 
4.376E+03   1.107E+01  6.388E-03 
4.427E+03   1.100E+01  6.327E-03 
4.479E+03   1.092E+01  6.266E-03 
4.531E+03   1.085E+01  6.206E-03 
4.583E+03   1.078E+01  6.147E-03 
4.636E+03   1.071E+01  6.088E-03 
4.690E+03   1.063E+01  6.030E-03 
4.744E+03   1.056E+01  5.972E-03 
4.799E+03   1.049E+01  5.915E-03 
4.855E+03   1.042E+01  5.858E-03 
4.911E+03   1.035E+01  5.802E-03 
4.968E+03   1.028E+01  5.746E-03 
5.026E+03   1.021E+01  5.691E-03 
5.084E+03   1.014E+01  5.636E-03 
5.143E+03   1.007E+01  5.582E-03 
5.203E+03   9.999E+00  5.528E-03 
5.263E+03   9.931E+00  5.475E-03 
5.324E+03   9.862E+00  5.422E-03 
5.386E+03   9.795E+00  5.370E-03 
5.449E+03   9.727E+00  5.318E-03 
5.512E+03   9.660E+00  5.267E-03 
5.576E+03   9.593E+00  5.216E-03 
5.640E+03   9.527E+00  5.166E-03 
5.706E+03   9.461E+00  5.116E-03 
5.772E+03   9.395E+00  5.067E-03 
5.839E+03   9.330E+00  5.018E-03 
5.907E+03   9.265E+00  4.970E-03 
5.975E+03   9.200E+00  4.922E-03 
6.045E+03   9.136E+00  4.874E-03 
6.115E+03   9.072E+00  4.827E-03 
6.186E+03   9.008E+00  4.780E-03 
6.257E+03   8.945E+00  4.734E-03 
6.330E+03   8.882E+00  4.688E-03 
6.403E+03   8.820E+00  4.643E-03 
6.478E+03   8.757E+00  4.598E-03 
6.553E+03   8.696E+00  4.554E-03 
6.629E+03   8.634E+00  4.510E-03 
6.706E+03   8.573E+00  4.466E-03 
6.783E+03   8.512E+00  4.423E-03 
6.862E+03   8.452E+00  4.380E-03 
6.942E+03   8.392E+00  4.337E-03 
7.022E+03   8.332E+00  4.295E-03 
7.104E+03   8.273E+00  4.253E-03 
7.186E+03   8.214E+00  4.212E-03 
7.269E+03   8.155E+00  4.171E-03 
7.354E+03   8.096E+00  4.131E-03 
7.439E+03   8.038E+00  4.091E-03 
7.525E+03   7.981E+00  4.051E-03 
7.613E+03   7.923E+00  4.011E-03 
7.701E+03   7.866E+00  3.972E-03 
7.790E+03   7.810E+00  3.934E-03 
7.881E+03   7.753E+00  3.895E-03 
7.972E+03   7.697E+00  3.858E-03 
8.064E+03   7.641E+00  3.820E-03 
8.158E+03   7.586E+00  3.783E-03 
8.253E+03   7.531E+00  3.746E-03 
8.348E+03   7.476E+00  3.709E-03 
8.445E+03   7.422E+00  3.673E-03 
8.543E+03   7.368E+00  3.637E-03 
8.642E+03   7.314E+00  3.602E-03 
8.742E+03   7.261E+00  3.567E-03 
8.844E+03   7.207E+00  3.532E-03 
8.946E+03   7.155E+00  3.497E-03 
9.050E+03   7.102E+00  3.463E-03 
9.155E+03   7.050E+00  3.429E-03 
9.261E+03   6.998E+00  3.396E-03 
9.369E+03   6.947E+00  3.363E-03 
9.477E+03   6.895E+00  3.330E-03 
9.587E+03   6.845E+00  3.297E-03 
9.699E+03   6.794E+00  3.265E-03 
9.811E+03   6.744E+00  3.233E-03 
9.925E+03   6.694E+00  3.201E-03 
1.004E+04   6.644E+00  3.170E-03 
1.016E+04   6.595E+00  3.139E-03 
1.027E+04   6.546E+00  3.108E-03 
1.039E+04   6.497E+00  3.078E-03 
1.051E+04   6.449E+00  3.048E-03 
1.064E+04   6.401E+00  3.018E-03 
1.076E+04   6.353E+00  2.988E-03 
1.088E+04   6.305E+00  2.959E-03 
1.101E+04   6.258E+00  2.930E-03 
1.114E+04   6.211E+00  2.901E-03 
1.127E+04   6.164E+00  2.872E-03 
1.140E+04   6.118E+00  2.844E-03 
1.153E+04   6.072E+00  2.816E-03 
1.166E+04   6.026E+00  2.789E-03 
1.180E+04   5.981E+00  2.761E-03 
1.194E+04   5.936E+00  2.734E-03 
1.207E+04   5.891E+00  2.707E-03 
1.221E+04   5.846E+00  2.681E-03 
1.236E+04   5.802E+00  2.654E-03 
1.250E+04   5.758E+00  2.628E-03 
1.264E+04   5.714E+00  2.602E-03 
1.279E+04   5.671E+00  2.576E-03 
1.294E+04   5.628E+00  2.551E-03 
1.309E+04   5.585E+00  2.526E-03 
1.324E+04   5.543E+00  2.501E-03 
1.340E+04   5.500E+00  2.476E-03 
1.355E+04   5.458E+00  2.452E-03 
1.371E+04   5.416E+00  2.428E-03 
1.387E+04   5.375E+00  2.404E-03 
1.403E+04   5.334E+00  2.380E-03 
1.419E+04   5.293E+00  2.357E-03 
1.435E+04   5.252E+00  2.333E-03 
1.452E+04   5.212E+00  2.310E-03 
1.469E+04   5.172E+00  2.287E-03 
1.486E+04   5.132E+00  2.265E-03 
1.503E+04   5.092E+00  2.242E-03 
1.521E+04   5.053E+00  2.220E-03 
1.538E+04   5.014E+00  2.198E-03 
1.556E+04   4.975E+00  2.177E-03 
1.574E+04   4.937E+00  2.155E-03 
1.592E+04   4.899E+00  2.134E-03 
1.611E+04   4.861E+00  2.113E-03 
1.630E+04   4.823E+00  2.092E-03 
1.649E+04   4.786E+00  2.071E-03 
1.668E+04   4.748E+00  2.050E-03 
1.687E+04   4.711E+00  2.030E-03 
1.707E+04   4.675E+00  2.010E-03 
1.726E+04   4.638E+00  1.990E-03 
1.746E+04   4.602E+00  1.970E-03 
1.767E+04   4.566E+00  1.951E-03 
1.787E+04   4.531E+00  1.931E-03 
1.808E+04   4.495E+00  1.912E-03 
1.829E+04   4.460E+00  1.893E-03 
1.850E+04   4.425E+00  1.874E-03 
1.871E+04   4.390E+00  1.856E-03 
1.893E+04   4.356E+00  1.837E-03 
1.915E+04   4.322E+00  1.819E-03 
1.937E+04   4.288E+00  1.801E-03 
1.960E+04   4.254E+00  1.783E-03 
1.983E+04   4.220E+00  1.765E-03 
2.006E+04   4.187E+00  1.748E-03 
2.029E+04   4.154E+00  1.730E-03 
2.052E+04   4.121E+00  1.713E-03 
2.076E+04   4.089E+00  1.696E-03 
2.100E+04   4.057E+00  1.679E-03 
2.125E+04   4.024E+00  1.662E-03 
2.149E+04   3.993E+00  1.646E-03 
2.174E+04   3.961E+00  1.630E-03 
2.199E+04   3.930E+00  1.613E-03 
2.225E+04   3.898E+00  1.597E-03 
2.251E+04   3.868E+00  1.581E-03 
2.277E+04   3.837E+00  1.566E-03 
2.303E+04   3.806E+00  1.550E-03 
2.330E+04   3.776E+00  1.534E-03 
2.357E+04   3.746E+00  1.519E-03 
2.384E+04   3.716E+00  1.504E-03 
2.412E+04   3.687E+00  1.489E-03 
2.440E+04   3.657E+00  1.474E-03 
2.468E+04   3.628E+00  1.459E-03 
2.497E+04   3.599E+00  1.445E-03 
2.526E+04   3.570E+00  1.430E-03 
2.555E+04   3.542E+00  1.416E-03 
2.585E+04   3.513E+00  1.402E-03 
2.615E+04   3.485E+00  1.388E-03 
2.645E+04   3.457E+00  1.374E-03 
2.676E+04   3.430E+00  1.360E-03 
2.707E+04   3.402E+00  1.347E-03 
2.738E+04   3.375E+00  1.333E-03 
2.770E+04   3.348E+00  1.320E-03 
2.802E+04   3.321E+00  1.307E-03 
2.835E+04   3.294E+00  1.294E-03 
2.867E+04   3.268E+00  1.281E-03 
2.901E+04   3.242E+00  1.268E-03 
2.934E+04   3.215E+00  1.255E-03 
2.968E+04   3.190E+00  1.242E-03 
3.003E+04   3.164E+00  1.230E-03 
3.038E+04   3.138E+00  1.218E-03 
3.073E+04   3.113E+00  1.205E-03 
3.109E+04   3.088E+00  1.193E-03 
3.145E+04   3.063E+00  1.181E-03 
3.181E+04   3.038E+00  1.170E-03 
3.218E+04   3.014E+00  1.158E-03 
3.255E+04   2.990E+00  1.146E-03 
3.293E+04   2.965E+00  1.135E-03 
3.331E+04   2.941E+00  1.123E-03 
3.370E+04   2.918E+00  1.112E-03 
3.409E+04   2.894E+00  1.101E-03 
3.449E+04   2.871E+00  1.090E-03 
3.489E+04   2.848E+00  1.079E-03 
3.529E+04   2.824E+00  1.068E-03 
3.570E+04   2.802E+00  1.057E-03 
3.611E+04   2.779E+00  1.047E-03 
3.653E+04   2.756E+00  1.036E-03 
3.696E+04   2.734E+00  1.026E-03 
3.738E+04   2.712E+00  1.015E-03 
3.782E+04   2.690E+00  1.005E-03 
3.826E+04   2.668E+00  9.949E-04 
3.870E+04   2.646E+00  9.849E-04 
3.915E+04   2.625E+00  9.750E-04 
3.960E+04   2.604E+00  9.652E-04 
4.006E+04   2.583E+00  9.555E-04 
4.053E+04   2.562E+00  9.458E-04 
4.100E+04   2.541E+00  9.363E-04 
4.147E+04   2.520E+00  9.269E-04 
4.195E+04   2.500E+00  9.175E-04 
4.244E+04   2.479E+00  9.083E-04 
4.293E+04   2.459E+00  8.991E-04 
4.343E+04   2.439E+00  8.900E-04 
4.394E+04   2.420E+00  8.810E-04 
4.444E+04   2.400E+00  8.721E-04 
4.496E+04   2.380E+00  8.633E-04 
4.548E+04   2.361E+00  8.546E-04 
4.601E+04   2.342E+00  8.460E-04 
4.654E+04   2.323E+00  8.374E-04 
4.708E+04   2.304E+00  8.290E-04 
4.763E+04   2.285E+00  8.206E-04 
4.818E+04   2.267E+00  8.123E-04 
4.874E+04   2.248E+00  8.041E-04 
4.931E+04   2.230E+00  7.960E-04 
4.988E+04   2.212E+00  7.879E-04 
5.046E+04   2.194E+00  7.800E-04 
5.104E+04   2.176E+00  7.721E-04 
5.163E+04   2.159E+00  7.643E-04 
5.223E+04   2.141E+00  7.565E-04 
5.284E+04   2.124E+00  7.489E-04 
5.345E+04   2.106E+00  7.413E-04 
5.407E+04   2.089E+00  7.338E-04 
5.470E+04   2.072E+00  7.263E-04 
5.533E+04   2.056E+00  7.190E-04 
5.597E+04   2.039E+00  7.117E-04 
5.662E+04   2.022E+00  7.045E-04 
5.728E+04   2.006E+00  6.974E-04 
5.794E+04   1.990E+00  6.903E-04 
5.862E+04   1.974E+00  6.833E-04 
5.930E+04   1.958E+00  6.764E-04 
5.998E+04   1.942E+00  6.695E-04 
6.068E+04   1.926E+00  6.627E-04 
6.138E+04   1.911E+00  6.560E-04 
6.210E+04   1.895E+00  6.493E-04 
6.282E+04   1.880E+00  6.427E-04 
6.354E+04   1.865E+00  6.362E-04 
6.428E+04   1.850E+00  6.298E-04 
6.503E+04   1.835E+00  6.234E-04 
6.578E+04   1.820E+00  6.170E-04 
6.654E+04   1.805E+00  6.108E-04 
6.732E+04   1.791E+00  6.046E-04 
6.810E+04   1.776E+00  5.984E-04 
6.889E+04   1.762E+00  5.923E-04 
6.969E+04   1.748E+00  5.863E-04 
7.049E+04   1.734E+00  5.804E-04 
7.131E+04   1.720E+00  5.745E-04 
7.214E+04   1.706E+00  5.686E-04 
7.298E+04   1.692E+00  5.628E-04 
7.382E+04   1.679E+00  5.571E-04 
7.468E+04   1.665E+00  5.514E-04 
7.555E+04   1.652E+00  5.458E-04 
7.642E+04   1.639E+00  5.403E-04 
7.731E+04   1.626E+00  5.348E-04 
7.820E+04   1.613E+00  5.293E-04 
7.911E+04   1.600E+00  5.239E-04 
8.003E+04   1.587E+00  5.186E-04 
8.096E+04   1.574E+00  5.133E-04 
8.190E+04   1.562E+00  5.081E-04 
8.285E+04   1.549E+00  5.029E-04 
8.381E+04   1.537E+00  4.978E-04 
8.478E+04   1.525E+00  4.927E-04 
8.576E+04   1.513E+00  4.877E-04 
8.676E+04   1.501E+00  4.827E-04 
8.776E+04   1.489E+00  4.778E-04 
8.878E+04   1.477E+00  4.729E-04 
8.981E+04   1.465E+00  4.681E-04 
9.085E+04   1.454E+00  4.633E-04 
9.191E+04   1.442E+00  4.586E-04 
9.297E+04   1.431E+00  4.539E-04 
9.405E+04   1.420E+00  4.493E-04 
9.514E+04   1.409E+00  4.447E-04 
9.625E+04   1.397E+00  4.402E-04 
9.736E+04   1.387E+00  4.357E-04 
9.849E+04   1.376E+00  4.312E-04 
9.963E+04   1.365E+00  4.268E-04 
1.008E+05   1.354E+00  4.225E-04 
