Ion = Helium      . Mass = 4.0026
Tgt = Ra (Solid). Density = 5.0222 g/cm3
Stopping Units =  eV/(1E15 atoms/cm2)
Energy(keV)  S(Elec)    S(Nuc)
1.000E+00   6.506E+00  1.641E+00 
1.013E+00   6.548E+00  1.646E+00 
1.026E+00   6.591E+00  1.651E+00 
1.039E+00   6.633E+00  1.655E+00 
1.053E+00   6.676E+00  1.660E+00 
1.067E+00   6.720E+00  1.665E+00 
1.081E+00   6.763E+00  1.670E+00 
1.095E+00   6.807E+00  1.674E+00 
1.109E+00   6.851E+00  1.679E+00 
1.123E+00   6.895E+00  1.684E+00 
1.138E+00   6.940E+00  1.688E+00 
1.153E+00   6.985E+00  1.693E+00 
1.168E+00   7.030E+00  1.697E+00 
1.183E+00   7.076E+00  1.702E+00 
1.198E+00   7.122E+00  1.707E+00 
1.214E+00   7.168E+00  1.711E+00 
1.229E+00   7.214E+00  1.716E+00 
1.245E+00   7.261E+00  1.720E+00 
1.262E+00   7.308E+00  1.725E+00 
1.278E+00   7.355E+00  1.729E+00 
1.295E+00   7.403E+00  1.734E+00 
1.311E+00   7.451E+00  1.738E+00 
1.329E+00   7.499E+00  1.742E+00 
1.346E+00   7.548E+00  1.747E+00 
1.363E+00   7.597E+00  1.751E+00 
1.381E+00   7.646E+00  1.756E+00 
1.399E+00   7.695E+00  1.760E+00 
1.417E+00   7.745E+00  1.764E+00 
1.436E+00   7.795E+00  1.768E+00 
1.454E+00   7.846E+00  1.773E+00 
1.473E+00   7.897E+00  1.777E+00 
1.492E+00   7.948E+00  1.781E+00 
1.512E+00   7.999E+00  1.785E+00 
1.531E+00   8.051E+00  1.790E+00 
1.551E+00   8.103E+00  1.794E+00 
1.571E+00   8.156E+00  1.798E+00 
1.592E+00   8.208E+00  1.802E+00 
1.612E+00   8.262E+00  1.806E+00 
1.633E+00   8.315E+00  1.810E+00 
1.655E+00   8.369E+00  1.814E+00 
1.676E+00   8.423E+00  1.818E+00 
1.698E+00   8.478E+00  1.822E+00 
1.720E+00   8.533E+00  1.826E+00 
1.742E+00   8.588E+00  1.830E+00 
1.765E+00   8.644E+00  1.834E+00 
1.788E+00   8.700E+00  1.838E+00 
1.811E+00   8.756E+00  1.842E+00 
1.835E+00   8.813E+00  1.846E+00 
1.859E+00   8.870E+00  1.850E+00 
1.883E+00   8.927E+00  1.854E+00 
1.907E+00   8.985E+00  1.857E+00 
1.932E+00   9.043E+00  1.861E+00 
1.957E+00   9.102E+00  1.865E+00 
1.983E+00   9.161E+00  1.868E+00 
2.008E+00   9.220E+00  1.872E+00 
2.034E+00   9.280E+00  1.876E+00 
2.061E+00   9.340E+00  1.879E+00 
2.088E+00   9.400E+00  1.883E+00 
2.115E+00   9.461E+00  1.887E+00 
2.142E+00   9.523E+00  1.890E+00 
2.170E+00   9.584E+00  1.894E+00 
2.198E+00   9.646E+00  1.897E+00 
2.227E+00   9.709E+00  1.901E+00 
2.256E+00   9.772E+00  1.904E+00 
2.285E+00   9.835E+00  1.907E+00 
2.315E+00   9.899E+00  1.911E+00 
2.345E+00   9.963E+00  1.914E+00 
2.375E+00   1.003E+01  1.917E+00 
2.406E+00   1.009E+01  1.921E+00 
2.438E+00   1.016E+01  1.924E+00 
2.469E+00   1.022E+01  1.927E+00 
2.501E+00   1.029E+01  1.930E+00 
2.534E+00   1.036E+01  1.933E+00 
2.567E+00   1.042E+01  1.937E+00 
2.600E+00   1.049E+01  1.940E+00 
2.634E+00   1.056E+01  1.943E+00 
2.668E+00   1.063E+01  1.946E+00 
2.703E+00   1.070E+01  1.949E+00 
2.738E+00   1.077E+01  1.952E+00 
2.773E+00   1.084E+01  1.955E+00 
2.810E+00   1.091E+01  1.958E+00 
2.846E+00   1.098E+01  1.960E+00 
2.883E+00   1.105E+01  1.963E+00 
2.921E+00   1.112E+01  1.966E+00 
2.958E+00   1.119E+01  1.969E+00 
2.997E+00   1.126E+01  1.971E+00 
3.036E+00   1.134E+01  1.974E+00 
3.075E+00   1.141E+01  1.977E+00 
3.115E+00   1.148E+01  1.979E+00 
3.156E+00   1.156E+01  1.982E+00 
3.197E+00   1.163E+01  1.985E+00 
3.238E+00   1.171E+01  1.987E+00 
3.280E+00   1.178E+01  1.990E+00 
3.323E+00   1.186E+01  1.992E+00 
3.366E+00   1.194E+01  1.994E+00 
3.410E+00   1.201E+01  1.997E+00 
3.454E+00   1.209E+01  1.999E+00 
3.499E+00   1.217E+01  2.001E+00 
3.545E+00   1.225E+01  2.004E+00 
3.591E+00   1.233E+01  2.006E+00 
3.637E+00   1.241E+01  2.008E+00 
3.685E+00   1.249E+01  2.010E+00 
3.733E+00   1.257E+01  2.012E+00 
3.781E+00   1.265E+01  2.014E+00 
3.830E+00   1.273E+01  2.016E+00 
3.880E+00   1.282E+01  2.018E+00 
3.930E+00   1.290E+01  2.020E+00 
3.982E+00   1.298E+01  2.022E+00 
4.033E+00   1.307E+01  2.024E+00 
4.086E+00   1.315E+01  2.026E+00 
4.139E+00   1.324E+01  2.028E+00 
4.193E+00   1.332E+01  2.029E+00 
4.247E+00   1.341E+01  2.031E+00 
4.302E+00   1.349E+01  2.033E+00 
4.358E+00   1.358E+01  2.034E+00 
4.415E+00   1.367E+01  2.036E+00 
4.472E+00   1.376E+01  2.037E+00 
4.530E+00   1.385E+01  2.039E+00 
4.589E+00   1.394E+01  2.040E+00 
4.649E+00   1.403E+01  2.042E+00 
4.709E+00   1.412E+01  2.043E+00 
4.770E+00   1.421E+01  2.044E+00 
4.832E+00   1.430E+01  2.046E+00 
4.895E+00   1.439E+01  2.047E+00 
4.959E+00   1.449E+01  2.048E+00 
5.023E+00   1.458E+01  2.049E+00 
5.089E+00   1.468E+01  2.050E+00 
5.155E+00   1.477E+01  2.051E+00 
5.222E+00   1.487E+01  2.052E+00 
5.290E+00   1.496E+01  2.053E+00 
5.358E+00   1.506E+01  2.054E+00 
5.428E+00   1.516E+01  2.055E+00 
5.499E+00   1.526E+01  2.056E+00 
5.570E+00   1.535E+01  2.057E+00 
5.642E+00   1.545E+01  2.057E+00 
5.716E+00   1.555E+01  2.058E+00 
5.790E+00   1.566E+01  2.059E+00 
5.865E+00   1.576E+01  2.059E+00 
5.942E+00   1.586E+01  2.060E+00 
6.019E+00   1.596E+01  2.060E+00 
6.097E+00   1.606E+01  2.061E+00 
6.176E+00   1.617E+01  2.061E+00 
6.256E+00   1.627E+01  2.061E+00 
6.338E+00   1.638E+01  2.062E+00 
6.420E+00   1.649E+01  2.062E+00 
6.504E+00   1.659E+01  2.062E+00 
6.588E+00   1.670E+01  2.062E+00 
6.674E+00   1.681E+01  2.062E+00 
6.760E+00   1.692E+01  2.062E+00 
6.848E+00   1.703E+01  2.062E+00 
6.937E+00   1.714E+01  2.062E+00 
7.027E+00   1.725E+01  2.062E+00 
7.119E+00   1.736E+01  2.062E+00 
7.211E+00   1.747E+01  2.062E+00 
7.305E+00   1.758E+01  2.062E+00 
7.400E+00   1.770E+01  2.061E+00 
7.496E+00   1.781E+01  2.061E+00 
7.594E+00   1.793E+01  2.061E+00 
7.692E+00   1.804E+01  2.060E+00 
7.792E+00   1.816E+01  2.060E+00 
7.894E+00   1.828E+01  2.059E+00 
7.996E+00   1.840E+01  2.058E+00 
8.100E+00   1.854E+01  2.058E+00 
8.205E+00   1.868E+01  2.057E+00 
8.312E+00   1.882E+01  2.056E+00 
8.420E+00   1.896E+01  2.055E+00 
8.529E+00   1.911E+01  2.055E+00 
8.640E+00   1.925E+01  2.054E+00 
8.753E+00   1.940E+01  2.053E+00 
8.866E+00   1.955E+01  2.052E+00 
8.982E+00   1.970E+01  2.051E+00 
9.098E+00   1.985E+01  2.049E+00 
9.217E+00   2.000E+01  2.048E+00 
9.336E+00   2.015E+01  2.047E+00 
9.458E+00   2.030E+01  2.046E+00 
9.581E+00   2.046E+01  2.044E+00 
9.705E+00   2.061E+01  2.043E+00 
9.831E+00   2.077E+01  2.041E+00 
9.959E+00   2.093E+01  2.040E+00 
1.009E+01   2.109E+01  2.038E+00 
1.022E+01   2.125E+01  2.037E+00 
1.035E+01   2.141E+01  2.035E+00 
1.049E+01   2.157E+01  2.033E+00 
1.062E+01   2.174E+01  2.032E+00 
1.076E+01   2.190E+01  2.030E+00 
1.090E+01   2.207E+01  2.028E+00 
1.104E+01   2.224E+01  2.026E+00 
1.119E+01   2.241E+01  2.024E+00 
1.133E+01   2.258E+01  2.022E+00 
1.148E+01   2.275E+01  2.020E+00 
1.163E+01   2.293E+01  2.018E+00 
1.178E+01   2.310E+01  2.015E+00 
1.193E+01   2.328E+01  2.013E+00 
1.209E+01   2.346E+01  2.011E+00 
1.224E+01   2.363E+01  2.009E+00 
1.240E+01   2.382E+01  2.006E+00 
1.256E+01   2.400E+01  2.004E+00 
1.273E+01   2.418E+01  2.001E+00 
1.289E+01   2.437E+01  1.998E+00 
1.306E+01   2.455E+01  1.996E+00 
1.323E+01   2.474E+01  1.993E+00 
1.340E+01   2.493E+01  1.990E+00 
1.358E+01   2.512E+01  1.988E+00 
1.375E+01   2.531E+01  1.985E+00 
1.393E+01   2.550E+01  1.982E+00 
1.411E+01   2.570E+01  1.979E+00 
1.430E+01   2.589E+01  1.976E+00 
1.448E+01   2.609E+01  1.973E+00 
1.467E+01   2.629E+01  1.970E+00 
1.486E+01   2.649E+01  1.966E+00 
1.505E+01   2.670E+01  1.963E+00 
1.525E+01   2.690E+01  1.960E+00 
1.545E+01   2.711E+01  1.957E+00 
1.565E+01   2.731E+01  1.953E+00 
1.585E+01   2.752E+01  1.950E+00 
1.606E+01   2.773E+01  1.946E+00 
1.627E+01   2.794E+01  1.943E+00 
1.648E+01   2.816E+01  1.939E+00 
1.669E+01   2.837E+01  1.936E+00 
1.691E+01   2.859E+01  1.932E+00 
1.713E+01   2.881E+01  1.928E+00 
1.735E+01   2.903E+01  1.924E+00 
1.758E+01   2.925E+01  1.920E+00 
1.781E+01   2.948E+01  1.917E+00 
1.804E+01   2.970E+01  1.913E+00 
1.827E+01   2.993E+01  1.909E+00 
1.851E+01   3.016E+01  1.905E+00 
1.875E+01   3.039E+01  1.900E+00 
1.899E+01   3.062E+01  1.896E+00 
1.924E+01   3.086E+01  1.892E+00 
1.949E+01   3.109E+01  1.888E+00 
1.974E+01   3.133E+01  1.884E+00 
2.000E+01   3.157E+01  1.879E+00 
2.026E+01   3.181E+01  1.875E+00 
2.052E+01   3.205E+01  1.870E+00 
2.079E+01   3.230E+01  1.866E+00 
2.106E+01   3.255E+01  1.861E+00 
2.133E+01   3.280E+01  1.857E+00 
2.161E+01   3.305E+01  1.852E+00 
2.189E+01   3.330E+01  1.847E+00 
2.218E+01   3.356E+01  1.843E+00 
2.247E+01   3.381E+01  1.838E+00 
2.276E+01   3.407E+01  1.833E+00 
2.305E+01   3.433E+01  1.828E+00 
2.335E+01   3.459E+01  1.823E+00 
2.366E+01   3.486E+01  1.818E+00 
2.396E+01   3.513E+01  1.813E+00 
2.428E+01   3.540E+01  1.808E+00 
2.459E+01   3.567E+01  1.803E+00 
2.491E+01   3.594E+01  1.798E+00 
2.523E+01   3.621E+01  1.793E+00 
2.556E+01   3.649E+01  1.788E+00 
2.589E+01   3.677E+01  1.782E+00 
2.623E+01   3.705E+01  1.777E+00 
2.657E+01   3.734E+01  1.772E+00 
2.692E+01   3.762E+01  1.766E+00 
2.727E+01   3.791E+01  1.761E+00 
2.762E+01   3.820E+01  1.756E+00 
2.798E+01   3.849E+01  1.750E+00 
2.834E+01   3.879E+01  1.745E+00 
2.871E+01   3.908E+01  1.739E+00 
2.909E+01   3.938E+01  1.733E+00 
2.946E+01   3.968E+01  1.728E+00 
2.985E+01   3.999E+01  1.722E+00 
3.023E+01   4.029E+01  1.716E+00 
3.063E+01   4.060E+01  1.711E+00 
3.103E+01   4.091E+01  1.705E+00 
3.143E+01   4.123E+01  1.699E+00 
3.184E+01   4.154E+01  1.693E+00 
3.225E+01   4.186E+01  1.687E+00 
3.267E+01   4.218E+01  1.681E+00 
3.309E+01   4.250E+01  1.675E+00 
3.352E+01   4.283E+01  1.669E+00 
3.396E+01   4.315E+01  1.663E+00 
3.440E+01   4.348E+01  1.657E+00 
3.485E+01   4.382E+01  1.651E+00 
3.530E+01   4.415E+01  1.645E+00 
3.576E+01   4.449E+01  1.639E+00 
3.623E+01   4.483E+01  1.633E+00 
3.670E+01   4.517E+01  1.626E+00 
3.717E+01   4.552E+01  1.620E+00 
3.766E+01   4.586E+01  1.614E+00 
3.815E+01   4.621E+01  1.608E+00 
3.864E+01   4.657E+01  1.601E+00 
3.914E+01   4.692E+01  1.595E+00 
3.965E+01   4.728E+01  1.589E+00 
4.017E+01   4.764E+01  1.582E+00 
4.069E+01   4.800E+01  1.576E+00 
4.122E+01   4.837E+01  1.569E+00 
4.175E+01   4.874E+01  1.563E+00 
4.230E+01   4.911E+01  1.556E+00 
4.285E+01   4.948E+01  1.550E+00 
4.340E+01   4.986E+01  1.543E+00 
4.397E+01   5.024E+01  1.537E+00 
4.454E+01   5.062E+01  1.530E+00 
4.512E+01   5.101E+01  1.524E+00 
4.570E+01   5.140E+01  1.517E+00 
4.630E+01   5.179E+01  1.510E+00 
4.690E+01   5.218E+01  1.504E+00 
4.751E+01   5.258E+01  1.497E+00 
4.813E+01   5.298E+01  1.490E+00 
4.875E+01   5.338E+01  1.484E+00 
4.939E+01   5.379E+01  1.477E+00 
5.003E+01   5.420E+01  1.470E+00 
5.068E+01   5.461E+01  1.463E+00 
5.134E+01   5.502E+01  1.457E+00 
5.200E+01   5.544E+01  1.450E+00 
5.268E+01   5.586E+01  1.443E+00 
5.336E+01   5.629E+01  1.436E+00 
5.406E+01   5.671E+01  1.429E+00 
5.476E+01   5.714E+01  1.423E+00 
5.547E+01   5.758E+01  1.416E+00 
5.619E+01   5.801E+01  1.409E+00 
5.692E+01   5.845E+01  1.402E+00 
5.766E+01   5.890E+01  1.395E+00 
5.841E+01   5.934E+01  1.388E+00 
5.917E+01   5.979E+01  1.381E+00 
5.994E+01   6.024E+01  1.375E+00 
6.072E+01   6.070E+01  1.368E+00 
6.151E+01   6.116E+01  1.361E+00 
6.231E+01   6.162E+01  1.354E+00 
6.312E+01   6.208E+01  1.347E+00 
6.394E+01   6.255E+01  1.340E+00 
6.477E+01   6.302E+01  1.333E+00 
6.561E+01   6.350E+01  1.326E+00 
6.646E+01   6.397E+01  1.319E+00 
6.733E+01   6.446E+01  1.312E+00 
6.820E+01   6.494E+01  1.305E+00 
6.909E+01   6.543E+01  1.298E+00 
6.999E+01   6.592E+01  1.291E+00 
7.090E+01   6.642E+01  1.284E+00 
7.182E+01   6.691E+01  1.278E+00 
7.275E+01   6.742E+01  1.271E+00 
7.370E+01   6.792E+01  1.264E+00 
7.465E+01   6.843E+01  1.257E+00 
7.562E+01   6.894E+01  1.250E+00 
7.661E+01   6.946E+01  1.243E+00 
7.760E+01   6.998E+01  1.236E+00 
7.861E+01   7.050E+01  1.229E+00 
7.963E+01   7.102E+01  1.222E+00 
8.067E+01   7.155E+01  1.215E+00 
8.172E+01   7.209E+01  1.208E+00 
8.278E+01   7.262E+01  1.201E+00 
8.385E+01   7.316E+01  1.194E+00 
8.494E+01   7.371E+01  1.187E+00 
8.605E+01   7.426E+01  1.180E+00 
8.717E+01   7.481E+01  1.174E+00 
8.830E+01   7.536E+01  1.167E+00 
8.945E+01   7.592E+01  1.160E+00 
9.061E+01   7.648E+01  1.153E+00 
9.179E+01   7.705E+01  1.146E+00 
9.298E+01   7.761E+01  1.139E+00 
9.419E+01   7.819E+01  1.132E+00 
9.541E+01   7.876E+01  1.126E+00 
9.665E+01   7.934E+01  1.119E+00 
9.791E+01   7.993E+01  1.112E+00 
9.918E+01   8.051E+01  1.105E+00 
1.005E+02   8.110E+01  1.098E+00 
1.018E+02   8.170E+01  1.092E+00 
1.031E+02   8.230E+01  1.085E+00 
1.044E+02   8.290E+01  1.078E+00 
1.058E+02   8.350E+01  1.071E+00 
1.072E+02   8.411E+01  1.065E+00 
1.086E+02   8.472E+01  1.058E+00 
1.100E+02   8.534E+01  1.051E+00 
1.114E+02   8.596E+01  1.045E+00 
1.129E+02   8.658E+01  1.038E+00 
1.143E+02   8.721E+01  1.031E+00 
1.158E+02   8.784E+01  1.025E+00 
1.173E+02   8.848E+01  1.018E+00 
1.188E+02   8.911E+01  1.011E+00 
1.204E+02   8.975E+01  1.005E+00 
1.219E+02   9.040E+01  9.983E-01 
1.235E+02   9.105E+01  9.917E-01 
1.251E+02   9.170E+01  9.852E-01 
1.268E+02   9.236E+01  9.787E-01 
1.284E+02   9.302E+01  9.722E-01 
1.301E+02   9.368E+01  9.657E-01 
1.318E+02   9.434E+01  9.593E-01 
1.335E+02   9.501E+01  9.529E-01 
1.352E+02   9.569E+01  9.464E-01 
1.370E+02   9.636E+01  9.401E-01 
1.388E+02   9.704E+01  9.337E-01 
1.406E+02   9.773E+01  9.273E-01 
1.424E+02   9.841E+01  9.210E-01 
1.442E+02   9.911E+01  9.147E-01 
1.461E+02   9.980E+01  9.084E-01 
1.480E+02   1.005E+02  9.021E-01 
1.499E+02   1.012E+02  8.959E-01 
1.519E+02   1.019E+02  8.897E-01 
1.539E+02   1.026E+02  8.835E-01 
1.559E+02   1.033E+02  8.773E-01 
1.579E+02   1.040E+02  8.711E-01 
1.599E+02   1.047E+02  8.650E-01 
1.620E+02   1.055E+02  8.589E-01 
1.641E+02   1.062E+02  8.528E-01 
1.662E+02   1.069E+02  8.467E-01 
1.684E+02   1.076E+02  8.407E-01 
1.706E+02   1.084E+02  8.347E-01 
1.728E+02   1.091E+02  8.287E-01 
1.751E+02   1.098E+02  8.227E-01 
1.773E+02   1.106E+02  8.168E-01 
1.796E+02   1.113E+02  8.109E-01 
1.820E+02   1.121E+02  8.050E-01 
1.843E+02   1.128E+02  7.991E-01 
1.867E+02   1.136E+02  7.933E-01 
1.892E+02   1.143E+02  7.875E-01 
1.916E+02   1.151E+02  7.817E-01 
1.941E+02   1.158E+02  7.759E-01 
1.966E+02   1.166E+02  7.702E-01 
1.992E+02   1.174E+02  7.645E-01 
2.018E+02   1.181E+02  7.588E-01 
2.044E+02   1.189E+02  7.531E-01 
2.071E+02   1.196E+02  7.475E-01 
2.097E+02   1.204E+02  7.419E-01 
2.125E+02   1.212E+02  7.363E-01 
2.152E+02   1.220E+02  7.307E-01 
2.180E+02   1.227E+02  7.252E-01 
2.209E+02   1.235E+02  7.197E-01 
2.237E+02   1.243E+02  7.142E-01 
2.266E+02   1.251E+02  7.088E-01 
2.296E+02   1.258E+02  7.034E-01 
2.326E+02   1.266E+02  6.980E-01 
2.356E+02   1.274E+02  6.926E-01 
2.387E+02   1.282E+02  6.873E-01 
2.418E+02   1.290E+02  6.820E-01 
2.449E+02   1.298E+02  6.767E-01 
2.481E+02   1.305E+02  6.715E-01 
2.513E+02   1.313E+02  6.662E-01 
2.546E+02   1.321E+02  6.610E-01 
2.579E+02   1.329E+02  6.559E-01 
2.612E+02   1.337E+02  6.507E-01 
2.646E+02   1.345E+02  6.456E-01 
2.681E+02   1.353E+02  6.405E-01 
2.716E+02   1.360E+02  6.355E-01 
2.751E+02   1.368E+02  6.304E-01 
2.787E+02   1.376E+02  6.254E-01 
2.823E+02   1.384E+02  6.204E-01 
2.859E+02   1.392E+02  6.155E-01 
2.897E+02   1.400E+02  6.106E-01 
2.934E+02   1.407E+02  6.057E-01 
2.972E+02   1.415E+02  6.008E-01 
3.011E+02   1.423E+02  5.960E-01 
3.050E+02   1.431E+02  5.912E-01 
3.090E+02   1.438E+02  5.864E-01 
3.130E+02   1.446E+02  5.817E-01 
3.171E+02   1.454E+02  5.769E-01 
3.212E+02   1.461E+02  5.722E-01 
3.254E+02   1.469E+02  5.676E-01 
3.296E+02   1.477E+02  5.629E-01 
3.339E+02   1.484E+02  5.583E-01 
3.382E+02   1.492E+02  5.537E-01 
3.426E+02   1.499E+02  5.492E-01 
3.471E+02   1.507E+02  5.447E-01 
3.516E+02   1.514E+02  5.402E-01 
3.561E+02   1.522E+02  5.357E-01 
3.608E+02   1.529E+02  5.313E-01 
3.655E+02   1.536E+02  5.268E-01 
3.702E+02   1.543E+02  5.225E-01 
3.750E+02   1.551E+02  5.181E-01 
3.799E+02   1.558E+02  5.138E-01 
3.848E+02   1.565E+02  5.095E-01 
3.898E+02   1.572E+02  5.052E-01 
3.949E+02   1.579E+02  5.009E-01 
4.000E+02   1.586E+02  4.967E-01 
4.052E+02   1.593E+02  4.925E-01 
4.105E+02   1.599E+02  4.884E-01 
4.158E+02   1.606E+02  4.842E-01 
4.212E+02   1.613E+02  4.801E-01 
4.267E+02   1.619E+02  4.760E-01 
4.323E+02   1.626E+02  4.720E-01 
4.379E+02   1.632E+02  4.680E-01 
4.436E+02   1.639E+02  4.640E-01 
4.493E+02   1.645E+02  4.600E-01 
4.552E+02   1.651E+02  4.560E-01 
4.611E+02   1.657E+02  4.521E-01 
4.671E+02   1.663E+02  4.482E-01 
4.731E+02   1.669E+02  4.444E-01 
4.793E+02   1.675E+02  4.405E-01 
4.855E+02   1.680E+02  4.367E-01 
4.918E+02   1.686E+02  4.329E-01 
4.982E+02   1.691E+02  4.292E-01 
5.047E+02   1.697E+02  4.254E-01 
5.113E+02   1.702E+02  4.217E-01 
5.179E+02   1.707E+02  4.180E-01 
5.246E+02   1.712E+02  4.144E-01 
5.315E+02   1.717E+02  4.108E-01 
5.384E+02   1.722E+02  4.072E-01 
5.454E+02   1.727E+02  4.036E-01 
5.524E+02   1.731E+02  4.000E-01 
5.596E+02   1.736E+02  3.965E-01 
5.669E+02   1.740E+02  3.930E-01 
5.743E+02   1.744E+02  3.895E-01 
5.817E+02   1.748E+02  3.861E-01 
5.893E+02   1.752E+02  3.827E-01 
5.969E+02   1.756E+02  3.793E-01 
6.047E+02   1.760E+02  3.759E-01 
6.126E+02   1.763E+02  3.725E-01 
6.205E+02   1.766E+02  3.692E-01 
6.286E+02   1.770E+02  3.659E-01 
6.368E+02   1.773E+02  3.626E-01 
6.450E+02   1.775E+02  3.594E-01 
6.534E+02   1.778E+02  3.562E-01 
6.619E+02   1.781E+02  3.676E-01 
6.705E+02   1.783E+02  3.642E-01 
6.792E+02   1.785E+02  3.609E-01 
6.881E+02   1.788E+02  3.576E-01 
6.970E+02   1.789E+02  3.543E-01 
7.061E+02   1.791E+02  3.511E-01 
7.152E+02   1.793E+02  3.479E-01 
7.245E+02   1.794E+02  3.447E-01 
7.339E+02   1.796E+02  3.415E-01 
7.435E+02   1.797E+02  3.384E-01 
7.531E+02   1.798E+02  3.353E-01 
7.629E+02   1.798E+02  3.322E-01 
7.728E+02   1.799E+02  3.291E-01 
7.829E+02   1.799E+02  3.261E-01 
7.931E+02   1.799E+02  3.230E-01 
8.034E+02   1.800E+02  3.200E-01 
8.138E+02   1.799E+02  3.171E-01 
8.244E+02   1.799E+02  3.141E-01 
8.351E+02   1.799E+02  3.112E-01 
8.460E+02   1.798E+02  3.083E-01 
8.570E+02   1.797E+02  3.054E-01 
8.681E+02   1.796E+02  3.025E-01 
8.794E+02   1.795E+02  2.997E-01 
8.908E+02   1.793E+02  2.969E-01 
9.024E+02   1.792E+02  2.941E-01 
9.141E+02   1.790E+02  2.914E-01 
9.260E+02   1.788E+02  2.886E-01 
9.380E+02   1.786E+02  2.859E-01 
9.502E+02   1.784E+02  2.832E-01 
9.626E+02   1.781E+02  2.805E-01 
9.751E+02   1.779E+02  2.779E-01 
9.877E+02   1.776E+02  2.752E-01 
1.001E+03   1.773E+02  2.726E-01 
1.014E+03   1.770E+02  2.700E-01 
1.027E+03   1.766E+02  2.675E-01 
1.040E+03   1.763E+02  2.649E-01 
1.054E+03   1.759E+02  2.624E-01 
1.067E+03   1.755E+02  2.599E-01 
1.081E+03   1.751E+02  2.574E-01 
1.095E+03   1.747E+02  2.549E-01 
1.109E+03   1.743E+02  2.525E-01 
1.124E+03   1.738E+02  2.501E-01 
1.138E+03   1.733E+02  2.477E-01 
1.153E+03   1.728E+02  2.453E-01 
1.168E+03   1.723E+02  2.429E-01 
1.183E+03   1.718E+02  2.406E-01 
1.199E+03   1.713E+02  2.383E-01 
1.214E+03   1.707E+02  2.360E-01 
1.230E+03   1.702E+02  2.337E-01 
1.246E+03   1.696E+02  2.315E-01 
1.262E+03   1.690E+02  2.292E-01 
1.279E+03   1.684E+02  2.270E-01 
1.295E+03   1.678E+02  2.248E-01 
1.312E+03   1.672E+02  2.226E-01 
1.329E+03   1.665E+02  2.204E-01 
1.347E+03   1.659E+02  2.183E-01 
1.364E+03   1.652E+02  2.162E-01 
1.382E+03   1.645E+02  2.141E-01 
1.400E+03   1.638E+02  2.120E-01 
1.418E+03   1.631E+02  2.099E-01 
1.436E+03   1.624E+02  2.079E-01 
1.455E+03   1.617E+02  2.058E-01 
1.474E+03   1.609E+02  2.038E-01 
1.493E+03   1.602E+02  2.018E-01 
1.513E+03   1.594E+02  1.998E-01 
1.532E+03   1.586E+02  1.979E-01 
1.552E+03   1.579E+02  1.959E-01 
1.572E+03   1.571E+02  1.940E-01 
1.593E+03   1.563E+02  1.921E-01 
1.613E+03   1.555E+02  1.902E-01 
1.634E+03   1.547E+02  1.883E-01 
1.656E+03   1.539E+02  1.865E-01 
1.677E+03   1.530E+02  1.846E-01 
1.699E+03   1.522E+02  1.828E-01 
1.721E+03   1.514E+02  1.810E-01 
1.743E+03   1.505E+02  1.792E-01 
1.766E+03   1.497E+02  1.774E-01 
1.789E+03   1.488E+02  1.757E-01 
1.812E+03   1.479E+02  1.739E-01 
1.836E+03   1.471E+02  1.722E-01 
1.860E+03   1.462E+02  1.705E-01 
1.884E+03   1.453E+02  1.688E-01 
1.908E+03   1.445E+02  1.671E-01 
1.933E+03   1.436E+02  1.654E-01 
1.958E+03   1.427E+02  1.638E-01 
1.984E+03   1.418E+02  1.621E-01 
2.009E+03   1.409E+02  1.605E-01 
2.036E+03   1.400E+02  1.589E-01 
2.062E+03   1.391E+02  1.573E-01 
2.089E+03   1.383E+02  1.557E-01 
2.116E+03   1.374E+02  1.542E-01 
2.143E+03   1.365E+02  1.526E-01 
2.171E+03   1.356E+02  1.511E-01 
2.200E+03   1.347E+02  1.496E-01 
2.228E+03   1.338E+02  1.481E-01 
2.257E+03   1.329E+02  1.466E-01 
2.286E+03   1.320E+02  1.451E-01 
2.316E+03   1.311E+02  1.436E-01 
2.346E+03   1.302E+02  1.422E-01 
2.377E+03   1.293E+02  1.407E-01 
2.408E+03   1.284E+02  1.393E-01 
2.439E+03   1.276E+02  1.379E-01 
2.471E+03   1.267E+02  1.365E-01 
2.503E+03   1.258E+02  1.351E-01 
2.535E+03   1.249E+02  1.338E-01 
2.568E+03   1.240E+02  1.324E-01 
2.602E+03   1.232E+02  1.311E-01 
2.635E+03   1.223E+02  1.297E-01 
2.670E+03   1.214E+02  1.284E-01 
2.704E+03   1.206E+02  1.271E-01 
2.740E+03   1.197E+02  1.258E-01 
2.775E+03   1.189E+02  1.245E-01 
2.811E+03   1.180E+02  1.233E-01 
2.848E+03   1.172E+02  1.220E-01 
2.885E+03   1.164E+02  1.207E-01 
2.922E+03   1.155E+02  1.195E-01 
2.960E+03   1.147E+02  1.183E-01 
2.999E+03   1.139E+02  1.171E-01 
3.038E+03   1.130E+02  1.159E-01 
3.077E+03   1.122E+02  1.147E-01 
3.117E+03   1.114E+02  1.135E-01 
3.158E+03   1.106E+02  1.124E-01 
3.199E+03   1.098E+02  1.112E-01 
3.240E+03   1.090E+02  1.101E-01 
3.282E+03   1.082E+02  1.089E-01 
3.325E+03   1.075E+02  1.078E-01 
3.368E+03   1.067E+02  1.067E-01 
3.412E+03   1.059E+02  1.056E-01 
3.456E+03   1.052E+02  1.045E-01 
3.501E+03   1.044E+02  1.034E-01 
3.547E+03   1.037E+02  1.024E-01 
3.593E+03   1.029E+02  1.013E-01 
3.640E+03   1.022E+02  1.003E-01 
3.687E+03   1.014E+02  9.923E-02 
3.735E+03   1.007E+02  9.820E-02 
3.783E+03   9.999E+01  9.718E-02 
3.832E+03   9.927E+01  9.618E-02 
3.882E+03   9.857E+01  9.518E-02 
3.933E+03   9.786E+01  9.419E-02 
3.984E+03   9.717E+01  9.322E-02 
4.036E+03   9.648E+01  9.225E-02 
4.088E+03   9.580E+01  9.129E-02 
4.141E+03   9.512E+01  9.034E-02 
4.195E+03   9.445E+01  8.940E-02 
4.250E+03   9.378E+01  8.847E-02 
4.305E+03   9.312E+01  8.755E-02 
4.361E+03   9.247E+01  8.664E-02 
4.417E+03   9.182E+01  8.574E-02 
4.475E+03   9.118E+01  8.484E-02 
4.533E+03   9.055E+01  8.396E-02 
4.592E+03   8.992E+01  8.308E-02 
4.652E+03   8.929E+01  8.221E-02 
4.712E+03   8.868E+01  8.135E-02 
4.773E+03   8.806E+01  8.050E-02 
4.835E+03   8.746E+01  7.966E-02 
4.898E+03   8.686E+01  7.883E-02 
4.962E+03   8.626E+01  7.800E-02 
5.026E+03   8.567E+01  7.718E-02 
5.092E+03   8.509E+01  7.637E-02 
5.158E+03   8.451E+01  7.557E-02 
5.225E+03   8.394E+01  7.478E-02 
5.293E+03   8.337E+01  7.399E-02 
5.362E+03   8.281E+01  7.322E-02 
5.431E+03   8.225E+01  7.245E-02 
5.502E+03   8.170E+01  7.169E-02 
5.573E+03   8.115E+01  7.093E-02 
5.646E+03   8.061E+01  7.018E-02 
5.719E+03   8.007E+01  6.945E-02 
5.793E+03   7.954E+01  6.871E-02 
5.869E+03   7.901E+01  6.799E-02 
5.945E+03   7.849E+01  6.727E-02 
6.022E+03   7.797E+01  6.656E-02 
6.101E+03   7.746E+01  6.586E-02 
6.180E+03   7.695E+01  6.516E-02 
6.260E+03   7.644E+01  6.447E-02 
6.341E+03   7.594E+01  6.379E-02 
6.424E+03   7.545E+01  6.312E-02 
6.507E+03   7.496E+01  6.245E-02 
6.592E+03   7.447E+01  6.179E-02 
6.678E+03   7.399E+01  6.113E-02 
6.764E+03   7.351E+01  6.048E-02 
6.852E+03   7.303E+01  5.984E-02 
6.941E+03   7.256E+01  5.921E-02 
7.032E+03   7.210E+01  5.858E-02 
7.123E+03   7.163E+01  5.796E-02 
7.216E+03   7.117E+01  5.734E-02 
7.309E+03   7.072E+01  5.673E-02 
7.404E+03   7.027E+01  5.613E-02 
7.501E+03   6.982E+01  5.553E-02 
7.598E+03   6.937E+01  5.494E-02 
7.697E+03   6.893E+01  5.435E-02 
7.797E+03   6.849E+01  5.378E-02 
7.898E+03   6.806E+01  5.320E-02 
8.001E+03   6.763E+01  5.263E-02 
8.105E+03   6.720E+01  5.207E-02 
8.210E+03   6.676E+01  5.152E-02 
8.317E+03   6.631E+01  5.097E-02 
8.425E+03   6.587E+01  5.042E-02 
8.534E+03   6.541E+01  4.988E-02 
8.645E+03   6.495E+01  4.935E-02 
8.758E+03   6.448E+01  4.882E-02 
8.871E+03   6.401E+01  4.830E-02 
8.987E+03   6.353E+01  4.778E-02 
9.104E+03   6.304E+01  4.727E-02 
9.222E+03   6.255E+01  4.676E-02 
9.342E+03   6.205E+01  4.626E-02 
9.463E+03   6.155E+01  4.577E-02 
9.586E+03   6.104E+01  4.528E-02 
9.711E+03   6.060E+01  4.479E-02 
9.837E+03   6.019E+01  4.431E-02 
9.965E+03   5.977E+01  4.383E-02 
1.009E+04   5.936E+01  4.336E-02 
1.023E+04   5.894E+01  4.290E-02 
1.036E+04   5.853E+01  4.243E-02 
1.049E+04   5.813E+01  4.198E-02 
1.063E+04   5.772E+01  4.153E-02 
1.077E+04   5.731E+01  4.108E-02 
1.091E+04   5.691E+01  4.064E-02 
1.105E+04   5.651E+01  4.020E-02 
1.119E+04   5.611E+01  3.976E-02 
1.134E+04   5.572E+01  3.934E-02 
1.149E+04   5.532E+01  3.891E-02 
1.163E+04   5.493E+01  3.849E-02 
1.179E+04   5.454E+01  3.808E-02 
1.194E+04   5.415E+01  3.766E-02 
1.209E+04   5.376E+01  3.726E-02 
1.225E+04   5.338E+01  3.685E-02 
1.241E+04   5.299E+01  3.646E-02 
1.257E+04   5.261E+01  3.606E-02 
1.274E+04   5.223E+01  3.567E-02 
1.290E+04   5.186E+01  3.528E-02 
1.307E+04   5.148E+01  3.490E-02 
1.324E+04   5.111E+01  3.452E-02 
1.341E+04   5.073E+01  3.415E-02 
1.358E+04   5.036E+01  3.378E-02 
1.376E+04   5.000E+01  3.341E-02 
1.394E+04   4.963E+01  3.305E-02 
1.412E+04   4.927E+01  3.269E-02 
1.431E+04   4.891E+01  3.234E-02 
1.449E+04   4.855E+01  3.199E-02 
1.468E+04   4.819E+01  3.164E-02 
1.487E+04   4.783E+01  3.129E-02 
1.506E+04   4.748E+01  3.095E-02 
1.526E+04   4.712E+01  3.062E-02 
1.546E+04   4.677E+01  3.028E-02 
1.566E+04   4.643E+01  2.995E-02 
1.586E+04   4.608E+01  2.963E-02 
1.607E+04   4.574E+01  2.930E-02 
1.628E+04   4.539E+01  2.899E-02 
1.649E+04   4.505E+01  2.867E-02 
1.670E+04   4.471E+01  2.836E-02 
1.692E+04   4.438E+01  2.805E-02 
1.714E+04   4.404E+01  2.774E-02 
1.736E+04   4.371E+01  2.744E-02 
1.759E+04   4.338E+01  2.714E-02 
1.782E+04   4.305E+01  2.684E-02 
1.805E+04   4.272E+01  2.655E-02 
1.828E+04   4.239E+01  2.626E-02 
1.852E+04   4.207E+01  2.597E-02 
1.876E+04   4.175E+01  2.569E-02 
1.900E+04   4.143E+01  2.541E-02 
1.925E+04   4.111E+01  2.513E-02 
1.950E+04   4.079E+01  2.485E-02 
1.976E+04   4.048E+01  2.458E-02 
2.001E+04   4.017E+01  2.431E-02 
2.027E+04   3.986E+01  2.405E-02 
2.054E+04   3.955E+01  2.378E-02 
2.080E+04   3.924E+01  2.352E-02 
2.107E+04   3.893E+01  2.326E-02 
2.135E+04   3.863E+01  2.301E-02 
2.162E+04   3.833E+01  2.275E-02 
2.191E+04   3.803E+01  2.251E-02 
2.219E+04   3.773E+01  2.226E-02 
2.248E+04   3.744E+01  2.201E-02 
2.277E+04   3.714E+01  2.177E-02 
2.307E+04   3.685E+01  2.153E-02 
2.337E+04   3.656E+01  2.130E-02 
2.367E+04   3.627E+01  2.106E-02 
2.398E+04   3.598E+01  2.083E-02 
2.429E+04   3.570E+01  2.060E-02 
2.461E+04   3.541E+01  2.037E-02 
2.492E+04   3.513E+01  2.015E-02 
2.525E+04   3.485E+01  1.993E-02 
2.558E+04   3.457E+01  1.971E-02 
2.591E+04   3.430E+01  1.949E-02 
2.625E+04   3.402E+01  1.927E-02 
2.659E+04   3.375E+01  1.906E-02 
2.693E+04   3.348E+01  1.885E-02 
2.728E+04   3.321E+01  1.864E-02 
2.764E+04   3.294E+01  1.844E-02 
2.800E+04   3.267E+01  1.823E-02 
2.836E+04   3.241E+01  1.803E-02 
2.873E+04   3.215E+01  1.783E-02 
2.910E+04   3.189E+01  1.764E-02 
2.948E+04   3.163E+01  1.744E-02 
2.986E+04   3.137E+01  1.725E-02 
3.025E+04   3.111E+01  1.706E-02 
3.065E+04   3.086E+01  1.687E-02 
3.104E+04   3.061E+01  1.668E-02 
3.145E+04   3.036E+01  1.650E-02 
3.186E+04   3.011E+01  1.631E-02 
3.227E+04   2.986E+01  1.613E-02 
3.269E+04   2.961E+01  1.595E-02 
3.311E+04   2.937E+01  1.578E-02 
3.354E+04   2.913E+01  1.560E-02 
3.398E+04   2.889E+01  1.543E-02 
3.442E+04   2.865E+01  1.526E-02 
3.487E+04   2.841E+01  1.509E-02 
3.532E+04   2.817E+01  1.492E-02 
3.578E+04   2.794E+01  1.476E-02 
3.625E+04   2.771E+01  1.459E-02 
3.672E+04   2.748E+01  1.443E-02 
3.719E+04   2.725E+01  1.427E-02 
3.768E+04   2.702E+01  1.411E-02 
3.817E+04   2.679E+01  1.395E-02 
3.866E+04   2.657E+01  1.380E-02 
3.917E+04   2.634E+01  1.365E-02 
3.968E+04   2.612E+01  1.349E-02 
4.019E+04   2.590E+01  1.334E-02 
4.071E+04   2.568E+01  1.320E-02 
4.124E+04   2.547E+01  1.305E-02 
4.178E+04   2.525E+01  1.290E-02 
4.232E+04   2.504E+01  1.276E-02 
4.287E+04   2.483E+01  1.262E-02 
4.343E+04   2.462E+01  1.248E-02 
4.399E+04   2.441E+01  1.234E-02 
4.456E+04   2.420E+01  1.220E-02 
4.514E+04   2.399E+01  1.206E-02 
4.573E+04   2.379E+01  1.193E-02 
4.632E+04   2.358E+01  1.180E-02 
4.693E+04   2.338E+01  1.166E-02 
4.754E+04   2.318E+01  1.153E-02 
4.815E+04   2.298E+01  1.140E-02 
4.878E+04   2.279E+01  1.128E-02 
4.941E+04   2.259E+01  1.115E-02 
5.006E+04   2.240E+01  1.103E-02 
5.071E+04   2.220E+01  1.090E-02 
5.137E+04   2.201E+01  1.078E-02 
5.203E+04   2.182E+01  1.066E-02 
5.271E+04   2.163E+01  1.054E-02 
5.340E+04   2.144E+01  1.042E-02 
5.409E+04   2.126E+01  1.031E-02 
5.479E+04   2.107E+01  1.019E-02 
5.550E+04   2.089E+01  1.008E-02 
5.623E+04   2.071E+01  9.964E-03 
5.696E+04   2.053E+01  9.853E-03 
5.770E+04   2.035E+01  9.742E-03 
5.845E+04   2.017E+01  9.633E-03 
5.921E+04   2.000E+01  9.525E-03 
5.998E+04   1.982E+01  9.418E-03 
6.075E+04   1.965E+01  9.312E-03 
6.154E+04   1.948E+01  9.208E-03 
6.234E+04   1.930E+01  9.105E-03 
6.315E+04   1.914E+01  9.002E-03 
6.398E+04   1.897E+01  8.901E-03 
6.481E+04   1.880E+01  8.801E-03 
6.565E+04   1.863E+01  8.702E-03 
6.650E+04   1.847E+01  8.605E-03 
6.737E+04   1.831E+01  8.508E-03 
6.824E+04   1.815E+01  8.412E-03 
6.913E+04   1.799E+01  8.318E-03 
7.003E+04   1.783E+01  8.224E-03 
7.094E+04   1.767E+01  8.132E-03 
7.186E+04   1.751E+01  8.040E-03 
7.279E+04   1.736E+01  7.950E-03 
7.374E+04   1.720E+01  7.860E-03 
7.470E+04   1.705E+01  7.772E-03 
7.567E+04   1.690E+01  7.684E-03 
7.665E+04   1.675E+01  7.597E-03 
7.765E+04   1.660E+01  7.512E-03 
7.866E+04   1.645E+01  7.427E-03 
7.968E+04   1.630E+01  7.343E-03 
8.072E+04   1.616E+01  7.261E-03 
8.176E+04   1.601E+01  7.179E-03 
8.283E+04   1.587E+01  7.098E-03 
8.390E+04   1.573E+01  7.018E-03 
8.499E+04   1.559E+01  6.938E-03 
8.610E+04   1.545E+01  6.860E-03 
8.722E+04   1.531E+01  6.783E-03 
8.835E+04   1.517E+01  6.706E-03 
8.950E+04   1.503E+01  6.630E-03 
9.066E+04   1.490E+01  6.555E-03 
9.184E+04   1.476E+01  6.481E-03 
9.303E+04   1.463E+01  6.408E-03 
9.424E+04   1.450E+01  6.336E-03 
9.547E+04   1.437E+01  6.264E-03 
9.671E+04   1.424E+01  6.193E-03 
9.797E+04   1.411E+01  6.123E-03 
9.924E+04   1.398E+01  6.054E-03 
1.005E+05   1.386E+01  5.985E-03 
1.018E+05   1.373E+01  5.918E-03 
1.032E+05   1.361E+01  5.851E-03 
1.045E+05   1.348E+01  5.784E-03 
1.059E+05   1.336E+01  5.719E-03 
1.072E+05   1.324E+01  5.654E-03 
1.086E+05   1.312E+01  5.590E-03 
1.100E+05   1.300E+01  5.527E-03 
1.115E+05   1.288E+01  5.464E-03 
1.129E+05   1.277E+01  5.402E-03 
1.144E+05   1.265E+01  5.341E-03 
1.159E+05   1.254E+01  5.280E-03 
1.174E+05   1.242E+01  5.220E-03 
1.189E+05   1.231E+01  5.161E-03 
1.204E+05   1.220E+01  5.103E-03 
1.220E+05   1.208E+01  5.045E-03 
1.236E+05   1.197E+01  4.987E-03 
1.252E+05   1.187E+01  4.931E-03 
1.268E+05   1.176E+01  4.875E-03 
1.285E+05   1.165E+01  4.819E-03 
1.302E+05   1.154E+01  4.765E-03 
1.318E+05   1.144E+01  4.711E-03 
1.336E+05   1.133E+01  4.657E-03 
1.353E+05   1.123E+01  4.604E-03 
1.371E+05   1.113E+01  4.552E-03 
1.388E+05   1.103E+01  4.500E-03 
1.406E+05   1.093E+01  4.449E-03 
1.425E+05   1.083E+01  4.398E-03 
1.443E+05   1.073E+01  4.348E-03 
1.462E+05   1.063E+01  4.299E-03 
1.481E+05   1.053E+01  4.250E-03 
1.500E+05   1.043E+01  4.201E-03 
1.520E+05   1.034E+01  4.154E-03 
1.539E+05   1.024E+01  4.106E-03 
1.559E+05   1.015E+01  4.059E-03 
1.580E+05   1.006E+01  4.013E-03 
1.600E+05   9.966E+00  3.967E-03 
1.621E+05   9.874E+00  3.922E-03 
1.642E+05   9.784E+00  3.878E-03 
1.663E+05   9.694E+00  3.833E-03 
1.685E+05   9.605E+00  3.790E-03 
1.707E+05   9.517E+00  3.746E-03 
1.729E+05   9.430E+00  3.704E-03 
1.752E+05   9.344E+00  3.661E-03 
1.774E+05   9.258E+00  3.620E-03 
1.797E+05   9.173E+00  3.578E-03 
1.821E+05   9.089E+00  3.537E-03 
1.844E+05   9.006E+00  3.497E-03 
1.868E+05   8.924E+00  3.457E-03 
1.893E+05   8.842E+00  3.418E-03 
1.917E+05   8.761E+00  3.379E-03 
1.942E+05   8.681E+00  3.340E-03 
1.967E+05   8.601E+00  3.302E-03 
1.993E+05   8.523E+00  3.264E-03 
2.019E+05   8.445E+00  3.227E-03 
2.045E+05   8.367E+00  3.190E-03 
2.072E+05   8.291E+00  3.153E-03 
2.099E+05   8.215E+00  3.117E-03 
2.126E+05   8.140E+00  3.082E-03 
2.154E+05   8.066E+00  3.046E-03 
2.182E+05   7.992E+00  3.012E-03 
2.210E+05   7.919E+00  2.977E-03 
2.239E+05   7.847E+00  2.943E-03 
2.268E+05   7.775E+00  2.909E-03 
2.297E+05   7.704E+00  2.876E-03 
2.327E+05   7.634E+00  2.843E-03 
2.357E+05   7.564E+00  2.810E-03 
2.388E+05   7.495E+00  2.778E-03 
2.419E+05   7.427E+00  2.746E-03 
2.450E+05   7.360E+00  2.715E-03 
2.482E+05   7.293E+00  2.684E-03 
2.515E+05   7.226E+00  2.653E-03 
2.547E+05   7.161E+00  2.623E-03 
2.580E+05   7.096E+00  2.593E-03 
2.614E+05   7.031E+00  2.563E-03 
2.648E+05   6.968E+00  2.533E-03 
2.682E+05   6.904E+00  2.504E-03 
2.717E+05   6.842E+00  2.476E-03 
2.752E+05   6.780E+00  2.447E-03 
2.788E+05   6.719E+00  2.419E-03 
2.824E+05   6.658E+00  2.391E-03 
2.861E+05   6.598E+00  2.364E-03 
2.898E+05   6.538E+00  2.337E-03 
2.936E+05   6.479E+00  2.310E-03 
2.974E+05   6.421E+00  2.283E-03 
3.013E+05   6.363E+00  2.257E-03 
3.052E+05   6.306E+00  2.231E-03 
3.092E+05   6.249E+00  2.206E-03 
3.132E+05   6.193E+00  2.180E-03 
3.172E+05   6.137E+00  2.155E-03 
3.214E+05   6.082E+00  2.130E-03 
3.255E+05   6.028E+00  2.106E-03 
3.298E+05   5.974E+00  2.082E-03 
3.341E+05   5.921E+00  2.058E-03 
3.384E+05   5.868E+00  2.034E-03 
3.428E+05   5.816E+00  2.011E-03 
3.473E+05   5.764E+00  1.987E-03 
3.518E+05   5.713E+00  1.965E-03 
3.563E+05   5.662E+00  1.942E-03 
3.610E+05   5.612E+00  1.920E-03 
3.657E+05   5.562E+00  1.897E-03 
3.704E+05   5.513E+00  1.876E-03 
3.752E+05   5.464E+00  1.854E-03 
3.801E+05   5.416E+00  1.833E-03 
3.851E+05   5.368E+00  1.812E-03 
3.901E+05   5.321E+00  1.791E-03 
3.951E+05   5.274E+00  1.770E-03 
4.003E+05   5.228E+00  1.750E-03 
