Ion = Helium      . Mass = 4.0026
Tgt = Ti (Solid). Density = 4.5189 g/cm3
Stopping Units =  eV/(1E15 atoms/cm2)
Energy(keV)  S(Elec)    S(Nuc)
1.000E+00   4.515E+00  3.352E+00 
1.013E+00   4.544E+00  3.355E+00 
1.026E+00   4.573E+00  3.357E+00 
1.039E+00   4.603E+00  3.359E+00 
1.053E+00   4.633E+00  3.361E+00 
1.067E+00   4.663E+00  3.363E+00 
1.081E+00   4.693E+00  3.365E+00 
1.095E+00   4.723E+00  3.367E+00 
1.109E+00   4.754E+00  3.368E+00 
1.123E+00   4.785E+00  3.370E+00 
1.138E+00   4.816E+00  3.372E+00 
1.153E+00   4.847E+00  3.373E+00 
1.168E+00   4.878E+00  3.374E+00 
1.183E+00   4.910E+00  3.376E+00 
1.198E+00   4.942E+00  3.377E+00 
1.214E+00   4.974E+00  3.378E+00 
1.229E+00   5.006E+00  3.379E+00 
1.245E+00   5.038E+00  3.380E+00 
1.262E+00   5.071E+00  3.381E+00 
1.278E+00   5.104E+00  3.382E+00 
1.295E+00   5.137E+00  3.382E+00 
1.311E+00   5.170E+00  3.383E+00 
1.329E+00   5.204E+00  3.383E+00 
1.346E+00   5.237E+00  3.384E+00 
1.363E+00   5.271E+00  3.384E+00 
1.381E+00   5.306E+00  3.384E+00 
1.399E+00   5.340E+00  3.384E+00 
1.417E+00   5.374E+00  3.384E+00 
1.436E+00   5.409E+00  3.384E+00 
1.454E+00   5.444E+00  3.384E+00 
1.473E+00   5.480E+00  3.384E+00 
1.492E+00   5.515E+00  3.383E+00 
1.512E+00   5.551E+00  3.383E+00 
1.531E+00   5.587E+00  3.382E+00 
1.551E+00   5.623E+00  3.381E+00 
1.571E+00   5.659E+00  3.381E+00 
1.592E+00   5.696E+00  3.380E+00 
1.612E+00   5.733E+00  3.379E+00 
1.633E+00   5.770E+00  3.378E+00 
1.655E+00   5.807E+00  3.377E+00 
1.676E+00   5.845E+00  3.375E+00 
1.698E+00   5.883E+00  3.374E+00 
1.720E+00   5.921E+00  3.373E+00 
1.742E+00   5.959E+00  3.371E+00 
1.765E+00   5.998E+00  3.370E+00 
1.788E+00   6.037E+00  3.368E+00 
1.811E+00   6.076E+00  3.366E+00 
1.835E+00   6.115E+00  3.364E+00 
1.859E+00   6.155E+00  3.362E+00 
1.883E+00   6.195E+00  3.360E+00 
1.907E+00   6.235E+00  3.358E+00 
1.932E+00   6.275E+00  3.355E+00 
1.957E+00   6.316E+00  3.353E+00 
1.983E+00   6.357E+00  3.351E+00 
2.008E+00   6.398E+00  3.348E+00 
2.034E+00   6.439E+00  3.345E+00 
2.061E+00   6.481E+00  3.342E+00 
2.088E+00   6.523E+00  3.339E+00 
2.115E+00   6.565E+00  3.336E+00 
2.142E+00   6.608E+00  3.333E+00 
2.170E+00   6.651E+00  3.330E+00 
2.198E+00   6.694E+00  3.327E+00 
2.227E+00   6.737E+00  3.324E+00 
2.256E+00   6.781E+00  3.320E+00 
2.285E+00   6.825E+00  3.316E+00 
2.315E+00   6.869E+00  3.313E+00 
2.345E+00   6.913E+00  3.309E+00 
2.375E+00   6.958E+00  3.305E+00 
2.406E+00   7.003E+00  3.301E+00 
2.438E+00   7.049E+00  3.297E+00 
2.469E+00   7.094E+00  3.293E+00 
2.501E+00   7.140E+00  3.289E+00 
2.534E+00   7.186E+00  3.284E+00 
2.567E+00   7.233E+00  3.280E+00 
2.600E+00   7.280E+00  3.275E+00 
2.634E+00   7.327E+00  3.270E+00 
2.668E+00   7.374E+00  3.266E+00 
2.703E+00   7.422E+00  3.261E+00 
2.738E+00   7.470E+00  3.256E+00 
2.773E+00   7.519E+00  3.251E+00 
2.810E+00   7.567E+00  3.246E+00 
2.846E+00   7.616E+00  3.240E+00 
2.883E+00   7.666E+00  3.235E+00 
2.921E+00   7.715E+00  3.230E+00 
2.958E+00   7.765E+00  3.224E+00 
2.997E+00   7.816E+00  3.218E+00 
3.036E+00   7.866E+00  3.213E+00 
3.075E+00   7.917E+00  3.207E+00 
3.115E+00   7.969E+00  3.201E+00 
3.156E+00   8.020E+00  3.195E+00 
3.197E+00   8.072E+00  3.189E+00 
3.238E+00   8.124E+00  3.183E+00 
3.280E+00   8.177E+00  3.177E+00 
3.323E+00   8.230E+00  3.170E+00 
3.366E+00   8.283E+00  3.164E+00 
3.410E+00   8.337E+00  3.157E+00 
3.454E+00   8.391E+00  3.151E+00 
3.499E+00   8.445E+00  3.144E+00 
3.545E+00   8.500E+00  3.137E+00 
3.591E+00   8.555E+00  3.130E+00 
3.637E+00   8.610E+00  3.123E+00 
3.685E+00   8.666E+00  3.116E+00 
3.733E+00   8.722E+00  3.109E+00 
3.781E+00   8.779E+00  3.102E+00 
3.830E+00   8.836E+00  3.094E+00 
3.880E+00   8.893E+00  3.087E+00 
3.930E+00   8.951E+00  3.079E+00 
3.982E+00   9.009E+00  3.072E+00 
4.033E+00   9.067E+00  3.064E+00 
4.086E+00   9.126E+00  3.056E+00 
4.139E+00   9.185E+00  3.048E+00 
4.193E+00   9.244E+00  3.041E+00 
4.247E+00   9.304E+00  3.033E+00 
4.302E+00   9.364E+00  3.024E+00 
4.358E+00   9.425E+00  3.016E+00 
4.415E+00   9.486E+00  3.008E+00 
4.472E+00   9.548E+00  3.000E+00 
4.530E+00   9.609E+00  2.991E+00 
4.589E+00   9.672E+00  2.983E+00 
4.649E+00   9.734E+00  2.974E+00 
4.709E+00   9.797E+00  2.966E+00 
4.770E+00   9.861E+00  2.957E+00 
4.832E+00   9.925E+00  2.948E+00 
4.895E+00   9.989E+00  2.939E+00 
4.959E+00   1.005E+01  2.930E+00 
5.023E+00   1.012E+01  2.922E+00 
5.089E+00   1.018E+01  2.912E+00 
5.155E+00   1.025E+01  2.903E+00 
5.222E+00   1.032E+01  2.894E+00 
5.290E+00   1.038E+01  2.885E+00 
5.358E+00   1.045E+01  2.876E+00 
5.428E+00   1.052E+01  2.866E+00 
5.499E+00   1.059E+01  2.857E+00 
5.570E+00   1.066E+01  2.847E+00 
5.642E+00   1.072E+01  2.838E+00 
5.716E+00   1.079E+01  2.828E+00 
5.790E+00   1.086E+01  2.818E+00 
5.865E+00   1.093E+01  2.808E+00 
5.942E+00   1.100E+01  2.799E+00 
6.019E+00   1.108E+01  2.789E+00 
6.097E+00   1.115E+01  2.779E+00 
6.176E+00   1.122E+01  2.769E+00 
6.256E+00   1.129E+01  2.759E+00 
6.338E+00   1.137E+01  2.749E+00 
6.420E+00   1.144E+01  2.738E+00 
6.504E+00   1.151E+01  2.728E+00 
6.588E+00   1.159E+01  2.718E+00 
6.674E+00   1.166E+01  2.708E+00 
6.760E+00   1.174E+01  2.697E+00 
6.848E+00   1.181E+01  2.687E+00 
6.937E+00   1.189E+01  2.676E+00 
7.027E+00   1.197E+01  2.666E+00 
7.119E+00   1.205E+01  2.655E+00 
7.211E+00   1.212E+01  2.645E+00 
7.305E+00   1.220E+01  2.634E+00 
7.400E+00   1.228E+01  2.623E+00 
7.496E+00   1.236E+01  2.612E+00 
7.594E+00   1.244E+01  2.602E+00 
7.692E+00   1.252E+01  2.591E+00 
7.792E+00   1.260E+01  2.580E+00 
7.894E+00   1.268E+01  2.569E+00 
7.996E+00   1.277E+01  2.558E+00 
8.100E+00   1.285E+01  2.547E+00 
8.205E+00   1.293E+01  2.536E+00 
8.312E+00   1.302E+01  2.525E+00 
8.420E+00   1.311E+01  2.514E+00 
8.529E+00   1.319E+01  2.503E+00 
8.640E+00   1.328E+01  2.492E+00 
8.753E+00   1.337E+01  2.481E+00 
8.866E+00   1.346E+01  2.469E+00 
8.982E+00   1.355E+01  2.458E+00 
9.098E+00   1.364E+01  2.447E+00 
9.217E+00   1.373E+01  2.436E+00 
9.336E+00   1.382E+01  2.424E+00 
9.458E+00   1.391E+01  2.413E+00 
9.581E+00   1.400E+01  2.402E+00 
9.705E+00   1.410E+01  2.390E+00 
9.831E+00   1.419E+01  2.379E+00 
9.959E+00   1.429E+01  2.367E+00 
1.009E+01   1.438E+01  2.356E+00 
1.022E+01   1.448E+01  2.344E+00 
1.035E+01   1.458E+01  2.333E+00 
1.049E+01   1.468E+01  2.321E+00 
1.062E+01   1.477E+01  2.310E+00 
1.076E+01   1.487E+01  2.298E+00 
1.090E+01   1.497E+01  2.287E+00 
1.104E+01   1.508E+01  2.275E+00 
1.119E+01   1.518E+01  2.264E+00 
1.133E+01   1.528E+01  2.252E+00 
1.148E+01   1.538E+01  2.241E+00 
1.163E+01   1.549E+01  2.229E+00 
1.178E+01   1.559E+01  2.217E+00 
1.193E+01   1.570E+01  2.206E+00 
1.209E+01   1.581E+01  2.194E+00 
1.224E+01   1.591E+01  2.183E+00 
1.240E+01   1.602E+01  2.171E+00 
1.256E+01   1.613E+01  2.159E+00 
1.273E+01   1.624E+01  2.148E+00 
1.289E+01   1.635E+01  2.136E+00 
1.306E+01   1.647E+01  2.124E+00 
1.323E+01   1.658E+01  2.113E+00 
1.340E+01   1.669E+01  2.101E+00 
1.358E+01   1.681E+01  2.090E+00 
1.375E+01   1.692E+01  2.078E+00 
1.393E+01   1.704E+01  2.066E+00 
1.411E+01   1.716E+01  2.055E+00 
1.430E+01   1.727E+01  2.043E+00 
1.448E+01   1.739E+01  2.031E+00 
1.467E+01   1.751E+01  2.020E+00 
1.486E+01   1.763E+01  2.008E+00 
1.505E+01   1.776E+01  1.997E+00 
1.525E+01   1.788E+01  1.985E+00 
1.545E+01   1.800E+01  1.974E+00 
1.565E+01   1.813E+01  1.962E+00 
1.585E+01   1.825E+01  1.950E+00 
1.606E+01   1.838E+01  1.939E+00 
1.627E+01   1.851E+01  1.927E+00 
1.648E+01   1.864E+01  1.916E+00 
1.669E+01   1.877E+01  1.904E+00 
1.691E+01   1.890E+01  1.893E+00 
1.713E+01   1.903E+01  1.882E+00 
1.735E+01   1.916E+01  1.870E+00 
1.758E+01   1.929E+01  1.859E+00 
1.781E+01   1.943E+01  1.847E+00 
1.804E+01   1.956E+01  1.836E+00 
1.827E+01   1.970E+01  1.825E+00 
1.851E+01   1.984E+01  1.813E+00 
1.875E+01   1.998E+01  1.802E+00 
1.899E+01   2.012E+01  1.791E+00 
1.924E+01   2.026E+01  1.779E+00 
1.949E+01   2.040E+01  1.768E+00 
1.974E+01   2.054E+01  1.757E+00 
2.000E+01   2.069E+01  1.746E+00 
2.026E+01   2.083E+01  1.735E+00 
2.052E+01   2.098E+01  1.723E+00 
2.079E+01   2.113E+01  1.712E+00 
2.106E+01   2.128E+01  1.701E+00 
2.133E+01   2.143E+01  1.690E+00 
2.161E+01   2.158E+01  1.679E+00 
2.189E+01   2.173E+01  1.668E+00 
2.218E+01   2.188E+01  1.657E+00 
2.247E+01   2.204E+01  1.646E+00 
2.276E+01   2.219E+01  1.635E+00 
2.305E+01   2.235E+01  1.625E+00 
2.335E+01   2.251E+01  1.614E+00 
2.366E+01   2.266E+01  1.603E+00 
2.396E+01   2.282E+01  1.592E+00 
2.428E+01   2.299E+01  1.581E+00 
2.459E+01   2.315E+01  1.571E+00 
2.491E+01   2.331E+01  1.560E+00 
2.523E+01   2.348E+01  1.549E+00 
2.556E+01   2.364E+01  1.539E+00 
2.589E+01   2.381E+01  1.528E+00 
2.623E+01   2.398E+01  1.518E+00 
2.657E+01   2.415E+01  1.507E+00 
2.692E+01   2.432E+01  1.497E+00 
2.727E+01   2.449E+01  1.486E+00 
2.762E+01   2.467E+01  1.476E+00 
2.798E+01   2.484E+01  1.465E+00 
2.834E+01   2.502E+01  1.455E+00 
2.871E+01   2.520E+01  1.445E+00 
2.909E+01   2.538E+01  1.435E+00 
2.946E+01   2.556E+01  1.424E+00 
2.985E+01   2.574E+01  1.414E+00 
3.023E+01   2.592E+01  1.404E+00 
3.063E+01   2.611E+01  1.394E+00 
3.103E+01   2.629E+01  1.384E+00 
3.143E+01   2.648E+01  1.374E+00 
3.184E+01   2.667E+01  1.364E+00 
3.225E+01   2.686E+01  1.354E+00 
3.267E+01   2.705E+01  1.344E+00 
3.309E+01   2.724E+01  1.334E+00 
3.352E+01   2.743E+01  1.325E+00 
3.396E+01   2.763E+01  1.315E+00 
3.440E+01   2.783E+01  1.305E+00 
3.485E+01   2.803E+01  1.296E+00 
3.530E+01   2.822E+01  1.286E+00 
3.576E+01   2.843E+01  1.276E+00 
3.623E+01   2.863E+01  1.267E+00 
3.670E+01   2.883E+01  1.257E+00 
3.717E+01   2.904E+01  1.248E+00 
3.766E+01   2.924E+01  1.239E+00 
3.815E+01   2.945E+01  1.229E+00 
3.864E+01   2.966E+01  1.220E+00 
3.914E+01   2.987E+01  1.211E+00 
3.965E+01   3.009E+01  1.202E+00 
4.017E+01   3.030E+01  1.192E+00 
4.069E+01   3.052E+01  1.183E+00 
4.122E+01   3.073E+01  1.174E+00 
4.175E+01   3.095E+01  1.165E+00 
4.230E+01   3.117E+01  1.156E+00 
4.285E+01   3.139E+01  1.147E+00 
4.340E+01   3.162E+01  1.138E+00 
4.397E+01   3.184E+01  1.129E+00 
4.454E+01   3.207E+01  1.121E+00 
4.512E+01   3.230E+01  1.112E+00 
4.570E+01   3.253E+01  1.103E+00 
4.630E+01   3.276E+01  1.095E+00 
4.690E+01   3.299E+01  1.086E+00 
4.751E+01   3.322E+01  1.077E+00 
4.813E+01   3.346E+01  1.069E+00 
4.875E+01   3.370E+01  1.060E+00 
4.939E+01   3.393E+01  1.052E+00 
5.003E+01   3.417E+01  1.044E+00 
5.068E+01   3.442E+01  1.035E+00 
5.134E+01   3.466E+01  1.027E+00 
5.200E+01   3.490E+01  1.019E+00 
5.268E+01   3.515E+01  1.011E+00 
5.336E+01   3.540E+01  1.002E+00 
5.406E+01   3.565E+01  9.944E-01 
5.476E+01   3.590E+01  9.864E-01 
5.547E+01   3.615E+01  9.784E-01 
5.619E+01   3.641E+01  9.704E-01 
5.692E+01   3.667E+01  9.625E-01 
5.766E+01   3.692E+01  9.547E-01 
5.841E+01   3.718E+01  9.469E-01 
5.917E+01   3.744E+01  9.391E-01 
5.994E+01   3.771E+01  9.314E-01 
6.072E+01   3.797E+01  9.237E-01 
6.151E+01   3.824E+01  9.161E-01 
6.231E+01   3.850E+01  9.086E-01 
6.312E+01   3.877E+01  9.010E-01 
6.394E+01   3.904E+01  8.936E-01 
6.477E+01   3.932E+01  8.861E-01 
6.561E+01   3.959E+01  8.788E-01 
6.646E+01   3.987E+01  8.714E-01 
6.733E+01   4.014E+01  8.641E-01 
6.820E+01   4.042E+01  8.569E-01 
6.909E+01   4.070E+01  8.497E-01 
6.999E+01   4.099E+01  8.425E-01 
7.090E+01   4.127E+01  8.354E-01 
7.182E+01   4.156E+01  8.284E-01 
7.275E+01   4.184E+01  8.214E-01 
7.370E+01   4.213E+01  8.144E-01 
7.465E+01   4.242E+01  8.075E-01 
7.562E+01   4.271E+01  8.006E-01 
7.661E+01   4.301E+01  7.938E-01 
7.760E+01   4.330E+01  7.870E-01 
7.861E+01   4.360E+01  7.803E-01 
7.963E+01   4.390E+01  7.736E-01 
8.067E+01   4.420E+01  7.670E-01 
8.172E+01   4.450E+01  7.604E-01 
8.278E+01   4.480E+01  7.538E-01 
8.385E+01   4.510E+01  7.473E-01 
8.494E+01   4.541E+01  7.409E-01 
8.605E+01   4.572E+01  7.344E-01 
8.717E+01   4.603E+01  7.281E-01 
8.830E+01   4.634E+01  7.217E-01 
8.945E+01   4.665E+01  7.155E-01 
9.061E+01   4.696E+01  7.092E-01 
9.179E+01   4.728E+01  7.030E-01 
9.298E+01   4.759E+01  6.969E-01 
9.419E+01   4.791E+01  6.908E-01 
9.541E+01   4.823E+01  6.847E-01 
9.665E+01   4.855E+01  6.787E-01 
9.791E+01   4.887E+01  6.727E-01 
9.918E+01   4.920E+01  6.668E-01 
1.005E+02   4.952E+01  6.609E-01 
1.018E+02   4.985E+01  6.550E-01 
1.031E+02   5.017E+01  6.492E-01 
1.044E+02   5.050E+01  6.435E-01 
1.058E+02   5.083E+01  6.377E-01 
1.072E+02   5.117E+01  6.321E-01 
1.086E+02   5.150E+01  6.264E-01 
1.100E+02   5.183E+01  6.208E-01 
1.114E+02   5.217E+01  6.153E-01 
1.129E+02   5.250E+01  6.098E-01 
1.143E+02   5.284E+01  6.043E-01 
1.158E+02   5.318E+01  5.989E-01 
1.173E+02   5.352E+01  5.935E-01 
1.188E+02   5.386E+01  5.881E-01 
1.204E+02   5.420E+01  5.828E-01 
1.219E+02   5.455E+01  5.776E-01 
1.235E+02   5.489E+01  5.723E-01 
1.251E+02   5.524E+01  5.672E-01 
1.268E+02   5.558E+01  5.620E-01 
1.284E+02   5.593E+01  5.569E-01 
1.301E+02   5.628E+01  5.518E-01 
1.318E+02   5.663E+01  5.468E-01 
1.335E+02   5.698E+01  5.418E-01 
1.352E+02   5.733E+01  5.369E-01 
1.370E+02   5.768E+01  5.320E-01 
1.388E+02   5.803E+01  5.271E-01 
1.406E+02   5.838E+01  5.222E-01 
1.424E+02   5.874E+01  5.040E-01 
1.442E+02   5.909E+01  4.994E-01 
1.461E+02   5.944E+01  4.949E-01 
1.480E+02   5.980E+01  4.903E-01 
1.499E+02   6.016E+01  4.859E-01 
1.519E+02   6.051E+01  4.814E-01 
1.539E+02   6.087E+01  4.770E-01 
1.559E+02   6.123E+01  4.726E-01 
1.579E+02   6.158E+01  4.683E-01 
1.599E+02   6.194E+01  4.640E-01 
1.620E+02   6.230E+01  4.597E-01 
1.641E+02   6.266E+01  4.555E-01 
1.662E+02   6.302E+01  4.513E-01 
1.684E+02   6.337E+01  4.471E-01 
1.706E+02   6.373E+01  4.429E-01 
1.728E+02   6.409E+01  4.388E-01 
1.751E+02   6.445E+01  4.347E-01 
1.773E+02   6.481E+01  4.307E-01 
1.796E+02   6.517E+01  4.267E-01 
1.820E+02   6.552E+01  4.227E-01 
1.843E+02   6.588E+01  4.188E-01 
1.867E+02   6.624E+01  4.148E-01 
1.892E+02   6.660E+01  4.110E-01 
1.916E+02   6.695E+01  4.071E-01 
1.941E+02   6.731E+01  4.033E-01 
1.966E+02   6.767E+01  3.995E-01 
1.992E+02   6.802E+01  3.957E-01 
2.018E+02   6.838E+01  3.920E-01 
2.044E+02   6.873E+01  3.883E-01 
2.071E+02   6.908E+01  3.846E-01 
2.097E+02   6.943E+01  3.810E-01 
2.125E+02   6.978E+01  3.774E-01 
2.152E+02   7.013E+01  3.738E-01 
2.180E+02   7.048E+01  3.702E-01 
2.209E+02   7.083E+01  3.667E-01 
2.237E+02   7.118E+01  3.632E-01 
2.266E+02   7.152E+01  3.598E-01 
2.296E+02   7.187E+01  3.563E-01 
2.326E+02   7.221E+01  3.529E-01 
2.356E+02   7.255E+01  3.496E-01 
2.387E+02   7.289E+01  3.462E-01 
2.418E+02   7.323E+01  3.429E-01 
2.449E+02   7.356E+01  3.396E-01 
2.481E+02   7.390E+01  3.363E-01 
2.513E+02   7.423E+01  3.331E-01 
2.546E+02   7.456E+01  3.299E-01 
2.579E+02   7.489E+01  3.267E-01 
2.612E+02   7.522E+01  3.236E-01 
2.646E+02   7.554E+01  3.204E-01 
2.681E+02   7.586E+01  3.174E-01 
2.716E+02   7.618E+01  3.143E-01 
2.751E+02   7.650E+01  3.112E-01 
2.787E+02   7.681E+01  3.082E-01 
2.823E+02   7.712E+01  3.052E-01 
2.859E+02   7.743E+01  3.023E-01 
2.897E+02   7.774E+01  2.993E-01 
2.934E+02   7.804E+01  2.964E-01 
2.972E+02   7.834E+01  2.935E-01 
3.011E+02   7.864E+01  2.907E-01 
3.050E+02   7.894E+01  2.878E-01 
3.090E+02   7.923E+01  2.850E-01 
3.130E+02   7.952E+01  2.822E-01 
3.171E+02   7.980E+01  2.795E-01 
3.212E+02   8.008E+01  2.767E-01 
3.254E+02   8.036E+01  2.740E-01 
3.296E+02   8.063E+01  2.713E-01 
3.339E+02   8.090E+01  2.686E-01 
3.382E+02   8.117E+01  2.660E-01 
3.426E+02   8.143E+01  2.634E-01 
3.471E+02   8.169E+01  2.608E-01 
3.516E+02   8.195E+01  2.582E-01 
3.561E+02   8.220E+01  2.557E-01 
3.608E+02   8.244E+01  2.531E-01 
3.655E+02   8.269E+01  2.506E-01 
3.702E+02   8.292E+01  2.481E-01 
3.750E+02   8.316E+01  2.457E-01 
3.799E+02   8.339E+01  2.432E-01 
3.848E+02   8.361E+01  2.408E-01 
3.898E+02   8.383E+01  2.384E-01 
3.949E+02   8.404E+01  2.361E-01 
4.000E+02   8.426E+01  2.337E-01 
4.052E+02   8.446E+01  2.314E-01 
4.105E+02   8.466E+01  2.291E-01 
4.158E+02   8.486E+01  2.268E-01 
4.212E+02   8.505E+01  2.245E-01 
4.267E+02   8.523E+01  2.223E-01 
4.323E+02   8.541E+01  2.201E-01 
4.379E+02   8.558E+01  2.179E-01 
4.436E+02   8.575E+01  2.157E-01 
4.493E+02   8.592E+01  2.135E-01 
4.552E+02   8.608E+01  2.114E-01 
4.611E+02   8.623E+01  2.093E-01 
4.671E+02   8.637E+01  2.072E-01 
4.731E+02   8.652E+01  2.051E-01 
4.793E+02   8.665E+01  2.030E-01 
4.855E+02   8.678E+01  2.010E-01 
4.918E+02   8.690E+01  1.989E-01 
4.982E+02   8.702E+01  1.969E-01 
5.047E+02   8.713E+01  1.949E-01 
5.113E+02   8.724E+01  1.930E-01 
5.179E+02   8.734E+01  1.910E-01 
5.246E+02   8.743E+01  1.891E-01 
5.315E+02   8.752E+01  1.872E-01 
5.384E+02   8.760E+01  1.853E-01 
5.454E+02   8.768E+01  1.834E-01 
5.524E+02   8.774E+01  1.815E-01 
5.596E+02   8.781E+01  1.797E-01 
5.669E+02   8.786E+01  1.779E-01 
5.743E+02   8.791E+01  1.761E-01 
5.817E+02   8.796E+01  1.743E-01 
5.893E+02   8.799E+01  1.725E-01 
5.969E+02   8.802E+01  1.707E-01 
6.047E+02   8.805E+01  1.690E-01 
6.126E+02   8.806E+01  1.673E-01 
6.205E+02   8.807E+01  1.656E-01 
6.286E+02   8.808E+01  1.639E-01 
6.368E+02   8.808E+01  1.622E-01 
6.450E+02   8.807E+01  1.605E-01 
6.534E+02   8.805E+01  1.589E-01 
6.619E+02   8.803E+01  1.573E-01 
6.705E+02   8.800E+01  1.556E-01 
6.792E+02   8.797E+01  1.540E-01 
6.881E+02   8.792E+01  1.525E-01 
6.970E+02   8.788E+01  1.509E-01 
7.061E+02   8.782E+01  1.493E-01 
7.152E+02   8.776E+01  1.478E-01 
7.245E+02   8.769E+01  1.463E-01 
7.339E+02   8.762E+01  1.448E-01 
7.435E+02   8.754E+01  1.433E-01 
7.531E+02   8.745E+01  1.418E-01 
7.629E+02   8.736E+01  1.404E-01 
7.728E+02   8.726E+01  1.389E-01 
7.829E+02   8.715E+01  1.375E-01 
7.931E+02   8.704E+01  1.360E-01 
8.034E+02   8.692E+01  1.346E-01 
8.138E+02   8.679E+01  1.332E-01 
8.244E+02   8.666E+01  1.319E-01 
8.351E+02   8.652E+01  1.305E-01 
8.460E+02   8.638E+01  1.291E-01 
8.570E+02   8.623E+01  1.278E-01 
8.681E+02   8.607E+01  1.265E-01 
8.794E+02   8.591E+01  1.252E-01 
8.908E+02   8.574E+01  1.239E-01 
9.024E+02   8.557E+01  1.226E-01 
9.141E+02   8.539E+01  1.213E-01 
9.260E+02   8.520E+01  1.200E-01 
9.380E+02   8.501E+01  1.188E-01 
9.502E+02   8.482E+01  1.176E-01 
9.626E+02   8.461E+01  1.163E-01 
9.751E+02   8.440E+01  1.151E-01 
9.877E+02   8.419E+01  1.139E-01 
1.001E+03   8.397E+01  1.127E-01 
1.014E+03   8.375E+01  1.115E-01 
1.027E+03   8.352E+01  1.104E-01 
1.040E+03   8.328E+01  1.092E-01 
1.054E+03   8.304E+01  1.081E-01 
1.067E+03   8.279E+01  1.069E-01 
1.081E+03   8.254E+01  1.058E-01 
1.095E+03   8.229E+01  1.047E-01 
1.109E+03   8.203E+01  1.036E-01 
1.124E+03   8.176E+01  1.025E-01 
1.138E+03   8.149E+01  1.015E-01 
1.153E+03   8.122E+01  1.004E-01 
1.168E+03   8.094E+01  9.933E-02 
1.183E+03   8.065E+01  9.828E-02 
1.199E+03   8.037E+01  9.725E-02 
1.214E+03   8.007E+01  9.623E-02 
1.230E+03   7.978E+01  9.521E-02 
1.246E+03   7.948E+01  9.421E-02 
1.262E+03   7.917E+01  9.322E-02 
1.279E+03   7.886E+01  9.223E-02 
1.295E+03   7.855E+01  9.126E-02 
1.312E+03   7.823E+01  9.029E-02 
1.329E+03   7.791E+01  8.934E-02 
1.347E+03   7.759E+01  8.840E-02 
1.364E+03   7.726E+01  8.746E-02 
1.382E+03   7.693E+01  8.654E-02 
1.400E+03   7.660E+01  8.562E-02 
1.418E+03   7.626E+01  8.471E-02 
1.436E+03   7.592E+01  8.382E-02 
1.455E+03   7.558E+01  8.293E-02 
1.474E+03   7.523E+01  8.205E-02 
1.493E+03   7.489E+01  8.118E-02 
1.513E+03   7.453E+01  8.031E-02 
1.532E+03   7.418E+01  7.946E-02 
1.552E+03   7.382E+01  7.862E-02 
1.572E+03   7.346E+01  7.778E-02 
1.593E+03   7.310E+01  7.695E-02 
1.613E+03   7.274E+01  7.613E-02 
1.634E+03   7.237E+01  7.532E-02 
1.656E+03   7.200E+01  7.452E-02 
1.677E+03   7.163E+01  7.373E-02 
1.699E+03   7.126E+01  7.294E-02 
1.721E+03   7.088E+01  7.216E-02 
1.743E+03   7.051E+01  7.139E-02 
1.766E+03   7.013E+01  7.063E-02 
1.789E+03   6.975E+01  6.988E-02 
1.812E+03   6.937E+01  6.913E-02 
1.836E+03   6.898E+01  6.839E-02 
1.860E+03   6.860E+01  6.766E-02 
1.884E+03   6.821E+01  6.694E-02 
1.908E+03   6.783E+01  6.622E-02 
1.933E+03   6.744E+01  6.551E-02 
1.958E+03   6.705E+01  6.481E-02 
1.984E+03   6.666E+01  6.412E-02 
2.009E+03   6.627E+01  6.343E-02 
2.036E+03   6.587E+01  6.275E-02 
2.062E+03   6.548E+01  6.207E-02 
2.089E+03   6.509E+01  6.141E-02 
2.116E+03   6.469E+01  6.075E-02 
2.143E+03   6.430E+01  6.010E-02 
2.171E+03   6.390E+01  5.945E-02 
2.200E+03   6.351E+01  5.881E-02 
2.228E+03   6.311E+01  5.818E-02 
2.257E+03   6.272E+01  5.755E-02 
2.286E+03   6.232E+01  5.693E-02 
2.316E+03   6.192E+01  5.632E-02 
2.346E+03   6.153E+01  5.571E-02 
2.377E+03   6.113E+01  5.511E-02 
2.408E+03   6.073E+01  5.452E-02 
2.439E+03   6.033E+01  5.393E-02 
2.471E+03   5.994E+01  5.335E-02 
2.503E+03   5.954E+01  5.277E-02 
2.535E+03   5.915E+01  5.220E-02 
2.568E+03   5.875E+01  5.164E-02 
2.602E+03   5.835E+01  5.108E-02 
2.635E+03   5.796E+01  5.053E-02 
2.670E+03   5.757E+01  4.998E-02 
2.704E+03   5.717E+01  4.944E-02 
2.740E+03   5.678E+01  4.891E-02 
2.775E+03   5.639E+01  4.838E-02 
2.811E+03   5.599E+01  4.785E-02 
2.848E+03   5.560E+01  4.733E-02 
2.885E+03   5.521E+01  4.682E-02 
2.922E+03   5.482E+01  4.631E-02 
2.960E+03   5.443E+01  4.581E-02 
2.999E+03   5.405E+01  4.531E-02 
3.038E+03   5.366E+01  4.482E-02 
3.077E+03   5.327E+01  4.433E-02 
3.117E+03   5.289E+01  4.385E-02 
3.158E+03   5.250E+01  4.338E-02 
3.199E+03   5.212E+01  4.290E-02 
3.240E+03   5.174E+01  4.244E-02 
3.282E+03   5.136E+01  4.198E-02 
3.325E+03   5.098E+01  4.152E-02 
3.368E+03   5.060E+01  4.107E-02 
3.412E+03   5.023E+01  4.062E-02 
3.456E+03   4.985E+01  4.018E-02 
3.501E+03   4.948E+01  3.974E-02 
3.547E+03   4.911E+01  3.931E-02 
3.593E+03   4.874E+01  3.888E-02 
3.640E+03   4.837E+01  3.845E-02 
3.687E+03   4.800E+01  3.803E-02 
3.735E+03   4.763E+01  3.762E-02 
3.783E+03   4.727E+01  3.721E-02 
3.832E+03   4.690E+01  3.680E-02 
3.882E+03   4.654E+01  3.640E-02 
3.933E+03   4.618E+01  3.600E-02 
3.984E+03   4.582E+01  3.561E-02 
4.036E+03   4.547E+01  3.522E-02 
4.088E+03   4.511E+01  3.483E-02 
4.141E+03   4.476E+01  3.445E-02 
4.195E+03   4.440E+01  3.407E-02 
4.250E+03   4.405E+01  3.370E-02 
4.305E+03   4.371E+01  3.333E-02 
4.361E+03   4.336E+01  3.297E-02 
4.417E+03   4.301E+01  3.261E-02 
4.475E+03   4.267E+01  3.225E-02 
4.533E+03   4.233E+01  3.189E-02 
4.592E+03   4.199E+01  3.154E-02 
4.652E+03   4.165E+01  3.120E-02 
4.712E+03   4.132E+01  3.085E-02 
4.773E+03   4.098E+01  3.052E-02 
4.835E+03   4.065E+01  3.018E-02 
4.898E+03   4.032E+01  2.985E-02 
4.962E+03   3.999E+01  2.952E-02 
5.026E+03   3.967E+01  2.920E-02 
5.092E+03   3.934E+01  2.887E-02 
5.158E+03   3.902E+01  2.856E-02 
5.225E+03   3.870E+01  2.824E-02 
5.293E+03   3.838E+01  2.793E-02 
5.362E+03   3.806E+01  2.762E-02 
5.431E+03   3.775E+01  2.732E-02 
5.502E+03   3.743E+01  2.702E-02 
5.573E+03   3.712E+01  2.672E-02 
5.646E+03   3.681E+01  2.643E-02 
5.719E+03   3.651E+01  2.613E-02 
5.793E+03   3.620E+01  2.585E-02 
5.869E+03   3.590E+01  2.556E-02 
5.945E+03   3.560E+01  2.528E-02 
6.022E+03   3.530E+01  2.500E-02 
6.101E+03   3.500E+01  2.472E-02 
6.180E+03   3.470E+01  2.445E-02 
6.260E+03   3.441E+01  2.418E-02 
6.341E+03   3.412E+01  2.391E-02 
6.424E+03   3.383E+01  2.365E-02 
6.507E+03   3.354E+01  2.339E-02 
6.592E+03   3.325E+01  2.313E-02 
6.678E+03   3.297E+01  2.287E-02 
6.764E+03   3.269E+01  2.262E-02 
6.852E+03   3.241E+01  2.237E-02 
6.941E+03   3.213E+01  2.212E-02 
7.032E+03   3.186E+01  2.187E-02 
7.123E+03   3.158E+01  2.163E-02 
7.216E+03   3.131E+01  2.139E-02 
7.309E+03   3.104E+01  2.115E-02 
7.404E+03   3.077E+01  2.092E-02 
7.501E+03   3.050E+01  2.069E-02 
7.598E+03   3.024E+01  2.046E-02 
7.697E+03   2.998E+01  2.023E-02 
7.797E+03   2.972E+01  2.001E-02 
7.898E+03   2.946E+01  1.978E-02 
8.001E+03   2.920E+01  1.956E-02 
8.105E+03   2.899E+01  1.935E-02 
8.210E+03   2.877E+01  1.913E-02 
8.317E+03   2.855E+01  1.892E-02 
8.425E+03   2.833E+01  1.871E-02 
8.534E+03   2.811E+01  1.850E-02 
8.645E+03   2.788E+01  1.829E-02 
8.758E+03   2.765E+01  1.809E-02 
8.871E+03   2.741E+01  1.789E-02 
8.987E+03   2.718E+01  1.769E-02 
9.104E+03   2.694E+01  1.749E-02 
9.222E+03   2.669E+01  1.730E-02 
9.342E+03   2.645E+01  1.710E-02 
9.463E+03   2.620E+01  1.691E-02 
9.586E+03   2.595E+01  1.673E-02 
9.711E+03   2.572E+01  1.654E-02 
9.837E+03   2.550E+01  1.635E-02 
9.965E+03   2.528E+01  1.617E-02 
1.009E+04   2.507E+01  1.599E-02 
1.023E+04   2.485E+01  1.581E-02 
1.036E+04   2.464E+01  1.564E-02 
1.049E+04   2.443E+01  1.546E-02 
1.063E+04   2.422E+01  1.529E-02 
1.077E+04   2.401E+01  1.512E-02 
1.091E+04   2.381E+01  1.495E-02 
1.105E+04   2.360E+01  1.478E-02 
1.119E+04   2.340E+01  1.462E-02 
1.134E+04   2.319E+01  1.445E-02 
1.149E+04   2.299E+01  1.429E-02 
1.163E+04   2.279E+01  1.413E-02 
1.179E+04   2.259E+01  1.397E-02 
1.194E+04   2.240E+01  1.382E-02 
1.209E+04   2.220E+01  1.366E-02 
1.225E+04   2.201E+01  1.351E-02 
1.241E+04   2.182E+01  1.336E-02 
1.257E+04   2.163E+01  1.321E-02 
1.274E+04   2.144E+01  1.306E-02 
1.290E+04   2.125E+01  1.291E-02 
1.307E+04   2.106E+01  1.277E-02 
1.324E+04   2.088E+01  1.262E-02 
1.341E+04   2.069E+01  1.248E-02 
1.358E+04   2.051E+01  1.234E-02 
1.376E+04   2.033E+01  1.220E-02 
1.394E+04   2.015E+01  1.207E-02 
1.412E+04   1.997E+01  1.193E-02 
1.431E+04   1.979E+01  1.180E-02 
1.449E+04   1.962E+01  1.166E-02 
1.468E+04   1.944E+01  1.153E-02 
1.487E+04   1.927E+01  1.140E-02 
1.506E+04   1.910E+01  1.128E-02 
1.526E+04   1.893E+01  1.115E-02 
1.546E+04   1.876E+01  1.102E-02 
1.566E+04   1.859E+01  1.090E-02 
1.586E+04   1.842E+01  1.078E-02 
1.607E+04   1.826E+01  1.065E-02 
1.628E+04   1.809E+01  1.053E-02 
1.649E+04   1.793E+01  1.042E-02 
1.670E+04   1.777E+01  1.030E-02 
1.692E+04   1.761E+01  1.018E-02 
1.714E+04   1.745E+01  1.007E-02 
1.736E+04   1.729E+01  9.954E-03 
1.759E+04   1.714E+01  9.842E-03 
1.782E+04   1.698E+01  9.731E-03 
1.805E+04   1.683E+01  9.621E-03 
1.828E+04   1.667E+01  9.513E-03 
1.852E+04   1.652E+01  9.405E-03 
1.876E+04   1.637E+01  9.299E-03 
1.900E+04   1.622E+01  9.194E-03 
1.925E+04   1.607E+01  9.090E-03 
1.950E+04   1.593E+01  8.988E-03 
1.976E+04   1.578E+01  8.886E-03 
2.001E+04   1.564E+01  8.786E-03 
2.027E+04   1.549E+01  8.686E-03 
2.054E+04   1.535E+01  8.588E-03 
2.080E+04   1.521E+01  8.491E-03 
2.107E+04   1.507E+01  8.395E-03 
2.135E+04   1.493E+01  8.300E-03 
2.162E+04   1.479E+01  8.206E-03 
2.191E+04   1.466E+01  8.113E-03 
2.219E+04   1.452E+01  8.021E-03 
2.248E+04   1.439E+01  7.930E-03 
2.277E+04   1.425E+01  7.841E-03 
2.307E+04   1.412E+01  7.752E-03 
2.337E+04   1.399E+01  7.664E-03 
2.367E+04   1.386E+01  7.577E-03 
2.398E+04   1.373E+01  7.491E-03 
2.429E+04   1.360E+01  7.406E-03 
2.461E+04   1.348E+01  7.322E-03 
2.492E+04   1.335E+01  7.239E-03 
2.525E+04   1.322E+01  7.157E-03 
2.558E+04   1.310E+01  7.076E-03 
2.591E+04   1.298E+01  6.996E-03 
2.625E+04   1.286E+01  6.916E-03 
2.659E+04   1.274E+01  6.838E-03 
2.693E+04   1.262E+01  6.760E-03 
2.728E+04   1.250E+01  6.683E-03 
2.764E+04   1.238E+01  6.607E-03 
2.800E+04   1.226E+01  6.532E-03 
2.836E+04   1.215E+01  6.458E-03 
2.873E+04   1.203E+01  6.385E-03 
2.910E+04   1.192E+01  6.312E-03 
2.948E+04   1.181E+01  6.240E-03 
2.986E+04   1.170E+01  6.169E-03 
3.025E+04   1.158E+01  6.099E-03 
3.065E+04   1.147E+01  6.030E-03 
3.104E+04   1.137E+01  5.961E-03 
3.145E+04   1.126E+01  5.893E-03 
3.186E+04   1.115E+01  5.826E-03 
3.227E+04   1.104E+01  5.760E-03 
3.269E+04   1.094E+01  5.694E-03 
3.311E+04   1.084E+01  5.630E-03 
3.354E+04   1.073E+01  5.565E-03 
3.398E+04   1.063E+01  5.502E-03 
3.442E+04   1.053E+01  5.439E-03 
3.487E+04   1.043E+01  5.377E-03 
3.532E+04   1.033E+01  5.316E-03 
3.578E+04   1.023E+01  5.255E-03 
3.625E+04   1.013E+01  5.196E-03 
3.672E+04   1.003E+01  5.136E-03 
3.719E+04   9.937E+00  5.078E-03 
3.768E+04   9.842E+00  5.020E-03 
3.817E+04   9.747E+00  4.962E-03 
3.866E+04   9.653E+00  4.906E-03 
3.917E+04   9.560E+00  4.850E-03 
3.968E+04   9.468E+00  4.794E-03 
4.019E+04   9.377E+00  4.740E-03 
4.071E+04   9.286E+00  4.686E-03 
4.124E+04   9.197E+00  4.632E-03 
4.178E+04   9.108E+00  4.579E-03 
4.232E+04   9.020E+00  4.527E-03 
4.287E+04   8.932E+00  4.475E-03 
4.343E+04   8.846E+00  4.424E-03 
4.399E+04   8.760E+00  4.373E-03 
4.456E+04   8.675E+00  4.323E-03 
4.514E+04   8.591E+00  4.274E-03 
4.573E+04   8.508E+00  4.225E-03 
4.632E+04   8.425E+00  4.177E-03 
4.693E+04   8.343E+00  4.129E-03 
4.754E+04   8.262E+00  4.082E-03 
4.815E+04   8.181E+00  4.035E-03 
4.878E+04   8.102E+00  3.989E-03 
4.941E+04   8.023E+00  3.943E-03 
5.006E+04   7.945E+00  3.898E-03 
5.071E+04   7.867E+00  3.853E-03 
5.137E+04   7.790E+00  3.809E-03 
5.203E+04   7.714E+00  3.765E-03 
5.271E+04   7.639E+00  3.722E-03 
5.340E+04   7.564E+00  3.680E-03 
5.409E+04   7.490E+00  3.637E-03 
5.479E+04   7.417E+00  3.596E-03 
5.550E+04   7.344E+00  3.554E-03 
5.623E+04   7.272E+00  3.514E-03 
5.696E+04   7.201E+00  3.473E-03 
5.770E+04   7.130E+00  3.433E-03 
5.845E+04   7.060E+00  3.394E-03 
5.921E+04   6.991E+00  3.355E-03 
5.998E+04   6.922E+00  3.317E-03 
6.075E+04   6.854E+00  3.279E-03 
6.154E+04   6.787E+00  3.241E-03 
6.234E+04   6.720E+00  3.204E-03 
6.315E+04   6.654E+00  3.167E-03 
6.398E+04   6.588E+00  3.130E-03 
6.481E+04   6.523E+00  3.094E-03 
6.565E+04   6.459E+00  3.059E-03 
6.650E+04   6.395E+00  3.024E-03 
6.737E+04   6.332E+00  2.989E-03 
6.824E+04   6.270E+00  2.955E-03 
6.913E+04   6.208E+00  2.921E-03 
7.003E+04   6.146E+00  2.887E-03 
7.094E+04   6.086E+00  2.854E-03 
7.186E+04   6.026E+00  2.821E-03 
7.279E+04   5.966E+00  2.789E-03 
7.374E+04   5.907E+00  2.756E-03 
7.470E+04   5.849E+00  2.725E-03 
7.567E+04   5.791E+00  2.693E-03 
7.665E+04   5.733E+00  2.662E-03 
7.765E+04   5.677E+00  2.632E-03 
7.866E+04   5.620E+00  2.601E-03 
7.968E+04   5.565E+00  2.571E-03 
8.072E+04   5.510E+00  2.542E-03 
8.176E+04   5.455E+00  2.513E-03 
8.283E+04   5.401E+00  2.484E-03 
8.390E+04   5.347E+00  2.455E-03 
8.499E+04   5.294E+00  2.427E-03 
8.610E+04   5.242E+00  2.399E-03 
8.722E+04   5.190E+00  2.371E-03 
8.835E+04   5.138E+00  2.344E-03 
8.950E+04   5.087E+00  2.317E-03 
9.066E+04   5.037E+00  2.290E-03 
9.184E+04   4.987E+00  2.263E-03 
9.303E+04   4.937E+00  2.237E-03 
9.424E+04   4.888E+00  2.212E-03 
9.547E+04   4.839E+00  2.186E-03 
9.671E+04   4.791E+00  2.161E-03 
9.797E+04   4.744E+00  2.136E-03 
9.924E+04   4.696E+00  2.111E-03 
1.005E+05   4.650E+00  2.087E-03 
1.018E+05   4.603E+00  2.063E-03 
1.032E+05   4.558E+00  2.039E-03 
1.045E+05   4.512E+00  2.015E-03 
1.059E+05   4.467E+00  1.992E-03 
1.072E+05   4.423E+00  1.969E-03 
1.086E+05   4.379E+00  1.946E-03 
1.100E+05   4.335E+00  1.924E-03 
1.115E+05   4.292E+00  1.901E-03 
1.129E+05   4.250E+00  1.879E-03 
1.144E+05   4.207E+00  1.858E-03 
1.159E+05   4.165E+00  1.836E-03 
1.174E+05   4.124E+00  1.815E-03 
1.189E+05   4.083E+00  1.794E-03 
1.204E+05   4.042E+00  1.773E-03 
1.220E+05   4.002E+00  1.753E-03 
1.236E+05   3.962E+00  1.732E-03 
1.252E+05   3.923E+00  1.712E-03 
1.268E+05   3.884E+00  1.693E-03 
1.285E+05   3.845E+00  1.673E-03 
1.302E+05   3.807E+00  1.654E-03 
1.318E+05   3.769E+00  1.634E-03 
1.336E+05   3.732E+00  1.615E-03 
1.353E+05   3.695E+00  1.597E-03 
1.371E+05   3.658E+00  1.578E-03 
1.388E+05   3.622E+00  1.560E-03 
1.406E+05   3.586E+00  1.542E-03 
1.425E+05   3.550E+00  1.524E-03 
1.443E+05   3.515E+00  1.506E-03 
1.462E+05   3.480E+00  1.489E-03 
1.481E+05   3.445E+00  1.472E-03 
1.500E+05   3.411E+00  1.455E-03 
1.520E+05   3.377E+00  1.438E-03 
1.539E+05   3.344E+00  1.421E-03 
1.559E+05   3.311E+00  1.404E-03 
1.580E+05   3.278E+00  1.388E-03 
1.600E+05   3.245E+00  1.372E-03 
1.621E+05   3.213E+00  1.356E-03 
1.642E+05   3.181E+00  1.340E-03 
1.663E+05   3.150E+00  1.325E-03 
1.685E+05   3.119E+00  1.309E-03 
1.707E+05   3.088E+00  1.294E-03 
1.729E+05   3.057E+00  1.279E-03 
1.752E+05   3.027E+00  1.264E-03 
1.774E+05   2.997E+00  1.250E-03 
1.797E+05   2.967E+00  1.235E-03 
1.821E+05   2.938E+00  1.221E-03 
1.844E+05   2.909E+00  1.207E-03 
1.868E+05   2.880E+00  1.193E-03 
1.893E+05   2.852E+00  1.179E-03 
1.917E+05   2.824E+00  1.165E-03 
1.942E+05   2.796E+00  1.151E-03 
1.967E+05   2.769E+00  1.138E-03 
1.993E+05   2.741E+00  1.125E-03 
2.019E+05   2.714E+00  1.112E-03 
2.045E+05   2.688E+00  1.099E-03 
2.072E+05   2.661E+00  1.086E-03 
2.099E+05   2.635E+00  1.073E-03 
2.126E+05   2.609E+00  1.061E-03 
2.154E+05   2.584E+00  1.049E-03 
2.182E+05   2.558E+00  1.036E-03 
2.210E+05   2.533E+00  1.024E-03 
2.239E+05   2.509E+00  1.012E-03 
2.268E+05   2.484E+00  1.001E-03 
2.297E+05   2.460E+00  9.889E-04 
2.327E+05   2.436E+00  9.774E-04 
2.357E+05   2.412E+00  9.660E-04 
2.388E+05   2.389E+00  9.547E-04 
2.419E+05   2.365E+00  9.436E-04 
2.450E+05   2.342E+00  9.326E-04 
2.482E+05   2.319E+00  9.217E-04 
2.515E+05   2.297E+00  9.110E-04 
2.547E+05   2.275E+00  9.004E-04 
2.580E+05   2.253E+00  8.899E-04 
2.614E+05   2.231E+00  8.795E-04 
2.648E+05   2.209E+00  8.692E-04 
2.682E+05   2.188E+00  8.591E-04 
2.717E+05   2.167E+00  8.491E-04 
2.752E+05   2.146E+00  8.392E-04 
2.788E+05   2.125E+00  8.294E-04 
2.824E+05   2.105E+00  8.197E-04 
2.861E+05   2.084E+00  8.101E-04 
2.898E+05   2.064E+00  8.007E-04 
2.936E+05   2.044E+00  7.913E-04 
2.974E+05   2.025E+00  7.821E-04 
3.013E+05   2.005E+00  7.730E-04 
3.052E+05   1.986E+00  7.639E-04 
3.092E+05   1.967E+00  7.550E-04 
3.132E+05   1.948E+00  7.462E-04 
3.172E+05   1.930E+00  7.375E-04 
3.214E+05   1.912E+00  7.289E-04 
3.255E+05   1.893E+00  7.203E-04 
3.298E+05   1.875E+00  7.119E-04 
3.341E+05   1.858E+00  7.036E-04 
3.384E+05   1.840E+00  6.954E-04 
3.428E+05   1.823E+00  6.873E-04 
3.473E+05   1.805E+00  6.792E-04 
3.518E+05   1.788E+00  6.713E-04 
3.563E+05   1.771E+00  6.634E-04 
3.610E+05   1.755E+00  6.557E-04 
3.657E+05   1.738E+00  6.480E-04 
3.704E+05   1.722E+00  6.404E-04 
3.752E+05   1.706E+00  6.329E-04 
3.801E+05   1.690E+00  6.255E-04 
3.851E+05   1.674E+00  6.182E-04 
3.901E+05   1.659E+00  6.110E-04 
3.951E+05   1.643E+00  6.038E-04 
4.003E+05   1.628E+00  5.967E-04 
