Ion = Helium      . Mass = 4.0026
Tgt =  K (Solid). Density = .86318 g/cm3
Stopping Units =  eV/(1E15 atoms/cm2)
Energy(keV)  S(Elec)    S(Nuc)
1.000E+00   2.844E+00  3.567E+00 
1.013E+00   2.863E+00  3.568E+00 
1.026E+00   2.881E+00  3.570E+00 
1.039E+00   2.900E+00  3.572E+00 
1.053E+00   2.919E+00  3.573E+00 
1.067E+00   2.938E+00  3.575E+00 
1.081E+00   2.957E+00  3.576E+00 
1.095E+00   2.976E+00  3.577E+00 
1.109E+00   2.995E+00  3.579E+00 
1.123E+00   3.014E+00  3.580E+00 
1.138E+00   3.034E+00  3.581E+00 
1.153E+00   3.054E+00  3.581E+00 
1.168E+00   3.073E+00  3.582E+00 
1.183E+00   3.093E+00  3.583E+00 
1.198E+00   3.113E+00  3.583E+00 
1.214E+00   3.134E+00  3.584E+00 
1.229E+00   3.154E+00  3.584E+00 
1.245E+00   3.174E+00  3.585E+00 
1.262E+00   3.195E+00  3.585E+00 
1.278E+00   3.215E+00  3.585E+00 
1.295E+00   3.236E+00  3.585E+00 
1.311E+00   3.257E+00  3.585E+00 
1.329E+00   3.278E+00  3.584E+00 
1.346E+00   3.300E+00  3.584E+00 
1.363E+00   3.321E+00  3.583E+00 
1.381E+00   3.342E+00  3.583E+00 
1.399E+00   3.364E+00  3.582E+00 
1.417E+00   3.386E+00  3.581E+00 
1.436E+00   3.408E+00  3.580E+00 
1.454E+00   3.430E+00  3.579E+00 
1.473E+00   3.452E+00  3.578E+00 
1.492E+00   3.475E+00  3.577E+00 
1.512E+00   3.497E+00  3.576E+00 
1.531E+00   3.520E+00  3.574E+00 
1.551E+00   3.542E+00  3.573E+00 
1.571E+00   3.565E+00  3.571E+00 
1.592E+00   3.589E+00  3.570E+00 
1.612E+00   3.612E+00  3.568E+00 
1.633E+00   3.635E+00  3.566E+00 
1.655E+00   3.659E+00  3.564E+00 
1.676E+00   3.682E+00  3.561E+00 
1.698E+00   3.706E+00  3.559E+00 
1.720E+00   3.730E+00  3.557E+00 
1.742E+00   3.754E+00  3.554E+00 
1.765E+00   3.779E+00  3.552E+00 
1.788E+00   3.803E+00  3.549E+00 
1.811E+00   3.828E+00  3.546E+00 
1.835E+00   3.853E+00  3.543E+00 
1.859E+00   3.878E+00  3.540E+00 
1.883E+00   3.903E+00  3.537E+00 
1.907E+00   3.928E+00  3.534E+00 
1.932E+00   3.953E+00  3.530E+00 
1.957E+00   3.979E+00  3.527E+00 
1.983E+00   4.005E+00  3.523E+00 
2.008E+00   4.031E+00  3.520E+00 
2.034E+00   4.057E+00  3.516E+00 
2.061E+00   4.083E+00  3.512E+00 
2.088E+00   4.110E+00  3.508E+00 
2.115E+00   4.136E+00  3.504E+00 
2.142E+00   4.163E+00  3.499E+00 
2.170E+00   4.190E+00  3.495E+00 
2.198E+00   4.217E+00  3.491E+00 
2.227E+00   4.244E+00  3.486E+00 
2.256E+00   4.272E+00  3.481E+00 
2.285E+00   4.300E+00  3.477E+00 
2.315E+00   4.327E+00  3.472E+00 
2.345E+00   4.355E+00  3.467E+00 
2.375E+00   4.384E+00  3.462E+00 
2.406E+00   4.412E+00  3.457E+00 
2.438E+00   4.441E+00  3.451E+00 
2.469E+00   4.469E+00  3.446E+00 
2.501E+00   4.498E+00  3.440E+00 
2.534E+00   4.527E+00  3.435E+00 
2.567E+00   4.557E+00  3.429E+00 
2.600E+00   4.586E+00  3.423E+00 
2.634E+00   4.616E+00  3.417E+00 
2.668E+00   4.646E+00  3.411E+00 
2.703E+00   4.676E+00  3.405E+00 
2.738E+00   4.706E+00  3.399E+00 
2.773E+00   4.737E+00  3.393E+00 
2.810E+00   4.767E+00  3.386E+00 
2.846E+00   4.798E+00  3.380E+00 
2.883E+00   4.829E+00  3.373E+00 
2.921E+00   4.861E+00  3.366E+00 
2.958E+00   4.892E+00  3.359E+00 
2.997E+00   4.924E+00  3.352E+00 
3.036E+00   4.956E+00  3.345E+00 
3.075E+00   4.988E+00  3.338E+00 
3.115E+00   5.020E+00  3.331E+00 
3.156E+00   5.053E+00  3.324E+00 
3.197E+00   5.085E+00  3.316E+00 
3.238E+00   5.118E+00  3.309E+00 
3.280E+00   5.152E+00  3.301E+00 
3.323E+00   5.185E+00  3.293E+00 
3.366E+00   5.218E+00  3.286E+00 
3.410E+00   5.252E+00  3.278E+00 
3.454E+00   5.286E+00  3.270E+00 
3.499E+00   5.321E+00  3.262E+00 
3.545E+00   5.355E+00  3.253E+00 
3.591E+00   5.390E+00  3.245E+00 
3.637E+00   5.425E+00  3.237E+00 
3.685E+00   5.460E+00  3.228E+00 
3.733E+00   5.495E+00  3.220E+00 
3.781E+00   5.531E+00  3.211E+00 
3.830E+00   5.567E+00  3.203E+00 
3.880E+00   5.603E+00  3.194E+00 
3.930E+00   5.639E+00  3.185E+00 
3.982E+00   5.675E+00  3.176E+00 
4.033E+00   5.712E+00  3.167E+00 
4.086E+00   5.749E+00  3.158E+00 
4.139E+00   5.786E+00  3.149E+00 
4.193E+00   5.824E+00  3.139E+00 
4.247E+00   5.862E+00  3.130E+00 
4.302E+00   5.900E+00  3.120E+00 
4.358E+00   5.938E+00  3.111E+00 
4.415E+00   5.976E+00  3.101E+00 
4.472E+00   6.015E+00  3.092E+00 
4.530E+00   6.054E+00  3.082E+00 
4.589E+00   6.093E+00  3.072E+00 
4.649E+00   6.133E+00  3.062E+00 
4.709E+00   6.172E+00  3.052E+00 
4.770E+00   6.212E+00  3.042E+00 
4.832E+00   6.253E+00  3.032E+00 
4.895E+00   6.293E+00  3.022E+00 
4.959E+00   6.334E+00  3.012E+00 
5.023E+00   6.375E+00  3.001E+00 
5.089E+00   6.416E+00  2.991E+00 
5.155E+00   6.458E+00  2.981E+00 
5.222E+00   6.500E+00  2.970E+00 
5.290E+00   6.542E+00  2.959E+00 
5.358E+00   6.584E+00  2.949E+00 
5.428E+00   6.627E+00  2.938E+00 
5.499E+00   6.670E+00  2.927E+00 
5.570E+00   6.713E+00  2.917E+00 
5.642E+00   6.756E+00  2.906E+00 
5.716E+00   6.800E+00  2.895E+00 
5.790E+00   6.844E+00  2.884E+00 
5.865E+00   6.888E+00  2.873E+00 
5.942E+00   6.933E+00  2.862E+00 
6.019E+00   6.978E+00  2.850E+00 
6.097E+00   7.023E+00  2.839E+00 
6.176E+00   7.069E+00  2.828E+00 
6.256E+00   7.114E+00  2.817E+00 
6.338E+00   7.160E+00  2.805E+00 
6.420E+00   7.207E+00  2.794E+00 
6.504E+00   7.254E+00  2.782E+00 
6.588E+00   7.300E+00  2.771E+00 
6.674E+00   7.348E+00  2.759E+00 
6.760E+00   7.395E+00  2.748E+00 
6.848E+00   7.443E+00  2.736E+00 
6.937E+00   7.491E+00  2.725E+00 
7.027E+00   7.540E+00  2.713E+00 
7.119E+00   7.589E+00  2.701E+00 
7.211E+00   7.638E+00  2.689E+00 
7.305E+00   7.687E+00  2.678E+00 
7.400E+00   7.737E+00  2.666E+00 
7.496E+00   7.787E+00  2.654E+00 
7.594E+00   7.838E+00  2.642E+00 
7.692E+00   7.889E+00  2.630E+00 
7.792E+00   7.940E+00  2.618E+00 
7.894E+00   7.991E+00  2.606E+00 
7.996E+00   8.043E+00  2.594E+00 
8.100E+00   8.100E+00  2.582E+00 
8.205E+00   8.158E+00  2.570E+00 
8.312E+00   8.216E+00  2.558E+00 
8.420E+00   8.275E+00  2.545E+00 
8.529E+00   8.335E+00  2.533E+00 
8.640E+00   8.395E+00  2.521E+00 
8.753E+00   8.456E+00  2.509E+00 
8.866E+00   8.518E+00  2.497E+00 
8.982E+00   8.580E+00  2.484E+00 
9.098E+00   8.643E+00  2.472E+00 
9.217E+00   8.706E+00  2.460E+00 
9.336E+00   8.770E+00  2.448E+00 
9.458E+00   8.835E+00  2.435E+00 
9.581E+00   8.900E+00  2.423E+00 
9.705E+00   8.967E+00  2.411E+00 
9.831E+00   9.033E+00  2.398E+00 
9.959E+00   9.101E+00  2.386E+00 
1.009E+01   9.169E+00  2.374E+00 
1.022E+01   9.238E+00  2.361E+00 
1.035E+01   9.308E+00  2.349E+00 
1.049E+01   9.378E+00  2.336E+00 
1.062E+01   9.449E+00  2.324E+00 
1.076E+01   9.521E+00  2.312E+00 
1.090E+01   9.594E+00  2.299E+00 
1.104E+01   9.667E+00  2.287E+00 
1.119E+01   9.741E+00  2.274E+00 
1.133E+01   9.816E+00  2.262E+00 
1.148E+01   9.892E+00  2.249E+00 
1.163E+01   9.968E+00  2.237E+00 
1.178E+01   1.005E+01  2.225E+00 
1.193E+01   1.012E+01  2.212E+00 
1.209E+01   1.020E+01  2.200E+00 
1.224E+01   1.028E+01  2.187E+00 
1.240E+01   1.036E+01  2.175E+00 
1.256E+01   1.044E+01  2.163E+00 
1.273E+01   1.053E+01  2.150E+00 
1.289E+01   1.061E+01  2.138E+00 
1.306E+01   1.069E+01  2.126E+00 
1.323E+01   1.078E+01  2.113E+00 
1.340E+01   1.086E+01  2.101E+00 
1.358E+01   1.095E+01  2.089E+00 
1.375E+01   1.104E+01  2.076E+00 
1.393E+01   1.112E+01  2.064E+00 
1.411E+01   1.121E+01  2.052E+00 
1.430E+01   1.130E+01  2.039E+00 
1.448E+01   1.139E+01  2.027E+00 
1.467E+01   1.149E+01  2.015E+00 
1.486E+01   1.158E+01  2.003E+00 
1.505E+01   1.167E+01  1.991E+00 
1.525E+01   1.177E+01  1.978E+00 
1.545E+01   1.186E+01  1.966E+00 
1.565E+01   1.196E+01  1.954E+00 
1.585E+01   1.206E+01  1.942E+00 
1.606E+01   1.216E+01  1.930E+00 
1.627E+01   1.226E+01  1.918E+00 
1.648E+01   1.236E+01  1.906E+00 
1.669E+01   1.246E+01  1.894E+00 
1.691E+01   1.256E+01  1.882E+00 
1.713E+01   1.267E+01  1.870E+00 
1.735E+01   1.277E+01  1.858E+00 
1.758E+01   1.288E+01  1.846E+00 
1.781E+01   1.298E+01  1.834E+00 
1.804E+01   1.309E+01  1.822E+00 
1.827E+01   1.320E+01  1.810E+00 
1.851E+01   1.331E+01  1.799E+00 
1.875E+01   1.342E+01  1.787E+00 
1.899E+01   1.354E+01  1.775E+00 
1.924E+01   1.365E+01  1.763E+00 
1.949E+01   1.377E+01  1.752E+00 
1.974E+01   1.388E+01  1.740E+00 
2.000E+01   1.400E+01  1.729E+00 
2.026E+01   1.412E+01  1.717E+00 
2.052E+01   1.424E+01  1.705E+00 
2.079E+01   1.436E+01  1.694E+00 
2.106E+01   1.448E+01  1.682E+00 
2.133E+01   1.461E+01  1.671E+00 
2.161E+01   1.473E+01  1.660E+00 
2.189E+01   1.486E+01  1.648E+00 
2.218E+01   1.498E+01  1.637E+00 
2.247E+01   1.511E+01  1.626E+00 
2.276E+01   1.524E+01  1.614E+00 
2.305E+01   1.537E+01  1.603E+00 
2.335E+01   1.551E+01  1.592E+00 
2.366E+01   1.564E+01  1.581E+00 
2.396E+01   1.578E+01  1.570E+00 
2.428E+01   1.591E+01  1.559E+00 
2.459E+01   1.605E+01  1.548E+00 
2.491E+01   1.619E+01  1.537E+00 
2.523E+01   1.633E+01  1.526E+00 
2.556E+01   1.647E+01  1.515E+00 
2.589E+01   1.662E+01  1.504E+00 
2.623E+01   1.676E+01  1.494E+00 
2.657E+01   1.691E+01  1.483E+00 
2.692E+01   1.706E+01  1.472E+00 
2.727E+01   1.721E+01  1.461E+00 
2.762E+01   1.736E+01  1.451E+00 
2.798E+01   1.751E+01  1.440E+00 
2.834E+01   1.766E+01  1.430E+00 
2.871E+01   1.782E+01  1.419E+00 
2.909E+01   1.798E+01  1.409E+00 
2.946E+01   1.814E+01  1.398E+00 
2.985E+01   1.830E+01  1.388E+00 
3.023E+01   1.846E+01  1.378E+00 
3.063E+01   1.862E+01  1.368E+00 
3.103E+01   1.879E+01  1.357E+00 
3.143E+01   1.895E+01  1.347E+00 
3.184E+01   1.912E+01  1.337E+00 
3.225E+01   1.929E+01  1.327E+00 
3.267E+01   1.946E+01  1.317E+00 
3.309E+01   1.964E+01  1.307E+00 
3.352E+01   1.981E+01  1.297E+00 
3.396E+01   1.999E+01  1.287E+00 
3.440E+01   2.017E+01  1.278E+00 
3.485E+01   2.035E+01  1.268E+00 
3.530E+01   2.053E+01  1.258E+00 
3.576E+01   2.071E+01  1.248E+00 
3.623E+01   2.090E+01  1.239E+00 
3.670E+01   2.109E+01  1.229E+00 
3.717E+01   2.128E+01  1.220E+00 
3.766E+01   2.147E+01  1.210E+00 
3.815E+01   2.166E+01  1.201E+00 
3.864E+01   2.185E+01  1.191E+00 
3.914E+01   2.205E+01  1.182E+00 
3.965E+01   2.225E+01  1.173E+00 
4.017E+01   2.245E+01  1.164E+00 
4.069E+01   2.265E+01  1.155E+00 
4.122E+01   2.285E+01  1.145E+00 
4.175E+01   2.306E+01  1.136E+00 
4.230E+01   2.327E+01  1.127E+00 
4.285E+01   2.348E+01  1.118E+00 
4.340E+01   2.369E+01  1.109E+00 
4.397E+01   2.390E+01  1.101E+00 
4.454E+01   2.412E+01  1.092E+00 
4.512E+01   2.434E+01  1.083E+00 
4.570E+01   2.456E+01  1.074E+00 
4.630E+01   2.478E+01  1.066E+00 
4.690E+01   2.500E+01  1.057E+00 
4.751E+01   2.523E+01  1.048E+00 
4.813E+01   2.545E+01  1.040E+00 
4.875E+01   2.568E+01  1.031E+00 
4.939E+01   2.592E+01  1.023E+00 
5.003E+01   2.615E+01  1.015E+00 
5.068E+01   2.639E+01  1.006E+00 
5.134E+01   2.662E+01  9.981E-01 
5.200E+01   2.687E+01  9.899E-01 
5.268E+01   2.711E+01  9.818E-01 
5.336E+01   2.735E+01  9.737E-01 
5.406E+01   2.760E+01  9.656E-01 
5.476E+01   2.785E+01  9.576E-01 
5.547E+01   2.810E+01  9.496E-01 
5.619E+01   2.835E+01  9.417E-01 
5.692E+01   2.861E+01  9.339E-01 
5.766E+01   2.887E+01  9.261E-01 
5.841E+01   2.913E+01  9.183E-01 
5.917E+01   2.939E+01  9.106E-01 
5.994E+01   2.965E+01  9.029E-01 
6.072E+01   2.992E+01  8.953E-01 
6.151E+01   3.019E+01  8.878E-01 
6.231E+01   3.046E+01  8.803E-01 
6.312E+01   3.073E+01  8.728E-01 
6.394E+01   3.101E+01  8.654E-01 
6.477E+01   3.128E+01  8.580E-01 
6.561E+01   3.157E+01  8.507E-01 
6.646E+01   3.185E+01  8.435E-01 
6.733E+01   3.213E+01  8.363E-01 
6.820E+01   3.242E+01  8.291E-01 
6.909E+01   3.271E+01  8.220E-01 
6.999E+01   3.300E+01  8.149E-01 
7.090E+01   3.329E+01  8.079E-01 
7.182E+01   3.359E+01  8.009E-01 
7.275E+01   3.389E+01  7.940E-01 
7.370E+01   3.419E+01  7.871E-01 
7.465E+01   3.449E+01  7.803E-01 
7.562E+01   3.480E+01  7.735E-01 
7.661E+01   3.511E+01  7.668E-01 
7.760E+01   3.542E+01  7.601E-01 
7.861E+01   3.573E+01  7.535E-01 
7.963E+01   3.604E+01  7.469E-01 
8.067E+01   3.636E+01  7.403E-01 
8.172E+01   3.668E+01  7.338E-01 
8.278E+01   3.700E+01  7.274E-01 
8.385E+01   3.733E+01  7.210E-01 
8.494E+01   3.765E+01  7.146E-01 
8.605E+01   3.798E+01  7.083E-01 
8.717E+01   3.831E+01  7.020E-01 
8.830E+01   3.865E+01  6.958E-01 
8.945E+01   3.898E+01  6.896E-01 
9.061E+01   3.932E+01  6.835E-01 
9.179E+01   3.966E+01  6.774E-01 
9.298E+01   4.000E+01  6.714E-01 
9.419E+01   4.035E+01  6.654E-01 
9.541E+01   4.070E+01  6.594E-01 
9.665E+01   4.105E+01  6.535E-01 
9.791E+01   4.140E+01  6.477E-01 
9.918E+01   4.175E+01  6.419E-01 
1.005E+02   4.211E+01  6.361E-01 
1.018E+02   4.247E+01  6.304E-01 
1.031E+02   4.283E+01  6.247E-01 
1.044E+02   4.319E+01  6.190E-01 
1.058E+02   4.356E+01  6.134E-01 
1.072E+02   4.392E+01  6.079E-01 
1.086E+02   4.429E+01  6.023E-01 
1.100E+02   4.466E+01  5.969E-01 
1.114E+02   4.504E+01  5.914E-01 
1.129E+02   4.541E+01  5.861E-01 
1.143E+02   4.579E+01  5.807E-01 
1.158E+02   4.617E+01  5.754E-01 
1.173E+02   4.655E+01  5.701E-01 
1.188E+02   4.694E+01  5.649E-01 
1.204E+02   4.732E+01  5.597E-01 
1.219E+02   4.771E+01  5.370E-01 
1.235E+02   4.810E+01  5.322E-01 
1.251E+02   4.849E+01  5.273E-01 
1.268E+02   4.888E+01  5.225E-01 
1.284E+02   4.928E+01  5.177E-01 
1.301E+02   4.967E+01  5.130E-01 
1.318E+02   5.007E+01  5.083E-01 
1.335E+02   5.047E+01  5.036E-01 
1.352E+02   5.088E+01  4.990E-01 
1.370E+02   5.128E+01  4.944E-01 
1.388E+02   5.168E+01  4.899E-01 
1.406E+02   5.209E+01  4.854E-01 
1.424E+02   5.250E+01  4.809E-01 
1.442E+02   5.291E+01  4.764E-01 
1.461E+02   5.332E+01  4.720E-01 
1.480E+02   5.373E+01  4.676E-01 
1.499E+02   5.415E+01  4.633E-01 
1.519E+02   5.456E+01  4.590E-01 
1.539E+02   5.498E+01  4.547E-01 
1.559E+02   5.539E+01  4.505E-01 
1.579E+02   5.581E+01  4.463E-01 
1.599E+02   5.623E+01  4.421E-01 
1.620E+02   5.665E+01  4.379E-01 
1.641E+02   5.708E+01  4.338E-01 
1.662E+02   5.750E+01  4.298E-01 
1.684E+02   5.792E+01  4.257E-01 
1.706E+02   5.834E+01  4.217E-01 
1.728E+02   5.877E+01  4.177E-01 
1.751E+02   5.919E+01  4.138E-01 
1.773E+02   5.962E+01  4.099E-01 
1.796E+02   6.005E+01  4.060E-01 
1.820E+02   6.047E+01  4.022E-01 
1.843E+02   6.090E+01  3.984E-01 
1.867E+02   6.133E+01  3.946E-01 
1.892E+02   6.175E+01  3.908E-01 
1.916E+02   6.218E+01  3.871E-01 
1.941E+02   6.261E+01  3.834E-01 
1.966E+02   6.304E+01  3.798E-01 
1.992E+02   6.346E+01  3.761E-01 
2.018E+02   6.389E+01  3.725E-01 
2.044E+02   6.432E+01  3.690E-01 
2.071E+02   6.474E+01  3.654E-01 
2.097E+02   6.517E+01  3.619E-01 
2.125E+02   6.560E+01  3.585E-01 
2.152E+02   6.602E+01  3.550E-01 
2.180E+02   6.644E+01  3.516E-01 
2.209E+02   6.687E+01  3.482E-01 
2.237E+02   6.729E+01  3.449E-01 
2.266E+02   6.771E+01  3.415E-01 
2.296E+02   6.813E+01  3.382E-01 
2.326E+02   6.855E+01  3.350E-01 
2.356E+02   6.896E+01  3.317E-01 
2.387E+02   6.938E+01  3.285E-01 
2.418E+02   6.979E+01  3.253E-01 
2.449E+02   7.020E+01  3.222E-01 
2.481E+02   7.062E+01  3.190E-01 
2.513E+02   7.102E+01  3.159E-01 
2.546E+02   7.143E+01  3.128E-01 
2.579E+02   7.183E+01  3.098E-01 
2.612E+02   7.224E+01  3.068E-01 
2.646E+02   7.264E+01  3.038E-01 
2.681E+02   7.303E+01  3.008E-01 
2.716E+02   7.343E+01  2.978E-01 
2.751E+02   7.382E+01  2.949E-01 
2.787E+02   7.421E+01  2.920E-01 
2.823E+02   7.459E+01  2.892E-01 
2.859E+02   7.498E+01  2.863E-01 
2.897E+02   7.536E+01  2.835E-01 
2.934E+02   7.573E+01  2.807E-01 
2.972E+02   7.610E+01  2.780E-01 
3.011E+02   7.647E+01  2.752E-01 
3.050E+02   7.684E+01  2.725E-01 
3.090E+02   7.720E+01  2.698E-01 
3.130E+02   7.756E+01  2.671E-01 
3.171E+02   7.791E+01  2.645E-01 
3.212E+02   7.826E+01  2.619E-01 
3.254E+02   7.861E+01  2.593E-01 
3.296E+02   7.895E+01  2.567E-01 
3.339E+02   7.929E+01  2.542E-01 
3.382E+02   7.962E+01  2.516E-01 
3.426E+02   7.994E+01  2.491E-01 
3.471E+02   8.027E+01  2.466E-01 
3.516E+02   8.058E+01  2.442E-01 
3.561E+02   8.090E+01  2.417E-01 
3.608E+02   8.120E+01  2.393E-01 
3.655E+02   8.151E+01  2.369E-01 
3.702E+02   8.180E+01  2.346E-01 
3.750E+02   8.209E+01  2.322E-01 
3.799E+02   8.238E+01  2.299E-01 
3.848E+02   8.266E+01  2.276E-01 
3.898E+02   8.293E+01  2.253E-01 
3.949E+02   8.320E+01  2.230E-01 
4.000E+02   8.346E+01  2.208E-01 
4.052E+02   8.372E+01  2.186E-01 
4.105E+02   8.397E+01  2.164E-01 
4.158E+02   8.421E+01  2.142E-01 
4.212E+02   8.444E+01  2.121E-01 
4.267E+02   8.467E+01  2.099E-01 
4.323E+02   8.490E+01  2.078E-01 
4.379E+02   8.511E+01  2.057E-01 
4.436E+02   8.532E+01  2.036E-01 
4.493E+02   8.553E+01  2.016E-01 
4.552E+02   8.572E+01  1.995E-01 
4.611E+02   8.591E+01  1.975E-01 
4.671E+02   8.609E+01  1.955E-01 
4.731E+02   8.627E+01  1.935E-01 
4.793E+02   8.644E+01  1.915E-01 
4.855E+02   8.660E+01  1.896E-01 
4.918E+02   8.675E+01  1.877E-01 
4.982E+02   8.689E+01  1.858E-01 
5.047E+02   8.703E+01  1.839E-01 
5.113E+02   8.716E+01  1.820E-01 
5.179E+02   8.728E+01  1.801E-01 
5.246E+02   8.740E+01  1.783E-01 
5.315E+02   8.751E+01  1.765E-01 
5.384E+02   8.760E+01  1.747E-01 
5.454E+02   8.770E+01  1.729E-01 
5.524E+02   8.778E+01  1.711E-01 
5.596E+02   8.786E+01  1.694E-01 
5.669E+02   8.792E+01  1.676E-01 
5.743E+02   8.798E+01  1.659E-01 
5.817E+02   8.804E+01  1.642E-01 
5.893E+02   8.808E+01  1.625E-01 
5.969E+02   8.812E+01  1.609E-01 
6.047E+02   8.815E+01  1.592E-01 
6.126E+02   8.817E+01  1.576E-01 
6.205E+02   8.818E+01  1.559E-01 
6.286E+02   8.819E+01  1.543E-01 
6.368E+02   8.818E+01  1.528E-01 
6.450E+02   8.817E+01  1.512E-01 
6.534E+02   8.815E+01  1.496E-01 
6.619E+02   8.813E+01  1.481E-01 
6.705E+02   8.809E+01  1.465E-01 
6.792E+02   8.805E+01  1.450E-01 
6.881E+02   8.800E+01  1.435E-01 
6.970E+02   8.794E+01  1.420E-01 
7.061E+02   8.788E+01  1.406E-01 
7.152E+02   8.780E+01  1.391E-01 
7.245E+02   8.772E+01  1.377E-01 
7.339E+02   8.763E+01  1.362E-01 
7.435E+02   8.754E+01  1.348E-01 
7.531E+02   8.743E+01  1.334E-01 
7.629E+02   8.732E+01  1.320E-01 
7.728E+02   8.720E+01  1.307E-01 
7.829E+02   8.708E+01  1.293E-01 
7.931E+02   8.694E+01  1.280E-01 
8.034E+02   8.680E+01  1.266E-01 
8.138E+02   8.665E+01  1.253E-01 
8.244E+02   8.650E+01  1.240E-01 
8.351E+02   8.634E+01  1.227E-01 
8.460E+02   8.617E+01  1.214E-01 
8.570E+02   8.599E+01  1.202E-01 
8.681E+02   8.581E+01  1.189E-01 
8.794E+02   8.562E+01  1.177E-01 
8.908E+02   8.543E+01  1.164E-01 
9.024E+02   8.523E+01  1.152E-01 
9.141E+02   8.502E+01  1.140E-01 
9.260E+02   8.480E+01  1.128E-01 
9.380E+02   8.458E+01  1.116E-01 
9.502E+02   8.435E+01  1.105E-01 
9.626E+02   8.412E+01  1.093E-01 
9.751E+02   8.388E+01  1.082E-01 
9.877E+02   8.364E+01  1.070E-01 
1.001E+03   8.339E+01  1.059E-01 
1.014E+03   8.313E+01  1.048E-01 
1.027E+03   8.287E+01  1.037E-01 
1.040E+03   8.260E+01  1.026E-01 
1.054E+03   8.233E+01  1.015E-01 
1.067E+03   8.205E+01  1.004E-01 
1.081E+03   8.177E+01  9.938E-02 
1.095E+03   8.148E+01  9.833E-02 
1.109E+03   8.118E+01  9.729E-02 
1.124E+03   8.089E+01  9.626E-02 
1.138E+03   8.058E+01  9.525E-02 
1.153E+03   8.028E+01  9.424E-02 
1.168E+03   7.997E+01  9.324E-02 
1.183E+03   7.965E+01  9.226E-02 
1.199E+03   7.933E+01  9.128E-02 
1.214E+03   7.901E+01  9.031E-02 
1.230E+03   7.868E+01  8.936E-02 
1.246E+03   7.835E+01  8.841E-02 
1.262E+03   7.801E+01  8.747E-02 
1.279E+03   7.767E+01  8.654E-02 
1.295E+03   7.733E+01  8.563E-02 
1.312E+03   7.698E+01  8.472E-02 
1.329E+03   7.663E+01  8.382E-02 
1.347E+03   7.628E+01  8.293E-02 
1.364E+03   7.592E+01  8.204E-02 
1.382E+03   7.556E+01  8.117E-02 
1.400E+03   7.520E+01  8.031E-02 
1.418E+03   7.483E+01  7.945E-02 
1.436E+03   7.446E+01  7.860E-02 
1.455E+03   7.409E+01  7.777E-02 
1.474E+03   7.372E+01  7.694E-02 
1.493E+03   7.335E+01  7.612E-02 
1.513E+03   7.297E+01  7.530E-02 
1.532E+03   7.259E+01  7.450E-02 
1.552E+03   7.221E+01  7.370E-02 
1.572E+03   7.182E+01  7.292E-02 
1.593E+03   7.144E+01  7.214E-02 
1.613E+03   7.105E+01  7.137E-02 
1.634E+03   7.066E+01  7.060E-02 
1.656E+03   7.027E+01  6.985E-02 
1.677E+03   6.988E+01  6.910E-02 
1.699E+03   6.948E+01  6.836E-02 
1.721E+03   6.909E+01  6.762E-02 
1.743E+03   6.869E+01  6.690E-02 
1.766E+03   6.829E+01  6.618E-02 
1.789E+03   6.789E+01  6.547E-02 
1.812E+03   6.750E+01  6.477E-02 
1.836E+03   6.709E+01  6.407E-02 
1.860E+03   6.669E+01  6.338E-02 
1.884E+03   6.629E+01  6.270E-02 
1.908E+03   6.589E+01  6.203E-02 
1.933E+03   6.549E+01  6.136E-02 
1.958E+03   6.508E+01  6.070E-02 
1.984E+03   6.468E+01  6.005E-02 
2.009E+03   6.427E+01  5.940E-02 
2.036E+03   6.387E+01  5.876E-02 
2.062E+03   6.347E+01  5.813E-02 
2.089E+03   6.306E+01  5.750E-02 
2.116E+03   6.266E+01  5.688E-02 
2.143E+03   6.225E+01  5.627E-02 
2.171E+03   6.185E+01  5.566E-02 
2.200E+03   6.144E+01  5.506E-02 
2.228E+03   6.104E+01  5.446E-02 
2.257E+03   6.063E+01  5.387E-02 
2.286E+03   6.023E+01  5.329E-02 
2.316E+03   5.983E+01  5.271E-02 
2.346E+03   5.943E+01  5.214E-02 
2.377E+03   5.902E+01  5.158E-02 
2.408E+03   5.862E+01  5.102E-02 
2.439E+03   5.822E+01  5.047E-02 
2.471E+03   5.782E+01  4.992E-02 
2.503E+03   5.742E+01  4.938E-02 
2.535E+03   5.702E+01  4.884E-02 
2.568E+03   5.663E+01  4.831E-02 
2.602E+03   5.623E+01  4.779E-02 
2.635E+03   5.583E+01  4.727E-02 
2.670E+03   5.544E+01  4.676E-02 
2.704E+03   5.504E+01  4.625E-02 
2.740E+03   5.465E+01  4.575E-02 
2.775E+03   5.426E+01  4.525E-02 
2.811E+03   5.387E+01  4.476E-02 
2.848E+03   5.348E+01  4.427E-02 
2.885E+03   5.309E+01  4.379E-02 
2.922E+03   5.271E+01  4.331E-02 
2.960E+03   5.232E+01  4.284E-02 
2.999E+03   5.194E+01  4.237E-02 
3.038E+03   5.155E+01  4.191E-02 
3.077E+03   5.117E+01  4.145E-02 
3.117E+03   5.079E+01  4.100E-02 
3.158E+03   5.042E+01  4.055E-02 
3.199E+03   5.004E+01  4.011E-02 
3.240E+03   4.966E+01  3.967E-02 
3.282E+03   4.929E+01  3.924E-02 
3.325E+03   4.892E+01  3.881E-02 
3.368E+03   4.855E+01  3.839E-02 
3.412E+03   4.818E+01  3.797E-02 
3.456E+03   4.781E+01  3.755E-02 
3.501E+03   4.745E+01  3.714E-02 
3.547E+03   4.708E+01  3.673E-02 
3.593E+03   4.672E+01  3.633E-02 
3.640E+03   4.636E+01  3.593E-02 
3.687E+03   4.600E+01  3.554E-02 
3.735E+03   4.564E+01  3.515E-02 
3.783E+03   4.529E+01  3.477E-02 
3.832E+03   4.494E+01  3.438E-02 
3.882E+03   4.458E+01  3.401E-02 
3.933E+03   4.424E+01  3.363E-02 
3.984E+03   4.389E+01  3.326E-02 
4.036E+03   4.354E+01  3.290E-02 
4.088E+03   4.320E+01  3.254E-02 
4.141E+03   4.286E+01  3.218E-02 
4.195E+03   4.252E+01  3.183E-02 
4.250E+03   4.218E+01  3.148E-02 
4.305E+03   4.184E+01  3.113E-02 
4.361E+03   4.151E+01  3.079E-02 
4.417E+03   4.117E+01  3.045E-02 
4.475E+03   4.084E+01  3.011E-02 
4.533E+03   4.052E+01  2.978E-02 
4.592E+03   4.019E+01  2.945E-02 
4.652E+03   3.986E+01  2.913E-02 
4.712E+03   3.954E+01  2.881E-02 
4.773E+03   3.922E+01  2.849E-02 
4.835E+03   3.890E+01  2.818E-02 
4.898E+03   3.859E+01  2.787E-02 
4.962E+03   3.827E+01  2.756E-02 
5.026E+03   3.796E+01  2.725E-02 
5.092E+03   3.765E+01  2.695E-02 
5.158E+03   3.734E+01  2.666E-02 
5.225E+03   3.703E+01  2.636E-02 
5.293E+03   3.673E+01  2.607E-02 
5.362E+03   3.643E+01  2.578E-02 
5.431E+03   3.612E+01  2.550E-02 
5.502E+03   3.583E+01  2.522E-02 
5.573E+03   3.553E+01  2.494E-02 
5.646E+03   3.523E+01  2.466E-02 
5.719E+03   3.494E+01  2.439E-02 
5.793E+03   3.465E+01  2.412E-02 
5.869E+03   3.436E+01  2.385E-02 
5.945E+03   3.407E+01  2.359E-02 
6.022E+03   3.379E+01  2.332E-02 
6.101E+03   3.351E+01  2.307E-02 
6.180E+03   3.323E+01  2.281E-02 
6.260E+03   3.295E+01  2.256E-02 
6.341E+03   3.267E+01  2.231E-02 
6.424E+03   3.240E+01  2.206E-02 
6.507E+03   3.212E+01  2.181E-02 
6.592E+03   3.185E+01  2.157E-02 
6.678E+03   3.158E+01  2.133E-02 
6.764E+03   3.131E+01  2.110E-02 
6.852E+03   3.105E+01  2.086E-02 
6.941E+03   3.079E+01  2.063E-02 
7.032E+03   3.052E+01  2.040E-02 
7.123E+03   3.026E+01  2.017E-02 
7.216E+03   3.001E+01  1.995E-02 
7.309E+03   2.975E+01  1.973E-02 
7.404E+03   2.950E+01  1.951E-02 
7.501E+03   2.925E+01  1.929E-02 
7.598E+03   2.900E+01  1.908E-02 
7.697E+03   2.875E+01  1.886E-02 
7.797E+03   2.850E+01  1.865E-02 
7.898E+03   2.826E+01  1.844E-02 
8.001E+03   2.801E+01  1.824E-02 
8.105E+03   2.779E+01  1.804E-02 
8.210E+03   2.757E+01  1.783E-02 
8.317E+03   2.735E+01  1.764E-02 
8.425E+03   2.712E+01  1.744E-02 
8.534E+03   2.689E+01  1.724E-02 
8.645E+03   2.666E+01  1.705E-02 
8.758E+03   2.642E+01  1.686E-02 
8.871E+03   2.618E+01  1.667E-02 
8.987E+03   2.594E+01  1.649E-02 
9.104E+03   2.569E+01  1.630E-02 
9.222E+03   2.544E+01  1.612E-02 
9.342E+03   2.519E+01  1.594E-02 
9.463E+03   2.493E+01  1.576E-02 
9.586E+03   2.468E+01  1.559E-02 
9.711E+03   2.445E+01  1.541E-02 
9.837E+03   2.423E+01  1.524E-02 
9.965E+03   2.401E+01  1.507E-02 
1.009E+04   2.379E+01  1.490E-02 
1.023E+04   2.358E+01  1.473E-02 
1.036E+04   2.337E+01  1.457E-02 
1.049E+04   2.316E+01  1.440E-02 
1.063E+04   2.295E+01  1.424E-02 
1.077E+04   2.274E+01  1.408E-02 
1.091E+04   2.253E+01  1.393E-02 
1.105E+04   2.233E+01  1.377E-02 
1.119E+04   2.213E+01  1.361E-02 
1.134E+04   2.193E+01  1.346E-02 
1.149E+04   2.173E+01  1.331E-02 
1.163E+04   2.153E+01  1.316E-02 
1.179E+04   2.133E+01  1.301E-02 
1.194E+04   2.114E+01  1.287E-02 
1.209E+04   2.095E+01  1.272E-02 
1.225E+04   2.075E+01  1.258E-02 
1.241E+04   2.056E+01  1.244E-02 
1.257E+04   2.038E+01  1.230E-02 
1.274E+04   2.019E+01  1.216E-02 
1.290E+04   2.000E+01  1.202E-02 
1.307E+04   1.982E+01  1.189E-02 
1.324E+04   1.964E+01  1.175E-02 
1.341E+04   1.946E+01  1.162E-02 
1.358E+04   1.928E+01  1.149E-02 
1.376E+04   1.910E+01  1.136E-02 
1.394E+04   1.892E+01  1.123E-02 
1.412E+04   1.875E+01  1.111E-02 
1.431E+04   1.857E+01  1.098E-02 
1.449E+04   1.840E+01  1.086E-02 
1.468E+04   1.823E+01  1.074E-02 
1.487E+04   1.806E+01  1.061E-02 
1.506E+04   1.789E+01  1.050E-02 
1.526E+04   1.773E+01  1.038E-02 
1.546E+04   1.756E+01  1.026E-02 
1.566E+04   1.740E+01  1.014E-02 
1.586E+04   1.723E+01  1.003E-02 
1.607E+04   1.707E+01  9.916E-03 
1.628E+04   1.691E+01  9.804E-03 
1.649E+04   1.675E+01  9.694E-03 
1.670E+04   1.660E+01  9.584E-03 
1.692E+04   1.644E+01  9.476E-03 
1.714E+04   1.629E+01  9.369E-03 
1.736E+04   1.613E+01  9.263E-03 
1.759E+04   1.598E+01  9.158E-03 
1.782E+04   1.583E+01  9.055E-03 
1.805E+04   1.568E+01  8.952E-03 
1.828E+04   1.553E+01  8.851E-03 
1.852E+04   1.539E+01  8.751E-03 
1.876E+04   1.524E+01  8.652E-03 
1.900E+04   1.510E+01  8.554E-03 
1.925E+04   1.496E+01  8.457E-03 
1.950E+04   1.481E+01  8.361E-03 
1.976E+04   1.467E+01  8.266E-03 
2.001E+04   1.453E+01  8.173E-03 
2.027E+04   1.440E+01  8.080E-03 
2.054E+04   1.426E+01  7.989E-03 
2.080E+04   1.412E+01  7.898E-03 
2.107E+04   1.399E+01  7.808E-03 
2.135E+04   1.386E+01  7.720E-03 
2.162E+04   1.372E+01  7.632E-03 
2.191E+04   1.359E+01  7.546E-03 
2.219E+04   1.346E+01  7.460E-03 
2.248E+04   1.333E+01  7.375E-03 
2.277E+04   1.321E+01  7.292E-03 
2.307E+04   1.308E+01  7.209E-03 
2.337E+04   1.295E+01  7.127E-03 
2.367E+04   1.283E+01  7.046E-03 
2.398E+04   1.271E+01  6.966E-03 
2.429E+04   1.258E+01  6.887E-03 
2.461E+04   1.246E+01  6.809E-03 
2.492E+04   1.234E+01  6.731E-03 
2.525E+04   1.222E+01  6.655E-03 
2.558E+04   1.211E+01  6.579E-03 
2.591E+04   1.199E+01  6.504E-03 
2.625E+04   1.187E+01  6.430E-03 
2.659E+04   1.176E+01  6.357E-03 
2.693E+04   1.164E+01  6.285E-03 
2.728E+04   1.153E+01  6.213E-03 
2.764E+04   1.142E+01  6.143E-03 
2.800E+04   1.131E+01  6.073E-03 
2.836E+04   1.120E+01  6.003E-03 
2.873E+04   1.109E+01  5.935E-03 
2.910E+04   1.098E+01  5.867E-03 
2.948E+04   1.088E+01  5.801E-03 
2.986E+04   1.077E+01  5.734E-03 
3.025E+04   1.067E+01  5.669E-03 
3.065E+04   1.056E+01  5.604E-03 
3.104E+04   1.046E+01  5.541E-03 
3.145E+04   1.036E+01  5.477E-03 
3.186E+04   1.026E+01  5.415E-03 
3.227E+04   1.016E+01  5.353E-03 
3.269E+04   1.006E+01  5.292E-03 
3.311E+04   9.958E+00  5.232E-03 
3.354E+04   9.860E+00  5.172E-03 
3.398E+04   9.764E+00  5.113E-03 
3.442E+04   9.668E+00  5.054E-03 
3.487E+04   9.573E+00  4.997E-03 
3.532E+04   9.479E+00  4.940E-03 
3.578E+04   9.386E+00  4.883E-03 
3.625E+04   9.294E+00  4.827E-03 
3.672E+04   9.203E+00  4.772E-03 
3.719E+04   9.112E+00  4.718E-03 
3.768E+04   9.022E+00  4.664E-03 
3.817E+04   8.934E+00  4.610E-03 
3.866E+04   8.846E+00  4.558E-03 
3.917E+04   8.758E+00  4.506E-03 
3.968E+04   8.672E+00  4.454E-03 
4.019E+04   8.586E+00  4.403E-03 
4.071E+04   8.502E+00  4.353E-03 
4.124E+04   8.418E+00  4.303E-03 
4.178E+04   8.334E+00  4.254E-03 
4.232E+04   8.252E+00  4.205E-03 
4.287E+04   8.170E+00  4.157E-03 
4.343E+04   8.089E+00  4.109E-03 
4.399E+04   8.009E+00  4.062E-03 
4.456E+04   7.930E+00  4.015E-03 
4.514E+04   7.851E+00  3.969E-03 
4.573E+04   7.773E+00  3.924E-03 
4.632E+04   7.696E+00  3.879E-03 
4.693E+04   7.620E+00  3.835E-03 
4.754E+04   7.544E+00  3.791E-03 
4.815E+04   7.469E+00  3.747E-03 
4.878E+04   7.395E+00  3.704E-03 
4.941E+04   7.321E+00  3.662E-03 
5.006E+04   7.248E+00  3.620E-03 
5.071E+04   7.176E+00  3.578E-03 
5.137E+04   7.105E+00  3.537E-03 
5.203E+04   7.034E+00  3.496E-03 
5.271E+04   6.964E+00  3.456E-03 
5.340E+04   6.894E+00  3.417E-03 
5.409E+04   6.826E+00  3.377E-03 
5.479E+04   6.757E+00  3.338E-03 
5.550E+04   6.690E+00  3.300E-03 
5.623E+04   6.623E+00  3.262E-03 
5.696E+04   6.557E+00  3.225E-03 
5.770E+04   6.491E+00  3.188E-03 
5.845E+04   6.426E+00  3.151E-03 
5.921E+04   6.362E+00  3.115E-03 
5.998E+04   6.299E+00  3.079E-03 
6.075E+04   6.235E+00  3.043E-03 
6.154E+04   6.173E+00  3.008E-03 
6.234E+04   6.111E+00  2.974E-03 
6.315E+04   6.050E+00  2.940E-03 
6.398E+04   5.989E+00  2.906E-03 
6.481E+04   5.929E+00  2.872E-03 
6.565E+04   5.870E+00  2.839E-03 
6.650E+04   5.811E+00  2.807E-03 
6.737E+04   5.753E+00  2.774E-03 
6.824E+04   5.695E+00  2.742E-03 
6.913E+04   5.638E+00  2.711E-03 
7.003E+04   5.581E+00  2.679E-03 
7.094E+04   5.525E+00  2.649E-03 
7.186E+04   5.469E+00  2.618E-03 
7.279E+04   5.414E+00  2.588E-03 
7.374E+04   5.360E+00  2.558E-03 
7.470E+04   5.306E+00  2.529E-03 
7.567E+04   5.253E+00  2.499E-03 
7.665E+04   5.200E+00  2.471E-03 
7.765E+04   5.148E+00  2.442E-03 
7.866E+04   5.096E+00  2.414E-03 
7.968E+04   5.044E+00  2.386E-03 
8.072E+04   4.994E+00  2.359E-03 
8.176E+04   4.943E+00  2.331E-03 
8.283E+04   4.894E+00  2.304E-03 
8.390E+04   4.844E+00  2.278E-03 
8.499E+04   4.795E+00  2.251E-03 
8.610E+04   4.747E+00  2.225E-03 
8.722E+04   4.699E+00  2.200E-03 
8.835E+04   4.652E+00  2.174E-03 
8.950E+04   4.605E+00  2.149E-03 
9.066E+04   4.559E+00  2.124E-03 
9.184E+04   4.513E+00  2.100E-03 
9.303E+04   4.467E+00  2.076E-03 
9.424E+04   4.422E+00  2.052E-03 
9.547E+04   4.378E+00  2.028E-03 
9.671E+04   4.333E+00  2.004E-03 
9.797E+04   4.290E+00  1.981E-03 
9.924E+04   4.246E+00  1.958E-03 
1.005E+05   4.204E+00  1.936E-03 
1.018E+05   4.161E+00  1.913E-03 
1.032E+05   4.119E+00  1.891E-03 
1.045E+05   4.078E+00  1.869E-03 
1.059E+05   4.037E+00  1.848E-03 
1.072E+05   3.996E+00  1.826E-03 
1.086E+05   3.956E+00  1.805E-03 
1.100E+05   3.916E+00  1.784E-03 
1.115E+05   3.876E+00  1.764E-03 
1.129E+05   3.837E+00  1.743E-03 
1.144E+05   3.798E+00  1.723E-03 
1.159E+05   3.760E+00  1.703E-03 
1.174E+05   3.722E+00  1.683E-03 
1.189E+05   3.685E+00  1.664E-03 
1.204E+05   3.648E+00  1.644E-03 
1.220E+05   3.611E+00  1.625E-03 
1.236E+05   3.574E+00  1.606E-03 
1.252E+05   3.538E+00  1.588E-03 
1.268E+05   3.503E+00  1.569E-03 
1.285E+05   3.467E+00  1.551E-03 
1.302E+05   3.433E+00  1.533E-03 
1.318E+05   3.398E+00  1.515E-03 
1.336E+05   3.364E+00  1.498E-03 
1.353E+05   3.330E+00  1.480E-03 
1.371E+05   3.296E+00  1.463E-03 
1.388E+05   3.263E+00  1.446E-03 
1.406E+05   3.230E+00  1.430E-03 
1.425E+05   3.198E+00  1.413E-03 
1.443E+05   3.166E+00  1.397E-03 
1.462E+05   3.134E+00  1.380E-03 
1.481E+05   3.103E+00  1.364E-03 
1.500E+05   3.071E+00  1.348E-03 
1.520E+05   3.041E+00  1.333E-03 
1.539E+05   3.010E+00  1.317E-03 
1.559E+05   2.980E+00  1.302E-03 
1.580E+05   2.950E+00  1.287E-03 
1.600E+05   2.920E+00  1.272E-03 
1.621E+05   2.891E+00  1.257E-03 
1.642E+05   2.862E+00  1.242E-03 
1.663E+05   2.833E+00  1.228E-03 
1.685E+05   2.805E+00  1.214E-03 
1.707E+05   2.777E+00  1.200E-03 
1.729E+05   2.749E+00  1.186E-03 
1.752E+05   2.722E+00  1.172E-03 
1.774E+05   2.695E+00  1.158E-03 
1.797E+05   2.668E+00  1.145E-03 
1.821E+05   2.641E+00  1.131E-03 
1.844E+05   2.615E+00  1.118E-03 
1.868E+05   2.589E+00  1.105E-03 
1.893E+05   2.563E+00  1.092E-03 
1.917E+05   2.537E+00  1.080E-03 
1.942E+05   2.512E+00  1.067E-03 
1.967E+05   2.487E+00  1.055E-03 
1.993E+05   2.462E+00  1.042E-03 
2.019E+05   2.438E+00  1.030E-03 
2.045E+05   2.414E+00  1.018E-03 
2.072E+05   2.390E+00  1.006E-03 
2.099E+05   2.366E+00  9.946E-04 
2.126E+05   2.342E+00  9.830E-04 
2.154E+05   2.319E+00  9.716E-04 
2.182E+05   2.296E+00  9.603E-04 
2.210E+05   2.274E+00  9.491E-04 
2.239E+05   2.251E+00  9.380E-04 
2.268E+05   2.229E+00  9.271E-04 
2.297E+05   2.207E+00  9.162E-04 
2.327E+05   2.185E+00  9.056E-04 
2.357E+05   2.164E+00  8.950E-04 
2.388E+05   2.142E+00  8.845E-04 
2.419E+05   2.121E+00  8.742E-04 
2.450E+05   2.100E+00  8.640E-04 
2.482E+05   2.080E+00  8.539E-04 
2.515E+05   2.059E+00  8.440E-04 
2.547E+05   2.039E+00  8.341E-04 
2.580E+05   2.019E+00  8.244E-04 
2.614E+05   2.000E+00  8.147E-04 
2.648E+05   1.980E+00  8.052E-04 
2.682E+05   1.961E+00  7.958E-04 
2.717E+05   1.942E+00  7.865E-04 
2.752E+05   1.923E+00  7.773E-04 
2.788E+05   1.904E+00  7.683E-04 
2.824E+05   1.885E+00  7.593E-04 
2.861E+05   1.867E+00  7.504E-04 
2.898E+05   1.849E+00  7.416E-04 
2.936E+05   1.831E+00  7.330E-04 
2.974E+05   1.813E+00  7.244E-04 
3.013E+05   1.796E+00  7.159E-04 
3.052E+05   1.778E+00  7.076E-04 
3.092E+05   1.761E+00  6.993E-04 
3.132E+05   1.744E+00  6.911E-04 
3.172E+05   1.728E+00  6.830E-04 
3.214E+05   1.711E+00  6.750E-04 
3.255E+05   1.695E+00  6.671E-04 
3.298E+05   1.678E+00  6.593E-04 
3.341E+05   1.662E+00  6.516E-04 
3.384E+05   1.646E+00  6.440E-04 
3.428E+05   1.631E+00  6.364E-04 
3.473E+05   1.615E+00  6.290E-04 
3.518E+05   1.600E+00  6.216E-04 
3.563E+05   1.585E+00  6.144E-04 
3.610E+05   1.570E+00  6.072E-04 
3.657E+05   1.555E+00  6.000E-04 
3.704E+05   1.540E+00  5.930E-04 
3.752E+05   1.526E+00  5.861E-04 
3.801E+05   1.511E+00  5.792E-04 
3.851E+05   1.497E+00  5.724E-04 
3.901E+05   1.483E+00  5.657E-04 
3.951E+05   1.469E+00  5.591E-04 
4.003E+05   1.455E+00  5.525E-04 
