Ion = Helium      . Mass = 4.0026
Tgt = Pr (Solid). Density = 6.773 g/cm3
Stopping Units =  eV/(1E15 atoms/cm2)
Energy(keV)  S(Elec)    S(Nuc)
1.000E+00   5.321E+00  2.124E+00 
1.013E+00   5.356E+00  2.129E+00 
1.026E+00   5.390E+00  2.135E+00 
1.039E+00   5.425E+00  2.140E+00 
1.053E+00   5.461E+00  2.146E+00 
1.067E+00   5.496E+00  2.151E+00 
1.081E+00   5.531E+00  2.156E+00 
1.095E+00   5.567E+00  2.162E+00 
1.109E+00   5.603E+00  2.167E+00 
1.123E+00   5.640E+00  2.172E+00 
1.138E+00   5.676E+00  2.177E+00 
1.153E+00   5.713E+00  2.183E+00 
1.168E+00   5.750E+00  2.188E+00 
1.183E+00   5.787E+00  2.193E+00 
1.198E+00   5.825E+00  2.198E+00 
1.214E+00   5.862E+00  2.203E+00 
1.229E+00   5.900E+00  2.208E+00 
1.245E+00   5.939E+00  2.213E+00 
1.262E+00   5.977E+00  2.218E+00 
1.278E+00   6.016E+00  2.223E+00 
1.295E+00   6.055E+00  2.228E+00 
1.311E+00   6.094E+00  2.233E+00 
1.329E+00   6.133E+00  2.238E+00 
1.346E+00   6.173E+00  2.243E+00 
1.363E+00   6.213E+00  2.248E+00 
1.381E+00   6.253E+00  2.253E+00 
1.399E+00   6.294E+00  2.257E+00 
1.417E+00   6.335E+00  2.262E+00 
1.436E+00   6.376E+00  2.267E+00 
1.454E+00   6.417E+00  2.271E+00 
1.473E+00   6.459E+00  2.276E+00 
1.492E+00   6.500E+00  2.281E+00 
1.512E+00   6.543E+00  2.285E+00 
1.531E+00   6.585E+00  2.290E+00 
1.551E+00   6.628E+00  2.294E+00 
1.571E+00   6.670E+00  2.298E+00 
1.592E+00   6.714E+00  2.303E+00 
1.612E+00   6.757E+00  2.307E+00 
1.633E+00   6.801E+00  2.312E+00 
1.655E+00   6.845E+00  2.316E+00 
1.676E+00   6.889E+00  2.320E+00 
1.698E+00   6.934E+00  2.324E+00 
1.720E+00   6.979E+00  2.329E+00 
1.742E+00   7.024E+00  2.333E+00 
1.765E+00   7.070E+00  2.337E+00 
1.788E+00   7.115E+00  2.341E+00 
1.811E+00   7.161E+00  2.345E+00 
1.835E+00   7.208E+00  2.349E+00 
1.859E+00   7.255E+00  2.353E+00 
1.883E+00   7.302E+00  2.357E+00 
1.907E+00   7.349E+00  2.360E+00 
1.932E+00   7.396E+00  2.364E+00 
1.957E+00   7.444E+00  2.368E+00 
1.983E+00   7.493E+00  2.372E+00 
2.008E+00   7.541E+00  2.375E+00 
2.034E+00   7.590E+00  2.379E+00 
2.061E+00   7.639E+00  2.382E+00 
2.088E+00   7.689E+00  2.386E+00 
2.115E+00   7.738E+00  2.390E+00 
2.142E+00   7.788E+00  2.393E+00 
2.170E+00   7.839E+00  2.396E+00 
2.198E+00   7.890E+00  2.400E+00 
2.227E+00   7.941E+00  2.403E+00 
2.256E+00   7.992E+00  2.406E+00 
2.285E+00   8.044E+00  2.409E+00 
2.315E+00   8.096E+00  2.413E+00 
2.345E+00   8.149E+00  2.416E+00 
2.375E+00   8.201E+00  2.419E+00 
2.406E+00   8.254E+00  2.422E+00 
2.438E+00   8.308E+00  2.425E+00 
2.469E+00   8.362E+00  2.428E+00 
2.501E+00   8.416E+00  2.430E+00 
2.534E+00   8.470E+00  2.433E+00 
2.567E+00   8.525E+00  2.436E+00 
2.600E+00   8.581E+00  2.439E+00 
2.634E+00   8.636E+00  2.441E+00 
2.668E+00   8.692E+00  2.444E+00 
2.703E+00   8.748E+00  2.446E+00 
2.738E+00   8.805E+00  2.449E+00 
2.773E+00   8.862E+00  2.451E+00 
2.810E+00   8.919E+00  2.454E+00 
2.846E+00   8.977E+00  2.456E+00 
2.883E+00   9.035E+00  2.458E+00 
2.921E+00   9.094E+00  2.460E+00 
2.958E+00   9.153E+00  2.463E+00 
2.997E+00   9.212E+00  2.465E+00 
3.036E+00   9.272E+00  2.467E+00 
3.075E+00   9.332E+00  2.469E+00 
3.115E+00   9.392E+00  2.471E+00 
3.156E+00   9.453E+00  2.473E+00 
3.197E+00   9.514E+00  2.474E+00 
3.238E+00   9.576E+00  2.476E+00 
3.280E+00   9.638E+00  2.478E+00 
3.323E+00   9.700E+00  2.479E+00 
3.366E+00   9.763E+00  2.481E+00 
3.410E+00   9.826E+00  2.482E+00 
3.454E+00   9.890E+00  2.484E+00 
3.499E+00   9.954E+00  2.485E+00 
3.545E+00   1.002E+01  2.487E+00 
3.591E+00   1.008E+01  2.488E+00 
3.637E+00   1.015E+01  2.489E+00 
3.685E+00   1.021E+01  2.490E+00 
3.733E+00   1.028E+01  2.491E+00 
3.781E+00   1.035E+01  2.492E+00 
3.830E+00   1.041E+01  2.493E+00 
3.880E+00   1.048E+01  2.494E+00 
3.930E+00   1.055E+01  2.495E+00 
3.982E+00   1.062E+01  2.496E+00 
4.033E+00   1.069E+01  2.496E+00 
4.086E+00   1.076E+01  2.497E+00 
4.139E+00   1.083E+01  2.498E+00 
4.193E+00   1.090E+01  2.498E+00 
4.247E+00   1.097E+01  2.499E+00 
4.302E+00   1.104E+01  2.499E+00 
4.358E+00   1.111E+01  2.499E+00 
4.415E+00   1.118E+01  2.500E+00 
4.472E+00   1.125E+01  2.500E+00 
4.530E+00   1.133E+01  2.500E+00 
4.589E+00   1.140E+01  2.500E+00 
4.649E+00   1.147E+01  2.500E+00 
4.709E+00   1.155E+01  2.500E+00 
4.770E+00   1.162E+01  2.500E+00 
4.832E+00   1.170E+01  2.499E+00 
4.895E+00   1.177E+01  2.499E+00 
4.959E+00   1.185E+01  2.499E+00 
5.023E+00   1.193E+01  2.498E+00 
5.089E+00   1.200E+01  2.498E+00 
5.155E+00   1.208E+01  2.497E+00 
5.222E+00   1.216E+01  2.497E+00 
5.290E+00   1.224E+01  2.496E+00 
5.358E+00   1.232E+01  2.495E+00 
5.428E+00   1.240E+01  2.494E+00 
5.499E+00   1.248E+01  2.493E+00 
5.570E+00   1.256E+01  2.492E+00 
5.642E+00   1.264E+01  2.491E+00 
5.716E+00   1.272E+01  2.490E+00 
5.790E+00   1.280E+01  2.489E+00 
5.865E+00   1.289E+01  2.488E+00 
5.942E+00   1.297E+01  2.486E+00 
6.019E+00   1.305E+01  2.485E+00 
6.097E+00   1.314E+01  2.483E+00 
6.176E+00   1.322E+01  2.482E+00 
6.256E+00   1.331E+01  2.480E+00 
6.338E+00   1.340E+01  2.478E+00 
6.420E+00   1.348E+01  2.477E+00 
6.504E+00   1.357E+01  2.475E+00 
6.588E+00   1.366E+01  2.473E+00 
6.674E+00   1.375E+01  2.471E+00 
6.760E+00   1.384E+01  2.469E+00 
6.848E+00   1.393E+01  2.467E+00 
6.937E+00   1.402E+01  2.465E+00 
7.027E+00   1.411E+01  2.462E+00 
7.119E+00   1.420E+01  2.460E+00 
7.211E+00   1.429E+01  2.458E+00 
7.305E+00   1.438E+01  2.455E+00 
7.400E+00   1.448E+01  2.453E+00 
7.496E+00   1.457E+01  2.450E+00 
7.594E+00   1.466E+01  2.447E+00 
7.692E+00   1.476E+01  2.444E+00 
7.792E+00   1.485E+01  2.442E+00 
7.894E+00   1.495E+01  2.439E+00 
7.996E+00   1.505E+01  2.436E+00 
8.100E+00   1.517E+01  2.433E+00 
8.205E+00   1.529E+01  2.429E+00 
8.312E+00   1.541E+01  2.426E+00 
8.420E+00   1.553E+01  2.423E+00 
8.529E+00   1.566E+01  2.420E+00 
8.640E+00   1.578E+01  2.416E+00 
8.753E+00   1.591E+01  2.413E+00 
8.866E+00   1.604E+01  2.409E+00 
8.982E+00   1.616E+01  2.406E+00 
9.098E+00   1.629E+01  2.402E+00 
9.217E+00   1.643E+01  2.398E+00 
9.336E+00   1.656E+01  2.394E+00 
9.458E+00   1.669E+01  2.390E+00 
9.581E+00   1.682E+01  2.386E+00 
9.705E+00   1.696E+01  2.382E+00 
9.831E+00   1.710E+01  2.378E+00 
9.959E+00   1.723E+01  2.374E+00 
1.009E+01   1.737E+01  2.370E+00 
1.022E+01   1.751E+01  2.365E+00 
1.035E+01   1.765E+01  2.361E+00 
1.049E+01   1.779E+01  2.357E+00 
1.062E+01   1.794E+01  2.352E+00 
1.076E+01   1.808E+01  2.347E+00 
1.090E+01   1.823E+01  2.343E+00 
1.104E+01   1.838E+01  2.338E+00 
1.119E+01   1.852E+01  2.333E+00 
1.133E+01   1.867E+01  2.328E+00 
1.148E+01   1.882E+01  2.323E+00 
1.163E+01   1.898E+01  2.318E+00 
1.178E+01   1.913E+01  2.313E+00 
1.193E+01   1.928E+01  2.308E+00 
1.209E+01   1.944E+01  2.303E+00 
1.224E+01   1.960E+01  2.298E+00 
1.240E+01   1.976E+01  2.293E+00 
1.256E+01   1.992E+01  2.287E+00 
1.273E+01   2.008E+01  2.282E+00 
1.289E+01   2.024E+01  2.276E+00 
1.306E+01   2.040E+01  2.271E+00 
1.323E+01   2.057E+01  2.265E+00 
1.340E+01   2.074E+01  2.259E+00 
1.358E+01   2.090E+01  2.254E+00 
1.375E+01   2.107E+01  2.248E+00 
1.393E+01   2.124E+01  2.242E+00 
1.411E+01   2.142E+01  2.236E+00 
1.430E+01   2.159E+01  2.230E+00 
1.448E+01   2.177E+01  2.224E+00 
1.467E+01   2.194E+01  2.218E+00 
1.486E+01   2.212E+01  2.212E+00 
1.505E+01   2.230E+01  2.205E+00 
1.525E+01   2.248E+01  2.199E+00 
1.545E+01   2.267E+01  2.193E+00 
1.565E+01   2.285E+01  2.187E+00 
1.585E+01   2.304E+01  2.180E+00 
1.606E+01   2.322E+01  2.174E+00 
1.627E+01   2.341E+01  2.167E+00 
1.648E+01   2.360E+01  2.160E+00 
1.669E+01   2.380E+01  2.154E+00 
1.691E+01   2.399E+01  2.147E+00 
1.713E+01   2.419E+01  2.140E+00 
1.735E+01   2.438E+01  2.134E+00 
1.758E+01   2.458E+01  2.127E+00 
1.781E+01   2.478E+01  2.120E+00 
1.804E+01   2.498E+01  2.113E+00 
1.827E+01   2.519E+01  2.106E+00 
1.851E+01   2.539E+01  2.099E+00 
1.875E+01   2.560E+01  2.092E+00 
1.899E+01   2.581E+01  2.085E+00 
1.924E+01   2.602E+01  2.077E+00 
1.949E+01   2.623E+01  2.070E+00 
1.974E+01   2.645E+01  2.063E+00 
2.000E+01   2.667E+01  2.056E+00 
2.026E+01   2.688E+01  2.048E+00 
2.052E+01   2.710E+01  2.041E+00 
2.079E+01   2.733E+01  2.033E+00 
2.106E+01   2.755E+01  2.026E+00 
2.133E+01   2.777E+01  2.018E+00 
2.161E+01   2.800E+01  2.011E+00 
2.189E+01   2.823E+01  2.003E+00 
2.218E+01   2.846E+01  1.996E+00 
2.247E+01   2.870E+01  1.988E+00 
2.276E+01   2.893E+01  1.980E+00 
2.305E+01   2.917E+01  1.973E+00 
2.335E+01   2.941E+01  1.965E+00 
2.366E+01   2.965E+01  1.957E+00 
2.396E+01   2.989E+01  1.949E+00 
2.428E+01   3.014E+01  1.941E+00 
2.459E+01   3.038E+01  1.933E+00 
2.491E+01   3.063E+01  1.926E+00 
2.523E+01   3.089E+01  1.918E+00 
2.556E+01   3.114E+01  1.910E+00 
2.589E+01   3.139E+01  1.902E+00 
2.623E+01   3.165E+01  1.893E+00 
2.657E+01   3.191E+01  1.885E+00 
2.692E+01   3.217E+01  1.877E+00 
2.727E+01   3.244E+01  1.869E+00 
2.762E+01   3.270E+01  1.861E+00 
2.798E+01   3.297E+01  1.853E+00 
2.834E+01   3.324E+01  1.845E+00 
2.871E+01   3.352E+01  1.836E+00 
2.909E+01   3.379E+01  1.828E+00 
2.946E+01   3.407E+01  1.820E+00 
2.985E+01   3.435E+01  1.812E+00 
3.023E+01   3.463E+01  1.803E+00 
3.063E+01   3.492E+01  1.795E+00 
3.103E+01   3.520E+01  1.787E+00 
3.143E+01   3.549E+01  1.778E+00 
3.184E+01   3.578E+01  1.770E+00 
3.225E+01   3.608E+01  1.761E+00 
3.267E+01   3.637E+01  1.753E+00 
3.309E+01   3.667E+01  1.745E+00 
3.352E+01   3.698E+01  1.736E+00 
3.396E+01   3.728E+01  1.728E+00 
3.440E+01   3.759E+01  1.719E+00 
3.485E+01   3.789E+01  1.711E+00 
3.530E+01   3.821E+01  1.702E+00 
3.576E+01   3.852E+01  1.694E+00 
3.623E+01   3.884E+01  1.685E+00 
3.670E+01   3.915E+01  1.677E+00 
3.717E+01   3.948E+01  1.668E+00 
3.766E+01   3.980E+01  1.660E+00 
3.815E+01   4.013E+01  1.651E+00 
3.864E+01   4.046E+01  1.643E+00 
3.914E+01   4.079E+01  1.634E+00 
3.965E+01   4.112E+01  1.625E+00 
4.017E+01   4.146E+01  1.617E+00 
4.069E+01   4.180E+01  1.608E+00 
4.122E+01   4.214E+01  1.600E+00 
4.175E+01   4.249E+01  1.591E+00 
4.230E+01   4.284E+01  1.583E+00 
4.285E+01   4.319E+01  1.574E+00 
4.340E+01   4.354E+01  1.565E+00 
4.397E+01   4.390E+01  1.557E+00 
4.454E+01   4.426E+01  1.548E+00 
4.512E+01   4.462E+01  1.540E+00 
4.570E+01   4.498E+01  1.531E+00 
4.630E+01   4.535E+01  1.523E+00 
4.690E+01   4.572E+01  1.514E+00 
4.751E+01   4.610E+01  1.505E+00 
4.813E+01   4.647E+01  1.497E+00 
4.875E+01   4.685E+01  1.488E+00 
4.939E+01   4.723E+01  1.480E+00 
5.003E+01   4.762E+01  1.471E+00 
5.068E+01   4.801E+01  1.463E+00 
5.134E+01   4.840E+01  1.454E+00 
5.200E+01   4.879E+01  1.446E+00 
5.268E+01   4.919E+01  1.437E+00 
5.336E+01   4.959E+01  1.429E+00 
5.406E+01   4.999E+01  1.420E+00 
5.476E+01   5.040E+01  1.412E+00 
5.547E+01   5.081E+01  1.403E+00 
5.619E+01   5.122E+01  1.395E+00 
5.692E+01   5.164E+01  1.386E+00 
5.766E+01   5.205E+01  1.378E+00 
5.841E+01   5.247E+01  1.370E+00 
5.917E+01   5.290E+01  1.361E+00 
5.994E+01   5.333E+01  1.353E+00 
6.072E+01   5.376E+01  1.344E+00 
6.151E+01   5.419E+01  1.336E+00 
6.231E+01   5.463E+01  1.328E+00 
6.312E+01   5.507E+01  1.319E+00 
6.394E+01   5.551E+01  1.311E+00 
6.477E+01   5.596E+01  1.303E+00 
6.561E+01   5.641E+01  1.295E+00 
6.646E+01   5.686E+01  1.286E+00 
6.733E+01   5.732E+01  1.278E+00 
6.820E+01   5.777E+01  1.270E+00 
6.909E+01   5.824E+01  1.262E+00 
6.999E+01   5.870E+01  1.253E+00 
7.090E+01   5.917E+01  1.245E+00 
7.182E+01   5.964E+01  1.237E+00 
7.275E+01   6.012E+01  1.229E+00 
7.370E+01   6.059E+01  1.221E+00 
7.465E+01   6.107E+01  1.213E+00 
7.562E+01   6.156E+01  1.205E+00 
7.661E+01   6.205E+01  1.197E+00 
7.760E+01   6.254E+01  1.189E+00 
7.861E+01   6.303E+01  1.181E+00 
7.963E+01   6.353E+01  1.173E+00 
8.067E+01   6.403E+01  1.165E+00 
8.172E+01   6.453E+01  1.157E+00 
8.278E+01   6.503E+01  1.149E+00 
8.385E+01   6.554E+01  1.141E+00 
8.494E+01   6.606E+01  1.134E+00 
8.605E+01   6.657E+01  1.126E+00 
8.717E+01   6.709E+01  1.118E+00 
8.830E+01   6.761E+01  1.110E+00 
8.945E+01   6.813E+01  1.103E+00 
9.061E+01   6.866E+01  1.095E+00 
9.179E+01   6.919E+01  1.087E+00 
9.298E+01   6.972E+01  1.080E+00 
9.419E+01   7.026E+01  1.072E+00 
9.541E+01   7.080E+01  1.065E+00 
9.665E+01   7.134E+01  1.057E+00 
9.791E+01   7.188E+01  1.049E+00 
9.918E+01   7.243E+01  1.042E+00 
1.005E+02   7.298E+01  1.035E+00 
1.018E+02   7.353E+01  1.027E+00 
1.031E+02   7.409E+01  1.020E+00 
1.044E+02   7.465E+01  1.012E+00 
1.058E+02   7.521E+01  1.005E+00 
1.072E+02   7.577E+01  9.977E-01 
1.086E+02   7.634E+01  9.904E-01 
1.100E+02   7.691E+01  9.832E-01 
1.114E+02   7.748E+01  9.760E-01 
1.129E+02   7.805E+01  9.688E-01 
1.143E+02   7.863E+01  9.617E-01 
1.158E+02   7.920E+01  9.545E-01 
1.173E+02   7.978E+01  9.475E-01 
1.188E+02   8.037E+01  9.404E-01 
1.204E+02   8.095E+01  9.334E-01 
1.219E+02   8.154E+01  9.264E-01 
1.235E+02   8.213E+01  9.195E-01 
1.251E+02   8.272E+01  9.125E-01 
1.268E+02   8.331E+01  9.057E-01 
1.284E+02   8.390E+01  8.988E-01 
1.301E+02   8.450E+01  8.920E-01 
1.318E+02   8.510E+01  8.852E-01 
1.335E+02   8.570E+01  8.785E-01 
1.352E+02   8.630E+01  8.717E-01 
1.370E+02   8.690E+01  8.651E-01 
1.388E+02   8.750E+01  8.584E-01 
1.406E+02   8.811E+01  8.518E-01 
1.424E+02   8.872E+01  8.452E-01 
1.442E+02   8.932E+01  8.387E-01 
1.461E+02   8.993E+01  8.321E-01 
1.480E+02   9.054E+01  8.257E-01 
1.499E+02   9.115E+01  8.192E-01 
1.519E+02   9.176E+01  8.128E-01 
1.539E+02   9.238E+01  8.064E-01 
1.559E+02   9.299E+01  8.001E-01 
1.579E+02   9.360E+01  7.938E-01 
1.599E+02   9.421E+01  7.875E-01 
1.620E+02   9.483E+01  7.813E-01 
1.641E+02   9.544E+01  7.751E-01 
1.662E+02   9.606E+01  7.689E-01 
1.684E+02   9.667E+01  7.628E-01 
1.706E+02   9.728E+01  7.567E-01 
1.728E+02   9.790E+01  7.506E-01 
1.751E+02   9.851E+01  7.446E-01 
1.773E+02   9.912E+01  7.386E-01 
1.796E+02   9.973E+01  7.326E-01 
1.820E+02   1.003E+02  7.267E-01 
1.843E+02   1.010E+02  7.208E-01 
1.867E+02   1.016E+02  7.150E-01 
1.892E+02   1.022E+02  7.091E-01 
1.916E+02   1.028E+02  7.034E-01 
1.941E+02   1.034E+02  6.976E-01 
1.966E+02   1.040E+02  6.919E-01 
1.992E+02   1.046E+02  6.862E-01 
2.018E+02   1.052E+02  6.806E-01 
2.044E+02   1.058E+02  6.750E-01 
2.071E+02   1.064E+02  6.694E-01 
2.097E+02   1.070E+02  6.638E-01 
2.125E+02   1.076E+02  6.583E-01 
2.152E+02   1.082E+02  6.529E-01 
2.180E+02   1.088E+02  6.474E-01 
2.209E+02   1.093E+02  6.420E-01 
2.237E+02   1.099E+02  6.366E-01 
2.266E+02   1.105E+02  6.313E-01 
2.296E+02   1.111E+02  6.260E-01 
2.326E+02   1.116E+02  6.207E-01 
2.356E+02   1.122E+02  6.155E-01 
2.387E+02   1.128E+02  6.103E-01 
2.418E+02   1.133E+02  6.052E-01 
2.449E+02   1.139E+02  6.000E-01 
2.481E+02   1.145E+02  5.949E-01 
2.513E+02   1.150E+02  5.899E-01 
2.546E+02   1.156E+02  5.848E-01 
2.579E+02   1.161E+02  5.798E-01 
2.612E+02   1.166E+02  5.749E-01 
2.646E+02   1.172E+02  5.700E-01 
2.681E+02   1.177E+02  5.651E-01 
2.716E+02   1.182E+02  5.602E-01 
2.751E+02   1.187E+02  5.554E-01 
2.787E+02   1.193E+02  5.506E-01 
2.823E+02   1.198E+02  5.458E-01 
2.859E+02   1.203E+02  5.411E-01 
2.897E+02   1.208E+02  5.364E-01 
2.934E+02   1.213E+02  5.317E-01 
2.972E+02   1.217E+02  5.271E-01 
3.011E+02   1.222E+02  5.225E-01 
3.050E+02   1.227E+02  5.180E-01 
3.090E+02   1.232E+02  5.134E-01 
3.130E+02   1.236E+02  5.089E-01 
3.171E+02   1.241E+02  5.045E-01 
3.212E+02   1.245E+02  5.000E-01 
3.254E+02   1.250E+02  4.956E-01 
3.296E+02   1.254E+02  4.913E-01 
3.339E+02   1.259E+02  4.869E-01 
3.382E+02   1.263E+02  4.826E-01 
3.426E+02   1.267E+02  4.783E-01 
3.471E+02   1.271E+02  4.741E-01 
3.516E+02   1.275E+02  4.699E-01 
3.561E+02   1.279E+02  4.657E-01 
3.608E+02   1.283E+02  4.615E-01 
3.655E+02   1.287E+02  4.574E-01 
3.702E+02   1.291E+02  4.533E-01 
3.750E+02   1.294E+02  4.493E-01 
3.799E+02   1.298E+02  4.452E-01 
3.848E+02   1.302E+02  4.412E-01 
3.898E+02   1.305E+02  4.373E-01 
3.949E+02   1.309E+02  4.333E-01 
4.000E+02   1.312E+02  4.294E-01 
4.052E+02   1.315E+02  4.255E-01 
4.105E+02   1.318E+02  4.217E-01 
4.158E+02   1.321E+02  4.179E-01 
4.212E+02   1.324E+02  4.166E-01 
4.267E+02   1.327E+02  4.128E-01 
4.323E+02   1.330E+02  4.090E-01 
4.379E+02   1.333E+02  4.053E-01 
4.436E+02   1.336E+02  4.016E-01 
4.493E+02   1.338E+02  3.979E-01 
4.552E+02   1.341E+02  3.943E-01 
4.611E+02   1.343E+02  3.906E-01 
4.671E+02   1.346E+02  3.871E-01 
4.731E+02   1.348E+02  3.835E-01 
4.793E+02   1.350E+02  3.800E-01 
4.855E+02   1.352E+02  3.765E-01 
4.918E+02   1.354E+02  3.730E-01 
4.982E+02   1.356E+02  3.695E-01 
5.047E+02   1.358E+02  3.661E-01 
5.113E+02   1.360E+02  3.627E-01 
5.179E+02   1.362E+02  3.593E-01 
5.246E+02   1.363E+02  3.560E-01 
5.315E+02   1.365E+02  3.527E-01 
5.384E+02   1.366E+02  3.494E-01 
5.454E+02   1.368E+02  3.461E-01 
5.524E+02   1.369E+02  3.429E-01 
5.596E+02   1.370E+02  3.397E-01 
5.669E+02   1.372E+02  3.365E-01 
5.743E+02   1.373E+02  3.333E-01 
5.817E+02   1.374E+02  3.302E-01 
5.893E+02   1.374E+02  3.271E-01 
5.969E+02   1.375E+02  3.240E-01 
6.047E+02   1.376E+02  3.209E-01 
6.126E+02   1.376E+02  3.179E-01 
6.205E+02   1.377E+02  3.149E-01 
6.286E+02   1.377E+02  3.119E-01 
6.368E+02   1.378E+02  3.089E-01 
6.450E+02   1.378E+02  3.060E-01 
6.534E+02   1.378E+02  3.031E-01 
6.619E+02   1.378E+02  3.002E-01 
6.705E+02   1.378E+02  2.974E-01 
6.792E+02   1.378E+02  2.945E-01 
6.881E+02   1.378E+02  2.917E-01 
6.970E+02   1.378E+02  2.889E-01 
7.061E+02   1.378E+02  2.862E-01 
7.152E+02   1.377E+02  2.834E-01 
7.245E+02   1.377E+02  2.807E-01 
7.339E+02   1.376E+02  2.780E-01 
7.435E+02   1.375E+02  2.753E-01 
7.531E+02   1.375E+02  2.727E-01 
7.629E+02   1.374E+02  2.700E-01 
7.728E+02   1.373E+02  2.674E-01 
7.829E+02   1.372E+02  2.649E-01 
7.931E+02   1.371E+02  2.623E-01 
8.034E+02   1.370E+02  2.598E-01 
8.138E+02   1.368E+02  2.572E-01 
8.244E+02   1.367E+02  2.547E-01 
8.351E+02   1.366E+02  2.523E-01 
8.460E+02   1.364E+02  2.498E-01 
8.570E+02   1.363E+02  2.474E-01 
8.681E+02   1.361E+02  2.450E-01 
8.794E+02   1.359E+02  2.426E-01 
8.908E+02   1.357E+02  2.402E-01 
9.024E+02   1.355E+02  2.379E-01 
9.141E+02   1.353E+02  2.356E-01 
9.260E+02   1.351E+02  2.333E-01 
9.380E+02   1.349E+02  2.310E-01 
9.502E+02   1.347E+02  2.287E-01 
9.626E+02   1.345E+02  2.265E-01 
9.751E+02   1.342E+02  2.242E-01 
9.877E+02   1.340E+02  2.220E-01 
1.001E+03   1.337E+02  2.198E-01 
1.014E+03   1.335E+02  2.177E-01 
1.027E+03   1.332E+02  2.155E-01 
1.040E+03   1.330E+02  2.134E-01 
1.054E+03   1.327E+02  2.113E-01 
1.067E+03   1.324E+02  2.092E-01 
1.081E+03   1.321E+02  2.071E-01 
1.095E+03   1.318E+02  2.051E-01 
1.109E+03   1.315E+02  2.031E-01 
1.124E+03   1.312E+02  2.010E-01 
1.138E+03   1.308E+02  1.990E-01 
1.153E+03   1.305E+02  1.971E-01 
1.168E+03   1.302E+02  1.951E-01 
1.183E+03   1.298E+02  1.932E-01 
1.199E+03   1.295E+02  1.912E-01 
1.214E+03   1.291E+02  1.893E-01 
1.230E+03   1.288E+02  1.875E-01 
1.246E+03   1.284E+02  1.856E-01 
1.262E+03   1.280E+02  1.837E-01 
1.279E+03   1.277E+02  1.819E-01 
1.295E+03   1.273E+02  1.801E-01 
1.312E+03   1.269E+02  1.783E-01 
1.329E+03   1.265E+02  1.765E-01 
1.347E+03   1.261E+02  1.747E-01 
1.364E+03   1.257E+02  1.729E-01 
1.382E+03   1.253E+02  1.712E-01 
1.400E+03   1.248E+02  1.695E-01 
1.418E+03   1.244E+02  1.678E-01 
1.436E+03   1.240E+02  1.661E-01 
1.455E+03   1.236E+02  1.644E-01 
1.474E+03   1.231E+02  1.628E-01 
1.493E+03   1.227E+02  1.611E-01 
1.513E+03   1.222E+02  1.595E-01 
1.532E+03   1.218E+02  1.579E-01 
1.552E+03   1.213E+02  1.563E-01 
1.572E+03   1.209E+02  1.547E-01 
1.593E+03   1.204E+02  1.531E-01 
1.613E+03   1.199E+02  1.516E-01 
1.634E+03   1.194E+02  1.500E-01 
1.656E+03   1.190E+02  1.485E-01 
1.677E+03   1.185E+02  1.470E-01 
1.699E+03   1.180E+02  1.455E-01 
1.721E+03   1.175E+02  1.440E-01 
1.743E+03   1.170E+02  1.426E-01 
1.766E+03   1.165E+02  1.411E-01 
1.789E+03   1.160E+02  1.397E-01 
1.812E+03   1.155E+02  1.382E-01 
1.836E+03   1.150E+02  1.368E-01 
1.860E+03   1.145E+02  1.354E-01 
1.884E+03   1.140E+02  1.340E-01 
1.908E+03   1.135E+02  1.327E-01 
1.933E+03   1.129E+02  1.313E-01 
1.958E+03   1.124E+02  1.300E-01 
1.984E+03   1.119E+02  1.286E-01 
2.009E+03   1.114E+02  1.273E-01 
2.036E+03   1.108E+02  1.260E-01 
2.062E+03   1.103E+02  1.247E-01 
2.089E+03   1.098E+02  1.234E-01 
2.116E+03   1.092E+02  1.222E-01 
2.143E+03   1.087E+02  1.209E-01 
2.171E+03   1.081E+02  1.197E-01 
2.200E+03   1.076E+02  1.184E-01 
2.228E+03   1.071E+02  1.172E-01 
2.257E+03   1.065E+02  1.160E-01 
2.286E+03   1.060E+02  1.148E-01 
2.316E+03   1.054E+02  1.136E-01 
2.346E+03   1.049E+02  1.124E-01 
2.377E+03   1.043E+02  1.113E-01 
2.408E+03   1.038E+02  1.101E-01 
2.439E+03   1.032E+02  1.090E-01 
2.471E+03   1.027E+02  1.079E-01 
2.503E+03   1.021E+02  1.067E-01 
2.535E+03   1.015E+02  1.056E-01 
2.568E+03   1.010E+02  1.045E-01 
2.602E+03   1.004E+02  1.034E-01 
2.635E+03   9.986E+01  1.024E-01 
2.670E+03   9.930E+01  1.013E-01 
2.704E+03   9.874E+01  1.003E-01 
2.740E+03   9.818E+01  9.921E-02 
2.775E+03   9.762E+01  9.818E-02 
2.811E+03   9.706E+01  9.715E-02 
2.848E+03   9.650E+01  9.614E-02 
2.885E+03   9.593E+01  9.514E-02 
2.922E+03   9.537E+01  9.414E-02 
2.960E+03   9.481E+01  9.316E-02 
2.999E+03   9.425E+01  9.219E-02 
3.038E+03   9.369E+01  9.122E-02 
3.077E+03   9.312E+01  9.027E-02 
3.117E+03   9.256E+01  8.932E-02 
3.158E+03   9.200E+01  8.839E-02 
3.199E+03   9.144E+01  8.746E-02 
3.240E+03   9.088E+01  8.654E-02 
3.282E+03   9.032E+01  8.564E-02 
3.325E+03   8.977E+01  8.474E-02 
3.368E+03   8.921E+01  8.385E-02 
3.412E+03   8.865E+01  8.297E-02 
3.456E+03   8.809E+01  8.209E-02 
3.501E+03   8.754E+01  8.123E-02 
3.547E+03   8.699E+01  8.038E-02 
3.593E+03   8.643E+01  7.953E-02 
3.640E+03   8.588E+01  7.869E-02 
3.687E+03   8.533E+01  7.786E-02 
3.735E+03   8.478E+01  7.704E-02 
3.783E+03   8.423E+01  7.623E-02 
3.832E+03   8.368E+01  7.542E-02 
3.882E+03   8.313E+01  7.463E-02 
3.933E+03   8.259E+01  7.384E-02 
3.984E+03   8.205E+01  7.306E-02 
4.036E+03   8.150E+01  7.229E-02 
4.088E+03   8.096E+01  7.152E-02 
4.141E+03   8.042E+01  7.076E-02 
4.195E+03   7.988E+01  7.001E-02 
4.250E+03   7.935E+01  6.927E-02 
4.305E+03   7.881E+01  6.854E-02 
4.361E+03   7.828E+01  6.781E-02 
4.417E+03   7.775E+01  6.709E-02 
4.475E+03   7.722E+01  6.638E-02 
4.533E+03   7.669E+01  6.567E-02 
4.592E+03   7.616E+01  6.498E-02 
4.652E+03   7.564E+01  6.428E-02 
4.712E+03   7.512E+01  6.360E-02 
4.773E+03   7.460E+01  6.292E-02 
4.835E+03   7.408E+01  6.225E-02 
4.898E+03   7.356E+01  6.159E-02 
4.962E+03   7.305E+01  6.093E-02 
5.026E+03   7.253E+01  6.028E-02 
5.092E+03   7.202E+01  5.964E-02 
5.158E+03   7.152E+01  5.901E-02 
5.225E+03   7.101E+01  5.838E-02 
5.293E+03   7.050E+01  5.775E-02 
5.362E+03   7.000E+01  5.714E-02 
5.431E+03   6.950E+01  5.652E-02 
5.502E+03   6.900E+01  5.592E-02 
5.573E+03   6.851E+01  5.532E-02 
5.646E+03   6.802E+01  5.473E-02 
5.719E+03   6.752E+01  5.414E-02 
5.793E+03   6.704E+01  5.356E-02 
5.869E+03   6.655E+01  5.299E-02 
5.945E+03   6.606E+01  5.242E-02 
6.022E+03   6.558E+01  5.186E-02 
6.101E+03   6.510E+01  5.130E-02 
6.180E+03   6.462E+01  5.075E-02 
6.260E+03   6.415E+01  5.021E-02 
6.341E+03   6.368E+01  4.967E-02 
6.424E+03   6.321E+01  4.913E-02 
6.507E+03   6.274E+01  4.861E-02 
6.592E+03   6.227E+01  4.808E-02 
6.678E+03   6.181E+01  4.757E-02 
6.764E+03   6.135E+01  4.705E-02 
6.852E+03   6.089E+01  4.655E-02 
6.941E+03   6.043E+01  4.604E-02 
7.032E+03   5.998E+01  4.555E-02 
7.123E+03   5.953E+01  4.506E-02 
7.216E+03   5.908E+01  4.457E-02 
7.309E+03   5.864E+01  4.409E-02 
7.404E+03   5.819E+01  4.361E-02 
7.501E+03   5.775E+01  4.314E-02 
7.598E+03   5.731E+01  4.268E-02 
7.697E+03   5.688E+01  4.222E-02 
7.797E+03   5.644E+01  4.176E-02 
7.898E+03   5.601E+01  4.131E-02 
8.001E+03   5.558E+01  4.086E-02 
8.105E+03   5.525E+01  4.042E-02 
8.210E+03   5.491E+01  3.998E-02 
8.317E+03   5.457E+01  3.955E-02 
8.425E+03   5.422E+01  3.912E-02 
8.534E+03   5.387E+01  3.870E-02 
8.645E+03   5.352E+01  3.828E-02 
8.758E+03   5.316E+01  3.786E-02 
8.871E+03   5.279E+01  3.745E-02 
8.987E+03   5.242E+01  3.704E-02 
9.104E+03   5.205E+01  3.664E-02 
9.222E+03   5.167E+01  3.624E-02 
9.342E+03   5.129E+01  3.585E-02 
9.463E+03   5.090E+01  3.546E-02 
9.586E+03   5.051E+01  3.507E-02 
9.711E+03   5.013E+01  3.469E-02 
9.837E+03   4.975E+01  3.431E-02 
9.965E+03   4.938E+01  3.394E-02 
1.009E+04   4.901E+01  3.357E-02 
1.023E+04   4.864E+01  3.321E-02 
1.036E+04   4.827E+01  3.284E-02 
1.049E+04   4.791E+01  3.249E-02 
1.063E+04   4.754E+01  3.213E-02 
1.077E+04   4.718E+01  3.178E-02 
1.091E+04   4.682E+01  3.143E-02 
1.105E+04   4.646E+01  3.109E-02 
1.119E+04   4.611E+01  3.075E-02 
1.134E+04   4.576E+01  3.042E-02 
1.149E+04   4.540E+01  3.008E-02 
1.163E+04   4.506E+01  2.975E-02 
1.179E+04   4.471E+01  2.943E-02 
1.194E+04   4.436E+01  2.911E-02 
1.209E+04   4.402E+01  2.879E-02 
1.225E+04   4.368E+01  2.847E-02 
1.241E+04   4.334E+01  2.816E-02 
1.257E+04   4.300E+01  2.785E-02 
1.274E+04   4.267E+01  2.755E-02 
1.290E+04   4.233E+01  2.725E-02 
1.307E+04   4.200E+01  2.695E-02 
1.324E+04   4.167E+01  2.665E-02 
1.341E+04   4.135E+01  2.636E-02 
1.358E+04   4.102E+01  2.607E-02 
1.376E+04   4.070E+01  2.578E-02 
1.394E+04   4.038E+01  2.550E-02 
1.412E+04   4.006E+01  2.522E-02 
1.431E+04   3.974E+01  2.494E-02 
1.449E+04   3.942E+01  2.467E-02 
1.468E+04   3.911E+01  2.440E-02 
1.487E+04   3.880E+01  2.413E-02 
1.506E+04   3.849E+01  2.386E-02 
1.526E+04   3.818E+01  2.360E-02 
1.546E+04   3.787E+01  2.334E-02 
1.566E+04   3.757E+01  2.308E-02 
1.586E+04   3.727E+01  2.283E-02 
1.607E+04   3.697E+01  2.258E-02 
1.628E+04   3.667E+01  2.233E-02 
1.649E+04   3.637E+01  2.208E-02 
1.670E+04   3.608E+01  2.184E-02 
1.692E+04   3.579E+01  2.160E-02 
1.714E+04   3.550E+01  2.136E-02 
1.736E+04   3.521E+01  2.112E-02 
1.759E+04   3.492E+01  2.089E-02 
1.782E+04   3.464E+01  2.066E-02 
1.805E+04   3.435E+01  2.043E-02 
1.828E+04   3.407E+01  2.021E-02 
1.852E+04   3.379E+01  1.998E-02 
1.876E+04   3.352E+01  1.976E-02 
1.900E+04   3.324E+01  1.954E-02 
1.925E+04   3.297E+01  1.933E-02 
1.950E+04   3.269E+01  1.911E-02 
1.976E+04   3.242E+01  1.890E-02 
2.001E+04   3.216E+01  1.869E-02 
2.027E+04   3.189E+01  1.849E-02 
2.054E+04   3.162E+01  1.828E-02 
2.080E+04   3.136E+01  1.808E-02 
2.107E+04   3.110E+01  1.788E-02 
2.135E+04   3.084E+01  1.768E-02 
2.162E+04   3.058E+01  1.748E-02 
2.191E+04   3.033E+01  1.729E-02 
2.219E+04   3.007E+01  1.710E-02 
2.248E+04   2.982E+01  1.691E-02 
2.277E+04   2.957E+01  1.672E-02 
2.307E+04   2.932E+01  1.653E-02 
2.337E+04   2.908E+01  1.635E-02 
2.367E+04   2.883E+01  1.617E-02 
2.398E+04   2.859E+01  1.599E-02 
2.429E+04   2.834E+01  1.581E-02 
2.461E+04   2.810E+01  1.564E-02 
2.492E+04   2.787E+01  1.546E-02 
2.525E+04   2.763E+01  1.529E-02 
2.558E+04   2.739E+01  1.512E-02 
2.591E+04   2.716E+01  1.495E-02 
2.625E+04   2.693E+01  1.478E-02 
2.659E+04   2.670E+01  1.462E-02 
2.693E+04   2.647E+01  1.446E-02 
2.728E+04   2.624E+01  1.430E-02 
2.764E+04   2.602E+01  1.414E-02 
2.800E+04   2.579E+01  1.398E-02 
2.836E+04   2.557E+01  1.382E-02 
2.873E+04   2.535E+01  1.367E-02 
2.910E+04   2.513E+01  1.352E-02 
2.948E+04   2.492E+01  1.337E-02 
2.986E+04   2.470E+01  1.322E-02 
3.025E+04   2.449E+01  1.307E-02 
3.065E+04   2.428E+01  1.292E-02 
3.104E+04   2.406E+01  1.278E-02 
3.145E+04   2.386E+01  1.264E-02 
3.186E+04   2.365E+01  1.249E-02 
3.227E+04   2.344E+01  1.235E-02 
3.269E+04   2.324E+01  1.222E-02 
3.311E+04   2.303E+01  1.208E-02 
3.354E+04   2.283E+01  1.194E-02 
3.398E+04   2.263E+01  1.181E-02 
3.442E+04   2.243E+01  1.168E-02 
3.487E+04   2.224E+01  1.155E-02 
3.532E+04   2.204E+01  1.142E-02 
3.578E+04   2.185E+01  1.129E-02 
3.625E+04   2.166E+01  1.116E-02 
3.672E+04   2.147E+01  1.104E-02 
3.719E+04   2.128E+01  1.091E-02 
3.768E+04   2.109E+01  1.079E-02 
3.817E+04   2.090E+01  1.067E-02 
3.866E+04   2.072E+01  1.055E-02 
3.917E+04   2.053E+01  1.043E-02 
3.968E+04   2.035E+01  1.032E-02 
4.019E+04   2.017E+01  1.020E-02 
4.071E+04   1.999E+01  1.009E-02 
4.124E+04   1.981E+01  9.972E-03 
4.178E+04   1.963E+01  9.860E-03 
4.232E+04   1.946E+01  9.750E-03 
4.287E+04   1.929E+01  9.640E-03 
4.343E+04   1.911E+01  9.532E-03 
4.399E+04   1.894E+01  9.424E-03 
4.456E+04   1.877E+01  9.318E-03 
4.514E+04   1.860E+01  9.214E-03 
4.573E+04   1.844E+01  9.110E-03 
4.632E+04   1.827E+01  9.007E-03 
4.693E+04   1.811E+01  8.906E-03 
4.754E+04   1.794E+01  8.806E-03 
4.815E+04   1.778E+01  8.706E-03 
4.878E+04   1.762E+01  8.608E-03 
4.941E+04   1.746E+01  8.511E-03 
5.006E+04   1.730E+01  8.415E-03 
5.071E+04   1.715E+01  8.321E-03 
5.137E+04   1.699E+01  8.227E-03 
5.203E+04   1.684E+01  8.134E-03 
5.271E+04   1.668E+01  8.042E-03 
5.340E+04   1.653E+01  7.951E-03 
5.409E+04   1.638E+01  7.862E-03 
5.479E+04   1.623E+01  7.773E-03 
5.550E+04   1.608E+01  7.685E-03 
5.623E+04   1.594E+01  7.598E-03 
5.696E+04   1.579E+01  7.513E-03 
5.770E+04   1.565E+01  7.428E-03 
5.845E+04   1.551E+01  7.344E-03 
5.921E+04   1.536E+01  7.261E-03 
5.998E+04   1.522E+01  7.179E-03 
6.075E+04   1.508E+01  7.098E-03 
6.154E+04   1.494E+01  7.017E-03 
6.234E+04   1.481E+01  6.938E-03 
6.315E+04   1.467E+01  6.859E-03 
6.398E+04   1.454E+01  6.782E-03 
6.481E+04   1.440E+01  6.705E-03 
6.565E+04   1.427E+01  6.629E-03 
6.650E+04   1.414E+01  6.554E-03 
6.737E+04   1.401E+01  6.480E-03 
6.824E+04   1.388E+01  6.406E-03 
6.913E+04   1.375E+01  6.334E-03 
7.003E+04   1.362E+01  6.262E-03 
7.094E+04   1.350E+01  6.191E-03 
7.186E+04   1.337E+01  6.121E-03 
7.279E+04   1.325E+01  6.052E-03 
7.374E+04   1.312E+01  5.983E-03 
7.470E+04   1.300E+01  5.915E-03 
7.567E+04   1.288E+01  5.848E-03 
7.665E+04   1.276E+01  5.782E-03 
7.765E+04   1.264E+01  5.716E-03 
7.866E+04   1.253E+01  5.651E-03 
7.968E+04   1.241E+01  5.587E-03 
8.072E+04   1.229E+01  5.523E-03 
8.176E+04   1.218E+01  5.461E-03 
8.283E+04   1.207E+01  5.399E-03 
8.390E+04   1.195E+01  5.337E-03 
8.499E+04   1.184E+01  5.277E-03 
8.610E+04   1.173E+01  5.217E-03 
8.722E+04   1.162E+01  5.157E-03 
8.835E+04   1.151E+01  5.099E-03 
8.950E+04   1.140E+01  5.041E-03 
9.066E+04   1.130E+01  4.983E-03 
9.184E+04   1.119E+01  4.927E-03 
9.303E+04   1.109E+01  4.871E-03 
9.424E+04   1.098E+01  4.815E-03 
9.547E+04   1.088E+01  4.760E-03 
9.671E+04   1.078E+01  4.706E-03 
9.797E+04   1.068E+01  4.653E-03 
9.924E+04   1.058E+01  4.600E-03 
1.005E+05   1.048E+01  4.547E-03 
1.018E+05   1.038E+01  4.495E-03 
1.032E+05   1.028E+01  4.444E-03 
1.045E+05   1.018E+01  4.393E-03 
1.059E+05   1.009E+01  4.343E-03 
1.072E+05   9.993E+00  4.294E-03 
1.086E+05   9.899E+00  4.245E-03 
1.100E+05   9.806E+00  4.196E-03 
1.115E+05   9.713E+00  4.149E-03 
1.129E+05   9.622E+00  4.101E-03 
1.144E+05   9.531E+00  4.054E-03 
1.159E+05   9.441E+00  4.008E-03 
1.174E+05   9.352E+00  3.962E-03 
1.189E+05   9.264E+00  3.917E-03 
1.204E+05   9.176E+00  3.872E-03 
1.220E+05   9.089E+00  3.828E-03 
1.236E+05   9.003E+00  3.784E-03 
1.252E+05   8.918E+00  3.741E-03 
1.268E+05   8.834E+00  3.698E-03 
1.285E+05   8.751E+00  3.656E-03 
1.302E+05   8.668E+00  3.614E-03 
1.318E+05   8.586E+00  3.573E-03 
1.336E+05   8.505E+00  3.532E-03 
1.353E+05   8.424E+00  3.492E-03 
1.371E+05   8.344E+00  3.452E-03 
1.388E+05   8.265E+00  3.412E-03 
1.406E+05   8.187E+00  3.373E-03 
1.425E+05   8.110E+00  3.335E-03 
1.443E+05   8.033E+00  3.296E-03 
1.462E+05   7.957E+00  3.259E-03 
1.481E+05   7.881E+00  3.221E-03 
1.500E+05   7.807E+00  3.184E-03 
1.520E+05   7.733E+00  3.148E-03 
1.539E+05   7.660E+00  3.112E-03 
1.559E+05   7.587E+00  3.076E-03 
1.580E+05   7.515E+00  3.041E-03 
1.600E+05   7.444E+00  3.006E-03 
1.621E+05   7.374E+00  2.972E-03 
1.642E+05   7.304E+00  2.938E-03 
1.663E+05   7.235E+00  2.904E-03 
1.685E+05   7.166E+00  2.870E-03 
1.707E+05   7.098E+00  2.838E-03 
1.729E+05   7.031E+00  2.805E-03 
1.752E+05   6.965E+00  2.773E-03 
1.774E+05   6.899E+00  2.741E-03 
1.797E+05   6.834E+00  2.710E-03 
1.821E+05   6.769E+00  2.678E-03 
1.844E+05   6.705E+00  2.648E-03 
1.868E+05   6.642E+00  2.617E-03 
1.893E+05   6.579E+00  2.587E-03 
1.917E+05   6.517E+00  2.557E-03 
1.942E+05   6.455E+00  2.528E-03 
1.967E+05   6.394E+00  2.499E-03 
1.993E+05   6.334E+00  2.470E-03 
2.019E+05   6.274E+00  2.442E-03 
2.045E+05   6.215E+00  2.414E-03 
2.072E+05   6.156E+00  2.386E-03 
2.099E+05   6.098E+00  2.359E-03 
2.126E+05   6.041E+00  2.331E-03 
2.154E+05   5.984E+00  2.305E-03 
2.182E+05   5.927E+00  2.278E-03 
2.210E+05   5.872E+00  2.252E-03 
2.239E+05   5.816E+00  2.226E-03 
2.268E+05   5.762E+00  2.200E-03 
2.297E+05   5.708E+00  2.175E-03 
2.327E+05   5.654E+00  2.150E-03 
2.357E+05   5.601E+00  2.125E-03 
2.388E+05   5.548E+00  2.101E-03 
2.419E+05   5.496E+00  2.076E-03 
2.450E+05   5.445E+00  2.053E-03 
2.482E+05   5.394E+00  2.029E-03 
2.515E+05   5.344E+00  2.005E-03 
2.547E+05   5.294E+00  1.982E-03 
2.580E+05   5.244E+00  1.959E-03 
2.614E+05   5.195E+00  1.937E-03 
2.648E+05   5.147E+00  1.915E-03 
2.682E+05   5.099E+00  1.892E-03 
2.717E+05   5.051E+00  1.871E-03 
2.752E+05   5.004E+00  1.849E-03 
2.788E+05   4.958E+00  1.828E-03 
2.824E+05   4.911E+00  1.807E-03 
2.861E+05   4.866E+00  1.786E-03 
2.898E+05   4.821E+00  1.765E-03 
2.936E+05   4.776E+00  1.745E-03 
2.974E+05   4.732E+00  1.725E-03 
3.013E+05   4.688E+00  1.705E-03 
3.052E+05   4.645E+00  1.685E-03 
3.092E+05   4.602E+00  1.666E-03 
3.132E+05   4.559E+00  1.646E-03 
3.172E+05   4.517E+00  1.627E-03 
3.214E+05   4.476E+00  1.608E-03 
3.255E+05   4.435E+00  1.590E-03 
3.298E+05   4.394E+00  1.571E-03 
3.341E+05   4.354E+00  1.553E-03 
3.384E+05   4.314E+00  1.535E-03 
3.428E+05   4.274E+00  1.518E-03 
3.473E+05   4.235E+00  1.500E-03 
3.518E+05   4.197E+00  1.483E-03 
3.563E+05   4.158E+00  1.465E-03 
3.610E+05   4.120E+00  1.449E-03 
3.657E+05   4.083E+00  1.432E-03 
3.704E+05   4.046E+00  1.415E-03 
3.752E+05   4.009E+00  1.399E-03 
3.801E+05   3.973E+00  1.383E-03 
3.851E+05   3.937E+00  1.367E-03 
3.901E+05   3.901E+00  1.351E-03 
3.951E+05   3.866E+00  1.335E-03 
4.003E+05   3.831E+00  1.320E-03 
