Ion = Hydrogen    . Mass = 1.0079
Tgt = Zn (Solid). Density = 7.14 g/cm3
Stopping Units =  eV/(1E15 atoms/cm2)
Energy(keV)  S(Elec)    S(Nuc)
1.000E+00   4.472E+00  4.253E-01 
1.012E+00   4.498E+00  4.252E-01 
1.023E+00   4.524E+00  4.252E-01 
1.035E+00   4.550E+00  4.252E-01 
1.047E+00   4.576E+00  4.251E-01 
1.059E+00   4.603E+00  4.250E-01 
1.072E+00   4.629E+00  4.250E-01 
1.084E+00   4.656E+00  4.249E-01 
1.097E+00   4.683E+00  4.248E-01 
1.109E+00   4.710E+00  4.247E-01 
1.122E+00   4.737E+00  4.245E-01 
1.135E+00   4.765E+00  4.244E-01 
1.148E+00   4.792E+00  4.243E-01 
1.162E+00   4.820E+00  4.241E-01 
1.175E+00   4.848E+00  4.240E-01 
1.189E+00   4.876E+00  4.238E-01 
1.203E+00   4.904E+00  4.236E-01 
1.217E+00   4.932E+00  4.235E-01 
1.231E+00   4.961E+00  4.233E-01 
1.245E+00   4.989E+00  4.231E-01 
1.259E+00   5.018E+00  4.228E-01 
1.274E+00   5.047E+00  4.226E-01 
1.289E+00   5.077E+00  4.224E-01 
1.304E+00   5.106E+00  4.221E-01 
1.319E+00   5.135E+00  4.219E-01 
1.334E+00   5.165E+00  4.216E-01 
1.350E+00   5.195E+00  4.214E-01 
1.365E+00   5.225E+00  4.211E-01 
1.381E+00   5.255E+00  4.208E-01 
1.397E+00   5.286E+00  4.205E-01 
1.413E+00   5.316E+00  4.202E-01 
1.430E+00   5.347E+00  4.198E-01 
1.446E+00   5.378E+00  4.195E-01 
1.463E+00   5.409E+00  4.192E-01 
1.480E+00   5.440E+00  4.188E-01 
1.497E+00   5.472E+00  4.185E-01 
1.515E+00   5.503E+00  4.181E-01 
1.532E+00   5.535E+00  4.177E-01 
1.550E+00   5.567E+00  4.173E-01 
1.568E+00   5.599E+00  4.169E-01 
1.586E+00   5.632E+00  4.165E-01 
1.605E+00   5.664E+00  4.161E-01 
1.623E+00   5.697E+00  4.156E-01 
1.642E+00   5.730E+00  4.152E-01 
1.661E+00   5.763E+00  4.147E-01 
1.680E+00   5.796E+00  4.143E-01 
1.700E+00   5.830E+00  4.138E-01 
1.719E+00   5.864E+00  4.133E-01 
1.739E+00   5.898E+00  4.128E-01 
1.760E+00   5.932E+00  4.123E-01 
1.780E+00   5.966E+00  4.118E-01 
1.801E+00   6.001E+00  4.113E-01 
1.822E+00   6.035E+00  4.108E-01 
1.843E+00   6.070E+00  4.102E-01 
1.864E+00   6.105E+00  4.097E-01 
1.886E+00   6.141E+00  4.091E-01 
1.908E+00   6.176E+00  4.086E-01 
1.930E+00   6.212E+00  4.080E-01 
1.952E+00   6.248E+00  4.074E-01 
1.975E+00   6.284E+00  4.068E-01 
1.998E+00   6.320E+00  4.062E-01 
2.021E+00   6.357E+00  4.056E-01 
2.044E+00   6.395E+00  4.049E-01 
2.068E+00   6.434E+00  4.043E-01 
2.092E+00   6.473E+00  4.037E-01 
2.116E+00   6.512E+00  4.030E-01 
2.141E+00   6.551E+00  4.023E-01 
2.166E+00   6.591E+00  4.017E-01 
2.191E+00   6.631E+00  4.010E-01 
2.216E+00   6.671E+00  4.003E-01 
2.242E+00   6.711E+00  3.996E-01 
2.268E+00   6.751E+00  3.989E-01 
2.294E+00   6.792E+00  3.982E-01 
2.321E+00   6.833E+00  3.974E-01 
2.348E+00   6.874E+00  3.967E-01 
2.375E+00   6.916E+00  3.959E-01 
2.402E+00   6.958E+00  3.952E-01 
2.430E+00   6.999E+00  3.944E-01 
2.458E+00   7.042E+00  3.936E-01 
2.487E+00   7.084E+00  3.929E-01 
2.516E+00   7.127E+00  3.921E-01 
2.545E+00   7.170E+00  3.913E-01 
2.574E+00   7.213E+00  3.905E-01 
2.604E+00   7.256E+00  3.896E-01 
2.635E+00   7.300E+00  3.888E-01 
2.665E+00   7.344E+00  3.880E-01 
2.696E+00   7.388E+00  3.871E-01 
2.727E+00   7.433E+00  3.863E-01 
2.759E+00   7.478E+00  3.854E-01 
2.791E+00   7.523E+00  3.846E-01 
2.823E+00   7.568E+00  3.837E-01 
2.856E+00   7.613E+00  3.828E-01 
2.889E+00   7.659E+00  3.819E-01 
2.923E+00   7.705E+00  3.810E-01 
2.957E+00   7.751E+00  3.801E-01 
2.991E+00   7.798E+00  3.792E-01 
3.026E+00   7.845E+00  3.782E-01 
3.061E+00   7.892E+00  3.773E-01 
3.096E+00   7.939E+00  3.764E-01 
3.132E+00   7.986E+00  3.754E-01 
3.168E+00   8.034E+00  3.745E-01 
3.205E+00   8.082E+00  3.735E-01 
3.242E+00   8.130E+00  3.725E-01 
3.280E+00   8.179E+00  3.715E-01 
3.318E+00   8.228E+00  3.706E-01 
3.356E+00   8.277E+00  3.696E-01 
3.395E+00   8.326E+00  3.686E-01 
3.435E+00   8.376E+00  3.676E-01 
3.475E+00   8.425E+00  3.665E-01 
3.515E+00   8.476E+00  3.655E-01 
3.556E+00   8.526E+00  3.645E-01 
3.597E+00   8.576E+00  3.634E-01 
3.639E+00   8.627E+00  3.624E-01 
3.681E+00   8.678E+00  3.614E-01 
3.724E+00   8.729E+00  3.603E-01 
3.767E+00   8.781E+00  3.592E-01 
3.810E+00   8.833E+00  3.582E-01 
3.855E+00   8.885E+00  3.571E-01 
3.899E+00   8.937E+00  3.560E-01 
3.945E+00   8.989E+00  3.549E-01 
3.990E+00   9.042E+00  3.538E-01 
4.037E+00   9.095E+00  3.527E-01 
4.083E+00   9.148E+00  3.516E-01 
4.131E+00   9.202E+00  3.505E-01 
4.179E+00   9.255E+00  3.494E-01 
4.227E+00   9.309E+00  3.483E-01 
4.276E+00   9.363E+00  3.471E-01 
4.326E+00   9.417E+00  3.460E-01 
4.376E+00   9.472E+00  3.449E-01 
4.427E+00   9.526E+00  3.437E-01 
4.478E+00   9.581E+00  3.426E-01 
4.530E+00   9.636E+00  3.414E-01 
4.583E+00   9.691E+00  3.402E-01 
4.636E+00   9.747E+00  3.391E-01 
4.690E+00   9.802E+00  3.379E-01 
4.744E+00   9.858E+00  3.367E-01 
4.799E+00   9.914E+00  3.355E-01 
4.855E+00   9.970E+00  3.343E-01 
4.911E+00   1.003E+01  3.332E-01 
4.968E+00   1.008E+01  3.320E-01 
5.026E+00   1.014E+01  3.308E-01 
5.084E+00   1.020E+01  3.296E-01 
5.143E+00   1.025E+01  3.283E-01 
5.202E+00   1.031E+01  3.271E-01 
5.263E+00   1.037E+01  3.259E-01 
5.324E+00   1.042E+01  3.247E-01 
5.386E+00   1.048E+01  3.235E-01 
5.448E+00   1.054E+01  3.222E-01 
5.511E+00   1.060E+01  3.210E-01 
5.575E+00   1.065E+01  3.198E-01 
5.640E+00   1.071E+01  3.185E-01 
5.705E+00   1.077E+01  3.173E-01 
5.771E+00   1.083E+01  3.160E-01 
5.838E+00   1.088E+01  3.148E-01 
5.906E+00   1.094E+01  3.135E-01 
5.975E+00   1.100E+01  3.123E-01 
6.044E+00   1.106E+01  3.110E-01 
6.114E+00   1.112E+01  3.098E-01 
6.185E+00   1.117E+01  3.085E-01 
6.257E+00   1.123E+01  3.072E-01 
6.329E+00   1.129E+01  3.060E-01 
6.403E+00   1.135E+01  3.047E-01 
6.477E+00   1.140E+01  3.034E-01 
6.552E+00   1.146E+01  3.021E-01 
6.628E+00   1.152E+01  3.009E-01 
6.705E+00   1.158E+01  2.996E-01 
6.783E+00   1.163E+01  2.983E-01 
6.861E+00   1.169E+01  2.970E-01 
6.941E+00   1.175E+01  2.957E-01 
7.021E+00   1.181E+01  2.944E-01 
7.103E+00   1.186E+01  2.931E-01 
7.185E+00   1.192E+01  2.919E-01 
7.269E+00   1.198E+01  2.906E-01 
7.353E+00   1.203E+01  2.893E-01 
7.438E+00   1.209E+01  2.880E-01 
7.524E+00   1.215E+01  2.867E-01 
7.612E+00   1.220E+01  2.854E-01 
7.700E+00   1.226E+01  2.841E-01 
7.789E+00   1.231E+01  2.828E-01 
7.880E+00   1.237E+01  2.815E-01 
7.971E+00   1.242E+01  2.802E-01 
8.064E+00   1.248E+01  2.789E-01 
8.157E+00   1.253E+01  2.775E-01 
8.252E+00   1.259E+01  2.762E-01 
8.347E+00   1.264E+01  2.749E-01 
8.444E+00   1.269E+01  2.736E-01 
8.542E+00   1.275E+01  2.723E-01 
8.641E+00   1.280E+01  2.710E-01 
8.741E+00   1.285E+01  2.697E-01 
8.843E+00   1.290E+01  2.684E-01 
8.945E+00   1.296E+01  2.671E-01 
9.049E+00   1.301E+01  2.658E-01 
9.154E+00   1.306E+01  2.645E-01 
9.260E+00   1.311E+01  2.632E-01 
9.368E+00   1.316E+01  2.619E-01 
9.476E+00   1.321E+01  2.606E-01 
9.586E+00   1.326E+01  2.593E-01 
9.698E+00   1.331E+01  2.580E-01 
9.810E+00   1.336E+01  2.566E-01 
9.924E+00   1.341E+01  2.553E-01 
1.004E+01   1.346E+01  2.540E-01 
1.016E+01   1.350E+01  2.527E-01 
1.027E+01   1.355E+01  2.514E-01 
1.039E+01   1.360E+01  2.501E-01 
1.051E+01   1.365E+01  2.488E-01 
1.063E+01   1.369E+01  2.475E-01 
1.076E+01   1.374E+01  2.462E-01 
1.088E+01   1.379E+01  2.449E-01 
1.101E+01   1.383E+01  2.437E-01 
1.114E+01   1.388E+01  2.424E-01 
1.127E+01   1.392E+01  2.411E-01 
1.140E+01   1.397E+01  2.398E-01 
1.153E+01   1.402E+01  2.385E-01 
1.166E+01   1.406E+01  2.372E-01 
1.180E+01   1.411E+01  2.359E-01 
1.193E+01   1.415E+01  2.346E-01 
1.207E+01   1.420E+01  2.334E-01 
1.221E+01   1.424E+01  2.321E-01 
1.235E+01   1.428E+01  2.308E-01 
1.250E+01   1.433E+01  2.295E-01 
1.264E+01   1.437E+01  2.282E-01 
1.279E+01   1.442E+01  2.270E-01 
1.294E+01   1.446E+01  2.257E-01 
1.309E+01   1.451E+01  2.244E-01 
1.324E+01   1.455E+01  2.232E-01 
1.339E+01   1.460E+01  2.219E-01 
1.355E+01   1.464E+01  2.207E-01 
1.371E+01   1.469E+01  2.194E-01 
1.387E+01   1.473E+01  2.181E-01 
1.403E+01   1.478E+01  2.169E-01 
1.419E+01   1.482E+01  2.156E-01 
1.435E+01   1.487E+01  2.144E-01 
1.452E+01   1.491E+01  2.132E-01 
1.469E+01   1.496E+01  2.119E-01 
1.486E+01   1.500E+01  2.107E-01 
1.503E+01   1.505E+01  2.094E-01 
1.521E+01   1.510E+01  2.082E-01 
1.538E+01   1.515E+01  2.070E-01 
1.556E+01   1.519E+01  2.058E-01 
1.574E+01   1.524E+01  2.045E-01 
1.592E+01   1.529E+01  2.033E-01 
1.611E+01   1.534E+01  2.021E-01 
1.629E+01   1.539E+01  2.009E-01 
1.648E+01   1.544E+01  1.997E-01 
1.667E+01   1.549E+01  1.985E-01 
1.687E+01   1.554E+01  1.973E-01 
1.706E+01   1.559E+01  1.961E-01 
1.726E+01   1.565E+01  1.949E-01 
1.746E+01   1.570E+01  1.937E-01 
1.766E+01   1.575E+01  1.925E-01 
1.787E+01   1.581E+01  1.913E-01 
1.808E+01   1.586E+01  1.901E-01 
1.829E+01   1.592E+01  1.889E-01 
1.850E+01   1.597E+01  1.878E-01 
1.871E+01   1.603E+01  1.866E-01 
1.893E+01   1.608E+01  1.854E-01 
1.915E+01   1.614E+01  1.843E-01 
1.937E+01   1.620E+01  1.831E-01 
1.960E+01   1.626E+01  1.820E-01 
1.982E+01   1.632E+01  1.808E-01 
2.005E+01   1.638E+01  1.797E-01 
2.029E+01   1.644E+01  1.785E-01 
2.052E+01   1.650E+01  1.774E-01 
2.076E+01   1.656E+01  1.762E-01 
2.100E+01   1.663E+01  1.751E-01 
2.124E+01   1.669E+01  1.740E-01 
2.149E+01   1.675E+01  1.729E-01 
2.174E+01   1.682E+01  1.717E-01 
2.199E+01   1.688E+01  1.706E-01 
2.225E+01   1.695E+01  1.695E-01 
2.250E+01   1.701E+01  1.684E-01 
2.277E+01   1.708E+01  1.673E-01 
2.303E+01   1.715E+01  1.662E-01 
2.330E+01   1.722E+01  1.651E-01 
2.357E+01   1.729E+01  1.640E-01 
2.384E+01   1.736E+01  1.629E-01 
2.412E+01   1.743E+01  1.619E-01 
2.440E+01   1.750E+01  1.608E-01 
2.468E+01   1.757E+01  1.597E-01 
2.497E+01   1.764E+01  1.587E-01 
2.526E+01   1.771E+01  1.576E-01 
2.555E+01   1.778E+01  1.565E-01 
2.584E+01   1.786E+01  1.555E-01 
2.614E+01   1.793E+01  1.544E-01 
2.645E+01   1.800E+01  1.534E-01 
2.675E+01   1.808E+01  1.523E-01 
2.707E+01   1.815E+01  1.513E-01 
2.738E+01   1.823E+01  1.503E-01 
2.770E+01   1.830E+01  1.493E-01 
2.802E+01   1.838E+01  1.482E-01 
2.834E+01   1.845E+01  1.472E-01 
2.867E+01   1.853E+01  1.462E-01 
2.900E+01   1.861E+01  1.452E-01 
2.934E+01   1.869E+01  1.442E-01 
2.968E+01   1.876E+01  1.432E-01 
3.003E+01   1.884E+01  1.422E-01 
3.037E+01   1.892E+01  1.412E-01 
3.073E+01   1.900E+01  1.402E-01 
3.108E+01   1.908E+01  1.393E-01 
3.144E+01   1.916E+01  1.383E-01 
3.181E+01   1.923E+01  1.373E-01 
3.218E+01   1.931E+01  1.363E-01 
3.255E+01   1.939E+01  1.354E-01 
3.293E+01   1.947E+01  1.344E-01 
3.331E+01   1.955E+01  1.335E-01 
3.370E+01   1.963E+01  1.325E-01 
3.409E+01   1.971E+01  1.316E-01 
3.448E+01   1.979E+01  1.306E-01 
3.488E+01   1.987E+01  1.297E-01 
3.529E+01   1.995E+01  1.288E-01 
3.570E+01   2.003E+01  1.279E-01 
3.611E+01   2.011E+01  1.269E-01 
3.653E+01   2.019E+01  1.260E-01 
3.695E+01   2.027E+01  1.251E-01 
3.738E+01   2.035E+01  1.242E-01 
3.781E+01   2.043E+01  1.233E-01 
3.825E+01   2.051E+01  1.224E-01 
3.870E+01   2.059E+01  1.215E-01 
3.915E+01   2.067E+01  1.207E-01 
3.960E+01   2.075E+01  1.198E-01 
4.006E+01   2.083E+01  1.189E-01 
4.052E+01   2.091E+01  1.180E-01 
4.099E+01   2.099E+01  1.172E-01 
4.147E+01   2.107E+01  1.163E-01 
4.195E+01   2.115E+01  1.154E-01 
4.244E+01   2.123E+01  1.146E-01 
4.293E+01   2.131E+01  1.137E-01 
4.343E+01   2.139E+01  1.129E-01 
4.393E+01   2.146E+01  1.121E-01 
4.444E+01   2.154E+01  1.112E-01 
4.496E+01   2.162E+01  1.104E-01 
4.548E+01   2.170E+01  1.096E-01 
4.600E+01   2.177E+01  1.088E-01 
4.654E+01   2.185E+01  1.080E-01 
4.708E+01   2.192E+01  1.071E-01 
4.762E+01   2.200E+01  1.063E-01 
4.818E+01   2.207E+01  1.055E-01 
4.873E+01   2.215E+01  1.047E-01 
4.930E+01   2.222E+01  1.040E-01 
4.987E+01   2.230E+01  1.032E-01 
5.045E+01   2.237E+01  1.024E-01 
5.104E+01   2.244E+01  1.016E-01 
5.163E+01   2.251E+01  1.008E-01 
5.223E+01   2.259E+01  1.001E-01 
5.283E+01   2.266E+01  9.930E-02 
5.344E+01   2.273E+01  9.855E-02 
5.406E+01   2.280E+01  9.779E-02 
5.469E+01   2.287E+01  9.704E-02 
5.533E+01   2.293E+01  9.630E-02 
5.597E+01   2.300E+01  9.556E-02 
5.662E+01   2.307E+01  9.482E-02 
5.727E+01   2.314E+01  9.409E-02 
5.794E+01   2.320E+01  9.336E-02 
5.861E+01   2.327E+01  9.264E-02 
5.929E+01   2.333E+01  9.192E-02 
5.998E+01   2.339E+01  9.121E-02 
6.067E+01   2.346E+01  9.050E-02 
6.138E+01   2.352E+01  8.980E-02 
6.209E+01   2.358E+01  8.910E-02 
6.281E+01   2.364E+01  8.840E-02 
6.354E+01   2.370E+01  8.771E-02 
6.427E+01   2.376E+01  8.702E-02 
6.502E+01   2.382E+01  8.634E-02 
6.577E+01   2.387E+01  8.566E-02 
6.654E+01   2.393E+01  8.499E-02 
6.731E+01   2.399E+01  8.432E-02 
6.809E+01   2.404E+01  8.366E-02 
6.888E+01   2.409E+01  8.300E-02 
6.968E+01   2.415E+01  8.234E-02 
7.049E+01   2.420E+01  8.169E-02 
7.130E+01   2.425E+01  8.104E-02 
7.213E+01   2.430E+01  8.040E-02 
7.297E+01   2.435E+01  7.976E-02 
7.381E+01   2.439E+01  7.912E-02 
7.467E+01   2.444E+01  7.849E-02 
7.554E+01   2.449E+01  7.787E-02 
7.641E+01   2.453E+01  7.724E-02 
7.730E+01   2.457E+01  7.662E-02 
7.820E+01   2.462E+01  7.601E-02 
7.910E+01   2.466E+01  7.540E-02 
8.002E+01   2.470E+01  7.479E-02 
8.095E+01   2.474E+01  7.419E-02 
8.189E+01   2.477E+01  7.359E-02 
8.284E+01   2.481E+01  7.300E-02 
8.380E+01   2.485E+01  7.241E-02 
8.477E+01   2.488E+01  7.183E-02 
8.575E+01   2.492E+01  7.124E-02 
8.675E+01   2.495E+01  7.067E-02 
8.775E+01   2.498E+01  7.009E-02 
8.877E+01   2.501E+01  6.952E-02 
8.980E+01   2.504E+01  6.840E-02 
9.084E+01   2.506E+01  6.785E-02 
9.190E+01   2.509E+01  6.729E-02 
9.296E+01   2.512E+01  6.675E-02 
9.404E+01   2.514E+01  6.620E-02 
9.513E+01   2.516E+01  6.566E-02 
9.624E+01   2.518E+01  6.512E-02 
9.735E+01   2.520E+01  6.459E-02 
9.848E+01   2.522E+01  6.406E-02 
9.962E+01   2.524E+01  6.354E-02 
1.008E+02   2.526E+01  6.301E-02 
1.019E+02   2.527E+01  6.250E-02 
1.031E+02   2.529E+01  6.198E-02 
1.043E+02   2.530E+01  6.147E-02 
1.055E+02   2.531E+01  6.096E-02 
1.068E+02   2.532E+01  6.046E-02 
1.080E+02   2.533E+01  5.996E-02 
1.093E+02   2.534E+01  5.946E-02 
1.105E+02   2.534E+01  5.897E-02 
1.118E+02   2.535E+01  5.848E-02 
1.131E+02   2.535E+01  5.799E-02 
1.144E+02   2.535E+01  5.751E-02 
1.157E+02   2.535E+01  5.703E-02 
1.171E+02   2.535E+01  5.655E-02 
1.184E+02   2.535E+01  5.608E-02 
1.198E+02   2.535E+01  5.561E-02 
1.212E+02   2.535E+01  5.514E-02 
1.226E+02   2.534E+01  5.468E-02 
1.240E+02   2.533E+01  5.422E-02 
1.255E+02   2.533E+01  5.377E-02 
1.269E+02   2.532E+01  5.331E-02 
1.284E+02   2.531E+01  5.286E-02 
1.299E+02   2.529E+01  5.242E-02 
1.314E+02   2.528E+01  5.198E-02 
1.329E+02   2.527E+01  5.154E-02 
1.345E+02   2.525E+01  5.110E-02 
1.360E+02   2.523E+01  5.067E-02 
1.376E+02   2.522E+01  5.024E-02 
1.392E+02   2.520E+01  4.981E-02 
1.408E+02   2.518E+01  4.939E-02 
1.424E+02   2.516E+01  4.897E-02 
1.441E+02   2.513E+01  4.855E-02 
1.458E+02   2.511E+01  4.814E-02 
1.475E+02   2.508E+01  4.773E-02 
1.492E+02   2.506E+01  4.732E-02 
1.509E+02   2.503E+01  4.691E-02 
1.526E+02   2.500E+01  4.651E-02 
1.544E+02   2.497E+01  4.611E-02 
1.562E+02   2.494E+01  4.572E-02 
1.580E+02   2.490E+01  4.533E-02 
1.598E+02   2.487E+01  4.494E-02 
1.617E+02   2.484E+01  4.455E-02 
1.636E+02   2.480E+01  4.417E-02 
1.655E+02   2.476E+01  4.378E-02 
1.674E+02   2.472E+01  4.341E-02 
1.693E+02   2.468E+01  4.303E-02 
1.713E+02   2.464E+01  4.266E-02 
1.733E+02   2.460E+01  4.229E-02 
1.753E+02   2.456E+01  4.193E-02 
1.773E+02   2.451E+01  4.156E-02 
1.794E+02   2.447E+01  4.120E-02 
1.815E+02   2.442E+01  4.084E-02 
1.836E+02   2.438E+01  4.049E-02 
1.857E+02   2.433E+01  4.014E-02 
1.879E+02   2.428E+01  3.979E-02 
1.900E+02   2.423E+01  3.944E-02 
1.922E+02   2.418E+01  3.910E-02 
1.945E+02   2.413E+01  3.875E-02 
1.967E+02   2.407E+01  3.842E-02 
1.990E+02   2.402E+01  3.808E-02 
2.013E+02   2.396E+01  3.775E-02 
2.036E+02   2.391E+01  3.742E-02 
2.060E+02   2.385E+01  3.709E-02 
2.084E+02   2.379E+01  3.676E-02 
2.108E+02   2.373E+01  3.644E-02 
2.133E+02   2.367E+01  3.612E-02 
2.157E+02   2.361E+01  3.580E-02 
2.182E+02   2.355E+01  3.549E-02 
2.208E+02   2.349E+01  3.517E-02 
2.233E+02   2.343E+01  3.486E-02 
2.259E+02   2.336E+01  3.456E-02 
2.285E+02   2.330E+01  3.425E-02 
2.312E+02   2.323E+01  3.395E-02 
2.339E+02   2.317E+01  3.365E-02 
2.366E+02   2.310E+01  3.335E-02 
2.393E+02   2.303E+01  3.306E-02 
2.421E+02   2.296E+01  3.276E-02 
2.449E+02   2.289E+01  3.247E-02 
2.478E+02   2.282E+01  3.218E-02 
2.506E+02   2.275E+01  3.190E-02 
2.535E+02   2.268E+01  3.161E-02 
2.565E+02   2.261E+01  3.133E-02 
2.595E+02   2.254E+01  3.105E-02 
2.625E+02   2.246E+01  3.078E-02 
2.655E+02   2.239E+01  3.050E-02 
2.686E+02   2.231E+01  3.023E-02 
2.717E+02   2.224E+01  2.996E-02 
2.749E+02   2.216E+01  2.969E-02 
2.780E+02   2.209E+01  2.943E-02 
2.813E+02   2.201E+01  2.916E-02 
2.845E+02   2.193E+01  2.890E-02 
2.878E+02   2.185E+01  2.864E-02 
2.912E+02   2.177E+01  2.839E-02 
2.945E+02   2.170E+01  2.813E-02 
2.980E+02   2.162E+01  2.788E-02 
3.014E+02   2.154E+01  2.763E-02 
3.049E+02   2.146E+01  2.738E-02 
3.085E+02   2.137E+01  2.713E-02 
3.120E+02   2.129E+01  2.689E-02 
3.156E+02   2.121E+01  2.665E-02 
3.193E+02   2.113E+01  2.640E-02 
3.230E+02   2.105E+01  2.617E-02 
3.268E+02   2.096E+01  2.593E-02 
3.306E+02   2.088E+01  2.570E-02 
3.344E+02   2.080E+01  2.546E-02 
3.383E+02   2.071E+01  2.523E-02 
3.422E+02   2.063E+01  2.500E-02 
3.462E+02   2.054E+01  2.478E-02 
3.502E+02   2.046E+01  2.455E-02 
3.542E+02   2.037E+01  2.433E-02 
3.583E+02   2.029E+01  2.411E-02 
3.625E+02   2.020E+01  2.389E-02 
3.667E+02   2.012E+01  2.367E-02 
3.710E+02   2.003E+01  2.346E-02 
3.753E+02   1.994E+01  2.324E-02 
3.796E+02   1.986E+01  2.303E-02 
3.840E+02   1.977E+01  2.282E-02 
3.885E+02   1.968E+01  2.261E-02 
3.930E+02   1.959E+01  2.241E-02 
3.975E+02   1.951E+01  2.220E-02 
4.021E+02   1.942E+01  2.200E-02 
4.068E+02   1.933E+01  2.180E-02 
4.115E+02   1.924E+01  2.160E-02 
4.163E+02   1.916E+01  2.140E-02 
4.211E+02   1.907E+01  2.121E-02 
4.260E+02   1.898E+01  2.101E-02 
4.310E+02   1.889E+01  2.082E-02 
4.360E+02   1.880E+01  2.063E-02 
4.410E+02   1.871E+01  2.044E-02 
4.461E+02   1.862E+01  2.025E-02 
4.513E+02   1.854E+01  2.007E-02 
4.565E+02   1.845E+01  1.988E-02 
4.618E+02   1.836E+01  1.970E-02 
4.672E+02   1.827E+01  1.952E-02 
4.726E+02   1.818E+01  1.934E-02 
4.781E+02   1.809E+01  1.916E-02 
4.836E+02   1.800E+01  1.898E-02 
4.892E+02   1.791E+01  1.881E-02 
4.949E+02   1.782E+01  1.863E-02 
5.007E+02   1.773E+01  1.846E-02 
5.065E+02   1.765E+01  1.829E-02 
5.123E+02   1.756E+01  1.812E-02 
5.183E+02   1.747E+01  1.795E-02 
5.243E+02   1.738E+01  1.779E-02 
5.304E+02   1.729E+01  1.762E-02 
5.365E+02   1.720E+01  1.746E-02 
5.428E+02   1.711E+01  1.730E-02 
5.490E+02   1.702E+01  1.714E-02 
5.554E+02   1.694E+01  1.698E-02 
5.619E+02   1.685E+01  1.682E-02 
5.684E+02   1.676E+01  1.666E-02 
5.750E+02   1.667E+01  1.651E-02 
5.816E+02   1.658E+01  1.636E-02 
5.884E+02   1.650E+01  1.620E-02 
5.952E+02   1.641E+01  1.605E-02 
6.021E+02   1.632E+01  1.590E-02 
6.091E+02   1.623E+01  1.576E-02 
6.162E+02   1.615E+01  1.561E-02 
6.233E+02   1.606E+01  1.546E-02 
6.305E+02   1.597E+01  1.532E-02 
6.378E+02   1.588E+01  1.518E-02 
6.452E+02   1.580E+01  1.503E-02 
6.527E+02   1.571E+01  1.489E-02 
6.603E+02   1.563E+01  1.475E-02 
6.680E+02   1.554E+01  1.462E-02 
6.757E+02   1.545E+01  1.448E-02 
6.835E+02   1.537E+01  1.434E-02 
6.915E+02   1.528E+01  1.421E-02 
6.995E+02   1.520E+01  1.408E-02 
7.076E+02   1.511E+01  1.394E-02 
7.158E+02   1.503E+01  1.381E-02 
7.241E+02   1.494E+01  1.368E-02 
7.325E+02   1.486E+01  1.356E-02 
7.410E+02   1.477E+01  1.343E-02 
7.496E+02   1.469E+01  1.330E-02 
7.583E+02   1.461E+01  1.318E-02 
7.671E+02   1.452E+01  1.305E-02 
7.760E+02   1.444E+01  1.293E-02 
7.850E+02   1.436E+01  1.281E-02 
7.941E+02   1.427E+01  1.269E-02 
8.033E+02   1.419E+01  1.257E-02 
8.126E+02   1.411E+01  1.245E-02 
8.221E+02   1.403E+01  1.233E-02 
8.316E+02   1.394E+01  1.222E-02 
8.412E+02   1.386E+01  1.210E-02 
8.510E+02   1.378E+01  1.199E-02 
8.609E+02   1.370E+01  1.187E-02 
8.709E+02   1.362E+01  1.176E-02 
8.810E+02   1.354E+01  1.165E-02 
8.912E+02   1.346E+01  1.154E-02 
9.015E+02   1.338E+01  1.143E-02 
9.120E+02   1.330E+01  1.132E-02 
9.225E+02   1.322E+01  1.121E-02 
9.332E+02   1.314E+01  1.111E-02 
9.441E+02   1.306E+01  1.100E-02 
9.550E+02   1.299E+01  1.090E-02 
9.661E+02   1.291E+01  1.079E-02 
9.773E+02   1.283E+01  1.069E-02 
9.886E+02   1.275E+01  1.059E-02 
1.000E+03   1.268E+01  1.049E-02 
1.012E+03   1.260E+01  1.039E-02 
1.023E+03   1.253E+01  1.029E-02 
1.035E+03   1.246E+01  1.019E-02 
1.047E+03   1.238E+01  1.010E-02 
1.059E+03   1.231E+01  1.000E-02 
1.072E+03   1.223E+01  9.905E-03 
1.084E+03   1.216E+01  9.811E-03 
1.097E+03   1.208E+01  9.717E-03 
1.109E+03   1.200E+01  9.625E-03 
1.122E+03   1.192E+01  9.533E-03 
1.135E+03   1.185E+01  9.442E-03 
1.149E+03   1.176E+01  9.352E-03 
1.162E+03   1.168E+01  9.263E-03 
1.175E+03   1.160E+01  9.174E-03 
1.189E+03   1.152E+01  9.086E-03 
1.203E+03   1.143E+01  8.999E-03 
1.217E+03   1.136E+01  8.913E-03 
1.231E+03   1.129E+01  8.828E-03 
1.245E+03   1.122E+01  8.744E-03 
1.260E+03   1.115E+01  8.660E-03 
1.274E+03   1.108E+01  8.577E-03 
1.289E+03   1.101E+01  8.495E-03 
1.304E+03   1.094E+01  8.413E-03 
1.319E+03   1.087E+01  8.333E-03 
1.334E+03   1.080E+01  8.253E-03 
1.350E+03   1.073E+01  8.173E-03 
1.365E+03   1.067E+01  8.095E-03 
1.381E+03   1.060E+01  8.017E-03 
1.397E+03   1.053E+01  7.940E-03 
1.414E+03   1.046E+01  7.864E-03 
1.430E+03   1.040E+01  7.788E-03 
1.446E+03   1.033E+01  7.713E-03 
1.463E+03   1.026E+01  7.639E-03 
1.480E+03   1.020E+01  7.565E-03 
1.497E+03   1.013E+01  7.493E-03 
1.515E+03   1.007E+01  7.420E-03 
1.532E+03   1.000E+01  7.349E-03 
1.550E+03   9.935E+00  7.278E-03 
1.568E+03   9.870E+00  7.208E-03 
1.586E+03   9.805E+00  7.138E-03 
1.605E+03   9.741E+00  7.070E-03 
1.623E+03   9.677E+00  7.001E-03 
1.642E+03   9.613E+00  6.934E-03 
1.661E+03   9.549E+00  6.867E-03 
1.680E+03   9.486E+00  6.800E-03 
1.700E+03   9.423E+00  6.735E-03 
1.720E+03   9.360E+00  6.669E-03 
1.740E+03   9.298E+00  6.605E-03 
1.760E+03   9.235E+00  6.541E-03 
1.780E+03   9.173E+00  6.478E-03 
1.801E+03   9.112E+00  6.415E-03 
1.822E+03   9.050E+00  6.353E-03 
1.843E+03   8.989E+00  6.291E-03 
1.864E+03   8.928E+00  6.230E-03 
1.886E+03   8.868E+00  6.170E-03 
1.908E+03   8.808E+00  6.110E-03 
1.930E+03   8.748E+00  6.051E-03 
1.952E+03   8.688E+00  5.992E-03 
1.975E+03   8.629E+00  5.934E-03 
1.998E+03   8.570E+00  5.876E-03 
2.021E+03   8.511E+00  5.819E-03 
2.044E+03   8.452E+00  5.763E-03 
2.068E+03   8.394E+00  5.707E-03 
2.092E+03   8.336E+00  5.651E-03 
2.116E+03   8.278E+00  5.596E-03 
2.141E+03   8.221E+00  5.542E-03 
2.166E+03   8.164E+00  5.488E-03 
2.191E+03   8.107E+00  5.434E-03 
2.216E+03   8.050E+00  5.382E-03 
2.242E+03   7.994E+00  5.329E-03 
2.268E+03   7.938E+00  5.277E-03 
2.294E+03   7.882E+00  5.226E-03 
2.321E+03   7.827E+00  5.175E-03 
2.348E+03   7.772E+00  5.124E-03 
2.375E+03   7.717E+00  5.074E-03 
2.403E+03   7.662E+00  5.025E-03 
2.431E+03   7.608E+00  4.976E-03 
2.459E+03   7.554E+00  4.927E-03 
2.487E+03   7.500E+00  4.879E-03 
2.516E+03   7.447E+00  4.831E-03 
2.545E+03   7.394E+00  4.784E-03 
2.575E+03   7.341E+00  4.737E-03 
2.605E+03   7.288E+00  4.691E-03 
2.635E+03   7.236E+00  4.645E-03 
2.665E+03   7.184E+00  4.600E-03 
2.696E+03   7.132E+00  4.555E-03 
2.728E+03   7.081E+00  4.510E-03 
2.759E+03   7.030E+00  4.466E-03 
2.791E+03   6.979E+00  4.422E-03 
2.824E+03   6.928E+00  4.379E-03 
2.856E+03   6.878E+00  4.336E-03 
2.889E+03   6.828E+00  4.293E-03 
2.923E+03   6.778E+00  4.251E-03 
2.957E+03   6.729E+00  4.210E-03 
2.991E+03   6.680E+00  4.168E-03 
3.026E+03   6.631E+00  4.127E-03 
3.061E+03   6.582E+00  4.087E-03 
3.097E+03   6.534E+00  4.047E-03 
3.132E+03   6.486E+00  4.007E-03 
3.169E+03   6.438E+00  3.968E-03 
3.206E+03   6.390E+00  3.929E-03 
3.243E+03   6.343E+00  3.890E-03 
3.280E+03   6.296E+00  3.852E-03 
3.318E+03   6.249E+00  3.814E-03 
3.357E+03   6.203E+00  3.776E-03 
3.396E+03   6.157E+00  3.739E-03 
3.435E+03   6.111E+00  3.702E-03 
3.475E+03   6.065E+00  3.666E-03 
3.515E+03   6.020E+00  3.630E-03 
3.556E+03   5.975E+00  3.594E-03 
3.597E+03   5.930E+00  3.558E-03 
3.639E+03   5.886E+00  3.523E-03 
3.681E+03   5.841E+00  3.489E-03 
3.724E+03   5.797E+00  3.454E-03 
3.767E+03   5.754E+00  3.420E-03 
3.811E+03   5.710E+00  3.386E-03 
3.855E+03   5.667E+00  3.353E-03 
3.900E+03   5.624E+00  3.320E-03 
3.945E+03   5.581E+00  3.287E-03 
3.991E+03   5.539E+00  3.255E-03 
4.037E+03   5.497E+00  3.222E-03 
4.084E+03   5.455E+00  3.191E-03 
4.131E+03   5.413E+00  3.159E-03 
4.179E+03   5.372E+00  3.128E-03 
4.228E+03   5.331E+00  3.097E-03 
4.277E+03   5.290E+00  3.066E-03 
4.326E+03   5.249E+00  3.036E-03 
4.376E+03   5.209E+00  3.006E-03 
4.427E+03   5.169E+00  2.976E-03 
4.479E+03   5.129E+00  2.947E-03 
4.531E+03   5.089E+00  2.917E-03 
4.583E+03   5.050E+00  2.888E-03 
4.636E+03   5.011E+00  2.860E-03 
4.690E+03   4.972E+00  2.831E-03 
4.744E+03   4.934E+00  2.803E-03 
4.799E+03   4.895E+00  2.776E-03 
4.855E+03   4.857E+00  2.748E-03 
4.911E+03   4.819E+00  2.721E-03 
4.968E+03   4.782E+00  2.694E-03 
5.026E+03   4.745E+00  2.667E-03 
5.084E+03   4.707E+00  2.640E-03 
5.143E+03   4.671E+00  2.614E-03 
5.203E+03   4.634E+00  2.588E-03 
5.263E+03   4.598E+00  2.563E-03 
5.324E+03   4.561E+00  2.537E-03 
5.386E+03   4.526E+00  2.512E-03 
5.449E+03   4.490E+00  2.487E-03 
5.512E+03   4.454E+00  2.462E-03 
5.576E+03   4.419E+00  2.438E-03 
5.640E+03   4.384E+00  2.413E-03 
5.706E+03   4.350E+00  2.389E-03 
5.772E+03   4.315E+00  2.366E-03 
5.839E+03   4.281E+00  2.342E-03 
5.907E+03   4.247E+00  2.319E-03 
5.975E+03   4.213E+00  2.296E-03 
6.045E+03   4.180E+00  2.273E-03 
6.115E+03   4.146E+00  2.250E-03 
6.186E+03   4.113E+00  2.228E-03 
6.257E+03   4.080E+00  2.205E-03 
6.330E+03   4.048E+00  2.183E-03 
6.403E+03   4.015E+00  2.162E-03 
6.478E+03   3.983E+00  2.140E-03 
6.553E+03   3.951E+00  2.119E-03 
6.629E+03   3.919E+00  2.098E-03 
6.706E+03   3.888E+00  2.077E-03 
6.783E+03   3.856E+00  2.056E-03 
6.862E+03   3.825E+00  2.035E-03 
6.942E+03   3.794E+00  2.015E-03 
7.022E+03   3.764E+00  1.995E-03 
7.104E+03   3.733E+00  1.975E-03 
7.186E+03   3.703E+00  1.955E-03 
7.269E+03   3.673E+00  1.936E-03 
7.354E+03   3.643E+00  1.916E-03 
7.439E+03   3.614E+00  1.897E-03 
7.525E+03   3.584E+00  1.878E-03 
7.613E+03   3.555E+00  1.859E-03 
7.701E+03   3.526E+00  1.841E-03 
7.790E+03   3.497E+00  1.822E-03 
7.881E+03   3.469E+00  1.804E-03 
7.972E+03   3.441E+00  1.786E-03 
8.064E+03   3.412E+00  1.768E-03 
8.158E+03   3.384E+00  1.750E-03 
8.253E+03   3.357E+00  1.733E-03 
8.348E+03   3.329E+00  1.715E-03 
8.445E+03   3.302E+00  1.698E-03 
8.543E+03   3.275E+00  1.681E-03 
8.642E+03   3.248E+00  1.664E-03 
8.742E+03   3.221E+00  1.648E-03 
8.844E+03   3.194E+00  1.631E-03 
8.946E+03   3.168E+00  1.615E-03 
9.050E+03   3.142E+00  1.598E-03 
9.155E+03   3.116E+00  1.582E-03 
9.261E+03   3.090E+00  1.566E-03 
9.369E+03   3.065E+00  1.551E-03 
9.477E+03   3.039E+00  1.535E-03 
9.587E+03   3.014E+00  1.520E-03 
9.699E+03   2.989E+00  1.504E-03 
9.811E+03   2.964E+00  1.489E-03 
9.925E+03   2.940E+00  1.474E-03 
1.004E+04   2.915E+00  1.459E-03 
1.016E+04   2.891E+00  1.445E-03 
1.027E+04   2.867E+00  1.430E-03 
1.039E+04   2.843E+00  1.416E-03 
1.051E+04   2.819E+00  1.402E-03 
1.064E+04   2.795E+00  1.387E-03 
1.076E+04   2.772E+00  1.373E-03 
1.088E+04   2.749E+00  1.360E-03 
1.101E+04   2.726E+00  1.346E-03 
1.114E+04   2.703E+00  1.332E-03 
1.127E+04   2.680E+00  1.319E-03 
1.140E+04   2.658E+00  1.306E-03 
1.153E+04   2.635E+00  1.292E-03 
1.166E+04   2.613E+00  1.279E-03 
1.180E+04   2.591E+00  1.267E-03 
1.194E+04   2.570E+00  1.254E-03 
1.207E+04   2.548E+00  1.241E-03 
1.221E+04   2.526E+00  1.229E-03 
1.236E+04   2.505E+00  1.216E-03 
1.250E+04   2.484E+00  1.204E-03 
1.264E+04   2.463E+00  1.192E-03 
1.279E+04   2.442E+00  1.180E-03 
1.294E+04   2.421E+00  1.168E-03 
1.309E+04   2.401E+00  1.156E-03 
1.324E+04   2.381E+00  1.144E-03 
1.340E+04   2.360E+00  1.133E-03 
1.355E+04   2.340E+00  1.121E-03 
1.371E+04   2.320E+00  1.110E-03 
1.387E+04   2.301E+00  1.099E-03 
1.403E+04   2.281E+00  1.088E-03 
1.419E+04   2.262E+00  1.077E-03 
1.435E+04   2.243E+00  1.066E-03 
1.452E+04   2.223E+00  1.055E-03 
1.469E+04   2.204E+00  1.044E-03 
1.486E+04   2.186E+00  1.034E-03 
1.503E+04   2.167E+00  1.023E-03 
1.521E+04   2.149E+00  1.013E-03 
1.538E+04   2.130E+00  1.003E-03 
1.556E+04   2.112E+00  9.924E-04 
1.574E+04   2.094E+00  9.824E-04 
1.592E+04   2.076E+00  9.724E-04 
1.611E+04   2.058E+00  9.625E-04 
1.630E+04   2.041E+00  9.528E-04 
1.649E+04   2.023E+00  9.431E-04 
1.668E+04   2.006E+00  9.336E-04 
1.687E+04   1.989E+00  9.241E-04 
1.707E+04   1.972E+00  9.147E-04 
1.726E+04   1.955E+00  9.054E-04 
1.746E+04   1.938E+00  8.962E-04 
1.767E+04   1.921E+00  8.871E-04 
1.787E+04   1.905E+00  8.781E-04 
1.808E+04   1.888E+00  8.692E-04 
1.829E+04   1.872E+00  8.604E-04 
1.850E+04   1.856E+00  8.516E-04 
1.871E+04   1.840E+00  8.430E-04 
1.893E+04   1.824E+00  8.344E-04 
1.915E+04   1.808E+00  8.259E-04 
1.937E+04   1.793E+00  8.175E-04 
1.960E+04   1.777E+00  8.092E-04 
1.983E+04   1.762E+00  8.010E-04 
2.006E+04   1.747E+00  7.929E-04 
2.029E+04   1.732E+00  7.848E-04 
2.052E+04   1.717E+00  7.768E-04 
2.076E+04   1.702E+00  7.689E-04 
2.100E+04   1.687E+00  7.611E-04 
2.125E+04   1.672E+00  7.533E-04 
2.149E+04   1.658E+00  7.457E-04 
2.174E+04   1.644E+00  7.381E-04 
2.199E+04   1.629E+00  7.306E-04 
2.225E+04   1.615E+00  7.231E-04 
2.251E+04   1.601E+00  7.157E-04 
2.277E+04   1.587E+00  7.084E-04 
2.303E+04   1.574E+00  7.012E-04 
2.330E+04   1.560E+00  6.941E-04 
2.357E+04   1.546E+00  6.870E-04 
2.384E+04   1.533E+00  6.800E-04 
2.412E+04   1.520E+00  6.731E-04 
2.440E+04   1.507E+00  6.662E-04 
2.468E+04   1.493E+00  6.594E-04 
2.497E+04   1.480E+00  6.527E-04 
2.526E+04   1.468E+00  6.460E-04 
2.555E+04   1.455E+00  6.394E-04 
2.585E+04   1.442E+00  6.329E-04 
2.615E+04   1.430E+00  6.264E-04 
2.645E+04   1.417E+00  6.200E-04 
2.676E+04   1.405E+00  6.137E-04 
2.707E+04   1.393E+00  6.074E-04 
2.738E+04   1.381E+00  6.012E-04 
2.770E+04   1.369E+00  5.951E-04 
2.802E+04   1.357E+00  5.890E-04 
2.835E+04   1.345E+00  5.830E-04 
2.867E+04   1.333E+00  5.770E-04 
2.901E+04   1.322E+00  5.711E-04 
2.934E+04   1.310E+00  5.653E-04 
2.968E+04   1.299E+00  5.595E-04 
3.003E+04   1.287E+00  5.538E-04 
3.038E+04   1.276E+00  5.481E-04 
3.073E+04   1.265E+00  5.425E-04 
3.109E+04   1.254E+00  5.370E-04 
3.145E+04   1.243E+00  5.315E-04 
3.181E+04   1.232E+00  5.260E-04 
3.218E+04   1.222E+00  5.207E-04 
3.255E+04   1.211E+00  5.153E-04 
3.293E+04   1.200E+00  5.100E-04 
3.331E+04   1.190E+00  5.048E-04 
3.370E+04   1.180E+00  4.996E-04 
3.409E+04   1.169E+00  4.945E-04 
3.449E+04   1.159E+00  4.895E-04 
3.489E+04   1.149E+00  4.844E-04 
3.529E+04   1.139E+00  4.795E-04 
3.570E+04   1.129E+00  4.746E-04 
3.611E+04   1.119E+00  4.697E-04 
3.653E+04   1.110E+00  4.649E-04 
3.696E+04   1.100E+00  4.601E-04 
3.738E+04   1.090E+00  4.554E-04 
3.782E+04   1.081E+00  4.507E-04 
3.826E+04   1.071E+00  4.461E-04 
3.870E+04   1.062E+00  4.415E-04 
3.915E+04   1.053E+00  4.370E-04 
3.960E+04   1.044E+00  4.325E-04 
4.006E+04   1.035E+00  4.281E-04 
4.053E+04   1.026E+00  4.237E-04 
4.100E+04   1.017E+00  4.193E-04 
4.147E+04   1.008E+00  4.150E-04 
4.195E+04   9.991E-01  4.108E-04 
4.244E+04   9.904E-01  4.065E-04 
4.293E+04   9.818E-01  4.024E-04 
4.343E+04   9.733E-01  3.982E-04 
4.394E+04   9.649E-01  3.941E-04 
4.444E+04   9.565E-01  3.901E-04 
4.496E+04   9.482E-01  3.861E-04 
4.548E+04   9.400E-01  3.821E-04 
4.601E+04   9.318E-01  3.782E-04 
4.654E+04   9.238E-01  3.743E-04 
4.708E+04   9.158E-01  3.704E-04 
4.763E+04   9.078E-01  3.666E-04 
4.818E+04   9.000E-01  3.629E-04 
4.874E+04   8.922E-01  3.591E-04 
4.931E+04   8.845E-01  3.554E-04 
4.988E+04   8.768E-01  3.518E-04 
5.046E+04   8.692E-01  3.481E-04 
5.104E+04   8.617E-01  3.446E-04 
5.163E+04   8.543E-01  3.410E-04 
5.223E+04   8.469E-01  3.375E-04 
5.284E+04   8.396E-01  3.340E-04 
5.345E+04   8.324E-01  3.306E-04 
5.407E+04   8.252E-01  3.272E-04 
5.470E+04   8.181E-01  3.238E-04 
5.533E+04   8.111E-01  3.205E-04 
5.597E+04   8.041E-01  3.172E-04 
5.662E+04   7.972E-01  3.139E-04 
5.728E+04   7.903E-01  3.107E-04 
5.794E+04   7.835E-01  3.075E-04 
5.862E+04   7.768E-01  3.043E-04 
5.930E+04   7.701E-01  3.012E-04 
5.998E+04   7.635E-01  2.980E-04 
6.068E+04   7.570E-01  2.950E-04 
6.138E+04   7.505E-01  2.919E-04 
6.210E+04   7.441E-01  2.889E-04 
6.282E+04   7.377E-01  2.859E-04 
6.354E+04   7.314E-01  2.830E-04 
6.428E+04   7.252E-01  2.801E-04 
6.503E+04   7.190E-01  2.772E-04 
6.578E+04   7.128E-01  2.743E-04 
6.654E+04   7.068E-01  2.715E-04 
6.732E+04   7.008E-01  2.687E-04 
6.810E+04   6.948E-01  2.659E-04 
6.889E+04   6.889E-01  2.632E-04 
6.969E+04   6.830E-01  2.604E-04 
7.049E+04   6.772E-01  2.577E-04 
7.131E+04   6.715E-01  2.551E-04 
7.214E+04   6.658E-01  2.524E-04 
7.298E+04   6.602E-01  2.498E-04 
7.382E+04   6.546E-01  2.472E-04 
7.468E+04   6.491E-01  2.447E-04 
7.555E+04   6.436E-01  2.422E-04 
7.642E+04   6.382E-01  2.397E-04 
7.731E+04   6.328E-01  2.372E-04 
7.820E+04   6.275E-01  2.347E-04 
7.911E+04   6.222E-01  2.323E-04 
8.003E+04   6.170E-01  2.299E-04 
8.096E+04   6.118E-01  2.275E-04 
8.190E+04   6.067E-01  2.252E-04 
8.285E+04   6.016E-01  2.228E-04 
8.381E+04   5.965E-01  2.205E-04 
8.478E+04   5.916E-01  2.182E-04 
8.576E+04   5.866E-01  2.160E-04 
8.676E+04   5.817E-01  2.137E-04 
8.776E+04   5.769E-01  2.115E-04 
8.878E+04   5.721E-01  2.093E-04 
8.981E+04   5.674E-01  2.072E-04 
9.085E+04   5.626E-01  2.050E-04 
9.191E+04   5.580E-01  2.029E-04 
9.297E+04   5.534E-01  2.008E-04 
9.405E+04   5.488E-01  1.987E-04 
9.514E+04   5.443E-01  1.967E-04 
9.625E+04   5.398E-01  1.946E-04 
9.736E+04   5.353E-01  1.926E-04 
9.849E+04   5.310E-01  1.906E-04 
9.963E+04   5.266E-01  1.886E-04 
1.008E+05   5.223E-01  1.867E-04 
