Ion = Hydrogen    . Mass = 1.0079
Tgt = Au (Solid). Density = 19.311 g/cm3
Stopping Units =  eV/(1E15 atoms/cm2)
Energy(keV)  S(Elec)    S(Nuc)
1.000E+00   5.386E+00  2.580E-01 
1.012E+00   5.418E+00  2.583E-01 
1.023E+00   5.449E+00  2.587E-01 
1.035E+00   5.480E+00  2.590E-01 
1.047E+00   5.512E+00  2.594E-01 
1.059E+00   5.544E+00  2.597E-01 
1.072E+00   5.576E+00  2.601E-01 
1.084E+00   5.608E+00  2.604E-01 
1.097E+00   5.641E+00  2.607E-01 
1.109E+00   5.673E+00  2.611E-01 
1.122E+00   5.706E+00  2.614E-01 
1.135E+00   5.739E+00  2.617E-01 
1.148E+00   5.772E+00  2.621E-01 
1.162E+00   5.806E+00  2.624E-01 
1.175E+00   5.839E+00  2.627E-01 
1.189E+00   5.873E+00  2.630E-01 
1.203E+00   5.907E+00  2.633E-01 
1.217E+00   5.941E+00  2.636E-01 
1.231E+00   5.976E+00  2.639E-01 
1.245E+00   6.010E+00  2.642E-01 
1.259E+00   6.045E+00  2.645E-01 
1.274E+00   6.080E+00  2.648E-01 
1.289E+00   6.115E+00  2.651E-01 
1.304E+00   6.150E+00  2.654E-01 
1.319E+00   6.186E+00  2.657E-01 
1.334E+00   6.222E+00  2.659E-01 
1.350E+00   6.258E+00  2.662E-01 
1.365E+00   6.294E+00  2.665E-01 
1.381E+00   6.330E+00  2.667E-01 
1.397E+00   6.367E+00  2.670E-01 
1.413E+00   6.404E+00  2.673E-01 
1.430E+00   6.441E+00  2.675E-01 
1.446E+00   6.478E+00  2.678E-01 
1.463E+00   6.515E+00  2.680E-01 
1.480E+00   6.553E+00  2.683E-01 
1.497E+00   6.591E+00  2.685E-01 
1.515E+00   6.629E+00  2.687E-01 
1.532E+00   6.667E+00  2.690E-01 
1.550E+00   6.706E+00  2.692E-01 
1.568E+00   6.745E+00  2.694E-01 
1.586E+00   6.784E+00  2.696E-01 
1.605E+00   6.823E+00  2.699E-01 
1.623E+00   6.862E+00  2.701E-01 
1.642E+00   6.902E+00  2.703E-01 
1.661E+00   6.942E+00  2.705E-01 
1.680E+00   6.982E+00  2.707E-01 
1.700E+00   7.023E+00  2.709E-01 
1.719E+00   7.063E+00  2.711E-01 
1.739E+00   7.104E+00  2.713E-01 
1.760E+00   7.145E+00  2.714E-01 
1.780E+00   7.186E+00  2.716E-01 
1.801E+00   7.228E+00  2.718E-01 
1.822E+00   7.270E+00  2.720E-01 
1.843E+00   7.312E+00  2.721E-01 
1.864E+00   7.354E+00  2.723E-01 
1.886E+00   7.397E+00  2.724E-01 
1.908E+00   7.439E+00  2.726E-01 
1.930E+00   7.482E+00  2.728E-01 
1.952E+00   7.526E+00  2.729E-01 
1.975E+00   7.569E+00  2.730E-01 
1.998E+00   7.613E+00  2.732E-01 
2.021E+00   7.655E+00  2.733E-01 
2.044E+00   7.693E+00  2.734E-01 
2.068E+00   7.730E+00  2.736E-01 
2.092E+00   7.767E+00  2.737E-01 
2.116E+00   7.805E+00  2.738E-01 
2.141E+00   7.843E+00  2.739E-01 
2.166E+00   7.881E+00  2.740E-01 
2.191E+00   7.919E+00  2.741E-01 
2.216E+00   7.957E+00  2.742E-01 
2.242E+00   7.996E+00  2.743E-01 
2.268E+00   8.035E+00  2.744E-01 
2.294E+00   8.074E+00  2.745E-01 
2.321E+00   8.113E+00  2.745E-01 
2.348E+00   8.152E+00  2.746E-01 
2.375E+00   8.192E+00  2.747E-01 
2.402E+00   8.232E+00  2.747E-01 
2.430E+00   8.272E+00  2.748E-01 
2.458E+00   8.312E+00  2.748E-01 
2.487E+00   8.352E+00  2.749E-01 
2.516E+00   8.393E+00  2.749E-01 
2.545E+00   8.434E+00  2.750E-01 
2.574E+00   8.475E+00  2.750E-01 
2.604E+00   8.516E+00  2.750E-01 
2.635E+00   8.558E+00  2.751E-01 
2.665E+00   8.599E+00  2.751E-01 
2.696E+00   8.641E+00  2.751E-01 
2.727E+00   8.683E+00  2.751E-01 
2.759E+00   8.725E+00  2.751E-01 
2.791E+00   8.768E+00  2.751E-01 
2.823E+00   8.811E+00  2.751E-01 
2.856E+00   8.854E+00  2.751E-01 
2.889E+00   8.897E+00  2.751E-01 
2.923E+00   8.940E+00  2.751E-01 
2.957E+00   8.984E+00  2.750E-01 
2.991E+00   9.027E+00  2.750E-01 
3.026E+00   9.071E+00  2.750E-01 
3.061E+00   9.116E+00  2.749E-01 
3.096E+00   9.160E+00  2.749E-01 
3.132E+00   9.205E+00  2.748E-01 
3.168E+00   9.250E+00  2.748E-01 
3.205E+00   9.295E+00  2.747E-01 
3.242E+00   9.340E+00  2.746E-01 
3.280E+00   9.386E+00  2.746E-01 
3.318E+00   9.432E+00  2.745E-01 
3.356E+00   9.478E+00  2.744E-01 
3.395E+00   9.524E+00  2.743E-01 
3.435E+00   9.570E+00  2.742E-01 
3.475E+00   9.617E+00  2.741E-01 
3.515E+00   9.664E+00  2.740E-01 
3.556E+00   9.711E+00  2.739E-01 
3.597E+00   9.759E+00  2.738E-01 
3.639E+00   9.807E+00  2.737E-01 
3.681E+00   9.855E+00  2.736E-01 
3.724E+00   9.903E+00  2.734E-01 
3.767E+00   9.951E+00  2.733E-01 
3.810E+00   1.000E+01  2.732E-01 
3.855E+00   1.005E+01  2.730E-01 
3.899E+00   1.010E+01  2.729E-01 
3.945E+00   1.015E+01  2.727E-01 
3.990E+00   1.020E+01  2.726E-01 
4.037E+00   1.025E+01  2.724E-01 
4.083E+00   1.030E+01  2.722E-01 
4.131E+00   1.035E+01  2.720E-01 
4.179E+00   1.040E+01  2.719E-01 
4.227E+00   1.045E+01  2.717E-01 
4.276E+00   1.050E+01  2.715E-01 
4.326E+00   1.055E+01  2.713E-01 
4.376E+00   1.060E+01  2.711E-01 
4.427E+00   1.066E+01  2.709E-01 
4.478E+00   1.071E+01  2.706E-01 
4.530E+00   1.076E+01  2.704E-01 
4.583E+00   1.081E+01  2.702E-01 
4.636E+00   1.087E+01  2.700E-01 
4.690E+00   1.092E+01  2.697E-01 
4.744E+00   1.097E+01  2.695E-01 
4.799E+00   1.103E+01  2.692E-01 
4.855E+00   1.108E+01  2.690E-01 
4.911E+00   1.113E+01  2.687E-01 
4.968E+00   1.119E+01  2.685E-01 
5.026E+00   1.124E+01  2.682E-01 
5.084E+00   1.130E+01  2.679E-01 
5.143E+00   1.135E+01  2.676E-01 
5.202E+00   1.141E+01  2.674E-01 
5.263E+00   1.147E+01  2.671E-01 
5.324E+00   1.152E+01  2.668E-01 
5.386E+00   1.158E+01  2.665E-01 
5.448E+00   1.164E+01  2.661E-01 
5.511E+00   1.169E+01  2.658E-01 
5.575E+00   1.175E+01  2.655E-01 
5.640E+00   1.181E+01  2.652E-01 
5.705E+00   1.187E+01  2.649E-01 
5.771E+00   1.192E+01  2.645E-01 
5.838E+00   1.198E+01  2.642E-01 
5.906E+00   1.204E+01  2.638E-01 
5.975E+00   1.210E+01  2.635E-01 
6.044E+00   1.216E+01  2.631E-01 
6.114E+00   1.222E+01  2.628E-01 
6.185E+00   1.228E+01  2.624E-01 
6.257E+00   1.234E+01  2.620E-01 
6.329E+00   1.240E+01  2.616E-01 
6.403E+00   1.246E+01  2.613E-01 
6.477E+00   1.252E+01  2.609E-01 
6.552E+00   1.259E+01  2.605E-01 
6.628E+00   1.265E+01  2.601E-01 
6.705E+00   1.271E+01  2.597E-01 
6.783E+00   1.277E+01  2.593E-01 
6.861E+00   1.283E+01  2.588E-01 
6.941E+00   1.290E+01  2.584E-01 
7.021E+00   1.296E+01  2.580E-01 
7.103E+00   1.302E+01  2.576E-01 
7.185E+00   1.309E+01  2.571E-01 
7.269E+00   1.315E+01  2.567E-01 
7.353E+00   1.322E+01  2.562E-01 
7.438E+00   1.328E+01  2.558E-01 
7.524E+00   1.335E+01  2.553E-01 
7.612E+00   1.341E+01  2.548E-01 
7.700E+00   1.348E+01  2.544E-01 
7.789E+00   1.355E+01  2.539E-01 
7.880E+00   1.361E+01  2.534E-01 
7.971E+00   1.368E+01  2.529E-01 
8.064E+00   1.375E+01  2.525E-01 
8.157E+00   1.381E+01  2.520E-01 
8.252E+00   1.388E+01  2.515E-01 
8.347E+00   1.395E+01  2.510E-01 
8.444E+00   1.402E+01  2.504E-01 
8.542E+00   1.409E+01  2.499E-01 
8.641E+00   1.416E+01  2.494E-01 
8.741E+00   1.423E+01  2.489E-01 
8.843E+00   1.430E+01  2.484E-01 
8.945E+00   1.437E+01  2.478E-01 
9.049E+00   1.444E+01  2.473E-01 
9.154E+00   1.451E+01  2.467E-01 
9.260E+00   1.458E+01  2.462E-01 
9.368E+00   1.465E+01  2.456E-01 
9.476E+00   1.472E+01  2.451E-01 
9.586E+00   1.480E+01  2.445E-01 
9.698E+00   1.487E+01  2.439E-01 
9.810E+00   1.494E+01  2.434E-01 
9.924E+00   1.502E+01  2.428E-01 
1.004E+01   1.509E+01  2.422E-01 
1.016E+01   1.516E+01  2.416E-01 
1.027E+01   1.524E+01  2.410E-01 
1.039E+01   1.531E+01  2.404E-01 
1.051E+01   1.539E+01  2.398E-01 
1.063E+01   1.546E+01  2.392E-01 
1.076E+01   1.554E+01  2.386E-01 
1.088E+01   1.562E+01  2.380E-01 
1.101E+01   1.569E+01  2.374E-01 
1.114E+01   1.577E+01  2.368E-01 
1.127E+01   1.585E+01  2.361E-01 
1.140E+01   1.593E+01  2.355E-01 
1.153E+01   1.600E+01  2.349E-01 
1.166E+01   1.608E+01  2.342E-01 
1.180E+01   1.616E+01  2.336E-01 
1.193E+01   1.624E+01  2.330E-01 
1.207E+01   1.632E+01  2.323E-01 
1.221E+01   1.640E+01  2.316E-01 
1.235E+01   1.648E+01  2.310E-01 
1.250E+01   1.656E+01  2.303E-01 
1.264E+01   1.664E+01  2.297E-01 
1.279E+01   1.672E+01  2.290E-01 
1.294E+01   1.681E+01  2.283E-01 
1.309E+01   1.689E+01  2.276E-01 
1.324E+01   1.697E+01  2.270E-01 
1.339E+01   1.706E+01  2.263E-01 
1.355E+01   1.714E+01  2.256E-01 
1.371E+01   1.722E+01  2.249E-01 
1.387E+01   1.731E+01  2.242E-01 
1.403E+01   1.739E+01  2.235E-01 
1.419E+01   1.748E+01  2.228E-01 
1.435E+01   1.756E+01  2.221E-01 
1.452E+01   1.765E+01  2.214E-01 
1.469E+01   1.773E+01  2.207E-01 
1.486E+01   1.782E+01  2.199E-01 
1.503E+01   1.791E+01  2.192E-01 
1.521E+01   1.800E+01  2.185E-01 
1.538E+01   1.808E+01  2.178E-01 
1.556E+01   1.817E+01  2.171E-01 
1.574E+01   1.826E+01  2.163E-01 
1.592E+01   1.835E+01  2.156E-01 
1.611E+01   1.844E+01  2.148E-01 
1.629E+01   1.853E+01  2.141E-01 
1.648E+01   1.862E+01  2.134E-01 
1.667E+01   1.871E+01  2.126E-01 
1.687E+01   1.880E+01  2.119E-01 
1.706E+01   1.889E+01  2.111E-01 
1.726E+01   1.899E+01  2.104E-01 
1.746E+01   1.908E+01  2.096E-01 
1.766E+01   1.917E+01  2.088E-01 
1.787E+01   1.926E+01  2.081E-01 
1.808E+01   1.936E+01  2.073E-01 
1.829E+01   1.945E+01  2.066E-01 
1.850E+01   1.955E+01  2.058E-01 
1.871E+01   1.964E+01  2.050E-01 
1.893E+01   1.974E+01  2.042E-01 
1.915E+01   1.983E+01  2.035E-01 
1.937E+01   1.993E+01  2.027E-01 
1.960E+01   2.002E+01  2.019E-01 
1.982E+01   2.012E+01  2.011E-01 
2.005E+01   2.022E+01  2.003E-01 
2.029E+01   2.032E+01  1.996E-01 
2.052E+01   2.041E+01  1.988E-01 
2.076E+01   2.051E+01  1.980E-01 
2.100E+01   2.061E+01  1.972E-01 
2.124E+01   2.071E+01  1.964E-01 
2.149E+01   2.081E+01  1.956E-01 
2.174E+01   2.091E+01  1.948E-01 
2.199E+01   2.101E+01  1.940E-01 
2.225E+01   2.111E+01  1.932E-01 
2.250E+01   2.121E+01  1.924E-01 
2.277E+01   2.132E+01  1.916E-01 
2.303E+01   2.142E+01  1.908E-01 
2.330E+01   2.152E+01  1.900E-01 
2.357E+01   2.162E+01  1.892E-01 
2.384E+01   2.173E+01  1.884E-01 
2.412E+01   2.183E+01  1.876E-01 
2.440E+01   2.194E+01  1.868E-01 
2.468E+01   2.204E+01  1.860E-01 
2.497E+01   2.215E+01  1.852E-01 
2.526E+01   2.225E+01  1.843E-01 
2.555E+01   2.236E+01  1.835E-01 
2.584E+01   2.246E+01  1.827E-01 
2.614E+01   2.257E+01  1.819E-01 
2.645E+01   2.268E+01  1.811E-01 
2.675E+01   2.279E+01  1.803E-01 
2.707E+01   2.289E+01  1.795E-01 
2.738E+01   2.300E+01  1.786E-01 
2.770E+01   2.311E+01  1.778E-01 
2.802E+01   2.322E+01  1.770E-01 
2.834E+01   2.333E+01  1.762E-01 
2.867E+01   2.344E+01  1.754E-01 
2.900E+01   2.355E+01  1.745E-01 
2.934E+01   2.366E+01  1.737E-01 
2.968E+01   2.377E+01  1.729E-01 
3.003E+01   2.388E+01  1.721E-01 
3.037E+01   2.399E+01  1.713E-01 
3.073E+01   2.411E+01  1.704E-01 
3.108E+01   2.422E+01  1.696E-01 
3.144E+01   2.433E+01  1.688E-01 
3.181E+01   2.444E+01  1.680E-01 
3.218E+01   2.456E+01  1.672E-01 
3.255E+01   2.467E+01  1.663E-01 
3.293E+01   2.479E+01  1.655E-01 
3.331E+01   2.490E+01  1.647E-01 
3.370E+01   2.502E+01  1.639E-01 
3.409E+01   2.513E+01  1.631E-01 
3.448E+01   2.525E+01  1.622E-01 
3.488E+01   2.536E+01  1.614E-01 
3.529E+01   2.548E+01  1.606E-01 
3.570E+01   2.559E+01  1.598E-01 
3.611E+01   2.571E+01  1.590E-01 
3.653E+01   2.583E+01  1.582E-01 
3.695E+01   2.595E+01  1.574E-01 
3.738E+01   2.606E+01  1.565E-01 
3.781E+01   2.618E+01  1.557E-01 
3.825E+01   2.630E+01  1.549E-01 
3.870E+01   2.642E+01  1.541E-01 
3.915E+01   2.654E+01  1.533E-01 
3.960E+01   2.665E+01  1.525E-01 
4.006E+01   2.677E+01  1.517E-01 
4.052E+01   2.689E+01  1.509E-01 
4.099E+01   2.701E+01  1.501E-01 
4.147E+01   2.713E+01  1.492E-01 
4.195E+01   2.725E+01  1.484E-01 
4.244E+01   2.737E+01  1.476E-01 
4.293E+01   2.749E+01  1.468E-01 
4.343E+01   2.761E+01  1.460E-01 
4.393E+01   2.773E+01  1.452E-01 
4.444E+01   2.785E+01  1.444E-01 
4.496E+01   2.797E+01  1.436E-01 
4.548E+01   2.809E+01  1.428E-01 
4.600E+01   2.822E+01  1.420E-01 
4.654E+01   2.834E+01  1.412E-01 
4.708E+01   2.846E+01  1.405E-01 
4.762E+01   2.858E+01  1.397E-01 
4.818E+01   2.870E+01  1.389E-01 
4.873E+01   2.882E+01  1.381E-01 
4.930E+01   2.894E+01  1.373E-01 
4.987E+01   2.906E+01  1.365E-01 
5.045E+01   2.919E+01  1.357E-01 
5.104E+01   2.931E+01  1.350E-01 
5.163E+01   2.943E+01  1.342E-01 
5.223E+01   2.955E+01  1.334E-01 
5.283E+01   2.967E+01  1.326E-01 
5.344E+01   2.979E+01  1.319E-01 
5.406E+01   2.991E+01  1.311E-01 
5.469E+01   3.003E+01  1.303E-01 
5.533E+01   3.015E+01  1.295E-01 
5.597E+01   3.028E+01  1.288E-01 
5.662E+01   3.040E+01  1.280E-01 
5.727E+01   3.052E+01  1.272E-01 
5.794E+01   3.064E+01  1.265E-01 
5.861E+01   3.076E+01  1.257E-01 
5.929E+01   3.088E+01  1.250E-01 
5.998E+01   3.099E+01  1.242E-01 
6.067E+01   3.111E+01  1.235E-01 
6.138E+01   3.123E+01  1.227E-01 
6.209E+01   3.135E+01  1.220E-01 
6.281E+01   3.147E+01  1.212E-01 
6.354E+01   3.159E+01  1.205E-01 
6.427E+01   3.170E+01  1.197E-01 
6.502E+01   3.182E+01  1.190E-01 
6.577E+01   3.194E+01  1.183E-01 
6.654E+01   3.205E+01  1.175E-01 
6.731E+01   3.217E+01  1.168E-01 
6.809E+01   3.228E+01  1.161E-01 
6.888E+01   3.240E+01  1.154E-01 
6.968E+01   3.251E+01  1.146E-01 
7.049E+01   3.262E+01  1.139E-01 
7.130E+01   3.274E+01  1.132E-01 
7.213E+01   3.285E+01  1.125E-01 
7.297E+01   3.296E+01  1.118E-01 
7.381E+01   3.307E+01  1.110E-01 
7.467E+01   3.318E+01  1.103E-01 
7.554E+01   3.329E+01  1.096E-01 
7.641E+01   3.339E+01  1.089E-01 
7.730E+01   3.350E+01  1.082E-01 
7.820E+01   3.361E+01  1.075E-01 
7.910E+01   3.371E+01  1.068E-01 
8.002E+01   3.382E+01  1.061E-01 
8.095E+01   3.392E+01  1.054E-01 
8.189E+01   3.402E+01  1.048E-01 
8.284E+01   3.412E+01  1.041E-01 
8.380E+01   3.422E+01  1.034E-01 
8.477E+01   3.432E+01  1.027E-01 
8.575E+01   3.442E+01  1.020E-01 
8.675E+01   3.451E+01  1.014E-01 
8.775E+01   3.461E+01  1.007E-01 
8.877E+01   3.470E+01  1.000E-01 
8.980E+01   3.480E+01  9.935E-02 
9.084E+01   3.489E+01  9.868E-02 
9.190E+01   3.498E+01  9.802E-02 
9.296E+01   3.507E+01  9.736E-02 
9.404E+01   3.515E+01  9.671E-02 
9.513E+01   3.524E+01  9.606E-02 
9.624E+01   3.532E+01  9.541E-02 
9.735E+01   3.540E+01  9.476E-02 
9.848E+01   3.549E+01  9.412E-02 
9.962E+01   3.556E+01  9.347E-02 
1.008E+02   3.564E+01  9.284E-02 
1.019E+02   3.572E+01  9.220E-02 
1.031E+02   3.579E+01  9.157E-02 
1.043E+02   3.586E+01  9.094E-02 
1.055E+02   3.593E+01  9.031E-02 
1.068E+02   3.600E+01  8.969E-02 
1.080E+02   3.607E+01  8.907E-02 
1.093E+02   3.614E+01  8.845E-02 
1.105E+02   3.620E+01  8.783E-02 
1.118E+02   3.626E+01  8.722E-02 
1.131E+02   3.632E+01  8.661E-02 
1.144E+02   3.638E+01  8.601E-02 
1.157E+02   3.643E+01  8.540E-02 
1.171E+02   3.648E+01  8.480E-02 
1.184E+02   3.653E+01  8.420E-02 
1.198E+02   3.658E+01  8.361E-02 
1.212E+02   3.663E+01  8.302E-02 
1.226E+02   3.667E+01  8.243E-02 
1.240E+02   3.671E+01  8.184E-02 
1.255E+02   3.675E+01  8.126E-02 
1.269E+02   3.679E+01  8.068E-02 
1.284E+02   3.683E+01  8.010E-02 
1.299E+02   3.686E+01  7.953E-02 
1.314E+02   3.689E+01  7.896E-02 
1.329E+02   3.692E+01  7.839E-02 
1.345E+02   3.694E+01  7.783E-02 
1.360E+02   3.697E+01  7.726E-02 
1.376E+02   3.699E+01  7.671E-02 
1.392E+02   3.701E+01  7.615E-02 
1.408E+02   3.702E+01  7.560E-02 
1.424E+02   3.703E+01  7.505E-02 
1.441E+02   3.705E+01  7.450E-02 
1.458E+02   3.705E+01  7.395E-02 
1.475E+02   3.706E+01  7.341E-02 
1.492E+02   3.706E+01  7.287E-02 
1.509E+02   3.706E+01  7.234E-02 
1.526E+02   3.706E+01  7.181E-02 
1.544E+02   3.706E+01  7.128E-02 
1.562E+02   3.705E+01  7.075E-02 
1.580E+02   3.704E+01  7.023E-02 
1.598E+02   3.703E+01  6.970E-02 
1.617E+02   3.702E+01  6.919E-02 
1.636E+02   3.700E+01  6.867E-02 
1.655E+02   3.698E+01  6.816E-02 
1.674E+02   3.696E+01  6.765E-02 
1.693E+02   3.694E+01  6.714E-02 
1.713E+02   3.691E+01  6.664E-02 
1.733E+02   3.688E+01  6.614E-02 
1.753E+02   3.685E+01  6.564E-02 
1.773E+02   3.682E+01  6.515E-02 
1.794E+02   3.678E+01  6.466E-02 
1.815E+02   3.675E+01  6.417E-02 
1.836E+02   3.671E+01  6.368E-02 
1.857E+02   3.666E+01  6.320E-02 
1.879E+02   3.662E+01  6.272E-02 
1.900E+02   3.657E+01  6.224E-02 
1.922E+02   3.652E+01  6.177E-02 
1.945E+02   3.647E+01  6.130E-02 
1.967E+02   3.642E+01  6.083E-02 
1.990E+02   3.636E+01  6.036E-02 
2.013E+02   3.631E+01  5.990E-02 
2.036E+02   3.625E+01  5.944E-02 
2.060E+02   3.618E+01  5.898E-02 
2.084E+02   3.612E+01  5.853E-02 
2.108E+02   3.606E+01  5.807E-02 
2.133E+02   3.599E+01  5.763E-02 
2.157E+02   3.592E+01  5.718E-02 
2.182E+02   3.585E+01  5.674E-02 
2.208E+02   3.577E+01  5.630E-02 
2.233E+02   3.570E+01  5.586E-02 
2.259E+02   3.562E+01  5.542E-02 
2.285E+02   3.555E+01  5.499E-02 
2.312E+02   3.547E+01  5.456E-02 
2.339E+02   3.539E+01  5.413E-02 
2.366E+02   3.530E+01  5.371E-02 
2.393E+02   3.522E+01  5.329E-02 
2.421E+02   3.513E+01  5.287E-02 
2.449E+02   3.505E+01  5.245E-02 
2.478E+02   3.496E+01  5.204E-02 
2.506E+02   3.487E+01  5.163E-02 
2.535E+02   3.478E+01  5.122E-02 
2.565E+02   3.468E+01  5.082E-02 
2.595E+02   3.459E+01  5.041E-02 
2.625E+02   3.450E+01  5.001E-02 
2.655E+02   3.440E+01  4.962E-02 
2.686E+02   3.430E+01  4.922E-02 
2.717E+02   3.421E+01  4.883E-02 
2.749E+02   3.411E+01  5.149E-02 
2.780E+02   3.401E+01  5.107E-02 
2.813E+02   3.390E+01  5.065E-02 
2.845E+02   3.380E+01  5.024E-02 
2.878E+02   3.370E+01  4.983E-02 
2.912E+02   3.360E+01  4.942E-02 
2.945E+02   3.349E+01  4.902E-02 
2.980E+02   3.339E+01  4.862E-02 
3.014E+02   3.328E+01  4.822E-02 
3.049E+02   3.317E+01  4.782E-02 
3.085E+02   3.307E+01  4.743E-02 
3.120E+02   3.296E+01  4.704E-02 
3.156E+02   3.285E+01  4.665E-02 
3.193E+02   3.274E+01  4.627E-02 
3.230E+02   3.263E+01  4.589E-02 
3.268E+02   3.252E+01  4.551E-02 
3.306E+02   3.241E+01  4.513E-02 
3.344E+02   3.229E+01  4.476E-02 
3.383E+02   3.218E+01  4.438E-02 
3.422E+02   3.207E+01  4.402E-02 
3.462E+02   3.195E+01  4.365E-02 
3.502E+02   3.184E+01  4.329E-02 
3.542E+02   3.173E+01  4.292E-02 
3.583E+02   3.161E+01  4.257E-02 
3.625E+02   3.149E+01  4.221E-02 
3.667E+02   3.138E+01  4.186E-02 
3.710E+02   3.126E+01  4.151E-02 
3.753E+02   3.115E+01  4.116E-02 
3.796E+02   3.103E+01  4.081E-02 
3.840E+02   3.091E+01  4.047E-02 
3.885E+02   3.079E+01  4.013E-02 
3.930E+02   3.068E+01  3.979E-02 
3.975E+02   3.056E+01  3.945E-02 
4.021E+02   3.044E+01  3.912E-02 
4.068E+02   3.032E+01  3.879E-02 
4.115E+02   3.020E+01  3.846E-02 
4.163E+02   3.008E+01  3.814E-02 
4.211E+02   2.996E+01  3.781E-02 
4.260E+02   2.984E+01  3.749E-02 
4.310E+02   2.972E+01  3.717E-02 
4.360E+02   2.960E+01  3.686E-02 
4.410E+02   2.948E+01  3.654E-02 
4.461E+02   2.936E+01  3.623E-02 
4.513E+02   2.924E+01  3.592E-02 
4.565E+02   2.912E+01  3.561E-02 
4.618E+02   2.899E+01  3.531E-02 
4.672E+02   2.887E+01  3.501E-02 
4.726E+02   2.875E+01  3.471E-02 
4.781E+02   2.863E+01  3.441E-02 
4.836E+02   2.851E+01  3.411E-02 
4.892E+02   2.838E+01  3.382E-02 
4.949E+02   2.826E+01  3.353E-02 
5.007E+02   2.814E+01  3.324E-02 
5.065E+02   2.801E+01  3.295E-02 
5.123E+02   2.789E+01  3.267E-02 
5.183E+02   2.776E+01  3.239E-02 
5.243E+02   2.764E+01  3.211E-02 
5.304E+02   2.752E+01  3.183E-02 
5.365E+02   2.739E+01  3.155E-02 
5.428E+02   2.727E+01  3.128E-02 
5.490E+02   2.714E+01  3.101E-02 
5.554E+02   2.702E+01  3.074E-02 
5.619E+02   2.689E+01  3.047E-02 
5.684E+02   2.677E+01  3.021E-02 
5.750E+02   2.664E+01  2.994E-02 
5.816E+02   2.652E+01  2.968E-02 
5.884E+02   2.639E+01  2.942E-02 
5.952E+02   2.626E+01  2.917E-02 
6.021E+02   2.614E+01  2.891E-02 
6.091E+02   2.601E+01  2.866E-02 
6.162E+02   2.589E+01  2.841E-02 
6.233E+02   2.576E+01  2.816E-02 
6.305E+02   2.563E+01  2.791E-02 
6.378E+02   2.550E+01  2.767E-02 
6.452E+02   2.538E+01  2.743E-02 
6.527E+02   2.525E+01  2.718E-02 
6.603E+02   2.512E+01  2.694E-02 
6.680E+02   2.500E+01  2.671E-02 
6.757E+02   2.487E+01  2.647E-02 
6.835E+02   2.474E+01  2.624E-02 
6.915E+02   2.461E+01  2.601E-02 
6.995E+02   2.449E+01  2.578E-02 
7.076E+02   2.436E+01  2.555E-02 
7.158E+02   2.423E+01  2.532E-02 
7.241E+02   2.410E+01  2.510E-02 
7.325E+02   2.397E+01  2.488E-02 
7.410E+02   2.384E+01  2.466E-02 
7.496E+02   2.372E+01  2.444E-02 
7.583E+02   2.359E+01  2.422E-02 
7.671E+02   2.346E+01  2.401E-02 
7.760E+02   2.333E+01  2.379E-02 
7.850E+02   2.320E+01  2.358E-02 
7.941E+02   2.307E+01  2.337E-02 
8.033E+02   2.295E+01  2.316E-02 
8.126E+02   2.282E+01  2.296E-02 
8.221E+02   2.269E+01  2.275E-02 
8.316E+02   2.256E+01  2.255E-02 
8.412E+02   2.243E+01  2.235E-02 
8.510E+02   2.230E+01  2.215E-02 
8.609E+02   2.217E+01  2.195E-02 
8.709E+02   2.204E+01  2.175E-02 
8.810E+02   2.192E+01  2.156E-02 
8.912E+02   2.179E+01  2.136E-02 
9.015E+02   2.166E+01  2.117E-02 
9.120E+02   2.153E+01  2.098E-02 
9.225E+02   2.140E+01  2.079E-02 
9.332E+02   2.127E+01  2.060E-02 
9.441E+02   2.114E+01  2.042E-02 
9.550E+02   2.102E+01  2.023E-02 
9.661E+02   2.089E+01  2.005E-02 
9.773E+02   2.076E+01  1.987E-02 
9.886E+02   2.063E+01  1.969E-02 
1.000E+03   2.050E+01  1.951E-02 
1.012E+03   2.039E+01  1.934E-02 
1.023E+03   2.031E+01  1.916E-02 
1.035E+03   2.023E+01  1.899E-02 
1.047E+03   2.015E+01  1.882E-02 
1.059E+03   2.007E+01  1.865E-02 
1.072E+03   1.998E+01  1.848E-02 
1.084E+03   1.990E+01  1.831E-02 
1.097E+03   1.981E+01  1.814E-02 
1.109E+03   1.972E+01  1.798E-02 
1.122E+03   1.964E+01  1.782E-02 
1.135E+03   1.955E+01  1.765E-02 
1.149E+03   1.946E+01  1.749E-02 
1.162E+03   1.937E+01  1.733E-02 
1.175E+03   1.927E+01  1.718E-02 
1.189E+03   1.918E+01  1.702E-02 
1.203E+03   1.909E+01  1.686E-02 
1.217E+03   1.900E+01  1.671E-02 
1.231E+03   1.890E+01  1.656E-02 
1.245E+03   1.881E+01  1.641E-02 
1.260E+03   1.872E+01  1.626E-02 
1.274E+03   1.863E+01  1.611E-02 
1.289E+03   1.854E+01  1.596E-02 
1.304E+03   1.845E+01  1.581E-02 
1.319E+03   1.836E+01  1.567E-02 
1.334E+03   1.826E+01  1.552E-02 
1.350E+03   1.817E+01  1.538E-02 
1.365E+03   1.808E+01  1.524E-02 
1.381E+03   1.799E+01  1.510E-02 
1.397E+03   1.790E+01  1.496E-02 
1.414E+03   1.780E+01  1.482E-02 
1.430E+03   1.771E+01  1.469E-02 
1.446E+03   1.762E+01  1.455E-02 
1.463E+03   1.753E+01  1.442E-02 
1.480E+03   1.743E+01  1.428E-02 
1.497E+03   1.734E+01  1.415E-02 
1.515E+03   1.725E+01  1.402E-02 
1.532E+03   1.716E+01  1.389E-02 
1.550E+03   1.706E+01  1.376E-02 
1.568E+03   1.697E+01  1.364E-02 
1.586E+03   1.688E+01  1.351E-02 
1.605E+03   1.679E+01  1.339E-02 
1.623E+03   1.670E+01  1.326E-02 
1.642E+03   1.661E+01  1.314E-02 
1.661E+03   1.651E+01  1.302E-02 
1.680E+03   1.642E+01  1.290E-02 
1.700E+03   1.633E+01  1.278E-02 
1.720E+03   1.624E+01  1.266E-02 
1.740E+03   1.615E+01  1.254E-02 
1.760E+03   1.606E+01  1.242E-02 
1.780E+03   1.597E+01  1.231E-02 
1.801E+03   1.588E+01  1.219E-02 
1.822E+03   1.579E+01  1.208E-02 
1.843E+03   1.570E+01  1.197E-02 
1.864E+03   1.561E+01  1.186E-02 
1.886E+03   1.552E+01  1.175E-02 
1.908E+03   1.543E+01  1.164E-02 
1.930E+03   1.534E+01  1.153E-02 
1.952E+03   1.525E+01  1.142E-02 
1.975E+03   1.517E+01  1.131E-02 
1.998E+03   1.508E+01  1.121E-02 
2.021E+03   1.499E+01  1.110E-02 
2.044E+03   1.490E+01  1.100E-02 
2.068E+03   1.482E+01  1.090E-02 
2.092E+03   1.473E+01  1.079E-02 
2.116E+03   1.464E+01  1.069E-02 
2.141E+03   1.456E+01  1.059E-02 
2.166E+03   1.447E+01  1.049E-02 
2.191E+03   1.438E+01  1.039E-02 
2.216E+03   1.430E+01  1.030E-02 
2.242E+03   1.421E+01  1.020E-02 
2.268E+03   1.413E+01  1.010E-02 
2.294E+03   1.404E+01  1.001E-02 
2.321E+03   1.396E+01  9.915E-03 
2.348E+03   1.388E+01  9.822E-03 
2.375E+03   1.379E+01  9.730E-03 
2.403E+03   1.371E+01  9.638E-03 
2.431E+03   1.362E+01  9.547E-03 
2.459E+03   1.354E+01  9.457E-03 
2.487E+03   1.346E+01  9.368E-03 
2.516E+03   1.338E+01  9.280E-03 
2.545E+03   1.330E+01  9.192E-03 
2.575E+03   1.321E+01  9.105E-03 
2.605E+03   1.313E+01  9.019E-03 
2.635E+03   1.305E+01  8.934E-03 
2.665E+03   1.297E+01  8.850E-03 
2.696E+03   1.289E+01  8.766E-03 
2.728E+03   1.281E+01  8.683E-03 
2.759E+03   1.273E+01  8.601E-03 
2.791E+03   1.265E+01  8.519E-03 
2.824E+03   1.257E+01  8.439E-03 
2.856E+03   1.249E+01  8.359E-03 
2.889E+03   1.242E+01  8.279E-03 
2.923E+03   1.234E+01  8.201E-03 
2.957E+03   1.226E+01  8.123E-03 
2.991E+03   1.218E+01  8.046E-03 
3.026E+03   1.211E+01  7.969E-03 
3.061E+03   1.203E+01  7.894E-03 
3.097E+03   1.195E+01  7.819E-03 
3.132E+03   1.188E+01  7.744E-03 
3.169E+03   1.180E+01  7.671E-03 
3.206E+03   1.173E+01  7.598E-03 
3.243E+03   1.165E+01  7.525E-03 
3.280E+03   1.158E+01  7.454E-03 
3.318E+03   1.150E+01  7.383E-03 
3.357E+03   1.143E+01  7.312E-03 
3.396E+03   1.136E+01  7.242E-03 
3.435E+03   1.128E+01  7.173E-03 
3.475E+03   1.121E+01  7.105E-03 
3.515E+03   1.114E+01  7.037E-03 
3.556E+03   1.106E+01  6.970E-03 
3.597E+03   1.099E+01  6.903E-03 
3.639E+03   1.092E+01  6.837E-03 
3.681E+03   1.085E+01  6.772E-03 
3.724E+03   1.078E+01  6.707E-03 
3.767E+03   1.071E+01  6.643E-03 
3.811E+03   1.064E+01  6.579E-03 
3.855E+03   1.057E+01  6.516E-03 
3.900E+03   1.050E+01  6.454E-03 
3.945E+03   1.043E+01  6.392E-03 
3.991E+03   1.036E+01  6.331E-03 
4.037E+03   1.029E+01  6.270E-03 
4.084E+03   1.022E+01  6.210E-03 
4.131E+03   1.016E+01  6.150E-03 
4.179E+03   1.009E+01  6.091E-03 
4.228E+03   1.002E+01  6.033E-03 
4.277E+03   9.953E+00  5.975E-03 
4.326E+03   9.887E+00  5.917E-03 
4.376E+03   9.820E+00  5.860E-03 
4.427E+03   9.754E+00  5.804E-03 
4.479E+03   9.689E+00  5.748E-03 
4.531E+03   9.624E+00  5.693E-03 
4.583E+03   9.559E+00  5.638E-03 
4.636E+03   9.494E+00  5.584E-03 
4.690E+03   9.430E+00  5.530E-03 
4.744E+03   9.366E+00  5.477E-03 
4.799E+03   9.302E+00  5.424E-03 
4.855E+03   9.239E+00  5.371E-03 
4.911E+03   9.176E+00  5.320E-03 
4.968E+03   9.113E+00  5.268E-03 
5.026E+03   9.051E+00  5.217E-03 
5.084E+03   8.988E+00  5.167E-03 
5.143E+03   8.927E+00  5.117E-03 
5.203E+03   8.865E+00  5.068E-03 
5.263E+03   8.804E+00  5.019E-03 
5.324E+03   8.744E+00  4.970E-03 
5.386E+03   8.683E+00  4.922E-03 
5.449E+03   8.623E+00  4.874E-03 
5.512E+03   8.563E+00  4.827E-03 
5.576E+03   8.504E+00  4.780E-03 
5.640E+03   8.445E+00  4.734E-03 
5.706E+03   8.386E+00  4.688E-03 
5.772E+03   8.327E+00  4.643E-03 
5.839E+03   8.269E+00  4.598E-03 
5.907E+03   8.211E+00  4.553E-03 
5.975E+03   8.153E+00  4.509E-03 
6.045E+03   8.096E+00  4.465E-03 
6.115E+03   8.039E+00  4.422E-03 
6.186E+03   7.983E+00  4.379E-03 
6.257E+03   7.926E+00  4.336E-03 
6.330E+03   7.870E+00  4.294E-03 
6.403E+03   7.815E+00  4.252E-03 
6.478E+03   7.759E+00  4.211E-03 
6.553E+03   7.704E+00  4.170E-03 
6.629E+03   7.649E+00  4.129E-03 
6.706E+03   7.595E+00  4.089E-03 
6.783E+03   7.541E+00  4.049E-03 
6.862E+03   7.487E+00  4.010E-03 
6.942E+03   7.433E+00  3.971E-03 
7.022E+03   7.380E+00  3.932E-03 
7.104E+03   7.327E+00  3.894E-03 
7.186E+03   7.274E+00  3.856E-03 
7.269E+03   7.222E+00  3.818E-03 
7.354E+03   7.170E+00  3.781E-03 
7.439E+03   7.118E+00  3.744E-03 
7.525E+03   7.067E+00  3.707E-03 
7.613E+03   7.016E+00  3.671E-03 
7.701E+03   6.965E+00  3.635E-03 
7.790E+03   6.914E+00  3.600E-03 
7.881E+03   6.864E+00  3.565E-03 
7.972E+03   6.814E+00  3.530E-03 
8.064E+03   6.764E+00  3.495E-03 
8.158E+03   6.715E+00  3.461E-03 
8.253E+03   6.666E+00  3.427E-03 
8.348E+03   6.617E+00  3.394E-03 
8.445E+03   6.569E+00  3.360E-03 
8.543E+03   6.520E+00  3.327E-03 
8.642E+03   6.472E+00  3.295E-03 
8.742E+03   6.425E+00  3.262E-03 
8.844E+03   6.377E+00  3.230E-03 
8.946E+03   6.330E+00  3.199E-03 
9.050E+03   6.284E+00  3.167E-03 
9.155E+03   6.237E+00  3.136E-03 
9.261E+03   6.191E+00  3.106E-03 
9.369E+03   6.145E+00  3.075E-03 
9.477E+03   6.099E+00  3.045E-03 
9.587E+03   6.054E+00  3.015E-03 
9.699E+03   6.009E+00  2.985E-03 
9.811E+03   5.964E+00  2.956E-03 
9.925E+03   5.920E+00  2.927E-03 
1.004E+04   5.875E+00  2.898E-03 
1.016E+04   5.831E+00  2.870E-03 
1.027E+04   5.788E+00  2.841E-03 
1.039E+04   5.744E+00  2.813E-03 
1.051E+04   5.701E+00  2.786E-03 
1.064E+04   5.658E+00  2.758E-03 
1.076E+04   5.615E+00  2.731E-03 
1.088E+04   5.573E+00  2.704E-03 
1.101E+04   5.531E+00  2.677E-03 
1.114E+04   5.489E+00  2.651E-03 
1.127E+04   5.448E+00  2.625E-03 
1.140E+04   5.406E+00  2.599E-03 
1.153E+04   5.365E+00  2.573E-03 
1.166E+04   5.325E+00  2.548E-03 
1.180E+04   5.284E+00  2.523E-03 
1.194E+04   5.244E+00  2.498E-03 
1.207E+04   5.204E+00  2.473E-03 
1.221E+04   5.164E+00  2.449E-03 
1.236E+04   5.125E+00  2.425E-03 
1.250E+04   5.086E+00  2.401E-03 
1.264E+04   5.047E+00  2.377E-03 
1.279E+04   5.008E+00  2.353E-03 
1.294E+04   4.969E+00  2.330E-03 
1.309E+04   4.931E+00  2.307E-03 
1.324E+04   4.893E+00  2.284E-03 
1.340E+04   4.856E+00  2.262E-03 
1.355E+04   4.818E+00  2.239E-03 
1.371E+04   4.781E+00  2.217E-03 
1.387E+04   4.744E+00  2.195E-03 
1.403E+04   4.707E+00  2.173E-03 
1.419E+04   4.671E+00  2.152E-03 
1.435E+04   4.635E+00  2.130E-03 
1.452E+04   4.599E+00  2.109E-03 
1.469E+04   4.563E+00  2.088E-03 
1.486E+04   4.528E+00  2.068E-03 
1.503E+04   4.492E+00  2.047E-03 
1.521E+04   4.457E+00  2.027E-03 
1.538E+04   4.423E+00  2.007E-03 
1.556E+04   4.388E+00  1.987E-03 
1.574E+04   4.354E+00  1.967E-03 
1.592E+04   4.320E+00  1.947E-03 
1.611E+04   4.286E+00  1.928E-03 
1.630E+04   4.253E+00  1.909E-03 
1.649E+04   4.219E+00  1.890E-03 
1.668E+04   4.186E+00  1.871E-03 
1.687E+04   4.153E+00  1.853E-03 
1.707E+04   4.121E+00  1.834E-03 
1.726E+04   4.088E+00  1.816E-03 
1.746E+04   4.056E+00  1.798E-03 
1.767E+04   4.024E+00  1.780E-03 
1.787E+04   3.992E+00  1.762E-03 
1.808E+04   3.961E+00  1.745E-03 
1.829E+04   3.929E+00  1.727E-03 
1.850E+04   3.898E+00  1.710E-03 
1.871E+04   3.868E+00  1.693E-03 
1.893E+04   3.837E+00  1.676E-03 
1.915E+04   3.806E+00  1.659E-03 
1.937E+04   3.776E+00  1.643E-03 
1.960E+04   3.746E+00  1.626E-03 
1.983E+04   3.716E+00  1.610E-03 
2.006E+04   3.687E+00  1.594E-03 
2.029E+04   3.658E+00  1.578E-03 
2.052E+04   3.628E+00  1.562E-03 
2.076E+04   3.600E+00  1.547E-03 
2.100E+04   3.571E+00  1.531E-03 
2.125E+04   3.542E+00  1.516E-03 
2.149E+04   3.514E+00  1.501E-03 
2.174E+04   3.486E+00  1.486E-03 
2.199E+04   3.458E+00  1.471E-03 
2.225E+04   3.430E+00  1.456E-03 
2.251E+04   3.403E+00  1.442E-03 
2.277E+04   3.376E+00  1.427E-03 
2.303E+04   3.348E+00  1.413E-03 
2.330E+04   3.322E+00  1.399E-03 
2.357E+04   3.295E+00  1.385E-03 
2.384E+04   3.268E+00  1.371E-03 
2.412E+04   3.242E+00  1.357E-03 
2.440E+04   3.216E+00  1.344E-03 
2.468E+04   3.190E+00  1.330E-03 
2.497E+04   3.164E+00  1.317E-03 
2.526E+04   3.139E+00  1.304E-03 
2.555E+04   3.114E+00  1.291E-03 
2.585E+04   3.089E+00  1.278E-03 
2.615E+04   3.064E+00  1.265E-03 
2.645E+04   3.039E+00  1.252E-03 
2.676E+04   3.014E+00  1.240E-03 
2.707E+04   2.990E+00  1.227E-03 
2.738E+04   2.966E+00  1.215E-03 
2.770E+04   2.942E+00  1.203E-03 
2.802E+04   2.918E+00  1.191E-03 
2.835E+04   2.894E+00  1.179E-03 
2.867E+04   2.871E+00  1.167E-03 
2.901E+04   2.847E+00  1.155E-03 
2.934E+04   2.824E+00  1.143E-03 
2.968E+04   2.801E+00  1.132E-03 
3.003E+04   2.779E+00  1.121E-03 
3.038E+04   2.756E+00  1.109E-03 
3.073E+04   2.734E+00  1.098E-03 
3.109E+04   2.711E+00  1.087E-03 
3.145E+04   2.689E+00  1.076E-03 
3.181E+04   2.667E+00  1.065E-03 
3.218E+04   2.646E+00  1.055E-03 
3.255E+04   2.624E+00  1.044E-03 
3.293E+04   2.603E+00  1.033E-03 
3.331E+04   2.582E+00  1.023E-03 
3.370E+04   2.561E+00  1.013E-03 
3.409E+04   2.540E+00  1.002E-03 
3.449E+04   2.519E+00  9.924E-04 
3.489E+04   2.498E+00  9.824E-04 
3.529E+04   2.478E+00  9.725E-04 
3.570E+04   2.458E+00  9.626E-04 
3.611E+04   2.438E+00  9.529E-04 
3.653E+04   2.418E+00  9.433E-04 
3.696E+04   2.398E+00  9.338E-04 
3.738E+04   2.378E+00  9.244E-04 
3.782E+04   2.359E+00  9.150E-04 
3.826E+04   2.340E+00  9.058E-04 
3.870E+04   2.321E+00  8.967E-04 
3.915E+04   2.302E+00  8.876E-04 
3.960E+04   2.283E+00  8.786E-04 
4.006E+04   2.264E+00  8.697E-04 
4.053E+04   2.246E+00  8.610E-04 
4.100E+04   2.227E+00  8.523E-04 
4.147E+04   2.209E+00  8.436E-04 
4.195E+04   2.191E+00  8.351E-04 
4.244E+04   2.173E+00  8.267E-04 
4.293E+04   2.155E+00  8.183E-04 
4.343E+04   2.138E+00  8.100E-04 
4.394E+04   2.120E+00  8.018E-04 
4.444E+04   2.103E+00  7.937E-04 
4.496E+04   2.085E+00  7.857E-04 
4.548E+04   2.068E+00  7.777E-04 
4.601E+04   2.051E+00  7.698E-04 
4.654E+04   2.035E+00  7.620E-04 
4.708E+04   2.018E+00  7.543E-04 
4.763E+04   2.002E+00  7.467E-04 
4.818E+04   1.985E+00  7.391E-04 
4.874E+04   1.969E+00  7.316E-04 
4.931E+04   1.953E+00  7.242E-04 
4.988E+04   1.937E+00  7.169E-04 
5.046E+04   1.921E+00  7.096E-04 
5.104E+04   1.905E+00  7.024E-04 
5.163E+04   1.890E+00  6.953E-04 
5.223E+04   1.874E+00  6.882E-04 
5.284E+04   1.859E+00  6.812E-04 
5.345E+04   1.844E+00  6.743E-04 
5.407E+04   1.829E+00  6.675E-04 
5.470E+04   1.814E+00  6.607E-04 
5.533E+04   1.799E+00  6.540E-04 
5.597E+04   1.784E+00  6.473E-04 
5.662E+04   1.770E+00  6.408E-04 
5.728E+04   1.755E+00  6.342E-04 
5.794E+04   1.741E+00  6.278E-04 
5.862E+04   1.727E+00  6.214E-04 
5.930E+04   1.713E+00  6.151E-04 
5.998E+04   1.699E+00  6.088E-04 
6.068E+04   1.685E+00  6.027E-04 
6.138E+04   1.671E+00  5.965E-04 
6.210E+04   1.658E+00  5.905E-04 
6.282E+04   1.644E+00  5.844E-04 
6.354E+04   1.631E+00  5.785E-04 
6.428E+04   1.617E+00  5.726E-04 
6.503E+04   1.604E+00  5.668E-04 
6.578E+04   1.591E+00  5.610E-04 
6.654E+04   1.578E+00  5.553E-04 
6.732E+04   1.566E+00  5.496E-04 
6.810E+04   1.553E+00  5.440E-04 
6.889E+04   1.540E+00  5.385E-04 
6.969E+04   1.528E+00  5.330E-04 
7.049E+04   1.515E+00  5.276E-04 
7.131E+04   1.503E+00  5.222E-04 
7.214E+04   1.491E+00  5.169E-04 
7.298E+04   1.479E+00  5.116E-04 
7.382E+04   1.467E+00  5.064E-04 
7.468E+04   1.455E+00  5.012E-04 
7.555E+04   1.444E+00  4.961E-04 
7.642E+04   1.432E+00  4.911E-04 
7.731E+04   1.420E+00  4.860E-04 
7.820E+04   1.409E+00  4.811E-04 
7.911E+04   1.398E+00  4.762E-04 
8.003E+04   1.386E+00  4.713E-04 
8.096E+04   1.375E+00  4.665E-04 
8.190E+04   1.364E+00  4.617E-04 
8.285E+04   1.353E+00  4.570E-04 
8.381E+04   1.343E+00  4.524E-04 
8.478E+04   1.332E+00  4.477E-04 
8.576E+04   1.321E+00  4.432E-04 
8.676E+04   1.311E+00  4.386E-04 
8.776E+04   1.300E+00  4.341E-04 
8.878E+04   1.290E+00  4.297E-04 
8.981E+04   1.280E+00  4.253E-04 
9.085E+04   1.269E+00  4.210E-04 
9.191E+04   1.259E+00  4.167E-04 
9.297E+04   1.249E+00  4.124E-04 
9.405E+04   1.240E+00  4.082E-04 
9.514E+04   1.230E+00  4.040E-04 
9.625E+04   1.220E+00  3.999E-04 
9.736E+04   1.210E+00  3.958E-04 
9.849E+04   1.201E+00  3.917E-04 
9.963E+04   1.191E+00  3.877E-04 
1.008E+05   1.182E+00  3.837E-04 
