Ion = Helium      . Mass = 4.0026
Tgt = Pa (Solid). Density = 15.37 g/cm3
Stopping Units =  eV/(1E15 atoms/cm2)
Energy(keV)  S(Elec)    S(Nuc)
1.000E+00   6.886E+00  1.685E+00 
1.013E+00   6.930E+00  1.689E+00 
1.026E+00   6.975E+00  1.694E+00 
1.039E+00   7.020E+00  1.699E+00 
1.053E+00   7.066E+00  1.704E+00 
1.067E+00   7.112E+00  1.708E+00 
1.081E+00   7.158E+00  1.713E+00 
1.095E+00   7.204E+00  1.718E+00 
1.109E+00   7.251E+00  1.722E+00 
1.123E+00   7.298E+00  1.727E+00 
1.138E+00   7.345E+00  1.732E+00 
1.153E+00   7.392E+00  1.736E+00 
1.168E+00   7.440E+00  1.741E+00 
1.183E+00   7.489E+00  1.746E+00 
1.198E+00   7.537E+00  1.750E+00 
1.214E+00   7.586E+00  1.755E+00 
1.229E+00   7.635E+00  1.759E+00 
1.245E+00   7.684E+00  1.764E+00 
1.262E+00   7.734E+00  1.768E+00 
1.278E+00   7.784E+00  1.773E+00 
1.295E+00   7.835E+00  1.777E+00 
1.311E+00   7.885E+00  1.781E+00 
1.329E+00   7.937E+00  1.786E+00 
1.346E+00   7.988E+00  1.790E+00 
1.363E+00   8.040E+00  1.795E+00 
1.381E+00   8.092E+00  1.799E+00 
1.399E+00   8.144E+00  1.803E+00 
1.417E+00   8.197E+00  1.807E+00 
1.436E+00   8.250E+00  1.812E+00 
1.454E+00   8.303E+00  1.816E+00 
1.473E+00   8.357E+00  1.820E+00 
1.492E+00   8.411E+00  1.824E+00 
1.512E+00   8.466E+00  1.828E+00 
1.531E+00   8.521E+00  1.833E+00 
1.551E+00   8.576E+00  1.837E+00 
1.571E+00   8.631E+00  1.841E+00 
1.592E+00   8.687E+00  1.845E+00 
1.612E+00   8.744E+00  1.849E+00 
1.633E+00   8.800E+00  1.853E+00 
1.655E+00   8.857E+00  1.857E+00 
1.676E+00   8.915E+00  1.861E+00 
1.698E+00   8.972E+00  1.865E+00 
1.720E+00   9.030E+00  1.869E+00 
1.742E+00   9.089E+00  1.873E+00 
1.765E+00   9.148E+00  1.876E+00 
1.788E+00   9.207E+00  1.880E+00 
1.811E+00   9.267E+00  1.884E+00 
1.835E+00   9.327E+00  1.888E+00 
1.859E+00   9.387E+00  1.892E+00 
1.883E+00   9.448E+00  1.895E+00 
1.907E+00   9.509E+00  1.899E+00 
1.932E+00   9.571E+00  1.903E+00 
1.957E+00   9.633E+00  1.906E+00 
1.983E+00   9.695E+00  1.910E+00 
2.008E+00   9.758E+00  1.913E+00 
2.034E+00   9.821E+00  1.917E+00 
2.061E+00   9.885E+00  1.920E+00 
2.088E+00   9.949E+00  1.924E+00 
2.115E+00   1.001E+01  1.927E+00 
2.142E+00   1.008E+01  1.931E+00 
2.170E+00   1.014E+01  1.934E+00 
2.198E+00   1.021E+01  1.938E+00 
2.227E+00   1.028E+01  1.941E+00 
2.256E+00   1.034E+01  1.944E+00 
2.285E+00   1.041E+01  1.947E+00 
2.315E+00   1.048E+01  1.951E+00 
2.345E+00   1.054E+01  1.954E+00 
2.375E+00   1.061E+01  1.957E+00 
2.406E+00   1.068E+01  1.960E+00 
2.438E+00   1.075E+01  1.963E+00 
2.469E+00   1.082E+01  1.966E+00 
2.501E+00   1.089E+01  1.969E+00 
2.534E+00   1.096E+01  1.973E+00 
2.567E+00   1.103E+01  1.975E+00 
2.600E+00   1.110E+01  1.978E+00 
2.634E+00   1.117E+01  1.981E+00 
2.668E+00   1.125E+01  1.984E+00 
2.703E+00   1.132E+01  1.987E+00 
2.738E+00   1.139E+01  1.990E+00 
2.773E+00   1.147E+01  1.993E+00 
2.810E+00   1.154E+01  1.995E+00 
2.846E+00   1.162E+01  1.998E+00 
2.883E+00   1.169E+01  2.001E+00 
2.921E+00   1.177E+01  2.003E+00 
2.958E+00   1.184E+01  2.006E+00 
2.997E+00   1.192E+01  2.009E+00 
3.036E+00   1.200E+01  2.011E+00 
3.075E+00   1.208E+01  2.014E+00 
3.115E+00   1.215E+01  2.016E+00 
3.156E+00   1.223E+01  2.019E+00 
3.197E+00   1.231E+01  2.021E+00 
3.238E+00   1.239E+01  2.023E+00 
3.280E+00   1.247E+01  2.026E+00 
3.323E+00   1.255E+01  2.028E+00 
3.366E+00   1.263E+01  2.030E+00 
3.410E+00   1.272E+01  2.032E+00 
3.454E+00   1.280E+01  2.035E+00 
3.499E+00   1.288E+01  2.037E+00 
3.545E+00   1.296E+01  2.039E+00 
3.591E+00   1.305E+01  2.041E+00 
3.637E+00   1.313E+01  2.043E+00 
3.685E+00   1.322E+01  2.045E+00 
3.733E+00   1.330E+01  2.047E+00 
3.781E+00   1.339E+01  2.049E+00 
3.830E+00   1.348E+01  2.050E+00 
3.880E+00   1.356E+01  2.052E+00 
3.930E+00   1.365E+01  2.054E+00 
3.982E+00   1.374E+01  2.056E+00 
4.033E+00   1.383E+01  2.057E+00 
4.086E+00   1.392E+01  2.059E+00 
4.139E+00   1.401E+01  2.061E+00 
4.193E+00   1.410E+01  2.062E+00 
4.247E+00   1.419E+01  2.064E+00 
4.302E+00   1.428E+01  2.065E+00 
4.358E+00   1.437E+01  2.067E+00 
4.415E+00   1.447E+01  2.068E+00 
4.472E+00   1.456E+01  2.070E+00 
4.530E+00   1.466E+01  2.071E+00 
4.589E+00   1.475E+01  2.072E+00 
4.649E+00   1.485E+01  2.073E+00 
4.709E+00   1.494E+01  2.075E+00 
4.770E+00   1.504E+01  2.076E+00 
4.832E+00   1.514E+01  2.077E+00 
4.895E+00   1.523E+01  2.078E+00 
4.959E+00   1.533E+01  2.079E+00 
5.023E+00   1.543E+01  2.080E+00 
5.089E+00   1.553E+01  2.081E+00 
5.155E+00   1.563E+01  2.082E+00 
5.222E+00   1.573E+01  2.083E+00 
5.290E+00   1.584E+01  2.083E+00 
5.358E+00   1.594E+01  2.084E+00 
5.428E+00   1.604E+01  2.085E+00 
5.499E+00   1.615E+01  2.086E+00 
5.570E+00   1.625E+01  2.086E+00 
5.642E+00   1.636E+01  2.087E+00 
5.716E+00   1.646E+01  2.087E+00 
5.790E+00   1.657E+01  2.088E+00 
5.865E+00   1.668E+01  2.088E+00 
5.942E+00   1.678E+01  2.089E+00 
6.019E+00   1.689E+01  2.089E+00 
6.097E+00   1.700E+01  2.089E+00 
6.176E+00   1.711E+01  2.089E+00 
6.256E+00   1.722E+01  2.090E+00 
6.338E+00   1.733E+01  2.090E+00 
6.420E+00   1.745E+01  2.090E+00 
6.504E+00   1.756E+01  2.090E+00 
6.588E+00   1.767E+01  2.090E+00 
6.674E+00   1.779E+01  2.090E+00 
6.760E+00   1.790E+01  2.090E+00 
6.848E+00   1.802E+01  2.090E+00 
6.937E+00   1.814E+01  2.089E+00 
7.027E+00   1.825E+01  2.089E+00 
7.119E+00   1.837E+01  2.089E+00 
7.211E+00   1.849E+01  2.089E+00 
7.305E+00   1.861E+01  2.088E+00 
7.400E+00   1.873E+01  2.088E+00 
7.496E+00   1.885E+01  2.087E+00 
7.594E+00   1.897E+01  2.087E+00 
7.692E+00   1.910E+01  2.086E+00 
7.792E+00   1.922E+01  2.086E+00 
7.894E+00   1.935E+01  2.085E+00 
7.996E+00   1.947E+01  2.084E+00 
8.100E+00   1.960E+01  2.083E+00 
8.205E+00   1.973E+01  2.083E+00 
8.312E+00   1.986E+01  2.082E+00 
8.420E+00   2.000E+01  2.081E+00 
8.529E+00   2.013E+01  2.080E+00 
8.640E+00   2.027E+01  2.079E+00 
8.753E+00   2.040E+01  2.078E+00 
8.866E+00   2.054E+01  2.077E+00 
8.982E+00   2.068E+01  2.075E+00 
9.098E+00   2.082E+01  2.074E+00 
9.217E+00   2.096E+01  2.073E+00 
9.336E+00   2.110E+01  2.072E+00 
9.458E+00   2.124E+01  2.070E+00 
9.581E+00   2.138E+01  2.069E+00 
9.705E+00   2.153E+01  2.067E+00 
9.831E+00   2.167E+01  2.066E+00 
9.959E+00   2.182E+01  2.064E+00 
1.009E+01   2.196E+01  2.062E+00 
1.022E+01   2.211E+01  2.061E+00 
1.035E+01   2.226E+01  2.059E+00 
1.049E+01   2.241E+01  2.057E+00 
1.062E+01   2.256E+01  2.055E+00 
1.076E+01   2.271E+01  2.053E+00 
1.090E+01   2.287E+01  2.052E+00 
1.104E+01   2.302E+01  2.049E+00 
1.119E+01   2.318E+01  2.047E+00 
1.133E+01   2.333E+01  2.045E+00 
1.148E+01   2.349E+01  2.043E+00 
1.163E+01   2.365E+01  2.041E+00 
1.178E+01   2.381E+01  2.039E+00 
1.193E+01   2.397E+01  2.036E+00 
1.209E+01   2.414E+01  2.034E+00 
1.224E+01   2.430E+01  2.032E+00 
1.240E+01   2.446E+01  2.029E+00 
1.256E+01   2.463E+01  2.027E+00 
1.273E+01   2.480E+01  2.024E+00 
1.289E+01   2.497E+01  2.021E+00 
1.306E+01   2.514E+01  2.019E+00 
1.323E+01   2.531E+01  2.016E+00 
1.340E+01   2.548E+01  2.013E+00 
1.358E+01   2.565E+01  2.010E+00 
1.375E+01   2.583E+01  2.007E+00 
1.393E+01   2.600E+01  2.004E+00 
1.411E+01   2.618E+01  2.001E+00 
1.430E+01   2.636E+01  1.998E+00 
1.448E+01   2.654E+01  1.995E+00 
1.467E+01   2.672E+01  1.992E+00 
1.486E+01   2.690E+01  1.989E+00 
1.505E+01   2.709E+01  1.986E+00 
1.525E+01   2.727E+01  1.982E+00 
1.545E+01   2.746E+01  1.979E+00 
1.565E+01   2.765E+01  1.975E+00 
1.585E+01   2.784E+01  1.972E+00 
1.606E+01   2.803E+01  1.969E+00 
1.627E+01   2.822E+01  1.965E+00 
1.648E+01   2.842E+01  1.961E+00 
1.669E+01   2.861E+01  1.958E+00 
1.691E+01   2.881E+01  1.954E+00 
1.713E+01   2.901E+01  1.950E+00 
1.735E+01   2.921E+01  1.946E+00 
1.758E+01   2.941E+01  1.942E+00 
1.781E+01   2.961E+01  1.939E+00 
1.804E+01   2.981E+01  1.935E+00 
1.827E+01   3.002E+01  1.931E+00 
1.851E+01   3.023E+01  1.927E+00 
1.875E+01   3.044E+01  1.922E+00 
1.899E+01   3.065E+01  1.918E+00 
1.924E+01   3.086E+01  1.914E+00 
1.949E+01   3.107E+01  1.910E+00 
1.974E+01   3.129E+01  1.905E+00 
2.000E+01   3.150E+01  1.901E+00 
2.026E+01   3.172E+01  1.897E+00 
2.052E+01   3.194E+01  1.892E+00 
2.079E+01   3.217E+01  1.888E+00 
2.106E+01   3.239E+01  1.883E+00 
2.133E+01   3.261E+01  1.879E+00 
2.161E+01   3.284E+01  1.874E+00 
2.189E+01   3.307E+01  1.869E+00 
2.218E+01   3.330E+01  1.865E+00 
2.247E+01   3.353E+01  1.860E+00 
2.276E+01   3.377E+01  1.855E+00 
2.305E+01   3.400E+01  1.850E+00 
2.335E+01   3.424E+01  1.845E+00 
2.366E+01   3.448E+01  1.840E+00 
2.396E+01   3.472E+01  1.835E+00 
2.428E+01   3.496E+01  1.830E+00 
2.459E+01   3.521E+01  1.825E+00 
2.491E+01   3.546E+01  1.820E+00 
2.523E+01   3.570E+01  1.815E+00 
2.556E+01   3.596E+01  1.810E+00 
2.589E+01   3.621E+01  1.805E+00 
2.623E+01   3.646E+01  1.799E+00 
2.657E+01   3.672E+01  1.794E+00 
2.692E+01   3.698E+01  1.789E+00 
2.727E+01   3.724E+01  1.783E+00 
2.762E+01   3.750E+01  1.778E+00 
2.798E+01   3.776E+01  1.772E+00 
2.834E+01   3.803E+01  1.767E+00 
2.871E+01   3.830E+01  1.761E+00 
2.909E+01   3.857E+01  1.756E+00 
2.946E+01   3.884E+01  1.750E+00 
2.985E+01   3.912E+01  1.744E+00 
3.023E+01   3.940E+01  1.739E+00 
3.063E+01   3.967E+01  1.733E+00 
3.103E+01   3.996E+01  1.727E+00 
3.143E+01   4.024E+01  1.721E+00 
3.184E+01   4.053E+01  1.715E+00 
3.225E+01   4.081E+01  1.710E+00 
3.267E+01   4.110E+01  1.704E+00 
3.309E+01   4.140E+01  1.698E+00 
3.352E+01   4.169E+01  1.692E+00 
3.396E+01   4.199E+01  1.686E+00 
3.440E+01   4.229E+01  1.680E+00 
3.485E+01   4.259E+01  1.674E+00 
3.530E+01   4.289E+01  1.667E+00 
3.576E+01   4.320E+01  1.661E+00 
3.623E+01   4.351E+01  1.655E+00 
3.670E+01   4.382E+01  1.649E+00 
3.717E+01   4.413E+01  1.643E+00 
3.766E+01   4.445E+01  1.637E+00 
3.815E+01   4.477E+01  1.630E+00 
3.864E+01   4.509E+01  1.624E+00 
3.914E+01   4.542E+01  1.618E+00 
3.965E+01   4.574E+01  1.611E+00 
4.017E+01   4.607E+01  1.605E+00 
4.069E+01   4.640E+01  1.598E+00 
4.122E+01   4.674E+01  1.592E+00 
4.175E+01   4.707E+01  1.586E+00 
4.230E+01   4.741E+01  1.579E+00 
4.285E+01   4.775E+01  1.573E+00 
4.340E+01   4.810E+01  1.566E+00 
4.397E+01   4.845E+01  1.560E+00 
4.454E+01   4.880E+01  1.553E+00 
4.512E+01   4.915E+01  1.546E+00 
4.570E+01   4.950E+01  1.540E+00 
4.630E+01   4.986E+01  1.533E+00 
4.690E+01   5.022E+01  1.526E+00 
4.751E+01   5.059E+01  1.520E+00 
4.813E+01   5.095E+01  1.513E+00 
4.875E+01   5.132E+01  1.506E+00 
4.939E+01   5.170E+01  1.500E+00 
5.003E+01   5.207E+01  1.493E+00 
5.068E+01   5.245E+01  1.486E+00 
5.134E+01   5.283E+01  1.479E+00 
5.200E+01   5.322E+01  1.473E+00 
5.268E+01   5.360E+01  1.466E+00 
5.336E+01   5.399E+01  1.459E+00 
5.406E+01   5.439E+01  1.452E+00 
5.476E+01   5.478E+01  1.445E+00 
5.547E+01   5.518E+01  1.439E+00 
5.619E+01   5.559E+01  1.432E+00 
5.692E+01   5.599E+01  1.425E+00 
5.766E+01   5.640E+01  1.418E+00 
5.841E+01   5.681E+01  1.411E+00 
5.917E+01   5.723E+01  1.404E+00 
5.994E+01   5.764E+01  1.397E+00 
6.072E+01   5.807E+01  1.390E+00 
6.151E+01   5.849E+01  1.383E+00 
6.231E+01   5.892E+01  1.376E+00 
6.312E+01   5.935E+01  1.370E+00 
6.394E+01   5.978E+01  1.363E+00 
6.477E+01   6.022E+01  1.356E+00 
6.561E+01   6.066E+01  1.349E+00 
6.646E+01   6.111E+01  1.342E+00 
6.733E+01   6.156E+01  1.335E+00 
6.820E+01   6.201E+01  1.328E+00 
6.909E+01   6.246E+01  1.321E+00 
6.999E+01   6.292E+01  1.314E+00 
7.090E+01   6.338E+01  1.307E+00 
7.182E+01   6.385E+01  1.300E+00 
7.275E+01   6.432E+01  1.293E+00 
7.370E+01   6.479E+01  1.286E+00 
7.465E+01   6.526E+01  1.279E+00 
7.562E+01   6.574E+01  1.272E+00 
7.661E+01   6.622E+01  1.265E+00 
7.760E+01   6.671E+01  1.258E+00 
7.861E+01   6.720E+01  1.251E+00 
7.963E+01   6.769E+01  1.244E+00 
8.067E+01   6.819E+01  1.237E+00 
8.172E+01   6.869E+01  1.230E+00 
8.278E+01   6.920E+01  1.223E+00 
8.385E+01   6.970E+01  1.216E+00 
8.494E+01   7.021E+01  1.209E+00 
8.605E+01   7.073E+01  1.203E+00 
8.717E+01   7.125E+01  1.196E+00 
8.830E+01   7.177E+01  1.189E+00 
8.945E+01   7.230E+01  1.182E+00 
9.061E+01   7.283E+01  1.175E+00 
9.179E+01   7.336E+01  1.168E+00 
9.298E+01   7.390E+01  1.161E+00 
9.419E+01   7.444E+01  1.154E+00 
9.541E+01   7.499E+01  1.147E+00 
9.665E+01   7.554E+01  1.140E+00 
9.791E+01   7.609E+01  1.134E+00 
9.918E+01   7.664E+01  1.127E+00 
1.005E+02   7.721E+01  1.120E+00 
1.018E+02   7.777E+01  1.113E+00 
1.031E+02   7.834E+01  1.106E+00 
1.044E+02   7.891E+01  1.099E+00 
1.058E+02   7.949E+01  1.093E+00 
1.072E+02   8.007E+01  1.086E+00 
1.086E+02   8.065E+01  1.079E+00 
1.100E+02   8.124E+01  1.072E+00 
1.114E+02   8.183E+01  1.066E+00 
1.129E+02   8.242E+01  1.059E+00 
1.143E+02   8.302E+01  1.052E+00 
1.158E+02   8.362E+01  1.046E+00 
1.173E+02   8.423E+01  1.039E+00 
1.188E+02   8.484E+01  1.032E+00 
1.204E+02   8.546E+01  1.026E+00 
1.219E+02   8.608E+01  1.019E+00 
1.235E+02   8.670E+01  1.012E+00 
1.251E+02   8.732E+01  1.006E+00 
1.268E+02   8.795E+01  9.992E-01 
1.284E+02   8.859E+01  9.926E-01 
1.301E+02   8.922E+01  9.861E-01 
1.318E+02   8.987E+01  9.796E-01 
1.335E+02   9.051E+01  9.731E-01 
1.352E+02   9.116E+01  9.666E-01 
1.370E+02   9.181E+01  9.601E-01 
1.388E+02   9.247E+01  9.537E-01 
1.406E+02   9.313E+01  9.473E-01 
1.424E+02   9.379E+01  9.409E-01 
1.442E+02   9.446E+01  9.345E-01 
1.461E+02   9.513E+01  9.281E-01 
1.480E+02   9.581E+01  9.218E-01 
1.499E+02   9.648E+01  9.155E-01 
1.519E+02   9.717E+01  9.092E-01 
1.539E+02   9.785E+01  9.029E-01 
1.559E+02   9.854E+01  8.966E-01 
1.579E+02   9.923E+01  8.904E-01 
1.599E+02   9.993E+01  8.842E-01 
1.620E+02   1.006E+02  8.780E-01 
1.641E+02   1.013E+02  8.719E-01 
1.662E+02   1.020E+02  8.657E-01 
1.684E+02   1.027E+02  8.596E-01 
1.706E+02   1.035E+02  8.535E-01 
1.728E+02   1.042E+02  8.474E-01 
1.751E+02   1.049E+02  8.414E-01 
1.773E+02   1.056E+02  8.354E-01 
1.796E+02   1.063E+02  8.294E-01 
1.820E+02   1.071E+02  8.234E-01 
1.843E+02   1.078E+02  8.175E-01 
1.867E+02   1.085E+02  8.115E-01 
1.892E+02   1.093E+02  8.057E-01 
1.916E+02   1.100E+02  7.998E-01 
1.941E+02   1.107E+02  7.939E-01 
1.966E+02   1.115E+02  7.881E-01 
1.992E+02   1.122E+02  7.823E-01 
2.018E+02   1.130E+02  7.766E-01 
2.044E+02   1.137E+02  7.708E-01 
2.071E+02   1.145E+02  7.651E-01 
2.097E+02   1.152E+02  7.594E-01 
2.125E+02   1.160E+02  7.537E-01 
2.152E+02   1.167E+02  7.481E-01 
2.180E+02   1.175E+02  7.425E-01 
2.209E+02   1.183E+02  7.369E-01 
2.237E+02   1.190E+02  7.313E-01 
2.266E+02   1.198E+02  7.258E-01 
2.296E+02   1.205E+02  7.203E-01 
2.326E+02   1.213E+02  7.148E-01 
2.356E+02   1.221E+02  7.094E-01 
2.387E+02   1.228E+02  7.040E-01 
2.418E+02   1.236E+02  6.986E-01 
2.449E+02   1.244E+02  6.932E-01 
2.481E+02   1.251E+02  6.879E-01 
2.513E+02   1.259E+02  6.825E-01 
2.546E+02   1.267E+02  6.773E-01 
2.579E+02   1.274E+02  6.720E-01 
2.612E+02   1.282E+02  6.668E-01 
2.646E+02   1.289E+02  6.616E-01 
2.681E+02   1.297E+02  6.564E-01 
2.716E+02   1.305E+02  6.512E-01 
2.751E+02   1.312E+02  6.461E-01 
2.787E+02   1.320E+02  6.410E-01 
2.823E+02   1.328E+02  6.360E-01 
2.859E+02   1.335E+02  6.309E-01 
2.897E+02   1.343E+02  6.259E-01 
2.934E+02   1.350E+02  6.210E-01 
2.972E+02   1.358E+02  6.160E-01 
3.011E+02   1.365E+02  6.111E-01 
3.050E+02   1.373E+02  6.062E-01 
3.090E+02   1.380E+02  6.013E-01 
3.130E+02   1.387E+02  5.965E-01 
3.171E+02   1.395E+02  5.917E-01 
3.212E+02   1.402E+02  5.869E-01 
3.254E+02   1.409E+02  5.821E-01 
3.296E+02   1.416E+02  5.774E-01 
3.339E+02   1.424E+02  5.727E-01 
3.382E+02   1.431E+02  5.680E-01 
3.426E+02   1.438E+02  5.634E-01 
3.471E+02   1.445E+02  5.588E-01 
3.516E+02   1.452E+02  5.542E-01 
3.561E+02   1.459E+02  5.497E-01 
3.608E+02   1.466E+02  5.451E-01 
3.655E+02   1.472E+02  5.406E-01 
3.702E+02   1.479E+02  5.362E-01 
3.750E+02   1.486E+02  5.317E-01 
3.799E+02   1.492E+02  5.273E-01 
3.848E+02   1.499E+02  5.229E-01 
3.898E+02   1.505E+02  5.185E-01 
3.949E+02   1.512E+02  5.142E-01 
4.000E+02   1.518E+02  5.099E-01 
4.052E+02   1.524E+02  5.056E-01 
4.105E+02   1.530E+02  5.014E-01 
4.158E+02   1.536E+02  4.972E-01 
4.212E+02   1.542E+02  4.930E-01 
4.267E+02   1.548E+02  4.888E-01 
4.323E+02   1.554E+02  4.847E-01 
4.379E+02   1.559E+02  4.805E-01 
4.436E+02   1.565E+02  4.765E-01 
4.493E+02   1.570E+02  4.724E-01 
4.552E+02   1.576E+02  4.684E-01 
4.611E+02   1.581E+02  4.644E-01 
4.671E+02   1.586E+02  4.604E-01 
4.731E+02   1.591E+02  4.564E-01 
4.793E+02   1.596E+02  4.525E-01 
4.855E+02   1.601E+02  4.486E-01 
4.918E+02   1.606E+02  4.448E-01 
4.982E+02   1.610E+02  4.409E-01 
5.047E+02   1.615E+02  4.371E-01 
5.113E+02   1.619E+02  4.333E-01 
5.179E+02   1.623E+02  4.295E-01 
5.246E+02   1.627E+02  4.258E-01 
5.315E+02   1.631E+02  4.221E-01 
5.384E+02   1.635E+02  4.184E-01 
5.454E+02   1.639E+02  4.148E-01 
5.524E+02   1.642E+02  4.111E-01 
5.596E+02   1.646E+02  4.075E-01 
5.669E+02   1.649E+02  4.039E-01 
5.743E+02   1.652E+02  4.004E-01 
5.817E+02   1.655E+02  3.969E-01 
5.893E+02   1.658E+02  3.934E-01 
5.969E+02   1.661E+02  3.899E-01 
6.047E+02   1.663E+02  3.864E-01 
6.126E+02   1.665E+02  3.830E-01 
6.205E+02   1.668E+02  3.796E-01 
6.286E+02   1.670E+02  3.762E-01 
6.368E+02   1.672E+02  3.729E-01 
6.450E+02   1.674E+02  3.695E-01 
6.534E+02   1.675E+02  3.662E-01 
6.619E+02   1.677E+02  3.630E-01 
6.705E+02   1.678E+02  3.597E-01 
6.792E+02   1.679E+02  3.565E-01 
6.881E+02   1.680E+02  3.699E-01 
6.970E+02   1.681E+02  3.666E-01 
7.061E+02   1.682E+02  3.632E-01 
7.152E+02   1.683E+02  3.599E-01 
7.245E+02   1.683E+02  3.566E-01 
7.339E+02   1.684E+02  3.534E-01 
7.435E+02   1.684E+02  3.501E-01 
7.531E+02   1.684E+02  3.469E-01 
7.629E+02   1.684E+02  3.437E-01 
7.728E+02   1.683E+02  3.406E-01 
7.829E+02   1.683E+02  3.374E-01 
7.931E+02   1.682E+02  3.343E-01 
8.034E+02   1.681E+02  3.312E-01 
8.138E+02   1.680E+02  3.282E-01 
8.244E+02   1.679E+02  3.251E-01 
8.351E+02   1.678E+02  3.221E-01 
8.460E+02   1.677E+02  3.191E-01 
8.570E+02   1.675E+02  3.162E-01 
8.681E+02   1.674E+02  3.132E-01 
8.794E+02   1.672E+02  3.103E-01 
8.908E+02   1.670E+02  3.074E-01 
9.024E+02   1.668E+02  3.045E-01 
9.141E+02   1.666E+02  3.017E-01 
9.260E+02   1.663E+02  2.988E-01 
9.380E+02   1.661E+02  2.960E-01 
9.502E+02   1.658E+02  2.932E-01 
9.626E+02   1.656E+02  2.905E-01 
9.751E+02   1.653E+02  2.877E-01 
9.877E+02   1.650E+02  2.850E-01 
1.001E+03   1.646E+02  2.823E-01 
1.014E+03   1.643E+02  2.797E-01 
1.027E+03   1.640E+02  2.770E-01 
1.040E+03   1.636E+02  2.744E-01 
1.054E+03   1.633E+02  2.718E-01 
1.067E+03   1.629E+02  2.692E-01 
1.081E+03   1.625E+02  2.666E-01 
1.095E+03   1.621E+02  2.641E-01 
1.109E+03   1.617E+02  2.616E-01 
1.124E+03   1.613E+02  2.591E-01 
1.138E+03   1.608E+02  2.566E-01 
1.153E+03   1.604E+02  2.541E-01 
1.168E+03   1.599E+02  2.517E-01 
1.183E+03   1.595E+02  2.493E-01 
1.199E+03   1.590E+02  2.469E-01 
1.214E+03   1.585E+02  2.445E-01 
1.230E+03   1.580E+02  2.422E-01 
1.246E+03   1.575E+02  2.398E-01 
1.262E+03   1.570E+02  2.375E-01 
1.279E+03   1.565E+02  2.352E-01 
1.295E+03   1.559E+02  2.330E-01 
1.312E+03   1.554E+02  2.307E-01 
1.329E+03   1.549E+02  2.285E-01 
1.347E+03   1.543E+02  2.263E-01 
1.364E+03   1.537E+02  2.241E-01 
1.382E+03   1.532E+02  2.219E-01 
1.400E+03   1.526E+02  2.197E-01 
1.418E+03   1.520E+02  2.176E-01 
1.436E+03   1.514E+02  2.155E-01 
1.455E+03   1.508E+02  2.134E-01 
1.474E+03   1.502E+02  2.113E-01 
1.493E+03   1.496E+02  2.092E-01 
1.513E+03   1.490E+02  2.072E-01 
1.532E+03   1.483E+02  2.051E-01 
1.552E+03   1.477E+02  2.031E-01 
1.572E+03   1.471E+02  2.011E-01 
1.593E+03   1.464E+02  1.992E-01 
1.613E+03   1.458E+02  1.972E-01 
1.634E+03   1.451E+02  1.953E-01 
1.656E+03   1.445E+02  1.933E-01 
1.677E+03   1.438E+02  1.914E-01 
1.699E+03   1.432E+02  1.895E-01 
1.721E+03   1.425E+02  1.877E-01 
1.743E+03   1.418E+02  1.858E-01 
1.766E+03   1.411E+02  1.840E-01 
1.789E+03   1.405E+02  1.822E-01 
1.812E+03   1.398E+02  1.803E-01 
1.836E+03   1.391E+02  1.786E-01 
1.860E+03   1.384E+02  1.768E-01 
1.884E+03   1.377E+02  1.750E-01 
1.908E+03   1.370E+02  1.733E-01 
1.933E+03   1.363E+02  1.716E-01 
1.958E+03   1.356E+02  1.699E-01 
1.984E+03   1.349E+02  1.682E-01 
2.009E+03   1.342E+02  1.665E-01 
2.036E+03   1.335E+02  1.648E-01 
2.062E+03   1.328E+02  1.632E-01 
2.089E+03   1.321E+02  1.615E-01 
2.116E+03   1.314E+02  1.599E-01 
2.143E+03   1.307E+02  1.583E-01 
2.171E+03   1.300E+02  1.567E-01 
2.200E+03   1.292E+02  1.552E-01 
2.228E+03   1.285E+02  1.536E-01 
2.257E+03   1.278E+02  1.521E-01 
2.286E+03   1.271E+02  1.505E-01 
2.316E+03   1.264E+02  1.490E-01 
2.346E+03   1.257E+02  1.475E-01 
2.377E+03   1.249E+02  1.460E-01 
2.408E+03   1.242E+02  1.446E-01 
2.439E+03   1.235E+02  1.431E-01 
2.471E+03   1.228E+02  1.417E-01 
2.503E+03   1.221E+02  1.402E-01 
2.535E+03   1.214E+02  1.388E-01 
2.568E+03   1.207E+02  1.374E-01 
2.602E+03   1.199E+02  1.360E-01 
2.635E+03   1.192E+02  1.346E-01 
2.670E+03   1.185E+02  1.333E-01 
2.704E+03   1.178E+02  1.319E-01 
2.740E+03   1.171E+02  1.306E-01 
2.775E+03   1.164E+02  1.292E-01 
2.811E+03   1.157E+02  1.279E-01 
2.848E+03   1.150E+02  1.266E-01 
2.885E+03   1.143E+02  1.253E-01 
2.922E+03   1.136E+02  1.241E-01 
2.960E+03   1.129E+02  1.228E-01 
2.999E+03   1.122E+02  1.215E-01 
3.038E+03   1.115E+02  1.203E-01 
3.077E+03   1.108E+02  1.191E-01 
3.117E+03   1.101E+02  1.178E-01 
3.158E+03   1.094E+02  1.166E-01 
3.199E+03   1.087E+02  1.154E-01 
3.240E+03   1.080E+02  1.143E-01 
3.282E+03   1.073E+02  1.131E-01 
3.325E+03   1.066E+02  1.119E-01 
3.368E+03   1.060E+02  1.108E-01 
3.412E+03   1.053E+02  1.096E-01 
3.456E+03   1.046E+02  1.085E-01 
3.501E+03   1.039E+02  1.074E-01 
3.547E+03   1.033E+02  1.063E-01 
3.593E+03   1.026E+02  1.052E-01 
3.640E+03   1.019E+02  1.041E-01 
3.687E+03   1.013E+02  1.030E-01 
3.735E+03   1.006E+02  1.020E-01 
3.783E+03   9.994E+01  1.009E-01 
3.832E+03   9.928E+01  9.987E-02 
3.882E+03   9.863E+01  9.884E-02 
3.933E+03   9.798E+01  9.781E-02 
3.984E+03   9.733E+01  9.680E-02 
4.036E+03   9.669E+01  9.580E-02 
4.088E+03   9.604E+01  9.480E-02 
4.141E+03   9.540E+01  9.382E-02 
4.195E+03   9.477E+01  9.285E-02 
4.250E+03   9.413E+01  9.188E-02 
4.305E+03   9.350E+01  9.093E-02 
4.361E+03   9.287E+01  8.998E-02 
4.417E+03   9.225E+01  8.905E-02 
4.475E+03   9.162E+01  8.812E-02 
4.533E+03   9.101E+01  8.720E-02 
4.592E+03   9.039E+01  8.629E-02 
4.652E+03   8.978E+01  8.539E-02 
4.712E+03   8.917E+01  8.450E-02 
4.773E+03   8.856E+01  8.362E-02 
4.835E+03   8.795E+01  8.275E-02 
4.898E+03   8.735E+01  8.188E-02 
4.962E+03   8.676E+01  8.102E-02 
5.026E+03   8.616E+01  8.018E-02 
5.092E+03   8.557E+01  7.934E-02 
5.158E+03   8.498E+01  7.851E-02 
5.225E+03   8.440E+01  7.768E-02 
5.293E+03   8.381E+01  7.687E-02 
5.362E+03   8.324E+01  7.606E-02 
5.431E+03   8.266E+01  7.526E-02 
5.502E+03   8.209E+01  7.447E-02 
5.573E+03   8.152E+01  7.369E-02 
5.646E+03   8.095E+01  7.292E-02 
5.719E+03   8.039E+01  7.215E-02 
5.793E+03   7.983E+01  7.139E-02 
5.869E+03   7.927E+01  7.064E-02 
5.945E+03   7.872E+01  6.989E-02 
6.022E+03   7.817E+01  6.916E-02 
6.101E+03   7.762E+01  6.843E-02 
6.180E+03   7.708E+01  6.771E-02 
6.260E+03   7.654E+01  6.699E-02 
6.341E+03   7.600E+01  6.628E-02 
6.424E+03   7.547E+01  6.558E-02 
6.507E+03   7.494E+01  6.489E-02 
6.592E+03   7.441E+01  6.420E-02 
6.678E+03   7.388E+01  6.353E-02 
6.764E+03   7.336E+01  6.285E-02 
6.852E+03   7.284E+01  6.219E-02 
6.941E+03   7.233E+01  6.153E-02 
7.032E+03   7.182E+01  6.088E-02 
7.123E+03   7.131E+01  6.023E-02 
7.216E+03   7.080E+01  5.959E-02 
7.309E+03   7.030E+01  5.896E-02 
7.404E+03   6.980E+01  5.833E-02 
7.501E+03   6.930E+01  5.771E-02 
7.598E+03   6.881E+01  5.710E-02 
7.697E+03   6.832E+01  5.649E-02 
7.797E+03   6.783E+01  5.589E-02 
7.898E+03   6.735E+01  5.530E-02 
8.001E+03   6.687E+01  5.471E-02 
8.105E+03   6.649E+01  5.412E-02 
8.210E+03   6.611E+01  5.355E-02 
8.317E+03   6.573E+01  5.298E-02 
8.425E+03   6.534E+01  5.241E-02 
8.534E+03   6.494E+01  5.185E-02 
8.645E+03   6.454E+01  5.130E-02 
8.758E+03   6.414E+01  5.075E-02 
8.871E+03   6.373E+01  5.021E-02 
8.987E+03   6.332E+01  4.967E-02 
9.104E+03   6.290E+01  4.914E-02 
9.222E+03   6.247E+01  4.861E-02 
9.342E+03   6.204E+01  4.809E-02 
9.463E+03   6.160E+01  4.758E-02 
9.586E+03   6.116E+01  4.707E-02 
9.711E+03   6.074E+01  4.656E-02 
9.837E+03   6.033E+01  4.606E-02 
9.965E+03   5.992E+01  4.557E-02 
1.009E+04   5.952E+01  4.508E-02 
1.023E+04   5.911E+01  4.460E-02 
1.036E+04   5.871E+01  4.412E-02 
1.049E+04   5.830E+01  4.364E-02 
1.063E+04   5.790E+01  4.317E-02 
1.077E+04   5.750E+01  4.271E-02 
1.091E+04   5.710E+01  4.225E-02 
1.105E+04   5.671E+01  4.179E-02 
1.119E+04   5.632E+01  4.134E-02 
1.134E+04   5.592E+01  4.090E-02 
1.149E+04   5.553E+01  4.046E-02 
1.163E+04   5.514E+01  4.002E-02 
1.179E+04   5.476E+01  3.959E-02 
1.194E+04   5.437E+01  3.916E-02 
1.209E+04   5.399E+01  3.874E-02 
1.225E+04   5.361E+01  3.832E-02 
1.241E+04   5.323E+01  3.791E-02 
1.257E+04   5.285E+01  3.750E-02 
1.274E+04   5.248E+01  3.709E-02 
1.290E+04   5.210E+01  3.669E-02 
1.307E+04   5.173E+01  3.629E-02 
1.324E+04   5.136E+01  3.590E-02 
1.341E+04   5.099E+01  3.551E-02 
1.358E+04   5.062E+01  3.513E-02 
1.376E+04   5.026E+01  3.475E-02 
1.394E+04   4.990E+01  3.437E-02 
1.412E+04   4.953E+01  3.400E-02 
1.431E+04   4.918E+01  3.363E-02 
1.449E+04   4.882E+01  3.326E-02 
1.468E+04   4.846E+01  3.290E-02 
1.487E+04   4.811E+01  3.255E-02 
1.506E+04   4.776E+01  3.219E-02 
1.526E+04   4.741E+01  3.184E-02 
1.546E+04   4.706E+01  3.150E-02 
1.566E+04   4.671E+01  3.115E-02 
1.586E+04   4.637E+01  3.081E-02 
1.607E+04   4.603E+01  3.048E-02 
1.628E+04   4.568E+01  3.015E-02 
1.649E+04   4.535E+01  2.982E-02 
1.670E+04   4.501E+01  2.949E-02 
1.692E+04   4.467E+01  2.917E-02 
1.714E+04   4.434E+01  2.886E-02 
1.736E+04   4.401E+01  2.854E-02 
1.759E+04   4.368E+01  2.823E-02 
1.782E+04   4.335E+01  2.792E-02 
1.805E+04   4.302E+01  2.762E-02 
1.828E+04   4.270E+01  2.731E-02 
1.852E+04   4.238E+01  2.702E-02 
1.876E+04   4.206E+01  2.672E-02 
1.900E+04   4.174E+01  2.643E-02 
1.925E+04   4.142E+01  2.614E-02 
1.950E+04   4.111E+01  2.585E-02 
1.976E+04   4.079E+01  2.557E-02 
2.001E+04   4.048E+01  2.529E-02 
2.027E+04   4.017E+01  2.501E-02 
2.054E+04   3.986E+01  2.474E-02 
2.080E+04   3.956E+01  2.447E-02 
2.107E+04   3.925E+01  2.420E-02 
2.135E+04   3.895E+01  2.394E-02 
2.162E+04   3.865E+01  2.367E-02 
2.191E+04   3.835E+01  2.341E-02 
2.219E+04   3.805E+01  2.316E-02 
2.248E+04   3.776E+01  2.290E-02 
2.277E+04   3.746E+01  2.265E-02 
2.307E+04   3.717E+01  2.240E-02 
2.337E+04   3.688E+01  2.216E-02 
2.367E+04   3.659E+01  2.191E-02 
2.398E+04   3.631E+01  2.167E-02 
2.429E+04   3.602E+01  2.143E-02 
2.461E+04   3.574E+01  2.120E-02 
2.492E+04   3.546E+01  2.096E-02 
2.525E+04   3.518E+01  2.073E-02 
2.558E+04   3.490E+01  2.050E-02 
2.591E+04   3.462E+01  2.028E-02 
2.625E+04   3.435E+01  2.006E-02 
2.659E+04   3.407E+01  1.983E-02 
2.693E+04   3.380E+01  1.962E-02 
2.728E+04   3.353E+01  1.940E-02 
2.764E+04   3.327E+01  1.919E-02 
2.800E+04   3.300E+01  1.897E-02 
2.836E+04   3.274E+01  1.876E-02 
2.873E+04   3.247E+01  1.856E-02 
2.910E+04   3.221E+01  1.835E-02 
2.948E+04   3.195E+01  1.815E-02 
2.986E+04   3.169E+01  1.795E-02 
3.025E+04   3.144E+01  1.775E-02 
3.065E+04   3.118E+01  1.755E-02 
3.104E+04   3.093E+01  1.736E-02 
3.145E+04   3.068E+01  1.717E-02 
3.186E+04   3.043E+01  1.698E-02 
3.227E+04   3.018E+01  1.679E-02 
3.269E+04   2.994E+01  1.660E-02 
3.311E+04   2.969E+01  1.642E-02 
3.354E+04   2.945E+01  1.624E-02 
3.398E+04   2.921E+01  1.606E-02 
3.442E+04   2.897E+01  1.588E-02 
3.487E+04   2.873E+01  1.570E-02 
3.532E+04   2.849E+01  1.553E-02 
3.578E+04   2.826E+01  1.536E-02 
3.625E+04   2.803E+01  1.519E-02 
3.672E+04   2.779E+01  1.502E-02 
3.719E+04   2.756E+01  1.485E-02 
3.768E+04   2.734E+01  1.469E-02 
3.817E+04   2.711E+01  1.452E-02 
3.866E+04   2.688E+01  1.436E-02 
3.917E+04   2.666E+01  1.420E-02 
3.968E+04   2.644E+01  1.404E-02 
4.019E+04   2.622E+01  1.389E-02 
4.071E+04   2.600E+01  1.373E-02 
4.124E+04   2.578E+01  1.358E-02 
4.178E+04   2.556E+01  1.343E-02 
4.232E+04   2.535E+01  1.328E-02 
4.287E+04   2.514E+01  1.313E-02 
4.343E+04   2.492E+01  1.299E-02 
4.399E+04   2.471E+01  1.284E-02 
4.456E+04   2.451E+01  1.270E-02 
4.514E+04   2.430E+01  1.256E-02 
4.573E+04   2.409E+01  1.242E-02 
4.632E+04   2.389E+01  1.228E-02 
4.693E+04   2.369E+01  1.214E-02 
4.754E+04   2.348E+01  1.201E-02 
4.815E+04   2.328E+01  1.187E-02 
4.878E+04   2.309E+01  1.174E-02 
4.941E+04   2.289E+01  1.161E-02 
5.006E+04   2.269E+01  1.148E-02 
5.071E+04   2.250E+01  1.135E-02 
5.137E+04   2.231E+01  1.122E-02 
5.203E+04   2.212E+01  1.110E-02 
5.271E+04   2.193E+01  1.097E-02 
5.340E+04   2.174E+01  1.085E-02 
5.409E+04   2.155E+01  1.073E-02 
5.479E+04   2.137E+01  1.061E-02 
5.550E+04   2.118E+01  1.049E-02 
5.623E+04   2.100E+01  1.037E-02 
5.696E+04   2.082E+01  1.026E-02 
5.770E+04   2.064E+01  1.014E-02 
5.845E+04   2.046E+01  1.003E-02 
5.921E+04   2.028E+01  9.916E-03 
5.998E+04   2.010E+01  9.805E-03 
6.075E+04   1.993E+01  9.695E-03 
6.154E+04   1.976E+01  9.586E-03 
6.234E+04   1.958E+01  9.479E-03 
6.315E+04   1.941E+01  9.373E-03 
6.398E+04   1.924E+01  9.267E-03 
6.481E+04   1.908E+01  9.163E-03 
6.565E+04   1.891E+01  9.061E-03 
6.650E+04   1.874E+01  8.959E-03 
6.737E+04   1.858E+01  8.858E-03 
6.824E+04   1.842E+01  8.759E-03 
6.913E+04   1.826E+01  8.660E-03 
7.003E+04   1.809E+01  8.563E-03 
7.094E+04   1.794E+01  8.467E-03 
7.186E+04   1.778E+01  8.371E-03 
7.279E+04   1.762E+01  8.277E-03 
7.374E+04   1.747E+01  8.184E-03 
7.470E+04   1.731E+01  8.092E-03 
7.567E+04   1.716E+01  8.001E-03 
7.665E+04   1.701E+01  7.911E-03 
7.765E+04   1.686E+01  7.822E-03 
7.866E+04   1.671E+01  7.734E-03 
7.968E+04   1.656E+01  7.647E-03 
8.072E+04   1.641E+01  7.560E-03 
8.176E+04   1.627E+01  7.475E-03 
8.283E+04   1.612E+01  7.391E-03 
8.390E+04   1.598E+01  7.308E-03 
8.499E+04   1.584E+01  7.225E-03 
8.610E+04   1.569E+01  7.144E-03 
8.722E+04   1.555E+01  7.063E-03 
8.835E+04   1.542E+01  6.983E-03 
8.950E+04   1.528E+01  6.905E-03 
9.066E+04   1.514E+01  6.827E-03 
9.184E+04   1.501E+01  6.749E-03 
9.303E+04   1.487E+01  6.673E-03 
9.424E+04   1.474E+01  6.598E-03 
9.547E+04   1.461E+01  6.523E-03 
9.671E+04   1.448E+01  6.450E-03 
9.797E+04   1.435E+01  6.377E-03 
9.924E+04   1.422E+01  6.305E-03 
1.005E+05   1.409E+01  6.233E-03 
1.018E+05   1.396E+01  6.163E-03 
1.032E+05   1.384E+01  6.093E-03 
1.045E+05   1.371E+01  6.024E-03 
1.059E+05   1.359E+01  5.956E-03 
1.072E+05   1.347E+01  5.888E-03 
1.086E+05   1.334E+01  5.822E-03 
1.100E+05   1.322E+01  5.756E-03 
1.115E+05   1.310E+01  5.691E-03 
1.129E+05   1.299E+01  5.626E-03 
1.144E+05   1.287E+01  5.562E-03 
1.159E+05   1.275E+01  5.499E-03 
1.174E+05   1.264E+01  5.437E-03 
1.189E+05   1.252E+01  5.375E-03 
1.204E+05   1.241E+01  5.314E-03 
1.220E+05   1.230E+01  5.254E-03 
1.236E+05   1.219E+01  5.195E-03 
1.252E+05   1.208E+01  5.136E-03 
1.268E+05   1.197E+01  5.077E-03 
1.285E+05   1.186E+01  5.020E-03 
1.302E+05   1.175E+01  4.963E-03 
1.318E+05   1.164E+01  4.906E-03 
1.336E+05   1.154E+01  4.851E-03 
1.353E+05   1.143E+01  4.796E-03 
1.371E+05   1.133E+01  4.741E-03 
1.388E+05   1.123E+01  4.687E-03 
1.406E+05   1.112E+01  4.634E-03 
1.425E+05   1.102E+01  4.581E-03 
1.443E+05   1.092E+01  4.529E-03 
1.462E+05   1.082E+01  4.478E-03 
1.481E+05   1.072E+01  4.427E-03 
1.500E+05   1.063E+01  4.376E-03 
1.520E+05   1.053E+01  4.326E-03 
1.539E+05   1.043E+01  4.277E-03 
1.559E+05   1.034E+01  4.229E-03 
1.580E+05   1.024E+01  4.180E-03 
1.600E+05   1.015E+01  4.133E-03 
1.621E+05   1.006E+01  4.086E-03 
1.642E+05   9.966E+00  4.039E-03 
1.663E+05   9.875E+00  3.993E-03 
1.685E+05   9.785E+00  3.948E-03 
1.707E+05   9.696E+00  3.903E-03 
1.729E+05   9.608E+00  3.858E-03 
1.752E+05   9.520E+00  3.814E-03 
1.774E+05   9.433E+00  3.771E-03 
1.797E+05   9.347E+00  3.728E-03 
1.821E+05   9.262E+00  3.685E-03 
1.844E+05   9.178E+00  3.643E-03 
1.868E+05   9.094E+00  3.601E-03 
1.893E+05   9.011E+00  3.560E-03 
1.917E+05   8.929E+00  3.520E-03 
1.942E+05   8.848E+00  3.479E-03 
1.967E+05   8.767E+00  3.440E-03 
1.993E+05   8.687E+00  3.400E-03 
2.019E+05   8.608E+00  3.362E-03 
2.045E+05   8.529E+00  3.323E-03 
2.072E+05   8.452E+00  3.285E-03 
2.099E+05   8.375E+00  3.248E-03 
2.126E+05   8.299E+00  3.210E-03 
2.154E+05   8.223E+00  3.174E-03 
2.182E+05   8.148E+00  3.137E-03 
2.210E+05   8.074E+00  3.102E-03 
2.239E+05   8.001E+00  3.066E-03 
2.268E+05   7.928E+00  3.031E-03 
2.297E+05   7.856E+00  2.996E-03 
2.327E+05   7.785E+00  2.962E-03 
2.357E+05   7.714E+00  2.928E-03 
2.388E+05   7.644E+00  2.895E-03 
2.419E+05   7.575E+00  2.861E-03 
2.450E+05   7.506E+00  2.829E-03 
2.482E+05   7.438E+00  2.796E-03 
2.515E+05   7.370E+00  2.764E-03 
2.547E+05   7.304E+00  2.733E-03 
2.580E+05   7.238E+00  2.701E-03 
2.614E+05   7.172E+00  2.670E-03 
2.648E+05   7.107E+00  2.640E-03 
2.682E+05   7.043E+00  2.609E-03 
2.717E+05   6.980E+00  2.579E-03 
2.752E+05   6.917E+00  2.550E-03 
2.788E+05   6.854E+00  2.521E-03 
2.824E+05   6.793E+00  2.492E-03 
2.861E+05   6.731E+00  2.463E-03 
2.898E+05   6.671E+00  2.435E-03 
2.936E+05   6.611E+00  2.407E-03 
2.974E+05   6.552E+00  2.379E-03 
3.013E+05   6.493E+00  2.352E-03 
3.052E+05   6.434E+00  2.325E-03 
3.092E+05   6.377E+00  2.298E-03 
3.132E+05   6.320E+00  2.272E-03 
3.172E+05   6.263E+00  2.246E-03 
3.214E+05   6.207E+00  2.220E-03 
3.255E+05   6.152E+00  2.194E-03 
3.298E+05   6.097E+00  2.169E-03 
3.341E+05   6.043E+00  2.144E-03 
3.384E+05   5.989E+00  2.119E-03 
3.428E+05   5.936E+00  2.095E-03 
3.473E+05   5.883E+00  2.071E-03 
3.518E+05   5.831E+00  2.047E-03 
3.563E+05   5.779E+00  2.024E-03 
3.610E+05   5.728E+00  2.000E-03 
3.657E+05   5.677E+00  1.977E-03 
3.704E+05   5.627E+00  1.954E-03 
3.752E+05   5.578E+00  1.932E-03 
3.801E+05   5.529E+00  1.910E-03 
3.851E+05   5.480E+00  1.888E-03 
3.901E+05   5.432E+00  1.866E-03 
3.951E+05   5.384E+00  1.844E-03 
4.003E+05   5.337E+00  1.823E-03 
