Ion = Hydrogen    . Mass = 1.0079
Tgt = Ra (Solid). Density = 5.0222 g/cm3
Stopping Units =  eV/(1E15 atoms/cm2)
Energy(keV)  S(Elec)    S(Nuc)
1.000E+00   1.002E+01  2.393E-01 
1.012E+00   1.008E+01  2.397E-01 
1.023E+00   1.014E+01  2.401E-01 
1.035E+00   1.020E+01  2.404E-01 
1.047E+00   1.025E+01  2.408E-01 
1.059E+00   1.031E+01  2.412E-01 
1.072E+00   1.037E+01  2.415E-01 
1.084E+00   1.043E+01  2.419E-01 
1.097E+00   1.049E+01  2.423E-01 
1.109E+00   1.055E+01  2.426E-01 
1.122E+00   1.062E+01  2.430E-01 
1.135E+00   1.068E+01  2.433E-01 
1.148E+00   1.074E+01  2.437E-01 
1.162E+00   1.080E+01  2.440E-01 
1.175E+00   1.086E+01  2.443E-01 
1.189E+00   1.093E+01  2.447E-01 
1.203E+00   1.099E+01  2.450E-01 
1.217E+00   1.105E+01  2.454E-01 
1.231E+00   1.112E+01  2.457E-01 
1.245E+00   1.118E+01  2.460E-01 
1.259E+00   1.125E+01  2.463E-01 
1.274E+00   1.131E+01  2.467E-01 
1.289E+00   1.138E+01  2.470E-01 
1.304E+00   1.144E+01  2.473E-01 
1.319E+00   1.151E+01  2.476E-01 
1.334E+00   1.157E+01  2.479E-01 
1.350E+00   1.164E+01  2.482E-01 
1.365E+00   1.171E+01  2.485E-01 
1.381E+00   1.178E+01  2.488E-01 
1.397E+00   1.185E+01  2.491E-01 
1.413E+00   1.191E+01  2.494E-01 
1.430E+00   1.198E+01  2.497E-01 
1.446E+00   1.205E+01  2.500E-01 
1.463E+00   1.212E+01  2.502E-01 
1.480E+00   1.219E+01  2.505E-01 
1.497E+00   1.226E+01  2.508E-01 
1.515E+00   1.233E+01  2.511E-01 
1.532E+00   1.240E+01  2.513E-01 
1.550E+00   1.248E+01  2.516E-01 
1.568E+00   1.255E+01  2.519E-01 
1.586E+00   1.262E+01  2.521E-01 
1.605E+00   1.269E+01  2.524E-01 
1.623E+00   1.277E+01  2.526E-01 
1.642E+00   1.284E+01  2.529E-01 
1.661E+00   1.292E+01  2.531E-01 
1.680E+00   1.299E+01  2.533E-01 
1.700E+00   1.306E+01  2.536E-01 
1.719E+00   1.314E+01  2.538E-01 
1.739E+00   1.322E+01  2.540E-01 
1.760E+00   1.329E+01  2.543E-01 
1.780E+00   1.337E+01  2.545E-01 
1.801E+00   1.345E+01  2.547E-01 
1.822E+00   1.352E+01  2.549E-01 
1.843E+00   1.360E+01  2.551E-01 
1.864E+00   1.368E+01  2.553E-01 
1.886E+00   1.376E+01  2.555E-01 
1.908E+00   1.384E+01  2.557E-01 
1.930E+00   1.392E+01  2.559E-01 
1.952E+00   1.400E+01  2.561E-01 
1.975E+00   1.408E+01  2.563E-01 
1.998E+00   1.416E+01  2.565E-01 
2.021E+00   1.424E+01  2.567E-01 
2.044E+00   1.431E+01  2.568E-01 
2.068E+00   1.438E+01  2.570E-01 
2.092E+00   1.445E+01  2.572E-01 
2.116E+00   1.452E+01  2.573E-01 
2.141E+00   1.459E+01  2.575E-01 
2.166E+00   1.466E+01  2.576E-01 
2.191E+00   1.473E+01  2.578E-01 
2.216E+00   1.480E+01  2.579E-01 
2.242E+00   1.487E+01  2.581E-01 
2.268E+00   1.494E+01  2.582E-01 
2.294E+00   1.501E+01  2.583E-01 
2.321E+00   1.508E+01  2.585E-01 
2.348E+00   1.515E+01  2.586E-01 
2.375E+00   1.523E+01  2.587E-01 
2.402E+00   1.530E+01  2.588E-01 
2.430E+00   1.537E+01  2.590E-01 
2.458E+00   1.544E+01  2.591E-01 
2.487E+00   1.552E+01  2.592E-01 
2.516E+00   1.559E+01  2.593E-01 
2.545E+00   1.567E+01  2.594E-01 
2.574E+00   1.574E+01  2.594E-01 
2.604E+00   1.582E+01  2.595E-01 
2.635E+00   1.589E+01  2.596E-01 
2.665E+00   1.597E+01  2.597E-01 
2.696E+00   1.604E+01  2.598E-01 
2.727E+00   1.612E+01  2.598E-01 
2.759E+00   1.620E+01  2.599E-01 
2.791E+00   1.628E+01  2.600E-01 
2.823E+00   1.635E+01  2.600E-01 
2.856E+00   1.643E+01  2.601E-01 
2.889E+00   1.651E+01  2.601E-01 
2.923E+00   1.659E+01  2.601E-01 
2.957E+00   1.667E+01  2.602E-01 
2.991E+00   1.675E+01  2.602E-01 
3.026E+00   1.683E+01  2.602E-01 
3.061E+00   1.691E+01  2.603E-01 
3.096E+00   1.699E+01  2.603E-01 
3.132E+00   1.707E+01  2.603E-01 
3.168E+00   1.715E+01  2.603E-01 
3.205E+00   1.723E+01  2.603E-01 
3.242E+00   1.731E+01  2.603E-01 
3.280E+00   1.740E+01  2.603E-01 
3.318E+00   1.748E+01  2.603E-01 
3.356E+00   1.756E+01  2.603E-01 
3.395E+00   1.765E+01  2.603E-01 
3.435E+00   1.773E+01  2.602E-01 
3.475E+00   1.782E+01  2.602E-01 
3.515E+00   1.790E+01  2.602E-01 
3.556E+00   1.799E+01  2.601E-01 
3.597E+00   1.807E+01  2.601E-01 
3.639E+00   1.816E+01  2.600E-01 
3.681E+00   1.825E+01  2.600E-01 
3.724E+00   1.833E+01  2.599E-01 
3.767E+00   1.842E+01  2.598E-01 
3.810E+00   1.851E+01  2.598E-01 
3.855E+00   1.860E+01  2.597E-01 
3.899E+00   1.868E+01  2.596E-01 
3.945E+00   1.877E+01  2.595E-01 
3.990E+00   1.886E+01  2.595E-01 
4.037E+00   1.895E+01  2.594E-01 
4.083E+00   1.904E+01  2.593E-01 
4.131E+00   1.913E+01  2.592E-01 
4.179E+00   1.922E+01  2.590E-01 
4.227E+00   1.932E+01  2.589E-01 
4.276E+00   1.941E+01  2.588E-01 
4.326E+00   1.950E+01  2.587E-01 
4.376E+00   1.959E+01  2.586E-01 
4.427E+00   1.969E+01  2.584E-01 
4.478E+00   1.978E+01  2.583E-01 
4.530E+00   1.987E+01  2.581E-01 
4.583E+00   1.997E+01  2.580E-01 
4.636E+00   2.006E+01  2.578E-01 
4.690E+00   2.016E+01  2.577E-01 
4.744E+00   2.025E+01  2.575E-01 
4.799E+00   2.035E+01  2.573E-01 
4.855E+00   2.045E+01  2.572E-01 
4.911E+00   2.055E+01  2.570E-01 
4.968E+00   2.064E+01  2.568E-01 
5.026E+00   2.074E+01  2.566E-01 
5.084E+00   2.084E+01  2.564E-01 
5.143E+00   2.094E+01  2.562E-01 
5.202E+00   2.104E+01  2.560E-01 
5.263E+00   2.114E+01  2.558E-01 
5.324E+00   2.124E+01  2.556E-01 
5.386E+00   2.134E+01  2.553E-01 
5.448E+00   2.144E+01  2.551E-01 
5.511E+00   2.154E+01  2.549E-01 
5.575E+00   2.164E+01  2.546E-01 
5.640E+00   2.175E+01  2.544E-01 
5.705E+00   2.185E+01  2.542E-01 
5.771E+00   2.195E+01  2.539E-01 
5.838E+00   2.206E+01  2.536E-01 
5.906E+00   2.216E+01  2.534E-01 
5.975E+00   2.227E+01  2.531E-01 
6.044E+00   2.237E+01  2.528E-01 
6.114E+00   2.248E+01  2.526E-01 
6.185E+00   2.258E+01  2.523E-01 
6.257E+00   2.269E+01  2.520E-01 
6.329E+00   2.280E+01  2.517E-01 
6.403E+00   2.291E+01  2.514E-01 
6.477E+00   2.302E+01  2.511E-01 
6.552E+00   2.312E+01  2.508E-01 
6.628E+00   2.323E+01  2.504E-01 
6.705E+00   2.334E+01  2.501E-01 
6.783E+00   2.345E+01  2.498E-01 
6.861E+00   2.356E+01  2.495E-01 
6.941E+00   2.368E+01  2.491E-01 
7.021E+00   2.379E+01  2.488E-01 
7.103E+00   2.390E+01  2.484E-01 
7.185E+00   2.401E+01  2.481E-01 
7.269E+00   2.413E+01  2.477E-01 
7.353E+00   2.424E+01  2.474E-01 
7.438E+00   2.435E+01  2.470E-01 
7.524E+00   2.447E+01  2.466E-01 
7.612E+00   2.458E+01  2.462E-01 
7.700E+00   2.470E+01  2.459E-01 
7.789E+00   2.482E+01  2.455E-01 
7.880E+00   2.493E+01  2.451E-01 
7.971E+00   2.505E+01  2.447E-01 
8.064E+00   2.517E+01  2.443E-01 
8.157E+00   2.529E+01  2.439E-01 
8.252E+00   2.541E+01  2.434E-01 
8.347E+00   2.553E+01  2.430E-01 
8.444E+00   2.565E+01  2.426E-01 
8.542E+00   2.577E+01  2.422E-01 
8.641E+00   2.589E+01  2.417E-01 
8.741E+00   2.601E+01  2.413E-01 
8.843E+00   2.613E+01  2.409E-01 
8.945E+00   2.625E+01  2.404E-01 
9.049E+00   2.638E+01  2.400E-01 
9.154E+00   2.650E+01  2.395E-01 
9.260E+00   2.662E+01  2.390E-01 
9.368E+00   2.675E+01  2.386E-01 
9.476E+00   2.687E+01  2.381E-01 
9.586E+00   2.700E+01  2.376E-01 
9.698E+00   2.713E+01  2.371E-01 
9.810E+00   2.725E+01  2.366E-01 
9.924E+00   2.738E+01  2.361E-01 
1.004E+01   2.751E+01  2.356E-01 
1.016E+01   2.764E+01  2.351E-01 
1.027E+01   2.777E+01  2.346E-01 
1.039E+01   2.790E+01  2.341E-01 
1.051E+01   2.803E+01  2.336E-01 
1.063E+01   2.816E+01  2.331E-01 
1.076E+01   2.829E+01  2.326E-01 
1.088E+01   2.842E+01  2.320E-01 
1.101E+01   2.855E+01  2.315E-01 
1.114E+01   2.868E+01  2.310E-01 
1.127E+01   2.882E+01  2.304E-01 
1.140E+01   2.895E+01  2.299E-01 
1.153E+01   2.909E+01  2.293E-01 
1.166E+01   2.922E+01  2.288E-01 
1.180E+01   2.936E+01  2.282E-01 
1.193E+01   2.949E+01  2.276E-01 
1.207E+01   2.963E+01  2.271E-01 
1.221E+01   2.977E+01  2.265E-01 
1.235E+01   2.990E+01  2.259E-01 
1.250E+01   3.004E+01  2.253E-01 
1.264E+01   3.018E+01  2.248E-01 
1.279E+01   3.032E+01  2.242E-01 
1.294E+01   3.046E+01  2.236E-01 
1.309E+01   3.060E+01  2.230E-01 
1.324E+01   3.074E+01  2.224E-01 
1.339E+01   3.088E+01  2.218E-01 
1.355E+01   3.103E+01  2.212E-01 
1.371E+01   3.117E+01  2.205E-01 
1.387E+01   3.131E+01  2.199E-01 
1.403E+01   3.145E+01  2.193E-01 
1.419E+01   3.160E+01  2.187E-01 
1.435E+01   3.174E+01  2.181E-01 
1.452E+01   3.189E+01  2.174E-01 
1.469E+01   3.204E+01  2.168E-01 
1.486E+01   3.218E+01  2.161E-01 
1.503E+01   3.233E+01  2.155E-01 
1.521E+01   3.248E+01  2.149E-01 
1.538E+01   3.262E+01  2.142E-01 
1.556E+01   3.277E+01  2.136E-01 
1.574E+01   3.292E+01  2.129E-01 
1.592E+01   3.307E+01  2.122E-01 
1.611E+01   3.322E+01  2.116E-01 
1.629E+01   3.337E+01  2.109E-01 
1.648E+01   3.352E+01  2.102E-01 
1.667E+01   3.368E+01  2.096E-01 
1.687E+01   3.383E+01  2.089E-01 
1.706E+01   3.398E+01  2.082E-01 
1.726E+01   3.413E+01  2.075E-01 
1.746E+01   3.429E+01  2.068E-01 
1.766E+01   3.444E+01  2.062E-01 
1.787E+01   3.460E+01  2.055E-01 
1.808E+01   3.475E+01  2.048E-01 
1.829E+01   3.491E+01  2.041E-01 
1.850E+01   3.507E+01  2.034E-01 
1.871E+01   3.522E+01  2.027E-01 
1.893E+01   3.538E+01  2.020E-01 
1.915E+01   3.554E+01  2.013E-01 
1.937E+01   3.570E+01  2.005E-01 
1.960E+01   3.586E+01  1.998E-01 
1.982E+01   3.602E+01  1.991E-01 
2.005E+01   3.618E+01  1.984E-01 
2.029E+01   3.634E+01  1.977E-01 
2.052E+01   3.650E+01  1.970E-01 
2.076E+01   3.666E+01  1.962E-01 
2.100E+01   3.682E+01  1.955E-01 
2.124E+01   3.698E+01  1.948E-01 
2.149E+01   3.715E+01  1.940E-01 
2.174E+01   3.731E+01  1.933E-01 
2.199E+01   3.747E+01  1.926E-01 
2.225E+01   3.764E+01  1.918E-01 
2.250E+01   3.780E+01  1.911E-01 
2.277E+01   3.797E+01  1.904E-01 
2.303E+01   3.813E+01  1.896E-01 
2.330E+01   3.830E+01  1.889E-01 
2.357E+01   3.846E+01  1.881E-01 
2.384E+01   3.863E+01  1.874E-01 
2.412E+01   3.880E+01  1.866E-01 
2.440E+01   3.897E+01  1.859E-01 
2.468E+01   3.913E+01  1.851E-01 
2.497E+01   3.930E+01  1.844E-01 
2.526E+01   3.947E+01  1.836E-01 
2.555E+01   3.964E+01  1.828E-01 
2.584E+01   3.981E+01  1.821E-01 
2.614E+01   3.998E+01  1.813E-01 
2.645E+01   4.015E+01  1.806E-01 
2.675E+01   4.032E+01  1.798E-01 
2.707E+01   4.049E+01  1.790E-01 
2.738E+01   4.066E+01  1.783E-01 
2.770E+01   4.084E+01  1.775E-01 
2.802E+01   4.101E+01  1.767E-01 
2.834E+01   4.118E+01  1.760E-01 
2.867E+01   4.135E+01  1.752E-01 
2.900E+01   4.153E+01  1.744E-01 
2.934E+01   4.170E+01  1.737E-01 
2.968E+01   4.187E+01  1.729E-01 
3.003E+01   4.205E+01  1.721E-01 
3.037E+01   4.222E+01  1.713E-01 
3.073E+01   4.240E+01  1.706E-01 
3.108E+01   4.257E+01  1.698E-01 
3.144E+01   4.274E+01  1.690E-01 
3.181E+01   4.292E+01  1.682E-01 
3.218E+01   4.309E+01  1.675E-01 
3.255E+01   4.327E+01  1.667E-01 
3.293E+01   4.345E+01  1.659E-01 
3.331E+01   4.362E+01  1.651E-01 
3.370E+01   4.380E+01  1.644E-01 
3.409E+01   4.397E+01  1.636E-01 
3.448E+01   4.415E+01  1.628E-01 
3.488E+01   4.433E+01  1.620E-01 
3.529E+01   4.450E+01  1.613E-01 
3.570E+01   4.468E+01  1.605E-01 
3.611E+01   4.485E+01  1.597E-01 
3.653E+01   4.503E+01  1.589E-01 
3.695E+01   4.521E+01  1.581E-01 
3.738E+01   4.538E+01  1.574E-01 
3.781E+01   4.556E+01  1.566E-01 
3.825E+01   4.574E+01  1.558E-01 
3.870E+01   4.591E+01  1.550E-01 
3.915E+01   4.609E+01  1.543E-01 
3.960E+01   4.627E+01  1.535E-01 
4.006E+01   4.644E+01  1.527E-01 
4.052E+01   4.662E+01  1.519E-01 
4.099E+01   4.679E+01  1.512E-01 
4.147E+01   4.697E+01  1.504E-01 
4.195E+01   4.715E+01  1.496E-01 
4.244E+01   4.732E+01  1.488E-01 
4.293E+01   4.750E+01  1.481E-01 
4.343E+01   4.767E+01  1.473E-01 
4.393E+01   4.785E+01  1.465E-01 
4.444E+01   4.802E+01  1.458E-01 
4.496E+01   4.819E+01  1.450E-01 
4.548E+01   4.837E+01  1.442E-01 
4.600E+01   4.854E+01  1.435E-01 
4.654E+01   4.872E+01  1.427E-01 
4.708E+01   4.889E+01  1.419E-01 
4.762E+01   4.906E+01  1.412E-01 
4.818E+01   4.923E+01  1.404E-01 
4.873E+01   4.940E+01  1.396E-01 
4.930E+01   4.957E+01  1.389E-01 
4.987E+01   4.975E+01  1.381E-01 
5.045E+01   4.992E+01  1.374E-01 
5.104E+01   5.008E+01  1.366E-01 
5.163E+01   5.025E+01  1.358E-01 
5.223E+01   5.042E+01  1.351E-01 
5.283E+01   5.059E+01  1.343E-01 
5.344E+01   5.076E+01  1.336E-01 
5.406E+01   5.092E+01  1.328E-01 
5.469E+01   5.109E+01  1.321E-01 
5.533E+01   5.125E+01  1.313E-01 
5.597E+01   5.142E+01  1.306E-01 
5.662E+01   5.158E+01  1.298E-01 
5.727E+01   5.174E+01  1.291E-01 
5.794E+01   5.190E+01  1.284E-01 
5.861E+01   5.206E+01  1.276E-01 
5.929E+01   5.222E+01  1.269E-01 
5.998E+01   5.238E+01  1.261E-01 
6.067E+01   5.254E+01  1.254E-01 
6.138E+01   5.269E+01  1.247E-01 
6.209E+01   5.285E+01  1.239E-01 
6.281E+01   5.300E+01  1.232E-01 
6.354E+01   5.315E+01  1.225E-01 
6.427E+01   5.331E+01  1.218E-01 
6.502E+01   5.346E+01  1.210E-01 
6.577E+01   5.361E+01  1.203E-01 
6.654E+01   5.375E+01  1.196E-01 
6.731E+01   5.390E+01  1.189E-01 
6.809E+01   5.404E+01  1.182E-01 
6.888E+01   5.419E+01  1.175E-01 
6.968E+01   5.433E+01  1.167E-01 
7.049E+01   5.447E+01  1.160E-01 
7.130E+01   5.461E+01  1.153E-01 
7.213E+01   5.475E+01  1.146E-01 
7.297E+01   5.488E+01  1.139E-01 
7.381E+01   5.502E+01  1.132E-01 
7.467E+01   5.515E+01  1.125E-01 
7.554E+01   5.528E+01  1.118E-01 
7.641E+01   5.541E+01  1.111E-01 
7.730E+01   5.554E+01  1.104E-01 
7.820E+01   5.566E+01  1.097E-01 
7.910E+01   5.578E+01  1.091E-01 
8.002E+01   5.590E+01  1.084E-01 
8.095E+01   5.602E+01  1.077E-01 
8.189E+01   5.614E+01  1.070E-01 
8.284E+01   5.626E+01  1.063E-01 
8.380E+01   5.637E+01  1.057E-01 
8.477E+01   5.648E+01  1.050E-01 
8.575E+01   5.659E+01  1.043E-01 
8.675E+01   5.669E+01  1.036E-01 
8.775E+01   5.680E+01  1.030E-01 
8.877E+01   5.690E+01  1.023E-01 
8.980E+01   5.700E+01  1.016E-01 
9.084E+01   5.709E+01  1.010E-01 
9.190E+01   5.719E+01  1.003E-01 
9.296E+01   5.728E+01  9.967E-02 
9.404E+01   5.737E+01  9.902E-02 
9.513E+01   5.745E+01  9.837E-02 
9.624E+01   5.754E+01  9.773E-02 
9.735E+01   5.762E+01  9.708E-02 
9.848E+01   5.769E+01  9.644E-02 
9.962E+01   5.777E+01  9.580E-02 
1.008E+02   5.784E+01  9.517E-02 
1.019E+02   5.791E+01  9.453E-02 
1.031E+02   5.798E+01  9.390E-02 
1.043E+02   5.804E+01  9.328E-02 
1.055E+02   5.810E+01  9.265E-02 
1.068E+02   5.816E+01  9.203E-02 
1.080E+02   5.821E+01  9.141E-02 
1.093E+02   5.826E+01  9.079E-02 
1.105E+02   5.831E+01  9.017E-02 
1.118E+02   5.835E+01  8.956E-02 
1.131E+02   5.839E+01  8.895E-02 
1.144E+02   5.843E+01  8.835E-02 
1.157E+02   5.846E+01  8.774E-02 
1.171E+02   5.849E+01  8.714E-02 
1.184E+02   5.852E+01  8.654E-02 
1.198E+02   5.854E+01  8.595E-02 
1.212E+02   5.856E+01  8.535E-02 
1.226E+02   5.858E+01  8.476E-02 
1.240E+02   5.859E+01  8.418E-02 
1.255E+02   5.860E+01  8.359E-02 
1.269E+02   5.861E+01  8.301E-02 
1.284E+02   5.861E+01  8.243E-02 
1.299E+02   5.861E+01  8.185E-02 
1.314E+02   5.860E+01  8.128E-02 
1.329E+02   5.859E+01  8.071E-02 
1.345E+02   5.858E+01  8.014E-02 
1.360E+02   5.856E+01  7.957E-02 
1.376E+02   5.854E+01  7.901E-02 
1.392E+02   5.851E+01  7.845E-02 
1.408E+02   5.848E+01  7.790E-02 
1.424E+02   5.845E+01  7.734E-02 
1.441E+02   5.841E+01  7.679E-02 
1.458E+02   5.837E+01  7.624E-02 
1.475E+02   5.833E+01  7.570E-02 
1.492E+02   5.828E+01  7.515E-02 
1.509E+02   5.822E+01  7.461E-02 
1.526E+02   5.817E+01  7.408E-02 
1.544E+02   5.810E+01  7.354E-02 
1.562E+02   5.804E+01  7.301E-02 
1.580E+02   5.797E+01  7.248E-02 
1.598E+02   5.789E+01  7.195E-02 
1.617E+02   5.782E+01  7.143E-02 
1.636E+02   5.773E+01  7.091E-02 
1.655E+02   5.765E+01  7.039E-02 
1.674E+02   5.756E+01  6.988E-02 
1.693E+02   5.746E+01  6.937E-02 
1.713E+02   5.736E+01  6.886E-02 
1.733E+02   5.726E+01  6.835E-02 
1.753E+02   5.715E+01  6.785E-02 
1.773E+02   5.704E+01  6.734E-02 
1.794E+02   5.692E+01  6.685E-02 
1.815E+02   5.680E+01  6.635E-02 
1.836E+02   5.668E+01  6.586E-02 
1.857E+02   5.655E+01  6.537E-02 
1.879E+02   5.642E+01  6.488E-02 
1.900E+02   5.628E+01  6.440E-02 
1.922E+02   5.614E+01  6.392E-02 
1.945E+02   5.600E+01  6.344E-02 
1.967E+02   5.585E+01  6.296E-02 
1.990E+02   5.570E+01  6.249E-02 
2.013E+02   5.554E+01  6.202E-02 
2.036E+02   5.538E+01  6.155E-02 
2.060E+02   5.522E+01  6.109E-02 
2.084E+02   5.505E+01  6.062E-02 
2.108E+02   5.488E+01  6.016E-02 
2.133E+02   5.470E+01  5.971E-02 
2.157E+02   5.452E+01  5.925E-02 
2.182E+02   5.434E+01  5.880E-02 
2.208E+02   5.415E+01  5.835E-02 
2.233E+02   5.396E+01  5.791E-02 
2.259E+02   5.377E+01  5.746E-02 
2.285E+02   5.357E+01  5.702E-02 
2.312E+02   5.337E+01  5.659E-02 
2.339E+02   5.317E+01  5.615E-02 
2.366E+02   5.296E+01  5.572E-02 
2.393E+02   5.275E+01  5.529E-02 
2.421E+02   5.254E+01  5.486E-02 
2.449E+02   5.232E+01  5.444E-02 
2.478E+02   5.210E+01  5.401E-02 
2.506E+02   5.188E+01  5.360E-02 
2.535E+02   5.165E+01  5.318E-02 
2.565E+02   5.142E+01  5.277E-02 
2.595E+02   5.119E+01  5.235E-02 
2.625E+02   5.096E+01  5.194E-02 
2.655E+02   5.072E+01  5.154E-02 
2.686E+02   5.048E+01  5.114E-02 
2.717E+02   5.024E+01  5.073E-02 
2.749E+02   4.999E+01  5.034E-02 
2.780E+02   4.974E+01  4.994E-02 
2.813E+02   4.949E+01  4.955E-02 
2.845E+02   4.924E+01  4.916E-02 
2.878E+02   4.899E+01  4.877E-02 
2.912E+02   4.873E+01  4.838E-02 
2.945E+02   4.847E+01  4.800E-02 
2.980E+02   4.821E+01  4.762E-02 
3.014E+02   4.795E+01  4.724E-02 
3.049E+02   4.768E+01  4.686E-02 
3.085E+02   4.742E+01  4.649E-02 
3.120E+02   4.715E+01  4.907E-02 
3.156E+02   4.688E+01  4.867E-02 
3.193E+02   4.661E+01  4.827E-02 
3.230E+02   4.634E+01  4.788E-02 
3.268E+02   4.607E+01  4.749E-02 
3.306E+02   4.579E+01  4.710E-02 
3.344E+02   4.552E+01  4.672E-02 
3.383E+02   4.524E+01  4.633E-02 
3.422E+02   4.496E+01  4.595E-02 
3.462E+02   4.468E+01  4.558E-02 
3.502E+02   4.440E+01  4.520E-02 
3.542E+02   4.412E+01  4.483E-02 
3.583E+02   4.384E+01  4.446E-02 
3.625E+02   4.356E+01  4.409E-02 
3.667E+02   4.328E+01  4.373E-02 
3.710E+02   4.299E+01  4.337E-02 
3.753E+02   4.271E+01  4.301E-02 
3.796E+02   4.243E+01  4.265E-02 
3.840E+02   4.214E+01  4.230E-02 
3.885E+02   4.186E+01  4.195E-02 
3.930E+02   4.158E+01  4.160E-02 
3.975E+02   4.129E+01  4.125E-02 
4.021E+02   4.101E+01  4.091E-02 
4.068E+02   4.073E+01  4.056E-02 
4.115E+02   4.044E+01  4.022E-02 
4.163E+02   4.016E+01  3.989E-02 
4.211E+02   3.988E+01  3.955E-02 
4.260E+02   3.959E+01  3.922E-02 
4.310E+02   3.931E+01  3.889E-02 
4.360E+02   3.903E+01  3.856E-02 
4.410E+02   3.875E+01  3.824E-02 
4.461E+02   3.847E+01  3.792E-02 
4.513E+02   3.819E+01  3.760E-02 
4.565E+02   3.791E+01  3.728E-02 
4.618E+02   3.764E+01  3.696E-02 
4.672E+02   3.736E+01  3.665E-02 
4.726E+02   3.708E+01  3.634E-02 
4.781E+02   3.681E+01  3.603E-02 
4.836E+02   3.654E+01  3.573E-02 
4.892E+02   3.626E+01  3.542E-02 
4.949E+02   3.599E+01  3.512E-02 
5.007E+02   3.572E+01  3.482E-02 
5.065E+02   3.545E+01  3.453E-02 
5.123E+02   3.518E+01  3.423E-02 
5.183E+02   3.492E+01  3.394E-02 
5.243E+02   3.465E+01  3.365E-02 
5.304E+02   3.439E+01  3.336E-02 
5.365E+02   3.413E+01  3.307E-02 
5.428E+02   3.387E+01  3.279E-02 
5.490E+02   3.361E+01  3.251E-02 
5.554E+02   3.335E+01  3.223E-02 
5.619E+02   3.310E+01  3.195E-02 
5.684E+02   3.284E+01  3.168E-02 
5.750E+02   3.259E+01  3.140E-02 
5.816E+02   3.234E+01  3.113E-02 
5.884E+02   3.209E+01  3.086E-02 
5.952E+02   3.184E+01  3.060E-02 
6.021E+02   3.160E+01  3.033E-02 
6.091E+02   3.135E+01  3.007E-02 
6.162E+02   3.111E+01  2.981E-02 
6.233E+02   3.087E+01  2.955E-02 
6.305E+02   3.063E+01  2.929E-02 
6.378E+02   3.039E+01  2.904E-02 
6.452E+02   3.016E+01  2.879E-02 
6.527E+02   2.993E+01  2.853E-02 
6.603E+02   2.970E+01  2.829E-02 
6.680E+02   2.947E+01  2.804E-02 
6.757E+02   2.924E+01  2.779E-02 
6.835E+02   2.901E+01  2.755E-02 
6.915E+02   2.879E+01  2.731E-02 
6.995E+02   2.857E+01  2.707E-02 
7.076E+02   2.835E+01  2.683E-02 
7.158E+02   2.813E+01  2.660E-02 
7.241E+02   2.792E+01  2.637E-02 
7.325E+02   2.770E+01  2.613E-02 
7.410E+02   2.749E+01  2.590E-02 
7.496E+02   2.728E+01  2.568E-02 
7.583E+02   2.707E+01  2.545E-02 
7.671E+02   2.686E+01  2.523E-02 
7.760E+02   2.666E+01  2.500E-02 
7.850E+02   2.646E+01  2.478E-02 
7.941E+02   2.626E+01  2.456E-02 
8.033E+02   2.606E+01  2.435E-02 
8.126E+02   2.586E+01  2.413E-02 
8.221E+02   2.566E+01  2.392E-02 
8.316E+02   2.547E+01  2.371E-02 
8.412E+02   2.528E+01  2.350E-02 
8.510E+02   2.509E+01  2.329E-02 
8.609E+02   2.490E+01  2.308E-02 
8.709E+02   2.472E+01  2.287E-02 
8.810E+02   2.453E+01  2.267E-02 
8.912E+02   2.435E+01  2.247E-02 
9.015E+02   2.417E+01  2.227E-02 
9.120E+02   2.399E+01  2.207E-02 
9.225E+02   2.381E+01  2.187E-02 
9.332E+02   2.363E+01  2.168E-02 
9.441E+02   2.346E+01  2.148E-02 
9.550E+02   2.329E+01  2.129E-02 
9.661E+02   2.312E+01  2.110E-02 
9.773E+02   2.295E+01  2.091E-02 
9.886E+02   2.278E+01  2.073E-02 
1.000E+03   2.261E+01  2.054E-02 
1.012E+03   2.247E+01  2.036E-02 
1.023E+03   2.238E+01  2.017E-02 
1.035E+03   2.229E+01  1.999E-02 
1.047E+03   2.220E+01  1.981E-02 
1.059E+03   2.211E+01  1.963E-02 
1.072E+03   2.201E+01  1.946E-02 
1.084E+03   2.192E+01  1.928E-02 
1.097E+03   2.182E+01  1.911E-02 
1.109E+03   2.173E+01  1.894E-02 
1.122E+03   2.163E+01  1.876E-02 
1.135E+03   2.153E+01  1.859E-02 
1.149E+03   2.143E+01  1.843E-02 
1.162E+03   2.132E+01  1.826E-02 
1.175E+03   2.122E+01  1.809E-02 
1.189E+03   2.112E+01  1.793E-02 
1.203E+03   2.101E+01  1.777E-02 
1.217E+03   2.091E+01  1.761E-02 
1.231E+03   2.081E+01  1.745E-02 
1.245E+03   2.070E+01  1.729E-02 
1.260E+03   2.060E+01  1.713E-02 
1.274E+03   2.050E+01  1.698E-02 
1.289E+03   2.040E+01  1.682E-02 
1.304E+03   2.029E+01  1.667E-02 
1.319E+03   2.019E+01  1.652E-02 
1.334E+03   2.009E+01  1.637E-02 
1.350E+03   1.999E+01  1.622E-02 
1.365E+03   1.988E+01  1.607E-02 
1.381E+03   1.978E+01  1.592E-02 
1.397E+03   1.967E+01  1.578E-02 
1.414E+03   1.957E+01  1.563E-02 
1.430E+03   1.947E+01  1.549E-02 
1.446E+03   1.936E+01  1.535E-02 
1.463E+03   1.926E+01  1.521E-02 
1.480E+03   1.916E+01  1.507E-02 
1.497E+03   1.905E+01  1.493E-02 
1.515E+03   1.895E+01  1.479E-02 
1.532E+03   1.885E+01  1.466E-02 
1.550E+03   1.874E+01  1.452E-02 
1.568E+03   1.864E+01  1.439E-02 
1.586E+03   1.854E+01  1.426E-02 
1.605E+03   1.844E+01  1.412E-02 
1.623E+03   1.833E+01  1.399E-02 
1.642E+03   1.823E+01  1.387E-02 
1.661E+03   1.813E+01  1.374E-02 
1.680E+03   1.803E+01  1.361E-02 
1.700E+03   1.793E+01  1.349E-02 
1.720E+03   1.783E+01  1.336E-02 
1.740E+03   1.772E+01  1.324E-02 
1.760E+03   1.762E+01  1.312E-02 
1.780E+03   1.752E+01  1.299E-02 
1.801E+03   1.742E+01  1.287E-02 
1.822E+03   1.732E+01  1.275E-02 
1.843E+03   1.722E+01  1.264E-02 
1.864E+03   1.712E+01  1.252E-02 
1.886E+03   1.702E+01  1.240E-02 
1.908E+03   1.693E+01  1.229E-02 
1.930E+03   1.683E+01  1.217E-02 
1.952E+03   1.673E+01  1.206E-02 
1.975E+03   1.663E+01  1.195E-02 
1.998E+03   1.653E+01  1.184E-02 
2.021E+03   1.644E+01  1.173E-02 
2.044E+03   1.634E+01  1.162E-02 
2.068E+03   1.624E+01  1.151E-02 
2.092E+03   1.615E+01  1.140E-02 
2.116E+03   1.605E+01  1.130E-02 
2.141E+03   1.596E+01  1.119E-02 
2.166E+03   1.586E+01  1.109E-02 
2.191E+03   1.577E+01  1.098E-02 
2.216E+03   1.567E+01  1.088E-02 
2.242E+03   1.558E+01  1.078E-02 
2.268E+03   1.548E+01  1.068E-02 
2.294E+03   1.539E+01  1.058E-02 
2.321E+03   1.530E+01  1.048E-02 
2.348E+03   1.521E+01  1.038E-02 
2.375E+03   1.511E+01  1.028E-02 
2.403E+03   1.502E+01  1.019E-02 
2.431E+03   1.493E+01  1.009E-02 
2.459E+03   1.484E+01  9.998E-03 
2.487E+03   1.475E+01  9.904E-03 
2.516E+03   1.466E+01  9.811E-03 
2.545E+03   1.457E+01  9.719E-03 
2.575E+03   1.448E+01  9.628E-03 
2.605E+03   1.439E+01  9.538E-03 
2.635E+03   1.430E+01  9.448E-03 
2.665E+03   1.421E+01  9.359E-03 
2.696E+03   1.412E+01  9.271E-03 
2.728E+03   1.404E+01  9.184E-03 
2.759E+03   1.395E+01  9.097E-03 
2.791E+03   1.386E+01  9.011E-03 
2.824E+03   1.378E+01  8.926E-03 
2.856E+03   1.369E+01  8.842E-03 
2.889E+03   1.360E+01  8.759E-03 
2.923E+03   1.352E+01  8.676E-03 
2.957E+03   1.343E+01  8.594E-03 
2.991E+03   1.335E+01  8.513E-03 
3.026E+03   1.326E+01  8.432E-03 
3.061E+03   1.318E+01  8.352E-03 
3.097E+03   1.310E+01  8.273E-03 
3.132E+03   1.301E+01  8.195E-03 
3.169E+03   1.293E+01  8.117E-03 
3.206E+03   1.285E+01  8.041E-03 
3.243E+03   1.277E+01  7.964E-03 
3.280E+03   1.268E+01  7.889E-03 
3.318E+03   1.260E+01  7.814E-03 
3.357E+03   1.252E+01  7.740E-03 
3.396E+03   1.244E+01  7.666E-03 
3.435E+03   1.236E+01  7.594E-03 
3.475E+03   1.228E+01  7.521E-03 
3.515E+03   1.220E+01  7.450E-03 
3.556E+03   1.212E+01  7.379E-03 
3.597E+03   1.204E+01  7.309E-03 
3.639E+03   1.197E+01  7.239E-03 
3.681E+03   1.189E+01  7.170E-03 
3.724E+03   1.181E+01  7.102E-03 
3.767E+03   1.173E+01  7.034E-03 
3.811E+03   1.166E+01  6.967E-03 
3.855E+03   1.158E+01  6.901E-03 
3.900E+03   1.150E+01  6.835E-03 
3.945E+03   1.143E+01  6.770E-03 
3.991E+03   1.135E+01  6.705E-03 
4.037E+03   1.128E+01  6.641E-03 
4.084E+03   1.120E+01  6.578E-03 
4.131E+03   1.113E+01  6.515E-03 
4.179E+03   1.105E+01  6.452E-03 
4.228E+03   1.098E+01  6.391E-03 
4.277E+03   1.091E+01  6.329E-03 
4.326E+03   1.084E+01  6.269E-03 
4.376E+03   1.076E+01  6.209E-03 
4.427E+03   1.069E+01  6.149E-03 
4.479E+03   1.062E+01  6.090E-03 
4.531E+03   1.055E+01  6.032E-03 
4.583E+03   1.048E+01  5.974E-03 
4.636E+03   1.041E+01  5.917E-03 
4.690E+03   1.034E+01  5.860E-03 
4.744E+03   1.027E+01  5.804E-03 
4.799E+03   1.020E+01  5.748E-03 
4.855E+03   1.013E+01  5.693E-03 
4.911E+03   1.006E+01  5.638E-03 
4.968E+03   9.990E+00  5.584E-03 
5.026E+03   9.922E+00  5.530E-03 
5.084E+03   9.854E+00  5.477E-03 
5.143E+03   9.786E+00  5.424E-03 
5.203E+03   9.719E+00  5.372E-03 
5.263E+03   9.652E+00  5.320E-03 
5.324E+03   9.586E+00  5.269E-03 
5.386E+03   9.520E+00  5.218E-03 
5.449E+03   9.454E+00  5.168E-03 
5.512E+03   9.389E+00  5.118E-03 
5.576E+03   9.324E+00  5.069E-03 
5.640E+03   9.259E+00  5.020E-03 
5.706E+03   9.195E+00  4.971E-03 
5.772E+03   9.131E+00  4.923E-03 
5.839E+03   9.067E+00  4.876E-03 
5.907E+03   9.004E+00  4.828E-03 
5.975E+03   8.941E+00  4.782E-03 
6.045E+03   8.879E+00  4.735E-03 
6.115E+03   8.816E+00  4.690E-03 
6.186E+03   8.754E+00  4.644E-03 
6.257E+03   8.693E+00  4.599E-03 
6.330E+03   8.631E+00  4.555E-03 
6.403E+03   8.571E+00  4.511E-03 
6.478E+03   8.510E+00  4.467E-03 
6.553E+03   8.450E+00  4.424E-03 
6.629E+03   8.390E+00  4.381E-03 
6.706E+03   8.330E+00  4.338E-03 
6.783E+03   8.271E+00  4.296E-03 
6.862E+03   8.212E+00  4.254E-03 
6.942E+03   8.154E+00  4.213E-03 
7.022E+03   8.095E+00  4.172E-03 
7.104E+03   8.037E+00  4.131E-03 
7.186E+03   7.980E+00  4.091E-03 
7.269E+03   7.923E+00  4.052E-03 
7.354E+03   7.866E+00  4.012E-03 
7.439E+03   7.809E+00  3.973E-03 
7.525E+03   7.753E+00  3.934E-03 
7.613E+03   7.697E+00  3.896E-03 
7.701E+03   7.641E+00  3.858E-03 
7.790E+03   7.586E+00  3.821E-03 
7.881E+03   7.531E+00  3.783E-03 
7.972E+03   7.476E+00  3.746E-03 
8.064E+03   7.422E+00  3.710E-03 
8.158E+03   7.368E+00  3.674E-03 
8.253E+03   7.314E+00  3.638E-03 
8.348E+03   7.261E+00  3.602E-03 
8.445E+03   7.208E+00  3.567E-03 
8.543E+03   7.155E+00  3.532E-03 
8.642E+03   7.102E+00  3.498E-03 
8.742E+03   7.050E+00  3.464E-03 
8.844E+03   6.998E+00  3.430E-03 
8.946E+03   6.947E+00  3.396E-03 
9.050E+03   6.896E+00  3.363E-03 
9.155E+03   6.845E+00  3.330E-03 
9.261E+03   6.794E+00  3.298E-03 
9.369E+03   6.744E+00  3.265E-03 
9.477E+03   6.694E+00  3.233E-03 
9.587E+03   6.644E+00  3.202E-03 
9.699E+03   6.595E+00  3.170E-03 
9.811E+03   6.546E+00  3.139E-03 
9.925E+03   6.497E+00  3.108E-03 
1.004E+04   6.448E+00  3.078E-03 
1.016E+04   6.400E+00  3.048E-03 
1.027E+04   6.352E+00  3.018E-03 
1.039E+04   6.305E+00  2.988E-03 
1.051E+04   6.258E+00  2.959E-03 
1.064E+04   6.211E+00  2.930E-03 
1.076E+04   6.164E+00  2.901E-03 
1.088E+04   6.118E+00  2.873E-03 
1.101E+04   6.071E+00  2.844E-03 
1.114E+04   6.026E+00  2.816E-03 
1.127E+04   5.980E+00  2.789E-03 
1.140E+04   5.935E+00  2.761E-03 
1.153E+04   5.890E+00  2.734E-03 
1.166E+04   5.845E+00  2.707E-03 
1.180E+04   5.801E+00  2.681E-03 
1.194E+04   5.757E+00  2.654E-03 
1.207E+04   5.713E+00  2.628E-03 
1.221E+04   5.670E+00  2.602E-03 
1.236E+04   5.626E+00  2.576E-03 
1.250E+04   5.583E+00  2.551E-03 
1.264E+04   5.541E+00  2.526E-03 
1.279E+04   5.498E+00  2.501E-03 
1.294E+04   5.456E+00  2.476E-03 
1.309E+04   5.414E+00  2.452E-03 
1.324E+04   5.373E+00  2.428E-03 
1.340E+04   5.332E+00  2.404E-03 
1.355E+04   5.291E+00  2.380E-03 
1.371E+04   5.250E+00  2.356E-03 
1.387E+04   5.209E+00  2.333E-03 
1.403E+04   5.169E+00  2.310E-03 
1.419E+04   5.129E+00  2.287E-03 
1.435E+04   5.090E+00  2.265E-03 
1.452E+04   5.050E+00  2.242E-03 
1.469E+04   5.011E+00  2.220E-03 
1.486E+04   4.972E+00  2.198E-03 
1.503E+04   4.934E+00  2.176E-03 
1.521E+04   4.895E+00  2.155E-03 
1.538E+04   4.857E+00  2.133E-03 
1.556E+04   4.819E+00  2.112E-03 
1.574E+04   4.782E+00  2.091E-03 
1.592E+04   4.745E+00  2.071E-03 
1.611E+04   4.708E+00  2.050E-03 
1.630E+04   4.671E+00  2.030E-03 
1.649E+04   4.634E+00  2.010E-03 
1.668E+04   4.598E+00  1.990E-03 
1.687E+04   4.562E+00  1.970E-03 
1.707E+04   4.526E+00  1.950E-03 
1.726E+04   4.491E+00  1.931E-03 
1.746E+04   4.455E+00  1.912E-03 
1.767E+04   4.420E+00  1.893E-03 
1.787E+04   4.385E+00  1.874E-03 
1.808E+04   4.351E+00  1.855E-03 
1.829E+04   4.317E+00  1.837E-03 
1.850E+04   4.283E+00  1.819E-03 
1.871E+04   4.249E+00  1.801E-03 
1.893E+04   4.215E+00  1.783E-03 
1.915E+04   4.182E+00  1.765E-03 
1.937E+04   4.149E+00  1.747E-03 
1.960E+04   4.116E+00  1.730E-03 
1.983E+04   4.083E+00  1.713E-03 
2.006E+04   4.051E+00  1.696E-03 
2.029E+04   4.019E+00  1.679E-03 
2.052E+04   3.987E+00  1.662E-03 
2.076E+04   3.955E+00  1.646E-03 
2.100E+04   3.924E+00  1.629E-03 
2.125E+04   3.892E+00  1.613E-03 
2.149E+04   3.861E+00  1.597E-03 
2.174E+04   3.830E+00  1.581E-03 
2.199E+04   3.800E+00  1.565E-03 
2.225E+04   3.770E+00  1.550E-03 
2.251E+04   3.739E+00  1.534E-03 
2.277E+04   3.710E+00  1.519E-03 
2.303E+04   3.680E+00  1.504E-03 
2.330E+04   3.650E+00  1.489E-03 
2.357E+04   3.621E+00  1.474E-03 
2.384E+04   3.592E+00  1.459E-03 
2.412E+04   3.563E+00  1.444E-03 
2.440E+04   3.535E+00  1.430E-03 
2.468E+04   3.506E+00  1.416E-03 
2.497E+04   3.478E+00  1.402E-03 
2.526E+04   3.450E+00  1.388E-03 
2.555E+04   3.422E+00  1.374E-03 
2.585E+04   3.395E+00  1.360E-03 
2.615E+04   3.367E+00  1.346E-03 
2.645E+04   3.340E+00  1.333E-03 
2.676E+04   3.313E+00  1.319E-03 
2.707E+04   3.287E+00  1.306E-03 
2.738E+04   3.260E+00  1.293E-03 
2.770E+04   3.234E+00  1.280E-03 
2.802E+04   3.208E+00  1.267E-03 
2.835E+04   3.182E+00  1.255E-03 
2.867E+04   3.156E+00  1.242E-03 
2.901E+04   3.130E+00  1.230E-03 
2.934E+04   3.105E+00  1.217E-03 
2.968E+04   3.080E+00  1.205E-03 
3.003E+04   3.055E+00  1.193E-03 
3.038E+04   3.030E+00  1.181E-03 
3.073E+04   3.006E+00  1.169E-03 
3.109E+04   2.981E+00  1.157E-03 
3.145E+04   2.957E+00  1.146E-03 
3.181E+04   2.933E+00  1.134E-03 
3.218E+04   2.909E+00  1.123E-03 
3.255E+04   2.886E+00  1.112E-03 
3.293E+04   2.862E+00  1.100E-03 
3.331E+04   2.839E+00  1.089E-03 
3.370E+04   2.816E+00  1.078E-03 
3.409E+04   2.793E+00  1.068E-03 
3.449E+04   2.770E+00  1.057E-03 
3.489E+04   2.748E+00  1.046E-03 
3.529E+04   2.725E+00  1.036E-03 
3.570E+04   2.703E+00  1.025E-03 
3.611E+04   2.681E+00  1.015E-03 
3.653E+04   2.659E+00  1.005E-03 
3.696E+04   2.638E+00  9.946E-04 
3.738E+04   2.616E+00  9.846E-04 
3.782E+04   2.595E+00  9.747E-04 
3.826E+04   2.574E+00  9.648E-04 
3.870E+04   2.553E+00  9.551E-04 
3.915E+04   2.532E+00  9.455E-04 
3.960E+04   2.511E+00  9.360E-04 
4.006E+04   2.491E+00  9.265E-04 
4.053E+04   2.471E+00  9.172E-04 
4.100E+04   2.450E+00  9.079E-04 
4.147E+04   2.430E+00  8.988E-04 
4.195E+04   2.411E+00  8.897E-04 
4.244E+04   2.391E+00  8.807E-04 
4.293E+04   2.371E+00  8.718E-04 
4.343E+04   2.352E+00  8.630E-04 
4.394E+04   2.333E+00  8.543E-04 
4.444E+04   2.314E+00  8.457E-04 
4.496E+04   2.295E+00  8.371E-04 
4.548E+04   2.276E+00  8.287E-04 
4.601E+04   2.258E+00  8.203E-04 
4.654E+04   2.239E+00  8.120E-04 
4.708E+04   2.221E+00  8.038E-04 
4.763E+04   2.203E+00  7.957E-04 
4.818E+04   2.185E+00  7.876E-04 
4.874E+04   2.167E+00  7.796E-04 
4.931E+04   2.149E+00  7.717E-04 
4.988E+04   2.132E+00  7.639E-04 
5.046E+04   2.115E+00  7.562E-04 
5.104E+04   2.097E+00  7.485E-04 
5.163E+04   2.080E+00  7.410E-04 
5.223E+04   2.063E+00  7.335E-04 
5.284E+04   2.046E+00  7.260E-04 
5.345E+04   2.030E+00  7.187E-04 
5.407E+04   2.013E+00  7.114E-04 
5.470E+04   1.997E+00  7.042E-04 
5.533E+04   1.981E+00  6.970E-04 
5.597E+04   1.964E+00  6.900E-04 
5.662E+04   1.949E+00  6.830E-04 
5.728E+04   1.933E+00  6.761E-04 
5.794E+04   1.917E+00  6.692E-04 
5.862E+04   1.901E+00  6.624E-04 
5.930E+04   1.886E+00  6.557E-04 
5.998E+04   1.871E+00  6.490E-04 
6.068E+04   1.855E+00  6.424E-04 
6.138E+04   1.840E+00  6.359E-04 
6.210E+04   1.825E+00  6.295E-04 
6.282E+04   1.811E+00  6.231E-04 
6.354E+04   1.796E+00  6.167E-04 
6.428E+04   1.781E+00  6.105E-04 
6.503E+04   1.767E+00  6.043E-04 
6.578E+04   1.753E+00  5.981E-04 
6.654E+04   1.739E+00  5.921E-04 
6.732E+04   1.725E+00  5.860E-04 
6.810E+04   1.711E+00  5.801E-04 
6.889E+04   1.697E+00  5.742E-04 
6.969E+04   1.683E+00  5.683E-04 
7.049E+04   1.670E+00  5.626E-04 
7.131E+04   1.656E+00  5.568E-04 
7.214E+04   1.643E+00  5.512E-04 
7.298E+04   1.630E+00  5.456E-04 
7.382E+04   1.616E+00  5.400E-04 
7.468E+04   1.603E+00  5.345E-04 
7.555E+04   1.591E+00  5.291E-04 
7.642E+04   1.578E+00  5.237E-04 
7.731E+04   1.565E+00  5.183E-04 
7.820E+04   1.553E+00  5.131E-04 
7.911E+04   1.540E+00  5.078E-04 
8.003E+04   1.528E+00  5.027E-04 
8.096E+04   1.516E+00  4.975E-04 
8.190E+04   1.504E+00  4.925E-04 
8.285E+04   1.492E+00  4.874E-04 
8.381E+04   1.480E+00  4.825E-04 
8.478E+04   1.468E+00  4.775E-04 
8.576E+04   1.456E+00  4.727E-04 
8.676E+04   1.445E+00  4.679E-04 
8.776E+04   1.433E+00  4.631E-04 
8.878E+04   1.422E+00  4.584E-04 
8.981E+04   1.411E+00  4.537E-04 
9.085E+04   1.400E+00  4.490E-04 
9.191E+04   1.388E+00  4.445E-04 
9.297E+04   1.377E+00  4.399E-04 
9.405E+04   1.367E+00  4.354E-04 
9.514E+04   1.356E+00  4.310E-04 
9.625E+04   1.345E+00  4.266E-04 
9.736E+04   1.335E+00  4.222E-04 
9.849E+04   1.324E+00  4.179E-04 
9.963E+04   1.314E+00  4.136E-04 
1.008E+05   1.304E+00  4.094E-04 
