Ion = Hydrogen    . Mass = 1.0079
Tgt = Nb (Solid). Density = 8.57 g/cm3
Stopping Units =  eV/(1E15 atoms/cm2)
Energy(keV)  S(Elec)    S(Nuc)
1.000E+00   6.349E+00  3.745E-01 
1.012E+00   6.385E+00  3.746E-01 
1.023E+00   6.422E+00  3.747E-01 
1.035E+00   6.459E+00  3.749E-01 
1.047E+00   6.497E+00  3.750E-01 
1.059E+00   6.534E+00  3.751E-01 
1.072E+00   6.572E+00  3.752E-01 
1.084E+00   6.610E+00  3.753E-01 
1.097E+00   6.648E+00  3.754E-01 
1.109E+00   6.687E+00  3.755E-01 
1.122E+00   6.725E+00  3.756E-01 
1.135E+00   6.764E+00  3.757E-01 
1.148E+00   6.803E+00  3.757E-01 
1.162E+00   6.843E+00  3.758E-01 
1.175E+00   6.882E+00  3.758E-01 
1.189E+00   6.922E+00  3.759E-01 
1.203E+00   6.962E+00  3.759E-01 
1.217E+00   7.002E+00  3.759E-01 
1.231E+00   7.043E+00  3.760E-01 
1.245E+00   7.084E+00  3.760E-01 
1.259E+00   7.125E+00  3.760E-01 
1.274E+00   7.166E+00  3.760E-01 
1.289E+00   7.207E+00  3.760E-01 
1.304E+00   7.249E+00  3.760E-01 
1.319E+00   7.291E+00  3.760E-01 
1.334E+00   7.333E+00  3.759E-01 
1.350E+00   7.375E+00  3.759E-01 
1.365E+00   7.418E+00  3.758E-01 
1.381E+00   7.461E+00  3.758E-01 
1.397E+00   7.504E+00  3.757E-01 
1.413E+00   7.548E+00  3.757E-01 
1.430E+00   7.591E+00  3.756E-01 
1.446E+00   7.635E+00  3.755E-01 
1.463E+00   7.679E+00  3.754E-01 
1.480E+00   7.724E+00  3.753E-01 
1.497E+00   7.768E+00  3.752E-01 
1.515E+00   7.813E+00  3.751E-01 
1.532E+00   7.858E+00  3.750E-01 
1.550E+00   7.904E+00  3.749E-01 
1.568E+00   7.950E+00  3.747E-01 
1.586E+00   7.996E+00  3.746E-01 
1.605E+00   8.042E+00  3.744E-01 
1.623E+00   8.088E+00  3.743E-01 
1.642E+00   8.135E+00  3.741E-01 
1.661E+00   8.182E+00  3.739E-01 
1.680E+00   8.229E+00  3.737E-01 
1.700E+00   8.277E+00  3.735E-01 
1.719E+00   8.325E+00  3.733E-01 
1.739E+00   8.373E+00  3.731E-01 
1.760E+00   8.421E+00  3.729E-01 
1.780E+00   8.470E+00  3.727E-01 
1.801E+00   8.519E+00  3.725E-01 
1.822E+00   8.568E+00  3.722E-01 
1.843E+00   8.618E+00  3.720E-01 
1.864E+00   8.668E+00  3.717E-01 
1.886E+00   8.718E+00  3.715E-01 
1.908E+00   8.768E+00  3.712E-01 
1.930E+00   8.819E+00  3.709E-01 
1.952E+00   8.870E+00  3.706E-01 
1.975E+00   8.921E+00  3.703E-01 
1.998E+00   8.973E+00  3.700E-01 
2.021E+00   9.024E+00  3.697E-01 
2.044E+00   9.072E+00  3.694E-01 
2.068E+00   9.120E+00  3.691E-01 
2.092E+00   9.168E+00  3.688E-01 
2.116E+00   9.218E+00  3.684E-01 
2.141E+00   9.267E+00  3.681E-01 
2.166E+00   9.317E+00  3.677E-01 
2.191E+00   9.367E+00  3.673E-01 
2.216E+00   9.418E+00  3.670E-01 
2.242E+00   9.469E+00  3.666E-01 
2.268E+00   9.521E+00  3.662E-01 
2.294E+00   9.573E+00  3.658E-01 
2.321E+00   9.625E+00  3.654E-01 
2.348E+00   9.678E+00  3.650E-01 
2.375E+00   9.732E+00  3.646E-01 
2.402E+00   9.786E+00  3.641E-01 
2.430E+00   9.840E+00  3.637E-01 
2.458E+00   9.895E+00  3.632E-01 
2.487E+00   9.950E+00  3.628E-01 
2.516E+00   1.001E+01  3.623E-01 
2.545E+00   1.006E+01  3.619E-01 
2.574E+00   1.012E+01  3.614E-01 
2.604E+00   1.018E+01  3.609E-01 
2.635E+00   1.023E+01  3.604E-01 
2.665E+00   1.029E+01  3.599E-01 
2.696E+00   1.035E+01  3.594E-01 
2.727E+00   1.041E+01  3.589E-01 
2.759E+00   1.047E+01  3.583E-01 
2.791E+00   1.053E+01  3.578E-01 
2.823E+00   1.059E+01  3.573E-01 
2.856E+00   1.065E+01  3.567E-01 
2.889E+00   1.072E+01  3.562E-01 
2.923E+00   1.078E+01  3.556E-01 
2.957E+00   1.084E+01  3.550E-01 
2.991E+00   1.091E+01  3.545E-01 
3.026E+00   1.097E+01  3.539E-01 
3.061E+00   1.104E+01  3.533E-01 
3.096E+00   1.110E+01  3.527E-01 
3.132E+00   1.117E+01  3.521E-01 
3.168E+00   1.123E+01  3.515E-01 
3.205E+00   1.130E+01  3.508E-01 
3.242E+00   1.137E+01  3.502E-01 
3.280E+00   1.144E+01  3.496E-01 
3.318E+00   1.151E+01  3.489E-01 
3.356E+00   1.158E+01  3.483E-01 
3.395E+00   1.165E+01  3.476E-01 
3.435E+00   1.172E+01  3.469E-01 
3.475E+00   1.179E+01  3.463E-01 
3.515E+00   1.186E+01  3.456E-01 
3.556E+00   1.193E+01  3.449E-01 
3.597E+00   1.201E+01  3.442E-01 
3.639E+00   1.208E+01  3.435E-01 
3.681E+00   1.216E+01  3.428E-01 
3.724E+00   1.223E+01  3.420E-01 
3.767E+00   1.231E+01  3.413E-01 
3.810E+00   1.239E+01  3.406E-01 
3.855E+00   1.246E+01  3.398E-01 
3.899E+00   1.254E+01  3.391E-01 
3.945E+00   1.262E+01  3.383E-01 
3.990E+00   1.270E+01  3.376E-01 
4.037E+00   1.278E+01  3.368E-01 
4.083E+00   1.286E+01  3.360E-01 
4.131E+00   1.295E+01  3.353E-01 
4.179E+00   1.303E+01  3.345E-01 
4.227E+00   1.311E+01  3.337E-01 
4.276E+00   1.320E+01  3.329E-01 
4.326E+00   1.328E+01  3.321E-01 
4.376E+00   1.337E+01  3.313E-01 
4.427E+00   1.346E+01  3.304E-01 
4.478E+00   1.354E+01  3.296E-01 
4.530E+00   1.363E+01  3.288E-01 
4.583E+00   1.372E+01  3.279E-01 
4.636E+00   1.381E+01  3.271E-01 
4.690E+00   1.390E+01  3.262E-01 
4.744E+00   1.399E+01  3.254E-01 
4.799E+00   1.408E+01  3.245E-01 
4.855E+00   1.418E+01  3.236E-01 
4.911E+00   1.427E+01  3.228E-01 
4.968E+00   1.437E+01  3.219E-01 
5.026E+00   1.446E+01  3.210E-01 
5.084E+00   1.456E+01  3.201E-01 
5.143E+00   1.466E+01  3.192E-01 
5.202E+00   1.475E+01  3.183E-01 
5.263E+00   1.485E+01  3.174E-01 
5.324E+00   1.495E+01  3.165E-01 
5.386E+00   1.505E+01  3.156E-01 
5.448E+00   1.515E+01  3.146E-01 
5.511E+00   1.526E+01  3.137E-01 
5.575E+00   1.536E+01  3.128E-01 
5.640E+00   1.546E+01  3.118E-01 
5.705E+00   1.557E+01  3.109E-01 
5.771E+00   1.567E+01  3.099E-01 
5.838E+00   1.578E+01  3.090E-01 
5.906E+00   1.589E+01  3.080E-01 
5.975E+00   1.600E+01  3.070E-01 
6.044E+00   1.611E+01  3.061E-01 
6.114E+00   1.622E+01  3.051E-01 
6.185E+00   1.633E+01  3.041E-01 
6.257E+00   1.644E+01  3.031E-01 
6.329E+00   1.655E+01  3.021E-01 
6.403E+00   1.667E+01  3.011E-01 
6.477E+00   1.678E+01  3.001E-01 
6.552E+00   1.690E+01  2.991E-01 
6.628E+00   1.701E+01  2.981E-01 
6.705E+00   1.713E+01  2.971E-01 
6.783E+00   1.725E+01  2.961E-01 
6.861E+00   1.737E+01  2.950E-01 
6.941E+00   1.749E+01  2.940E-01 
7.021E+00   1.761E+01  2.930E-01 
7.103E+00   1.773E+01  2.920E-01 
7.185E+00   1.785E+01  2.909E-01 
7.269E+00   1.797E+01  2.899E-01 
7.353E+00   1.810E+01  2.888E-01 
7.438E+00   1.822E+01  2.878E-01 
7.524E+00   1.835E+01  2.867E-01 
7.612E+00   1.848E+01  2.857E-01 
7.700E+00   1.860E+01  2.846E-01 
7.789E+00   1.873E+01  2.836E-01 
7.880E+00   1.886E+01  2.825E-01 
7.971E+00   1.899E+01  2.814E-01 
8.064E+00   1.912E+01  2.803E-01 
8.157E+00   1.925E+01  2.793E-01 
8.252E+00   1.938E+01  2.782E-01 
8.347E+00   1.951E+01  2.771E-01 
8.444E+00   1.965E+01  2.760E-01 
8.542E+00   1.978E+01  2.749E-01 
8.641E+00   1.991E+01  2.739E-01 
8.741E+00   2.005E+01  2.728E-01 
8.843E+00   2.019E+01  2.717E-01 
8.945E+00   2.032E+01  2.706E-01 
9.049E+00   2.046E+01  2.695E-01 
9.154E+00   2.060E+01  2.684E-01 
9.260E+00   2.073E+01  2.673E-01 
9.368E+00   2.087E+01  2.662E-01 
9.476E+00   2.101E+01  2.651E-01 
9.586E+00   2.115E+01  2.640E-01 
9.698E+00   2.129E+01  2.628E-01 
9.810E+00   2.143E+01  2.617E-01 
9.924E+00   2.157E+01  2.606E-01 
1.004E+01   2.171E+01  2.595E-01 
1.016E+01   2.185E+01  2.584E-01 
1.027E+01   2.199E+01  2.573E-01 
1.039E+01   2.213E+01  2.561E-01 
1.051E+01   2.228E+01  2.550E-01 
1.063E+01   2.242E+01  2.539E-01 
1.076E+01   2.256E+01  2.528E-01 
1.088E+01   2.270E+01  2.516E-01 
1.101E+01   2.285E+01  2.505E-01 
1.114E+01   2.299E+01  2.494E-01 
1.127E+01   2.313E+01  2.483E-01 
1.140E+01   2.328E+01  2.471E-01 
1.153E+01   2.342E+01  2.460E-01 
1.166E+01   2.356E+01  2.449E-01 
1.180E+01   2.370E+01  2.437E-01 
1.193E+01   2.385E+01  2.426E-01 
1.207E+01   2.399E+01  2.415E-01 
1.221E+01   2.413E+01  2.403E-01 
1.235E+01   2.428E+01  2.392E-01 
1.250E+01   2.442E+01  2.381E-01 
1.264E+01   2.456E+01  2.369E-01 
1.279E+01   2.470E+01  2.358E-01 
1.294E+01   2.484E+01  2.347E-01 
1.309E+01   2.499E+01  2.335E-01 
1.324E+01   2.513E+01  2.324E-01 
1.339E+01   2.527E+01  2.313E-01 
1.355E+01   2.541E+01  2.301E-01 
1.371E+01   2.555E+01  2.290E-01 
1.387E+01   2.569E+01  2.279E-01 
1.403E+01   2.583E+01  2.267E-01 
1.419E+01   2.597E+01  2.256E-01 
1.435E+01   2.611E+01  2.245E-01 
1.452E+01   2.625E+01  2.233E-01 
1.469E+01   2.638E+01  2.222E-01 
1.486E+01   2.652E+01  2.211E-01 
1.503E+01   2.666E+01  2.199E-01 
1.521E+01   2.680E+01  2.188E-01 
1.538E+01   2.693E+01  2.177E-01 
1.556E+01   2.707E+01  2.166E-01 
1.574E+01   2.721E+01  2.154E-01 
1.592E+01   2.734E+01  2.143E-01 
1.611E+01   2.748E+01  2.132E-01 
1.629E+01   2.761E+01  2.121E-01 
1.648E+01   2.775E+01  2.109E-01 
1.667E+01   2.788E+01  2.098E-01 
1.687E+01   2.801E+01  2.087E-01 
1.706E+01   2.815E+01  2.076E-01 
1.726E+01   2.828E+01  2.065E-01 
1.746E+01   2.841E+01  2.053E-01 
1.766E+01   2.855E+01  2.042E-01 
1.787E+01   2.868E+01  2.031E-01 
1.808E+01   2.881E+01  2.020E-01 
1.829E+01   2.894E+01  2.009E-01 
1.850E+01   2.908E+01  1.998E-01 
1.871E+01   2.921E+01  1.987E-01 
1.893E+01   2.934E+01  1.976E-01 
1.915E+01   2.947E+01  1.965E-01 
1.937E+01   2.960E+01  1.954E-01 
1.960E+01   2.973E+01  1.943E-01 
1.982E+01   2.987E+01  1.932E-01 
2.005E+01   3.000E+01  1.921E-01 
2.029E+01   3.013E+01  1.910E-01 
2.052E+01   3.026E+01  1.899E-01 
2.076E+01   3.039E+01  1.888E-01 
2.100E+01   3.053E+01  1.878E-01 
2.124E+01   3.066E+01  1.867E-01 
2.149E+01   3.079E+01  1.856E-01 
2.174E+01   3.092E+01  1.845E-01 
2.199E+01   3.106E+01  1.834E-01 
2.225E+01   3.119E+01  1.824E-01 
2.250E+01   3.132E+01  1.813E-01 
2.277E+01   3.146E+01  1.802E-01 
2.303E+01   3.159E+01  1.792E-01 
2.330E+01   3.173E+01  1.781E-01 
2.357E+01   3.186E+01  1.771E-01 
2.384E+01   3.200E+01  1.760E-01 
2.412E+01   3.213E+01  1.749E-01 
2.440E+01   3.227E+01  1.739E-01 
2.468E+01   3.240E+01  1.728E-01 
2.497E+01   3.254E+01  1.718E-01 
2.526E+01   3.268E+01  1.708E-01 
2.555E+01   3.282E+01  1.697E-01 
2.584E+01   3.295E+01  1.687E-01 
2.614E+01   3.309E+01  1.677E-01 
2.645E+01   3.323E+01  1.666E-01 
2.675E+01   3.337E+01  1.656E-01 
2.707E+01   3.351E+01  1.646E-01 
2.738E+01   3.365E+01  1.636E-01 
2.770E+01   3.379E+01  1.625E-01 
2.802E+01   3.393E+01  1.615E-01 
2.834E+01   3.407E+01  1.605E-01 
2.867E+01   3.422E+01  1.595E-01 
2.900E+01   3.436E+01  1.585E-01 
2.934E+01   3.450E+01  1.575E-01 
2.968E+01   3.464E+01  1.565E-01 
3.003E+01   3.479E+01  1.555E-01 
3.037E+01   3.493E+01  1.545E-01 
3.073E+01   3.508E+01  1.536E-01 
3.108E+01   3.522E+01  1.526E-01 
3.144E+01   3.536E+01  1.516E-01 
3.181E+01   3.551E+01  1.506E-01 
3.218E+01   3.565E+01  1.496E-01 
3.255E+01   3.580E+01  1.487E-01 
3.293E+01   3.594E+01  1.477E-01 
3.331E+01   3.609E+01  1.468E-01 
3.370E+01   3.623E+01  1.458E-01 
3.409E+01   3.638E+01  1.448E-01 
3.448E+01   3.652E+01  1.439E-01 
3.488E+01   3.667E+01  1.430E-01 
3.529E+01   3.681E+01  1.420E-01 
3.570E+01   3.695E+01  1.411E-01 
3.611E+01   3.710E+01  1.401E-01 
3.653E+01   3.724E+01  1.392E-01 
3.695E+01   3.738E+01  1.383E-01 
3.738E+01   3.753E+01  1.374E-01 
3.781E+01   3.767E+01  1.364E-01 
3.825E+01   3.781E+01  1.355E-01 
3.870E+01   3.795E+01  1.346E-01 
3.915E+01   3.809E+01  1.337E-01 
3.960E+01   3.823E+01  1.328E-01 
4.006E+01   3.837E+01  1.319E-01 
4.052E+01   3.851E+01  1.310E-01 
4.099E+01   3.864E+01  1.301E-01 
4.147E+01   3.878E+01  1.292E-01 
4.195E+01   3.892E+01  1.283E-01 
4.244E+01   3.905E+01  1.275E-01 
4.293E+01   3.918E+01  1.266E-01 
4.343E+01   3.932E+01  1.257E-01 
4.393E+01   3.945E+01  1.249E-01 
4.444E+01   3.958E+01  1.240E-01 
4.496E+01   3.970E+01  1.231E-01 
4.548E+01   3.983E+01  1.223E-01 
4.600E+01   3.996E+01  1.214E-01 
4.654E+01   4.008E+01  1.206E-01 
4.708E+01   4.020E+01  1.197E-01 
4.762E+01   4.033E+01  1.189E-01 
4.818E+01   4.045E+01  1.181E-01 
4.873E+01   4.056E+01  1.172E-01 
4.930E+01   4.068E+01  1.164E-01 
4.987E+01   4.079E+01  1.156E-01 
5.045E+01   4.091E+01  1.148E-01 
5.104E+01   4.102E+01  1.139E-01 
5.163E+01   4.113E+01  1.131E-01 
5.223E+01   4.123E+01  1.123E-01 
5.283E+01   4.134E+01  1.115E-01 
5.344E+01   4.144E+01  1.107E-01 
5.406E+01   4.154E+01  1.099E-01 
5.469E+01   4.164E+01  1.091E-01 
5.533E+01   4.173E+01  1.083E-01 
5.597E+01   4.183E+01  1.076E-01 
5.662E+01   4.192E+01  1.068E-01 
5.727E+01   4.201E+01  1.060E-01 
5.794E+01   4.210E+01  1.052E-01 
5.861E+01   4.218E+01  1.045E-01 
5.929E+01   4.226E+01  1.037E-01 
5.998E+01   4.234E+01  1.030E-01 
6.067E+01   4.242E+01  1.022E-01 
6.138E+01   4.249E+01  1.015E-01 
6.209E+01   4.256E+01  1.007E-01 
6.281E+01   4.263E+01  9.997E-02 
6.354E+01   4.270E+01  9.924E-02 
6.427E+01   4.276E+01  9.850E-02 
6.502E+01   4.282E+01  9.777E-02 
6.577E+01   4.288E+01  9.705E-02 
6.654E+01   4.294E+01  9.633E-02 
6.731E+01   4.299E+01  9.561E-02 
6.809E+01   4.304E+01  9.490E-02 
6.888E+01   4.309E+01  9.419E-02 
6.968E+01   4.313E+01  9.349E-02 
7.049E+01   4.317E+01  9.279E-02 
7.130E+01   4.321E+01  9.209E-02 
7.213E+01   4.325E+01  9.140E-02 
7.297E+01   4.328E+01  9.071E-02 
7.381E+01   4.331E+01  9.003E-02 
7.467E+01   4.334E+01  8.935E-02 
7.554E+01   4.336E+01  8.867E-02 
7.641E+01   4.338E+01  8.800E-02 
7.730E+01   4.340E+01  8.733E-02 
7.820E+01   4.341E+01  8.666E-02 
7.910E+01   4.343E+01  8.600E-02 
8.002E+01   4.343E+01  8.535E-02 
8.095E+01   4.344E+01  8.470E-02 
8.189E+01   4.344E+01  8.405E-02 
8.284E+01   4.344E+01  8.340E-02 
8.380E+01   4.344E+01  8.276E-02 
8.477E+01   4.343E+01  8.212E-02 
8.575E+01   4.343E+01  8.149E-02 
8.675E+01   4.341E+01  8.086E-02 
8.775E+01   4.340E+01  8.024E-02 
8.877E+01   4.338E+01  7.962E-02 
8.980E+01   4.336E+01  7.900E-02 
9.084E+01   4.334E+01  7.839E-02 
9.190E+01   4.331E+01  7.778E-02 
9.296E+01   4.328E+01  7.717E-02 
9.404E+01   4.325E+01  7.657E-02 
9.513E+01   4.321E+01  7.597E-02 
9.624E+01   4.317E+01  7.538E-02 
9.735E+01   4.313E+01  7.479E-02 
9.848E+01   4.309E+01  7.420E-02 
9.962E+01   4.304E+01  7.362E-02 
1.008E+02   4.299E+01  7.304E-02 
1.019E+02   4.294E+01  7.246E-02 
1.031E+02   4.289E+01  7.189E-02 
1.043E+02   4.283E+01  7.132E-02 
1.055E+02   4.277E+01  7.076E-02 
1.068E+02   4.271E+01  7.020E-02 
1.080E+02   4.264E+01  6.964E-02 
1.093E+02   4.257E+01  6.909E-02 
1.105E+02   4.250E+01  6.854E-02 
1.118E+02   4.243E+01  6.799E-02 
1.131E+02   4.235E+01  6.745E-02 
1.144E+02   4.227E+01  6.691E-02 
1.157E+02   4.219E+01  6.638E-02 
1.171E+02   4.211E+01  6.584E-02 
1.184E+02   4.203E+01  6.532E-02 
1.198E+02   4.194E+01  6.479E-02 
1.212E+02   4.185E+01  6.427E-02 
1.226E+02   4.176E+01  6.375E-02 
1.240E+02   4.166E+01  6.324E-02 
1.255E+02   4.156E+01  6.273E-02 
1.269E+02   4.147E+01  6.222E-02 
1.284E+02   4.136E+01  6.289E-02 
1.299E+02   4.126E+01  6.238E-02 
1.314E+02   4.116E+01  6.187E-02 
1.329E+02   4.105E+01  6.137E-02 
1.345E+02   4.094E+01  6.087E-02 
1.360E+02   4.083E+01  6.037E-02 
1.376E+02   4.072E+01  5.988E-02 
1.392E+02   4.060E+01  5.939E-02 
1.408E+02   4.048E+01  5.890E-02 
1.424E+02   4.036E+01  5.842E-02 
1.441E+02   4.024E+01  5.794E-02 
1.458E+02   4.012E+01  5.746E-02 
1.475E+02   4.000E+01  5.699E-02 
1.492E+02   3.987E+01  5.652E-02 
1.509E+02   3.975E+01  5.605E-02 
1.526E+02   3.962E+01  5.559E-02 
1.544E+02   3.949E+01  5.513E-02 
1.562E+02   3.935E+01  5.467E-02 
1.580E+02   3.922E+01  5.421E-02 
1.598E+02   3.909E+01  5.376E-02 
1.617E+02   3.895E+01  5.332E-02 
1.636E+02   3.881E+01  5.287E-02 
1.655E+02   3.867E+01  5.243E-02 
1.674E+02   3.853E+01  5.199E-02 
1.693E+02   3.839E+01  5.156E-02 
1.713E+02   3.825E+01  5.113E-02 
1.733E+02   3.810E+01  5.070E-02 
1.753E+02   3.796E+01  5.027E-02 
1.773E+02   3.781E+01  4.985E-02 
1.794E+02   3.767E+01  4.943E-02 
1.815E+02   3.752E+01  4.902E-02 
1.836E+02   3.737E+01  4.860E-02 
1.857E+02   3.722E+01  4.819E-02 
1.879E+02   3.707E+01  4.779E-02 
1.900E+02   3.691E+01  4.738E-02 
1.922E+02   3.676E+01  4.698E-02 
1.945E+02   3.661E+01  4.658E-02 
1.967E+02   3.645E+01  4.619E-02 
1.990E+02   3.630E+01  4.580E-02 
2.013E+02   3.614E+01  4.541E-02 
2.036E+02   3.598E+01  4.502E-02 
2.060E+02   3.582E+01  4.464E-02 
2.084E+02   3.567E+01  4.426E-02 
2.108E+02   3.551E+01  4.388E-02 
2.133E+02   3.535E+01  4.350E-02 
2.157E+02   3.519E+01  4.313E-02 
2.182E+02   3.502E+01  4.276E-02 
2.208E+02   3.486E+01  4.240E-02 
2.233E+02   3.470E+01  4.203E-02 
2.259E+02   3.454E+01  4.167E-02 
2.285E+02   3.438E+01  4.131E-02 
2.312E+02   3.421E+01  4.096E-02 
2.339E+02   3.405E+01  4.061E-02 
2.366E+02   3.388E+01  4.026E-02 
2.393E+02   3.372E+01  3.991E-02 
2.421E+02   3.356E+01  3.956E-02 
2.449E+02   3.339E+01  3.922E-02 
2.478E+02   3.323E+01  3.888E-02 
2.506E+02   3.306E+01  3.855E-02 
2.535E+02   3.289E+01  3.821E-02 
2.565E+02   3.273E+01  3.788E-02 
2.595E+02   3.256E+01  3.755E-02 
2.625E+02   3.240E+01  3.723E-02 
2.655E+02   3.223E+01  3.690E-02 
2.686E+02   3.206E+01  3.658E-02 
2.717E+02   3.190E+01  3.626E-02 
2.749E+02   3.173E+01  3.595E-02 
2.780E+02   3.156E+01  3.563E-02 
2.813E+02   3.140E+01  3.532E-02 
2.845E+02   3.123E+01  3.501E-02 
2.878E+02   3.106E+01  3.470E-02 
2.912E+02   3.090E+01  3.440E-02 
2.945E+02   3.073E+01  3.410E-02 
2.980E+02   3.057E+01  3.380E-02 
3.014E+02   3.040E+01  3.350E-02 
3.049E+02   3.023E+01  3.321E-02 
3.085E+02   3.007E+01  3.292E-02 
3.120E+02   2.990E+01  3.263E-02 
3.156E+02   2.974E+01  3.234E-02 
3.193E+02   2.957E+01  3.205E-02 
3.230E+02   2.940E+01  3.177E-02 
3.268E+02   2.924E+01  3.149E-02 
3.306E+02   2.907E+01  3.121E-02 
3.344E+02   2.891E+01  3.094E-02 
3.383E+02   2.875E+01  3.066E-02 
3.422E+02   2.858E+01  3.039E-02 
3.462E+02   2.842E+01  3.012E-02 
3.502E+02   2.825E+01  2.985E-02 
3.542E+02   2.809E+01  2.959E-02 
3.583E+02   2.793E+01  2.933E-02 
3.625E+02   2.776E+01  2.907E-02 
3.667E+02   2.760E+01  2.881E-02 
3.710E+02   2.744E+01  2.855E-02 
3.753E+02   2.728E+01  2.830E-02 
3.796E+02   2.712E+01  2.804E-02 
3.840E+02   2.696E+01  2.779E-02 
3.885E+02   2.680E+01  2.754E-02 
3.930E+02   2.664E+01  2.730E-02 
3.975E+02   2.648E+01  2.705E-02 
4.021E+02   2.632E+01  2.681E-02 
4.068E+02   2.616E+01  2.657E-02 
4.115E+02   2.600E+01  2.633E-02 
4.163E+02   2.584E+01  2.610E-02 
4.211E+02   2.569E+01  2.586E-02 
4.260E+02   2.553E+01  2.563E-02 
4.310E+02   2.537E+01  2.540E-02 
4.360E+02   2.522E+01  2.517E-02 
4.410E+02   2.506E+01  2.495E-02 
4.461E+02   2.491E+01  2.472E-02 
4.513E+02   2.475E+01  2.450E-02 
4.565E+02   2.460E+01  2.428E-02 
4.618E+02   2.445E+01  2.406E-02 
4.672E+02   2.429E+01  2.384E-02 
4.726E+02   2.414E+01  2.363E-02 
4.781E+02   2.399E+01  2.341E-02 
4.836E+02   2.384E+01  2.320E-02 
4.892E+02   2.369E+01  2.299E-02 
4.949E+02   2.354E+01  2.278E-02 
5.007E+02   2.339E+01  2.257E-02 
5.065E+02   2.324E+01  2.237E-02 
5.123E+02   2.309E+01  2.217E-02 
5.183E+02   2.294E+01  2.197E-02 
5.243E+02   2.280E+01  2.177E-02 
5.304E+02   2.265E+01  2.157E-02 
5.365E+02   2.251E+01  2.137E-02 
5.428E+02   2.236E+01  2.118E-02 
5.490E+02   2.222E+01  2.098E-02 
5.554E+02   2.207E+01  2.079E-02 
5.619E+02   2.193E+01  2.060E-02 
5.684E+02   2.179E+01  2.041E-02 
5.750E+02   2.164E+01  2.023E-02 
5.816E+02   2.150E+01  2.004E-02 
5.884E+02   2.136E+01  1.986E-02 
5.952E+02   2.122E+01  1.968E-02 
6.021E+02   2.108E+01  1.950E-02 
6.091E+02   2.094E+01  1.932E-02 
6.162E+02   2.080E+01  1.914E-02 
6.233E+02   2.067E+01  1.897E-02 
6.305E+02   2.053E+01  1.879E-02 
6.378E+02   2.039E+01  1.862E-02 
6.452E+02   2.026E+01  1.845E-02 
6.527E+02   2.012E+01  1.828E-02 
6.603E+02   1.999E+01  1.811E-02 
6.680E+02   1.985E+01  1.794E-02 
6.757E+02   1.972E+01  1.778E-02 
6.835E+02   1.959E+01  1.761E-02 
6.915E+02   1.946E+01  1.745E-02 
6.995E+02   1.932E+01  1.729E-02 
7.076E+02   1.919E+01  1.713E-02 
7.158E+02   1.906E+01  1.697E-02 
7.241E+02   1.893E+01  1.682E-02 
7.325E+02   1.881E+01  1.666E-02 
7.410E+02   1.868E+01  1.651E-02 
7.496E+02   1.855E+01  1.635E-02 
7.583E+02   1.842E+01  1.620E-02 
7.671E+02   1.830E+01  1.605E-02 
7.760E+02   1.817E+01  1.590E-02 
7.850E+02   1.805E+01  1.576E-02 
7.941E+02   1.792E+01  1.561E-02 
8.033E+02   1.780E+01  1.547E-02 
8.126E+02   1.768E+01  1.532E-02 
8.221E+02   1.756E+01  1.518E-02 
8.316E+02   1.743E+01  1.504E-02 
8.412E+02   1.731E+01  1.490E-02 
8.510E+02   1.719E+01  1.476E-02 
8.609E+02   1.707E+01  1.462E-02 
8.709E+02   1.695E+01  1.449E-02 
8.810E+02   1.684E+01  1.435E-02 
8.912E+02   1.672E+01  1.422E-02 
9.015E+02   1.660E+01  1.408E-02 
9.120E+02   1.649E+01  1.395E-02 
9.225E+02   1.637E+01  1.382E-02 
9.332E+02   1.626E+01  1.369E-02 
9.441E+02   1.614E+01  1.357E-02 
9.550E+02   1.603E+01  1.344E-02 
9.661E+02   1.591E+01  1.331E-02 
9.773E+02   1.580E+01  1.319E-02 
9.886E+02   1.569E+01  1.306E-02 
1.000E+03   1.558E+01  1.294E-02 
1.012E+03   1.548E+01  1.282E-02 
1.023E+03   1.540E+01  1.270E-02 
1.035E+03   1.532E+01  1.258E-02 
1.047E+03   1.523E+01  1.246E-02 
1.059E+03   1.515E+01  1.235E-02 
1.072E+03   1.506E+01  1.223E-02 
1.084E+03   1.498E+01  1.211E-02 
1.097E+03   1.489E+01  1.200E-02 
1.109E+03   1.480E+01  1.189E-02 
1.122E+03   1.471E+01  1.178E-02 
1.135E+03   1.462E+01  1.167E-02 
1.149E+03   1.453E+01  1.156E-02 
1.162E+03   1.444E+01  1.145E-02 
1.175E+03   1.434E+01  1.134E-02 
1.189E+03   1.425E+01  1.123E-02 
1.203E+03   1.415E+01  1.113E-02 
1.217E+03   1.406E+01  1.102E-02 
1.231E+03   1.397E+01  1.092E-02 
1.245E+03   1.388E+01  1.081E-02 
1.260E+03   1.379E+01  1.071E-02 
1.274E+03   1.371E+01  1.061E-02 
1.289E+03   1.362E+01  1.051E-02 
1.304E+03   1.354E+01  1.041E-02 
1.319E+03   1.345E+01  1.031E-02 
1.334E+03   1.336E+01  1.021E-02 
1.350E+03   1.328E+01  1.012E-02 
1.365E+03   1.320E+01  1.002E-02 
1.381E+03   1.311E+01  9.925E-03 
1.397E+03   1.303E+01  9.831E-03 
1.414E+03   1.295E+01  9.737E-03 
1.430E+03   1.286E+01  9.645E-03 
1.446E+03   1.278E+01  9.553E-03 
1.463E+03   1.270E+01  9.462E-03 
1.480E+03   1.262E+01  9.372E-03 
1.497E+03   1.254E+01  9.283E-03 
1.515E+03   1.246E+01  9.195E-03 
1.532E+03   1.238E+01  9.107E-03 
1.550E+03   1.230E+01  9.020E-03 
1.568E+03   1.222E+01  8.934E-03 
1.586E+03   1.214E+01  8.849E-03 
1.605E+03   1.206E+01  8.765E-03 
1.623E+03   1.198E+01  8.681E-03 
1.642E+03   1.190E+01  8.598E-03 
1.661E+03   1.183E+01  8.516E-03 
1.680E+03   1.175E+01  8.435E-03 
1.700E+03   1.167E+01  8.354E-03 
1.720E+03   1.160E+01  8.274E-03 
1.740E+03   1.152E+01  8.195E-03 
1.760E+03   1.144E+01  8.117E-03 
1.780E+03   1.137E+01  8.039E-03 
1.801E+03   1.129E+01  7.962E-03 
1.822E+03   1.122E+01  7.886E-03 
1.843E+03   1.115E+01  7.810E-03 
1.864E+03   1.107E+01  7.735E-03 
1.886E+03   1.100E+01  7.661E-03 
1.908E+03   1.093E+01  7.588E-03 
1.930E+03   1.085E+01  7.515E-03 
1.952E+03   1.078E+01  7.443E-03 
1.975E+03   1.071E+01  7.371E-03 
1.998E+03   1.064E+01  7.300E-03 
2.021E+03   1.057E+01  7.230E-03 
2.044E+03   1.050E+01  7.161E-03 
2.068E+03   1.043E+01  7.092E-03 
2.092E+03   1.036E+01  7.024E-03 
2.116E+03   1.029E+01  6.956E-03 
2.141E+03   1.022E+01  6.889E-03 
2.166E+03   1.015E+01  6.823E-03 
2.191E+03   1.008E+01  6.757E-03 
2.216E+03   1.001E+01  6.692E-03 
2.242E+03   9.945E+00  6.627E-03 
2.268E+03   9.878E+00  6.563E-03 
2.294E+03   9.811E+00  6.500E-03 
2.321E+03   9.744E+00  6.437E-03 
2.348E+03   9.678E+00  6.375E-03 
2.375E+03   9.612E+00  6.313E-03 
2.403E+03   9.546E+00  6.252E-03 
2.431E+03   9.480E+00  6.192E-03 
2.459E+03   9.415E+00  6.132E-03 
2.487E+03   9.351E+00  6.073E-03 
2.516E+03   9.286E+00  6.014E-03 
2.545E+03   9.222E+00  5.956E-03 
2.575E+03   9.159E+00  5.898E-03 
2.605E+03   9.095E+00  5.841E-03 
2.635E+03   9.032E+00  5.784E-03 
2.665E+03   8.969E+00  5.728E-03 
2.696E+03   8.907E+00  5.673E-03 
2.728E+03   8.845E+00  5.618E-03 
2.759E+03   8.783E+00  5.563E-03 
2.791E+03   8.722E+00  5.509E-03 
2.824E+03   8.661E+00  5.456E-03 
2.856E+03   8.600E+00  5.403E-03 
2.889E+03   8.540E+00  5.350E-03 
2.923E+03   8.480E+00  5.298E-03 
2.957E+03   8.420E+00  5.247E-03 
2.991E+03   8.361E+00  5.196E-03 
3.026E+03   8.302E+00  5.145E-03 
3.061E+03   8.243E+00  5.095E-03 
3.097E+03   8.185E+00  5.046E-03 
3.132E+03   8.126E+00  4.997E-03 
3.169E+03   8.069E+00  4.948E-03 
3.206E+03   8.011E+00  4.900E-03 
3.243E+03   7.954E+00  4.852E-03 
3.280E+03   7.897E+00  4.805E-03 
3.318E+03   7.841E+00  4.758E-03 
3.357E+03   7.785E+00  4.711E-03 
3.396E+03   7.729E+00  4.665E-03 
3.435E+03   7.673E+00  4.620E-03 
3.475E+03   7.618E+00  4.575E-03 
3.515E+03   7.563E+00  4.530E-03 
3.556E+03   7.508E+00  4.486E-03 
3.597E+03   7.454E+00  4.442E-03 
3.639E+03   7.400E+00  4.399E-03 
3.681E+03   7.346E+00  4.356E-03 
3.724E+03   7.293E+00  4.313E-03 
3.767E+03   7.240E+00  4.271E-03 
3.811E+03   7.187E+00  4.229E-03 
3.855E+03   7.135E+00  4.188E-03 
3.900E+03   7.083E+00  4.147E-03 
3.945E+03   7.031E+00  4.106E-03 
3.991E+03   6.979E+00  4.066E-03 
4.037E+03   6.928E+00  4.026E-03 
4.084E+03   6.877E+00  3.987E-03 
4.131E+03   6.826E+00  3.947E-03 
4.179E+03   6.776E+00  3.909E-03 
4.228E+03   6.726E+00  3.870E-03 
4.277E+03   6.676E+00  3.832E-03 
4.326E+03   6.627E+00  3.795E-03 
4.376E+03   6.577E+00  3.757E-03 
4.427E+03   6.529E+00  3.721E-03 
4.479E+03   6.480E+00  3.684E-03 
4.531E+03   6.432E+00  3.648E-03 
4.583E+03   6.384E+00  3.612E-03 
4.636E+03   6.336E+00  3.576E-03 
4.690E+03   6.289E+00  3.541E-03 
4.744E+03   6.242E+00  3.506E-03 
4.799E+03   6.195E+00  3.472E-03 
4.855E+03   6.148E+00  3.438E-03 
4.911E+03   6.102E+00  3.404E-03 
4.968E+03   6.056E+00  3.370E-03 
5.026E+03   6.010E+00  3.337E-03 
5.084E+03   5.965E+00  3.304E-03 
5.143E+03   5.920E+00  3.272E-03 
5.203E+03   5.875E+00  3.239E-03 
5.263E+03   5.830E+00  3.208E-03 
5.324E+03   5.786E+00  3.176E-03 
5.386E+03   5.742E+00  3.145E-03 
5.449E+03   5.698E+00  3.114E-03 
5.512E+03   5.655E+00  3.083E-03 
5.576E+03   5.611E+00  3.052E-03 
5.640E+03   5.569E+00  3.022E-03 
5.706E+03   5.526E+00  2.992E-03 
5.772E+03   5.484E+00  2.963E-03 
5.839E+03   5.441E+00  2.933E-03 
5.907E+03   5.400E+00  2.904E-03 
5.975E+03   5.358E+00  2.876E-03 
6.045E+03   5.317E+00  2.847E-03 
6.115E+03   5.276E+00  2.819E-03 
6.186E+03   5.235E+00  2.791E-03 
6.257E+03   5.194E+00  2.764E-03 
6.330E+03   5.154E+00  2.736E-03 
6.403E+03   5.114E+00  2.709E-03 
6.478E+03   5.074E+00  2.682E-03 
6.553E+03   5.035E+00  2.656E-03 
6.629E+03   4.996E+00  2.629E-03 
6.706E+03   4.957E+00  2.603E-03 
6.783E+03   4.918E+00  2.577E-03 
6.862E+03   4.880E+00  2.552E-03 
6.942E+03   4.842E+00  2.527E-03 
7.022E+03   4.804E+00  2.502E-03 
7.104E+03   4.766E+00  2.477E-03 
7.186E+03   4.729E+00  2.452E-03 
7.269E+03   4.691E+00  2.428E-03 
7.354E+03   4.654E+00  2.404E-03 
7.439E+03   4.618E+00  2.380E-03 
7.525E+03   4.581E+00  2.356E-03 
7.613E+03   4.545E+00  2.333E-03 
7.701E+03   4.509E+00  2.309E-03 
7.790E+03   4.474E+00  2.287E-03 
7.881E+03   4.438E+00  2.264E-03 
7.972E+03   4.403E+00  2.241E-03 
8.064E+03   4.368E+00  2.219E-03 
8.158E+03   4.333E+00  2.197E-03 
8.253E+03   4.299E+00  2.175E-03 
8.348E+03   4.264E+00  2.153E-03 
8.445E+03   4.230E+00  2.132E-03 
8.543E+03   4.197E+00  2.111E-03 
8.642E+03   4.163E+00  2.090E-03 
8.742E+03   4.130E+00  2.069E-03 
8.844E+03   4.097E+00  2.048E-03 
8.946E+03   4.064E+00  2.028E-03 
9.050E+03   4.031E+00  2.007E-03 
9.155E+03   3.999E+00  1.987E-03 
9.261E+03   3.967E+00  1.968E-03 
9.369E+03   3.935E+00  1.948E-03 
9.477E+03   3.903E+00  1.929E-03 
9.587E+03   3.871E+00  1.909E-03 
9.699E+03   3.840E+00  1.890E-03 
9.811E+03   3.809E+00  1.871E-03 
9.925E+03   3.778E+00  1.853E-03 
1.004E+04   3.748E+00  1.834E-03 
1.016E+04   3.717E+00  1.816E-03 
1.027E+04   3.687E+00  1.798E-03 
1.039E+04   3.657E+00  1.780E-03 
1.051E+04   3.627E+00  1.762E-03 
1.064E+04   3.598E+00  1.744E-03 
1.076E+04   3.569E+00  1.727E-03 
1.088E+04   3.540E+00  1.709E-03 
1.101E+04   3.511E+00  1.692E-03 
1.114E+04   3.482E+00  1.675E-03 
1.127E+04   3.454E+00  1.659E-03 
1.140E+04   3.425E+00  1.642E-03 
1.153E+04   3.397E+00  1.626E-03 
1.166E+04   3.369E+00  1.609E-03 
1.180E+04   3.342E+00  1.593E-03 
1.194E+04   3.314E+00  1.577E-03 
1.207E+04   3.287E+00  1.561E-03 
1.221E+04   3.260E+00  1.546E-03 
1.236E+04   3.233E+00  1.530E-03 
1.250E+04   3.206E+00  1.515E-03 
1.264E+04   3.180E+00  1.500E-03 
1.279E+04   3.154E+00  1.485E-03 
1.294E+04   3.128E+00  1.470E-03 
1.309E+04   3.102E+00  1.455E-03 
1.324E+04   3.076E+00  1.440E-03 
1.340E+04   3.051E+00  1.426E-03 
1.355E+04   3.025E+00  1.411E-03 
1.371E+04   3.000E+00  1.397E-03 
1.387E+04   2.975E+00  1.383E-03 
1.403E+04   2.951E+00  1.369E-03 
1.419E+04   2.926E+00  1.356E-03 
1.435E+04   2.902E+00  1.342E-03 
1.452E+04   2.878E+00  1.328E-03 
1.469E+04   2.854E+00  1.315E-03 
1.486E+04   2.830E+00  1.302E-03 
1.503E+04   2.806E+00  1.289E-03 
1.521E+04   2.783E+00  1.276E-03 
1.538E+04   2.760E+00  1.263E-03 
1.556E+04   2.737E+00  1.250E-03 
1.574E+04   2.714E+00  1.238E-03 
1.592E+04   2.691E+00  1.225E-03 
1.611E+04   2.668E+00  1.213E-03 
1.630E+04   2.646E+00  1.200E-03 
1.649E+04   2.624E+00  1.188E-03 
1.668E+04   2.602E+00  1.176E-03 
1.687E+04   2.580E+00  1.165E-03 
1.707E+04   2.558E+00  1.153E-03 
1.726E+04   2.537E+00  1.141E-03 
1.746E+04   2.515E+00  1.130E-03 
1.767E+04   2.494E+00  1.118E-03 
1.787E+04   2.473E+00  1.107E-03 
1.808E+04   2.452E+00  1.096E-03 
1.829E+04   2.432E+00  1.085E-03 
1.850E+04   2.411E+00  1.074E-03 
1.871E+04   2.391E+00  1.063E-03 
1.893E+04   2.371E+00  1.052E-03 
1.915E+04   2.351E+00  1.041E-03 
1.937E+04   2.331E+00  1.031E-03 
1.960E+04   2.311E+00  1.021E-03 
1.983E+04   2.291E+00  1.010E-03 
2.006E+04   2.272E+00  1.000E-03 
2.029E+04   2.253E+00  9.899E-04 
2.052E+04   2.234E+00  9.798E-04 
2.076E+04   2.215E+00  9.699E-04 
2.100E+04   2.196E+00  9.601E-04 
2.125E+04   2.177E+00  9.504E-04 
2.149E+04   2.159E+00  9.408E-04 
2.174E+04   2.140E+00  9.312E-04 
2.199E+04   2.122E+00  9.218E-04 
2.225E+04   2.104E+00  9.125E-04 
2.251E+04   2.086E+00  9.032E-04 
2.277E+04   2.069E+00  8.941E-04 
2.303E+04   2.051E+00  8.850E-04 
2.330E+04   2.033E+00  8.760E-04 
2.357E+04   2.016E+00  8.671E-04 
2.384E+04   1.999E+00  8.583E-04 
2.412E+04   1.982E+00  8.496E-04 
2.440E+04   1.965E+00  8.410E-04 
2.468E+04   1.948E+00  8.325E-04 
2.497E+04   1.932E+00  8.240E-04 
2.526E+04   1.915E+00  8.157E-04 
2.555E+04   1.899E+00  8.074E-04 
2.585E+04   1.883E+00  7.992E-04 
2.615E+04   1.866E+00  7.911E-04 
2.645E+04   1.850E+00  7.830E-04 
2.676E+04   1.835E+00  7.751E-04 
2.707E+04   1.819E+00  7.672E-04 
2.738E+04   1.803E+00  7.594E-04 
2.770E+04   1.788E+00  7.517E-04 
2.802E+04   1.773E+00  7.440E-04 
2.835E+04   1.757E+00  7.365E-04 
2.867E+04   1.742E+00  7.290E-04 
2.901E+04   1.727E+00  7.216E-04 
2.934E+04   1.713E+00  7.142E-04 
2.968E+04   1.698E+00  7.070E-04 
3.003E+04   1.683E+00  6.998E-04 
3.038E+04   1.669E+00  6.926E-04 
3.073E+04   1.655E+00  6.856E-04 
3.109E+04   1.641E+00  6.786E-04 
3.145E+04   1.626E+00  6.717E-04 
3.181E+04   1.612E+00  6.649E-04 
3.218E+04   1.599E+00  6.581E-04 
3.255E+04   1.585E+00  6.514E-04 
3.293E+04   1.571E+00  6.447E-04 
3.331E+04   1.558E+00  6.382E-04 
3.370E+04   1.544E+00  6.317E-04 
3.409E+04   1.531E+00  6.252E-04 
3.449E+04   1.518E+00  6.188E-04 
3.489E+04   1.505E+00  6.125E-04 
3.529E+04   1.492E+00  6.063E-04 
3.570E+04   1.479E+00  6.001E-04 
3.611E+04   1.467E+00  5.940E-04 
3.653E+04   1.454E+00  5.879E-04 
3.696E+04   1.442E+00  5.819E-04 
3.738E+04   1.429E+00  5.760E-04 
3.782E+04   1.417E+00  5.701E-04 
3.826E+04   1.405E+00  5.643E-04 
3.870E+04   1.393E+00  5.585E-04 
3.915E+04   1.381E+00  5.528E-04 
3.960E+04   1.369E+00  5.472E-04 
4.006E+04   1.357E+00  5.416E-04 
4.053E+04   1.345E+00  5.360E-04 
4.100E+04   1.334E+00  5.305E-04 
4.147E+04   1.323E+00  5.251E-04 
4.195E+04   1.311E+00  5.198E-04 
4.244E+04   1.300E+00  5.144E-04 
4.293E+04   1.289E+00  5.092E-04 
4.343E+04   1.278E+00  5.040E-04 
4.394E+04   1.267E+00  4.988E-04 
4.444E+04   1.256E+00  4.937E-04 
4.496E+04   1.245E+00  4.887E-04 
4.548E+04   1.234E+00  4.837E-04 
4.601E+04   1.224E+00  4.787E-04 
4.654E+04   1.213E+00  4.738E-04 
4.708E+04   1.203E+00  4.690E-04 
4.763E+04   1.193E+00  4.641E-04 
4.818E+04   1.183E+00  4.594E-04 
4.874E+04   1.172E+00  4.547E-04 
4.931E+04   1.162E+00  4.500E-04 
4.988E+04   1.152E+00  4.454E-04 
5.046E+04   1.143E+00  4.409E-04 
5.104E+04   1.133E+00  4.363E-04 
5.163E+04   1.123E+00  4.319E-04 
5.223E+04   1.114E+00  4.274E-04 
5.284E+04   1.104E+00  4.230E-04 
5.345E+04   1.095E+00  4.187E-04 
5.407E+04   1.085E+00  4.144E-04 
5.470E+04   1.076E+00  4.102E-04 
5.533E+04   1.067E+00  4.060E-04 
5.597E+04   1.058E+00  4.018E-04 
5.662E+04   1.049E+00  3.977E-04 
5.728E+04   1.040E+00  3.936E-04 
5.794E+04   1.031E+00  3.895E-04 
5.862E+04   1.022E+00  3.855E-04 
5.930E+04   1.014E+00  3.816E-04 
5.998E+04   1.005E+00  3.777E-04 
6.068E+04   9.966E-01  3.738E-04 
6.138E+04   9.881E-01  3.699E-04 
6.210E+04   9.798E-01  3.661E-04 
6.282E+04   9.715E-01  3.624E-04 
6.354E+04   9.633E-01  3.587E-04 
6.428E+04   9.551E-01  3.550E-04 
6.503E+04   9.471E-01  3.513E-04 
6.578E+04   9.391E-01  3.477E-04 
6.654E+04   9.311E-01  3.441E-04 
6.732E+04   9.233E-01  3.406E-04 
6.810E+04   9.155E-01  3.371E-04 
6.889E+04   9.078E-01  3.336E-04 
6.969E+04   9.002E-01  3.302E-04 
7.049E+04   8.926E-01  3.268E-04 
7.131E+04   8.851E-01  3.234E-04 
7.214E+04   8.777E-01  3.201E-04 
7.298E+04   8.703E-01  3.168E-04 
7.382E+04   8.630E-01  3.135E-04 
7.468E+04   8.558E-01  3.103E-04 
7.555E+04   8.487E-01  3.071E-04 
7.642E+04   8.416E-01  3.040E-04 
7.731E+04   8.346E-01  3.008E-04 
7.820E+04   8.276E-01  2.977E-04 
7.911E+04   8.207E-01  2.947E-04 
8.003E+04   8.139E-01  2.916E-04 
8.096E+04   8.071E-01  2.886E-04 
8.190E+04   8.004E-01  2.856E-04 
8.285E+04   7.938E-01  2.827E-04 
8.381E+04   7.872E-01  2.798E-04 
8.478E+04   7.807E-01  2.769E-04 
8.576E+04   7.742E-01  2.740E-04 
8.676E+04   7.678E-01  2.712E-04 
8.776E+04   7.615E-01  2.684E-04 
8.878E+04   7.552E-01  2.656E-04 
8.981E+04   7.490E-01  2.629E-04 
9.085E+04   7.429E-01  2.602E-04 
9.191E+04   7.368E-01  2.575E-04 
9.297E+04   7.307E-01  2.548E-04 
9.405E+04   7.247E-01  2.522E-04 
9.514E+04   7.188E-01  2.496E-04 
9.625E+04   7.129E-01  2.470E-04 
9.736E+04   7.071E-01  2.445E-04 
9.849E+04   7.014E-01  2.420E-04 
9.963E+04   6.957E-01  2.395E-04 
1.008E+05   6.900E-01  2.370E-04 
