Ion = Hydrogen    . Mass = 1.0079
Tgt = Rn (Solid). Density = 9.91 g/cm3
Stopping Units =  eV/(1E15 atoms/cm2)
Energy(keV)  S(Elec)    S(Nuc)
1.000E+00   8.091E+00  2.408E-01 
1.012E+00   8.138E+00  2.411E-01 
1.023E+00   8.185E+00  2.415E-01 
1.035E+00   8.232E+00  2.418E-01 
1.047E+00   8.280E+00  2.422E-01 
1.059E+00   8.328E+00  2.425E-01 
1.072E+00   8.376E+00  2.428E-01 
1.084E+00   8.424E+00  2.432E-01 
1.097E+00   8.473E+00  2.435E-01 
1.109E+00   8.522E+00  2.438E-01 
1.122E+00   8.571E+00  2.442E-01 
1.135E+00   8.621E+00  2.445E-01 
1.148E+00   8.671E+00  2.448E-01 
1.162E+00   8.721E+00  2.451E-01 
1.175E+00   8.771E+00  2.454E-01 
1.189E+00   8.822E+00  2.457E-01 
1.203E+00   8.873E+00  2.461E-01 
1.217E+00   8.924E+00  2.464E-01 
1.231E+00   8.976E+00  2.467E-01 
1.245E+00   9.028E+00  2.470E-01 
1.259E+00   9.080E+00  2.472E-01 
1.274E+00   9.132E+00  2.475E-01 
1.289E+00   9.185E+00  2.478E-01 
1.304E+00   9.238E+00  2.481E-01 
1.319E+00   9.292E+00  2.484E-01 
1.334E+00   9.346E+00  2.487E-01 
1.350E+00   9.400E+00  2.489E-01 
1.365E+00   9.454E+00  2.492E-01 
1.381E+00   9.509E+00  2.495E-01 
1.397E+00   9.564E+00  2.497E-01 
1.413E+00   9.619E+00  2.500E-01 
1.430E+00   9.675E+00  2.503E-01 
1.446E+00   9.730E+00  2.505E-01 
1.463E+00   9.787E+00  2.508E-01 
1.480E+00   9.843E+00  2.510E-01 
1.497E+00   9.900E+00  2.513E-01 
1.515E+00   9.958E+00  2.515E-01 
1.532E+00   1.002E+01  2.517E-01 
1.550E+00   1.007E+01  2.520E-01 
1.568E+00   1.013E+01  2.522E-01 
1.586E+00   1.019E+01  2.524E-01 
1.605E+00   1.025E+01  2.527E-01 
1.623E+00   1.031E+01  2.529E-01 
1.642E+00   1.037E+01  2.531E-01 
1.661E+00   1.043E+01  2.533E-01 
1.680E+00   1.049E+01  2.535E-01 
1.700E+00   1.055E+01  2.537E-01 
1.719E+00   1.061E+01  2.539E-01 
1.739E+00   1.067E+01  2.541E-01 
1.760E+00   1.073E+01  2.543E-01 
1.780E+00   1.079E+01  2.545E-01 
1.801E+00   1.086E+01  2.547E-01 
1.822E+00   1.092E+01  2.549E-01 
1.843E+00   1.098E+01  2.551E-01 
1.864E+00   1.105E+01  2.552E-01 
1.886E+00   1.111E+01  2.554E-01 
1.908E+00   1.117E+01  2.556E-01 
1.930E+00   1.124E+01  2.557E-01 
1.952E+00   1.130E+01  2.559E-01 
1.975E+00   1.137E+01  2.560E-01 
1.998E+00   1.144E+01  2.562E-01 
2.021E+00   1.150E+01  2.563E-01 
2.044E+00   1.156E+01  2.565E-01 
2.068E+00   1.161E+01  2.566E-01 
2.092E+00   1.167E+01  2.568E-01 
2.116E+00   1.172E+01  2.569E-01 
2.141E+00   1.178E+01  2.570E-01 
2.166E+00   1.184E+01  2.572E-01 
2.191E+00   1.190E+01  2.573E-01 
2.216E+00   1.196E+01  2.574E-01 
2.242E+00   1.201E+01  2.575E-01 
2.268E+00   1.207E+01  2.576E-01 
2.294E+00   1.213E+01  2.577E-01 
2.321E+00   1.219E+01  2.578E-01 
2.348E+00   1.225E+01  2.579E-01 
2.375E+00   1.231E+01  2.580E-01 
2.402E+00   1.237E+01  2.581E-01 
2.430E+00   1.243E+01  2.582E-01 
2.458E+00   1.249E+01  2.583E-01 
2.487E+00   1.255E+01  2.583E-01 
2.516E+00   1.262E+01  2.584E-01 
2.545E+00   1.268E+01  2.585E-01 
2.574E+00   1.274E+01  2.585E-01 
2.604E+00   1.280E+01  2.586E-01 
2.635E+00   1.287E+01  2.586E-01 
2.665E+00   1.293E+01  2.587E-01 
2.696E+00   1.299E+01  2.587E-01 
2.727E+00   1.306E+01  2.588E-01 
2.759E+00   1.312E+01  2.588E-01 
2.791E+00   1.319E+01  2.588E-01 
2.823E+00   1.325E+01  2.589E-01 
2.856E+00   1.332E+01  2.589E-01 
2.889E+00   1.338E+01  2.589E-01 
2.923E+00   1.345E+01  2.589E-01 
2.957E+00   1.352E+01  2.589E-01 
2.991E+00   1.358E+01  2.589E-01 
3.026E+00   1.365E+01  2.589E-01 
3.061E+00   1.372E+01  2.589E-01 
3.096E+00   1.379E+01  2.589E-01 
3.132E+00   1.386E+01  2.589E-01 
3.168E+00   1.393E+01  2.589E-01 
3.205E+00   1.399E+01  2.589E-01 
3.242E+00   1.406E+01  2.588E-01 
3.280E+00   1.413E+01  2.588E-01 
3.318E+00   1.420E+01  2.588E-01 
3.356E+00   1.428E+01  2.587E-01 
3.395E+00   1.435E+01  2.587E-01 
3.435E+00   1.442E+01  2.586E-01 
3.475E+00   1.449E+01  2.586E-01 
3.515E+00   1.456E+01  2.585E-01 
3.556E+00   1.464E+01  2.584E-01 
3.597E+00   1.471E+01  2.584E-01 
3.639E+00   1.478E+01  2.583E-01 
3.681E+00   1.486E+01  2.582E-01 
3.724E+00   1.493E+01  2.581E-01 
3.767E+00   1.501E+01  2.580E-01 
3.810E+00   1.508E+01  2.579E-01 
3.855E+00   1.516E+01  2.578E-01 
3.899E+00   1.523E+01  2.577E-01 
3.945E+00   1.531E+01  2.576E-01 
3.990E+00   1.539E+01  2.575E-01 
4.037E+00   1.546E+01  2.574E-01 
4.083E+00   1.554E+01  2.573E-01 
4.131E+00   1.562E+01  2.571E-01 
4.179E+00   1.570E+01  2.570E-01 
4.227E+00   1.578E+01  2.569E-01 
4.276E+00   1.586E+01  2.567E-01 
4.326E+00   1.594E+01  2.566E-01 
4.376E+00   1.602E+01  2.564E-01 
4.427E+00   1.610E+01  2.563E-01 
4.478E+00   1.618E+01  2.561E-01 
4.530E+00   1.626E+01  2.559E-01 
4.583E+00   1.634E+01  2.558E-01 
4.636E+00   1.642E+01  2.556E-01 
4.690E+00   1.651E+01  2.554E-01 
4.744E+00   1.659E+01  2.552E-01 
4.799E+00   1.667E+01  2.550E-01 
4.855E+00   1.676E+01  2.548E-01 
4.911E+00   1.684E+01  2.546E-01 
4.968E+00   1.693E+01  2.544E-01 
5.026E+00   1.701E+01  2.542E-01 
5.084E+00   1.710E+01  2.540E-01 
5.143E+00   1.719E+01  2.538E-01 
5.202E+00   1.727E+01  2.535E-01 
5.263E+00   1.736E+01  2.533E-01 
5.324E+00   1.745E+01  2.531E-01 
5.386E+00   1.754E+01  2.528E-01 
5.448E+00   1.763E+01  2.526E-01 
5.511E+00   1.772E+01  2.523E-01 
5.575E+00   1.781E+01  2.521E-01 
5.640E+00   1.790E+01  2.518E-01 
5.705E+00   1.799E+01  2.515E-01 
5.771E+00   1.808E+01  2.512E-01 
5.838E+00   1.817E+01  2.510E-01 
5.906E+00   1.826E+01  2.507E-01 
5.975E+00   1.836E+01  2.504E-01 
6.044E+00   1.845E+01  2.501E-01 
6.114E+00   1.854E+01  2.498E-01 
6.185E+00   1.864E+01  2.495E-01 
6.257E+00   1.873E+01  2.492E-01 
6.329E+00   1.883E+01  2.489E-01 
6.403E+00   1.892E+01  2.486E-01 
6.477E+00   1.902E+01  2.482E-01 
6.552E+00   1.912E+01  2.479E-01 
6.628E+00   1.922E+01  2.476E-01 
6.705E+00   1.931E+01  2.472E-01 
6.783E+00   1.941E+01  2.469E-01 
6.861E+00   1.951E+01  2.465E-01 
6.941E+00   1.961E+01  2.462E-01 
7.021E+00   1.971E+01  2.458E-01 
7.103E+00   1.981E+01  2.455E-01 
7.185E+00   1.991E+01  2.451E-01 
7.269E+00   2.001E+01  2.447E-01 
7.353E+00   2.012E+01  2.443E-01 
7.438E+00   2.022E+01  2.440E-01 
7.524E+00   2.032E+01  2.436E-01 
7.612E+00   2.043E+01  2.432E-01 
7.700E+00   2.053E+01  2.428E-01 
7.789E+00   2.064E+01  2.424E-01 
7.880E+00   2.074E+01  2.420E-01 
7.971E+00   2.085E+01  2.416E-01 
8.064E+00   2.096E+01  2.411E-01 
8.157E+00   2.106E+01  2.407E-01 
8.252E+00   2.117E+01  2.403E-01 
8.347E+00   2.128E+01  2.399E-01 
8.444E+00   2.139E+01  2.394E-01 
8.542E+00   2.150E+01  2.390E-01 
8.641E+00   2.161E+01  2.385E-01 
8.741E+00   2.172E+01  2.381E-01 
8.843E+00   2.183E+01  2.376E-01 
8.945E+00   2.194E+01  2.372E-01 
9.049E+00   2.205E+01  2.367E-01 
9.154E+00   2.217E+01  2.362E-01 
9.260E+00   2.228E+01  2.357E-01 
9.368E+00   2.239E+01  2.353E-01 
9.476E+00   2.251E+01  2.348E-01 
9.586E+00   2.262E+01  2.343E-01 
9.698E+00   2.274E+01  2.338E-01 
9.810E+00   2.286E+01  2.333E-01 
9.924E+00   2.297E+01  2.328E-01 
1.004E+01   2.309E+01  2.323E-01 
1.016E+01   2.321E+01  2.318E-01 
1.027E+01   2.333E+01  2.313E-01 
1.039E+01   2.345E+01  2.307E-01 
1.051E+01   2.357E+01  2.302E-01 
1.063E+01   2.369E+01  2.297E-01 
1.076E+01   2.381E+01  2.292E-01 
1.088E+01   2.393E+01  2.286E-01 
1.101E+01   2.405E+01  2.281E-01 
1.114E+01   2.418E+01  2.275E-01 
1.127E+01   2.430E+01  2.270E-01 
1.140E+01   2.442E+01  2.264E-01 
1.153E+01   2.455E+01  2.259E-01 
1.166E+01   2.468E+01  2.253E-01 
1.180E+01   2.480E+01  2.247E-01 
1.193E+01   2.493E+01  2.242E-01 
1.207E+01   2.506E+01  2.236E-01 
1.221E+01   2.518E+01  2.230E-01 
1.235E+01   2.531E+01  2.224E-01 
1.250E+01   2.544E+01  2.218E-01 
1.264E+01   2.557E+01  2.213E-01 
1.279E+01   2.570E+01  2.207E-01 
1.294E+01   2.583E+01  2.201E-01 
1.309E+01   2.596E+01  2.195E-01 
1.324E+01   2.610E+01  2.189E-01 
1.339E+01   2.623E+01  2.182E-01 
1.355E+01   2.636E+01  2.176E-01 
1.371E+01   2.650E+01  2.170E-01 
1.387E+01   2.663E+01  2.164E-01 
1.403E+01   2.677E+01  2.158E-01 
1.419E+01   2.690E+01  2.151E-01 
1.435E+01   2.704E+01  2.145E-01 
1.452E+01   2.718E+01  2.139E-01 
1.469E+01   2.732E+01  2.132E-01 
1.486E+01   2.745E+01  2.126E-01 
1.503E+01   2.759E+01  2.119E-01 
1.521E+01   2.773E+01  2.113E-01 
1.538E+01   2.787E+01  2.106E-01 
1.556E+01   2.801E+01  2.100E-01 
1.574E+01   2.816E+01  2.093E-01 
1.592E+01   2.830E+01  2.087E-01 
1.611E+01   2.844E+01  2.080E-01 
1.629E+01   2.858E+01  2.073E-01 
1.648E+01   2.873E+01  2.067E-01 
1.667E+01   2.887E+01  2.060E-01 
1.687E+01   2.902E+01  2.053E-01 
1.706E+01   2.916E+01  2.046E-01 
1.726E+01   2.931E+01  2.039E-01 
1.746E+01   2.946E+01  2.033E-01 
1.766E+01   2.960E+01  2.026E-01 
1.787E+01   2.975E+01  2.019E-01 
1.808E+01   2.990E+01  2.012E-01 
1.829E+01   3.005E+01  2.005E-01 
1.850E+01   3.020E+01  1.998E-01 
1.871E+01   3.035E+01  1.991E-01 
1.893E+01   3.050E+01  1.984E-01 
1.915E+01   3.065E+01  1.977E-01 
1.937E+01   3.080E+01  1.970E-01 
1.960E+01   3.096E+01  1.963E-01 
1.982E+01   3.111E+01  1.956E-01 
2.005E+01   3.126E+01  1.948E-01 
2.029E+01   3.142E+01  1.941E-01 
2.052E+01   3.157E+01  1.934E-01 
2.076E+01   3.173E+01  1.927E-01 
2.100E+01   3.188E+01  1.920E-01 
2.124E+01   3.204E+01  1.912E-01 
2.149E+01   3.220E+01  1.905E-01 
2.174E+01   3.235E+01  1.898E-01 
2.199E+01   3.251E+01  1.890E-01 
2.225E+01   3.267E+01  1.883E-01 
2.250E+01   3.283E+01  1.876E-01 
2.277E+01   3.299E+01  1.868E-01 
2.303E+01   3.315E+01  1.861E-01 
2.330E+01   3.331E+01  1.853E-01 
2.357E+01   3.347E+01  1.846E-01 
2.384E+01   3.363E+01  1.839E-01 
2.412E+01   3.379E+01  1.831E-01 
2.440E+01   3.395E+01  1.824E-01 
2.468E+01   3.411E+01  1.816E-01 
2.497E+01   3.427E+01  1.809E-01 
2.526E+01   3.444E+01  1.801E-01 
2.555E+01   3.460E+01  1.794E-01 
2.584E+01   3.476E+01  1.786E-01 
2.614E+01   3.493E+01  1.779E-01 
2.645E+01   3.509E+01  1.771E-01 
2.675E+01   3.525E+01  1.763E-01 
2.707E+01   3.542E+01  1.756E-01 
2.738E+01   3.558E+01  1.748E-01 
2.770E+01   3.575E+01  1.741E-01 
2.802E+01   3.591E+01  1.733E-01 
2.834E+01   3.608E+01  1.725E-01 
2.867E+01   3.624E+01  1.718E-01 
2.900E+01   3.641E+01  1.710E-01 
2.934E+01   3.658E+01  1.703E-01 
2.968E+01   3.674E+01  1.695E-01 
3.003E+01   3.691E+01  1.687E-01 
3.037E+01   3.707E+01  1.680E-01 
3.073E+01   3.724E+01  1.672E-01 
3.108E+01   3.741E+01  1.664E-01 
3.144E+01   3.757E+01  1.657E-01 
3.181E+01   3.774E+01  1.649E-01 
3.218E+01   3.790E+01  1.641E-01 
3.255E+01   3.807E+01  1.634E-01 
3.293E+01   3.824E+01  1.626E-01 
3.331E+01   3.840E+01  1.618E-01 
3.370E+01   3.857E+01  1.611E-01 
3.409E+01   3.873E+01  1.603E-01 
3.448E+01   3.890E+01  1.595E-01 
3.488E+01   3.906E+01  1.588E-01 
3.529E+01   3.923E+01  1.580E-01 
3.570E+01   3.939E+01  1.572E-01 
3.611E+01   3.956E+01  1.564E-01 
3.653E+01   3.972E+01  1.557E-01 
3.695E+01   3.988E+01  1.549E-01 
3.738E+01   4.005E+01  1.541E-01 
3.781E+01   4.021E+01  1.534E-01 
3.825E+01   4.037E+01  1.526E-01 
3.870E+01   4.053E+01  1.518E-01 
3.915E+01   4.069E+01  1.511E-01 
3.960E+01   4.085E+01  1.503E-01 
4.006E+01   4.101E+01  1.495E-01 
4.052E+01   4.117E+01  1.488E-01 
4.099E+01   4.133E+01  1.480E-01 
4.147E+01   4.149E+01  1.473E-01 
4.195E+01   4.165E+01  1.465E-01 
4.244E+01   4.180E+01  1.457E-01 
4.293E+01   4.196E+01  1.450E-01 
4.343E+01   4.211E+01  1.442E-01 
4.393E+01   4.227E+01  1.434E-01 
4.444E+01   4.242E+01  1.427E-01 
4.496E+01   4.257E+01  1.419E-01 
4.548E+01   4.272E+01  1.412E-01 
4.600E+01   4.287E+01  1.404E-01 
4.654E+01   4.302E+01  1.397E-01 
4.708E+01   4.316E+01  1.389E-01 
4.762E+01   4.331E+01  1.382E-01 
4.818E+01   4.345E+01  1.374E-01 
4.873E+01   4.359E+01  1.366E-01 
4.930E+01   4.373E+01  1.359E-01 
4.987E+01   4.387E+01  1.352E-01 
5.045E+01   4.401E+01  1.344E-01 
5.104E+01   4.415E+01  1.337E-01 
5.163E+01   4.428E+01  1.329E-01 
5.223E+01   4.442E+01  1.322E-01 
5.283E+01   4.455E+01  1.314E-01 
5.344E+01   4.468E+01  1.307E-01 
5.406E+01   4.480E+01  1.300E-01 
5.469E+01   4.493E+01  1.292E-01 
5.533E+01   4.505E+01  1.285E-01 
5.597E+01   4.517E+01  1.277E-01 
5.662E+01   4.529E+01  1.270E-01 
5.727E+01   4.541E+01  1.263E-01 
5.794E+01   4.553E+01  1.255E-01 
5.861E+01   4.564E+01  1.248E-01 
5.929E+01   4.575E+01  1.241E-01 
5.998E+01   4.586E+01  1.234E-01 
6.067E+01   4.597E+01  1.226E-01 
6.138E+01   4.607E+01  1.219E-01 
6.209E+01   4.617E+01  1.212E-01 
6.281E+01   4.627E+01  1.205E-01 
6.354E+01   4.637E+01  1.198E-01 
6.427E+01   4.646E+01  1.191E-01 
6.502E+01   4.655E+01  1.184E-01 
6.577E+01   4.664E+01  1.176E-01 
6.654E+01   4.672E+01  1.169E-01 
6.731E+01   4.680E+01  1.162E-01 
6.809E+01   4.688E+01  1.155E-01 
6.888E+01   4.696E+01  1.148E-01 
6.968E+01   4.703E+01  1.141E-01 
7.049E+01   4.710E+01  1.134E-01 
7.130E+01   4.717E+01  1.127E-01 
7.213E+01   4.724E+01  1.120E-01 
7.297E+01   4.730E+01  1.113E-01 
7.381E+01   4.736E+01  1.107E-01 
7.467E+01   4.741E+01  1.100E-01 
7.554E+01   4.746E+01  1.093E-01 
7.641E+01   4.751E+01  1.086E-01 
7.730E+01   4.756E+01  1.079E-01 
7.820E+01   4.760E+01  1.072E-01 
7.910E+01   4.764E+01  1.066E-01 
8.002E+01   4.767E+01  1.059E-01 
8.095E+01   4.771E+01  1.052E-01 
8.189E+01   4.773E+01  1.046E-01 
8.284E+01   4.776E+01  1.039E-01 
8.380E+01   4.778E+01  1.032E-01 
8.477E+01   4.780E+01  1.026E-01 
8.575E+01   4.782E+01  1.019E-01 
8.675E+01   4.783E+01  1.013E-01 
8.775E+01   4.784E+01  1.006E-01 
8.877E+01   4.784E+01  9.995E-02 
8.980E+01   4.784E+01  9.930E-02 
9.084E+01   4.784E+01  9.865E-02 
9.190E+01   4.784E+01  9.801E-02 
9.296E+01   4.783E+01  9.737E-02 
9.404E+01   4.782E+01  9.673E-02 
9.513E+01   4.780E+01  9.609E-02 
9.624E+01   4.778E+01  9.546E-02 
9.735E+01   4.776E+01  9.483E-02 
9.848E+01   4.774E+01  9.420E-02 
9.962E+01   4.771E+01  9.357E-02 
1.008E+02   4.768E+01  9.295E-02 
1.019E+02   4.764E+01  9.233E-02 
1.031E+02   4.760E+01  9.171E-02 
1.043E+02   4.756E+01  9.109E-02 
1.055E+02   4.752E+01  9.048E-02 
1.068E+02   4.747E+01  8.987E-02 
1.080E+02   4.742E+01  8.926E-02 
1.093E+02   4.737E+01  8.866E-02 
1.105E+02   4.732E+01  8.805E-02 
1.118E+02   4.726E+01  8.745E-02 
1.131E+02   4.720E+01  8.686E-02 
1.144E+02   4.713E+01  8.626E-02 
1.157E+02   4.707E+01  8.567E-02 
1.171E+02   4.700E+01  8.508E-02 
1.184E+02   4.693E+01  8.449E-02 
1.198E+02   4.685E+01  8.391E-02 
1.212E+02   4.677E+01  8.333E-02 
1.226E+02   4.670E+01  8.275E-02 
1.240E+02   4.662E+01  8.217E-02 
1.255E+02   4.653E+01  8.160E-02 
1.269E+02   4.645E+01  8.103E-02 
1.284E+02   4.636E+01  8.046E-02 
1.299E+02   4.627E+01  7.990E-02 
1.314E+02   4.618E+01  7.934E-02 
1.329E+02   4.608E+01  7.878E-02 
1.345E+02   4.599E+01  7.822E-02 
1.360E+02   4.589E+01  7.767E-02 
1.376E+02   4.579E+01  7.712E-02 
1.392E+02   4.569E+01  7.657E-02 
1.408E+02   4.559E+01  7.602E-02 
1.424E+02   4.549E+01  7.548E-02 
1.441E+02   4.538E+01  7.494E-02 
1.458E+02   4.528E+01  7.440E-02 
1.475E+02   4.517E+01  7.387E-02 
1.492E+02   4.506E+01  7.334E-02 
1.509E+02   4.495E+01  7.281E-02 
1.526E+02   4.484E+01  7.228E-02 
1.544E+02   4.473E+01  7.176E-02 
1.562E+02   4.461E+01  7.124E-02 
1.580E+02   4.450E+01  7.072E-02 
1.598E+02   4.438E+01  7.021E-02 
1.617E+02   4.426E+01  6.970E-02 
1.636E+02   4.415E+01  6.919E-02 
1.655E+02   4.403E+01  6.868E-02 
1.674E+02   4.391E+01  6.818E-02 
1.693E+02   4.379E+01  6.768E-02 
1.713E+02   4.367E+01  6.718E-02 
1.733E+02   4.355E+01  6.668E-02 
1.753E+02   4.343E+01  6.619E-02 
1.773E+02   4.331E+01  6.570E-02 
1.794E+02   4.318E+01  6.521E-02 
1.815E+02   4.306E+01  6.473E-02 
1.836E+02   4.294E+01  6.425E-02 
1.857E+02   4.281E+01  6.377E-02 
1.879E+02   4.269E+01  6.329E-02 
1.900E+02   4.256E+01  6.282E-02 
1.922E+02   4.244E+01  6.235E-02 
1.945E+02   4.231E+01  6.188E-02 
1.967E+02   4.219E+01  6.141E-02 
1.990E+02   4.206E+01  6.095E-02 
2.013E+02   4.194E+01  6.049E-02 
2.036E+02   4.181E+01  6.003E-02 
2.060E+02   4.168E+01  5.958E-02 
2.084E+02   4.156E+01  5.913E-02 
2.108E+02   4.143E+01  5.868E-02 
2.133E+02   4.130E+01  5.823E-02 
2.157E+02   4.117E+01  5.779E-02 
2.182E+02   4.105E+01  5.734E-02 
2.208E+02   4.092E+01  5.691E-02 
2.233E+02   4.079E+01  5.647E-02 
2.259E+02   4.066E+01  5.604E-02 
2.285E+02   4.053E+01  5.561E-02 
2.312E+02   4.040E+01  5.518E-02 
2.339E+02   4.028E+01  5.475E-02 
2.366E+02   4.015E+01  5.433E-02 
2.393E+02   4.002E+01  5.391E-02 
2.421E+02   3.989E+01  5.349E-02 
2.449E+02   3.976E+01  5.308E-02 
2.478E+02   3.963E+01  5.267E-02 
2.506E+02   3.950E+01  5.226E-02 
2.535E+02   3.937E+01  5.185E-02 
2.565E+02   3.924E+01  5.144E-02 
2.595E+02   3.911E+01  5.104E-02 
2.625E+02   3.898E+01  5.064E-02 
2.655E+02   3.885E+01  5.025E-02 
2.686E+02   3.872E+01  4.985E-02 
2.717E+02   3.859E+01  4.946E-02 
2.749E+02   3.846E+01  4.907E-02 
2.780E+02   3.833E+01  4.868E-02 
2.813E+02   3.820E+01  4.830E-02 
2.845E+02   3.806E+01  4.792E-02 
2.878E+02   3.793E+01  4.754E-02 
2.912E+02   3.780E+01  4.716E-02 
2.945E+02   3.767E+01  4.679E-02 
2.980E+02   3.754E+01  4.642E-02 
3.014E+02   3.740E+01  4.605E-02 
3.049E+02   3.727E+01  4.887E-02 
3.085E+02   3.714E+01  4.848E-02 
3.120E+02   3.700E+01  4.808E-02 
3.156E+02   3.687E+01  4.769E-02 
3.193E+02   3.674E+01  4.730E-02 
3.230E+02   3.660E+01  4.691E-02 
3.268E+02   3.647E+01  4.653E-02 
3.306E+02   3.633E+01  4.615E-02 
3.344E+02   3.620E+01  4.577E-02 
3.383E+02   3.606E+01  4.539E-02 
3.422E+02   3.593E+01  4.502E-02 
3.462E+02   3.579E+01  4.465E-02 
3.502E+02   3.566E+01  4.428E-02 
3.542E+02   3.552E+01  4.392E-02 
3.583E+02   3.538E+01  4.355E-02 
3.625E+02   3.524E+01  4.319E-02 
3.667E+02   3.511E+01  4.284E-02 
3.710E+02   3.497E+01  4.248E-02 
3.753E+02   3.483E+01  4.213E-02 
3.796E+02   3.469E+01  4.178E-02 
3.840E+02   3.455E+01  4.143E-02 
3.885E+02   3.441E+01  4.108E-02 
3.930E+02   3.427E+01  4.074E-02 
3.975E+02   3.413E+01  4.040E-02 
4.021E+02   3.399E+01  4.006E-02 
4.068E+02   3.385E+01  3.973E-02 
4.115E+02   3.371E+01  3.939E-02 
4.163E+02   3.357E+01  3.906E-02 
4.211E+02   3.343E+01  3.873E-02 
4.260E+02   3.329E+01  3.841E-02 
4.310E+02   3.314E+01  3.808E-02 
4.360E+02   3.300E+01  3.776E-02 
4.410E+02   3.286E+01  3.744E-02 
4.461E+02   3.272E+01  3.713E-02 
4.513E+02   3.257E+01  3.681E-02 
4.565E+02   3.243E+01  3.650E-02 
4.618E+02   3.228E+01  3.619E-02 
4.672E+02   3.214E+01  3.589E-02 
4.726E+02   3.199E+01  3.558E-02 
4.781E+02   3.185E+01  3.528E-02 
4.836E+02   3.170E+01  3.498E-02 
4.892E+02   3.156E+01  3.468E-02 
4.949E+02   3.141E+01  3.438E-02 
5.007E+02   3.126E+01  3.409E-02 
5.065E+02   3.112E+01  3.380E-02 
5.123E+02   3.097E+01  3.351E-02 
5.183E+02   3.082E+01  3.322E-02 
5.243E+02   3.067E+01  3.294E-02 
5.304E+02   3.053E+01  3.266E-02 
5.365E+02   3.038E+01  3.237E-02 
5.428E+02   3.023E+01  3.210E-02 
5.490E+02   3.008E+01  3.182E-02 
5.554E+02   2.993E+01  3.155E-02 
5.619E+02   2.978E+01  3.127E-02 
5.684E+02   2.963E+01  3.100E-02 
5.750E+02   2.948E+01  3.074E-02 
5.816E+02   2.933E+01  3.047E-02 
5.884E+02   2.918E+01  3.021E-02 
5.952E+02   2.903E+01  2.994E-02 
6.021E+02   2.888E+01  2.968E-02 
6.091E+02   2.873E+01  2.943E-02 
6.162E+02   2.858E+01  2.917E-02 
6.233E+02   2.843E+01  2.892E-02 
6.305E+02   2.828E+01  2.867E-02 
6.378E+02   2.813E+01  2.842E-02 
6.452E+02   2.798E+01  2.817E-02 
6.527E+02   2.782E+01  2.792E-02 
6.603E+02   2.767E+01  2.768E-02 
6.680E+02   2.752E+01  2.744E-02 
6.757E+02   2.737E+01  2.720E-02 
6.835E+02   2.722E+01  2.696E-02 
6.915E+02   2.707E+01  2.672E-02 
6.995E+02   2.692E+01  2.649E-02 
7.076E+02   2.676E+01  2.626E-02 
7.158E+02   2.661E+01  2.602E-02 
7.241E+02   2.646E+01  2.580E-02 
7.325E+02   2.631E+01  2.557E-02 
7.410E+02   2.616E+01  2.534E-02 
7.496E+02   2.601E+01  2.512E-02 
7.583E+02   2.585E+01  2.490E-02 
7.671E+02   2.570E+01  2.468E-02 
7.760E+02   2.555E+01  2.446E-02 
7.850E+02   2.540E+01  2.424E-02 
7.941E+02   2.525E+01  2.403E-02 
8.033E+02   2.510E+01  2.382E-02 
8.126E+02   2.495E+01  2.361E-02 
8.221E+02   2.480E+01  2.340E-02 
8.316E+02   2.465E+01  2.319E-02 
8.412E+02   2.449E+01  2.298E-02 
8.510E+02   2.434E+01  2.278E-02 
8.609E+02   2.419E+01  2.258E-02 
8.709E+02   2.404E+01  2.237E-02 
8.810E+02   2.389E+01  2.218E-02 
8.912E+02   2.374E+01  2.198E-02 
9.015E+02   2.359E+01  2.178E-02 
9.120E+02   2.345E+01  2.159E-02 
9.225E+02   2.330E+01  2.139E-02 
9.332E+02   2.315E+01  2.120E-02 
9.441E+02   2.300E+01  2.101E-02 
9.550E+02   2.285E+01  2.082E-02 
9.661E+02   2.270E+01  2.064E-02 
9.773E+02   2.255E+01  2.045E-02 
9.886E+02   2.241E+01  2.027E-02 
1.000E+03   2.226E+01  2.009E-02 
1.012E+03   2.214E+01  1.991E-02 
1.023E+03   2.207E+01  1.973E-02 
1.035E+03   2.201E+01  1.955E-02 
1.047E+03   2.194E+01  1.937E-02 
1.059E+03   2.187E+01  1.920E-02 
1.072E+03   2.180E+01  1.903E-02 
1.084E+03   2.173E+01  1.885E-02 
1.097E+03   2.166E+01  1.868E-02 
1.109E+03   2.159E+01  1.852E-02 
1.122E+03   2.152E+01  1.835E-02 
1.135E+03   2.144E+01  1.818E-02 
1.149E+03   2.137E+01  1.802E-02 
1.162E+03   2.129E+01  1.785E-02 
1.175E+03   2.122E+01  1.769E-02 
1.189E+03   2.114E+01  1.753E-02 
1.203E+03   2.106E+01  1.737E-02 
1.217E+03   2.097E+01  1.721E-02 
1.231E+03   2.087E+01  1.706E-02 
1.245E+03   2.076E+01  1.690E-02 
1.260E+03   2.066E+01  1.675E-02 
1.274E+03   2.055E+01  1.660E-02 
1.289E+03   2.044E+01  1.645E-02 
1.304E+03   2.034E+01  1.630E-02 
1.319E+03   2.023E+01  1.615E-02 
1.334E+03   2.013E+01  1.600E-02 
1.350E+03   2.002E+01  1.585E-02 
1.365E+03   1.991E+01  1.571E-02 
1.381E+03   1.981E+01  1.557E-02 
1.397E+03   1.970E+01  1.542E-02 
1.414E+03   1.960E+01  1.528E-02 
1.430E+03   1.949E+01  1.514E-02 
1.446E+03   1.938E+01  1.500E-02 
1.463E+03   1.928E+01  1.487E-02 
1.480E+03   1.917E+01  1.473E-02 
1.497E+03   1.907E+01  1.459E-02 
1.515E+03   1.896E+01  1.446E-02 
1.532E+03   1.885E+01  1.433E-02 
1.550E+03   1.875E+01  1.419E-02 
1.568E+03   1.864E+01  1.406E-02 
1.586E+03   1.854E+01  1.393E-02 
1.605E+03   1.843E+01  1.381E-02 
1.623E+03   1.833E+01  1.368E-02 
1.642E+03   1.823E+01  1.355E-02 
1.661E+03   1.812E+01  1.343E-02 
1.680E+03   1.802E+01  1.330E-02 
1.700E+03   1.792E+01  1.318E-02 
1.720E+03   1.781E+01  1.306E-02 
1.740E+03   1.771E+01  1.294E-02 
1.760E+03   1.761E+01  1.282E-02 
1.780E+03   1.750E+01  1.270E-02 
1.801E+03   1.740E+01  1.258E-02 
1.822E+03   1.730E+01  1.247E-02 
1.843E+03   1.720E+01  1.235E-02 
1.864E+03   1.710E+01  1.224E-02 
1.886E+03   1.700E+01  1.212E-02 
1.908E+03   1.690E+01  1.201E-02 
1.930E+03   1.680E+01  1.190E-02 
1.952E+03   1.670E+01  1.179E-02 
1.975E+03   1.660E+01  1.168E-02 
1.998E+03   1.650E+01  1.157E-02 
2.021E+03   1.640E+01  1.146E-02 
2.044E+03   1.631E+01  1.135E-02 
2.068E+03   1.621E+01  1.125E-02 
2.092E+03   1.611E+01  1.114E-02 
2.116E+03   1.601E+01  1.104E-02 
2.141E+03   1.592E+01  1.094E-02 
2.166E+03   1.582E+01  1.083E-02 
2.191E+03   1.573E+01  1.073E-02 
2.216E+03   1.563E+01  1.063E-02 
2.242E+03   1.554E+01  1.053E-02 
2.268E+03   1.544E+01  1.043E-02 
2.294E+03   1.535E+01  1.034E-02 
2.321E+03   1.525E+01  1.024E-02 
2.348E+03   1.516E+01  1.014E-02 
2.375E+03   1.507E+01  1.005E-02 
2.403E+03   1.497E+01  9.955E-03 
2.431E+03   1.488E+01  9.861E-03 
2.459E+03   1.479E+01  9.769E-03 
2.487E+03   1.470E+01  9.677E-03 
2.516E+03   1.461E+01  9.586E-03 
2.545E+03   1.452E+01  9.496E-03 
2.575E+03   1.443E+01  9.407E-03 
2.605E+03   1.434E+01  9.318E-03 
2.635E+03   1.425E+01  9.230E-03 
2.665E+03   1.416E+01  9.143E-03 
2.696E+03   1.407E+01  9.057E-03 
2.728E+03   1.398E+01  8.972E-03 
2.759E+03   1.389E+01  8.887E-03 
2.791E+03   1.381E+01  8.803E-03 
2.824E+03   1.372E+01  8.720E-03 
2.856E+03   1.363E+01  8.638E-03 
2.889E+03   1.355E+01  8.556E-03 
2.923E+03   1.346E+01  8.475E-03 
2.957E+03   1.338E+01  8.395E-03 
2.991E+03   1.329E+01  8.316E-03 
3.026E+03   1.321E+01  8.237E-03 
3.061E+03   1.312E+01  8.159E-03 
3.097E+03   1.304E+01  8.082E-03 
3.132E+03   1.295E+01  8.005E-03 
3.169E+03   1.287E+01  7.929E-03 
3.206E+03   1.279E+01  7.854E-03 
3.243E+03   1.271E+01  7.780E-03 
3.280E+03   1.262E+01  7.706E-03 
3.318E+03   1.254E+01  7.633E-03 
3.357E+03   1.246E+01  7.560E-03 
3.396E+03   1.238E+01  7.488E-03 
3.435E+03   1.230E+01  7.417E-03 
3.475E+03   1.222E+01  7.346E-03 
3.515E+03   1.214E+01  7.277E-03 
3.556E+03   1.206E+01  7.207E-03 
3.597E+03   1.198E+01  7.139E-03 
3.639E+03   1.190E+01  7.071E-03 
3.681E+03   1.183E+01  7.003E-03 
3.724E+03   1.175E+01  6.936E-03 
3.767E+03   1.167E+01  6.870E-03 
3.811E+03   1.159E+01  6.805E-03 
3.855E+03   1.152E+01  6.740E-03 
3.900E+03   1.144E+01  6.675E-03 
3.945E+03   1.137E+01  6.612E-03 
3.991E+03   1.129E+01  6.548E-03 
4.037E+03   1.121E+01  6.486E-03 
4.084E+03   1.114E+01  6.424E-03 
4.131E+03   1.107E+01  6.362E-03 
4.179E+03   1.099E+01  6.301E-03 
4.228E+03   1.092E+01  6.241E-03 
4.277E+03   1.084E+01  6.181E-03 
4.326E+03   1.077E+01  6.122E-03 
4.376E+03   1.070E+01  6.063E-03 
4.427E+03   1.063E+01  6.005E-03 
4.479E+03   1.056E+01  5.948E-03 
4.531E+03   1.048E+01  5.891E-03 
4.583E+03   1.041E+01  5.834E-03 
4.636E+03   1.034E+01  5.778E-03 
4.690E+03   1.027E+01  5.722E-03 
4.744E+03   1.020E+01  5.667E-03 
4.799E+03   1.013E+01  5.613E-03 
4.855E+03   1.006E+01  5.559E-03 
4.911E+03   9.994E+00  5.506E-03 
4.968E+03   9.926E+00  5.453E-03 
5.026E+03   9.858E+00  5.400E-03 
5.084E+03   9.790E+00  5.348E-03 
5.143E+03   9.722E+00  5.296E-03 
5.203E+03   9.655E+00  5.245E-03 
5.263E+03   9.589E+00  5.195E-03 
5.324E+03   9.522E+00  5.145E-03 
5.386E+03   9.456E+00  5.095E-03 
5.449E+03   9.390E+00  5.046E-03 
5.512E+03   9.325E+00  4.997E-03 
5.576E+03   9.260E+00  4.949E-03 
5.640E+03   9.195E+00  4.901E-03 
5.706E+03   9.131E+00  4.854E-03 
5.772E+03   9.067E+00  4.807E-03 
5.839E+03   9.004E+00  4.760E-03 
5.907E+03   8.940E+00  4.714E-03 
5.975E+03   8.877E+00  4.669E-03 
6.045E+03   8.815E+00  4.623E-03 
6.115E+03   8.753E+00  4.579E-03 
6.186E+03   8.691E+00  4.534E-03 
6.257E+03   8.629E+00  4.490E-03 
6.330E+03   8.568E+00  4.447E-03 
6.403E+03   8.507E+00  4.404E-03 
6.478E+03   8.447E+00  4.361E-03 
6.553E+03   8.386E+00  4.319E-03 
6.629E+03   8.327E+00  4.277E-03 
6.706E+03   8.267E+00  4.235E-03 
6.783E+03   8.208E+00  4.194E-03 
6.862E+03   8.149E+00  4.153E-03 
6.942E+03   8.091E+00  4.113E-03 
7.022E+03   8.032E+00  4.073E-03 
7.104E+03   7.975E+00  4.033E-03 
7.186E+03   7.917E+00  3.994E-03 
7.269E+03   7.860E+00  3.955E-03 
7.354E+03   7.803E+00  3.917E-03 
7.439E+03   7.746E+00  3.879E-03 
7.525E+03   7.690E+00  3.841E-03 
7.613E+03   7.634E+00  3.803E-03 
7.701E+03   7.579E+00  3.766E-03 
7.790E+03   7.524E+00  3.730E-03 
7.881E+03   7.469E+00  3.693E-03 
7.972E+03   7.414E+00  3.657E-03 
8.064E+03   7.360E+00  3.622E-03 
8.158E+03   7.306E+00  3.586E-03 
8.253E+03   7.252E+00  3.551E-03 
8.348E+03   7.199E+00  3.517E-03 
8.445E+03   7.146E+00  3.482E-03 
8.543E+03   7.093E+00  3.448E-03 
8.642E+03   7.041E+00  3.414E-03 
8.742E+03   6.989E+00  3.381E-03 
8.844E+03   6.937E+00  3.348E-03 
8.946E+03   6.886E+00  3.315E-03 
9.050E+03   6.835E+00  3.283E-03 
9.155E+03   6.784E+00  3.251E-03 
9.261E+03   6.734E+00  3.219E-03 
9.369E+03   6.683E+00  3.187E-03 
9.477E+03   6.634E+00  3.156E-03 
9.587E+03   6.584E+00  3.125E-03 
9.699E+03   6.535E+00  3.094E-03 
9.811E+03   6.486E+00  3.064E-03 
9.925E+03   6.437E+00  3.034E-03 
1.004E+04   6.389E+00  3.004E-03 
1.016E+04   6.341E+00  2.975E-03 
1.027E+04   6.293E+00  2.946E-03 
1.039E+04   6.246E+00  2.917E-03 
1.051E+04   6.199E+00  2.888E-03 
1.064E+04   6.152E+00  2.860E-03 
1.076E+04   6.105E+00  2.832E-03 
1.088E+04   6.059E+00  2.804E-03 
1.101E+04   6.013E+00  2.776E-03 
1.114E+04   5.968E+00  2.749E-03 
1.127E+04   5.922E+00  2.722E-03 
1.140E+04   5.877E+00  2.695E-03 
1.153E+04   5.832E+00  2.668E-03 
1.166E+04   5.788E+00  2.642E-03 
1.180E+04   5.744E+00  2.616E-03 
1.194E+04   5.700E+00  2.590E-03 
1.207E+04   5.656E+00  2.565E-03 
1.221E+04   5.613E+00  2.540E-03 
1.236E+04   5.570E+00  2.514E-03 
1.250E+04   5.527E+00  2.490E-03 
1.264E+04   5.485E+00  2.465E-03 
1.279E+04   5.442E+00  2.441E-03 
1.294E+04   5.400E+00  2.417E-03 
1.309E+04   5.359E+00  2.393E-03 
1.324E+04   5.317E+00  2.369E-03 
1.340E+04   5.276E+00  2.346E-03 
1.355E+04   5.235E+00  2.323E-03 
1.371E+04   5.195E+00  2.300E-03 
1.387E+04   5.155E+00  2.277E-03 
1.403E+04   5.115E+00  2.254E-03 
1.419E+04   5.075E+00  2.232E-03 
1.435E+04   5.035E+00  2.210E-03 
1.452E+04   4.996E+00  2.188E-03 
1.469E+04   4.957E+00  2.166E-03 
1.486E+04   4.919E+00  2.145E-03 
1.503E+04   4.880E+00  2.124E-03 
1.521E+04   4.842E+00  2.103E-03 
1.538E+04   4.804E+00  2.082E-03 
1.556E+04   4.767E+00  2.061E-03 
1.574E+04   4.729E+00  2.041E-03 
1.592E+04   4.692E+00  2.021E-03 
1.611E+04   4.655E+00  2.001E-03 
1.630E+04   4.619E+00  1.981E-03 
1.649E+04   4.582E+00  1.961E-03 
1.668E+04   4.546E+00  1.942E-03 
1.687E+04   4.511E+00  1.922E-03 
1.707E+04   4.475E+00  1.903E-03 
1.726E+04   4.440E+00  1.884E-03 
1.746E+04   4.405E+00  1.866E-03 
1.767E+04   4.370E+00  1.847E-03 
1.787E+04   4.335E+00  1.829E-03 
1.808E+04   4.301E+00  1.811E-03 
1.829E+04   4.267E+00  1.793E-03 
1.850E+04   4.233E+00  1.775E-03 
1.871E+04   4.199E+00  1.757E-03 
1.893E+04   4.166E+00  1.740E-03 
1.915E+04   4.133E+00  1.722E-03 
1.937E+04   4.100E+00  1.705E-03 
1.960E+04   4.067E+00  1.688E-03 
1.983E+04   4.035E+00  1.671E-03 
2.006E+04   4.003E+00  1.655E-03 
2.029E+04   3.971E+00  1.638E-03 
2.052E+04   3.939E+00  1.622E-03 
2.076E+04   3.908E+00  1.606E-03 
2.100E+04   3.876E+00  1.590E-03 
2.125E+04   3.845E+00  1.574E-03 
2.149E+04   3.815E+00  1.558E-03 
2.174E+04   3.784E+00  1.543E-03 
2.199E+04   3.754E+00  1.527E-03 
2.225E+04   3.724E+00  1.512E-03 
2.251E+04   3.694E+00  1.497E-03 
2.277E+04   3.664E+00  1.482E-03 
2.303E+04   3.635E+00  1.467E-03 
2.330E+04   3.605E+00  1.452E-03 
2.357E+04   3.576E+00  1.438E-03 
2.384E+04   3.548E+00  1.423E-03 
2.412E+04   3.519E+00  1.409E-03 
2.440E+04   3.491E+00  1.395E-03 
2.468E+04   3.462E+00  1.381E-03 
2.497E+04   3.434E+00  1.367E-03 
2.526E+04   3.407E+00  1.354E-03 
2.555E+04   3.379E+00  1.340E-03 
2.585E+04   3.352E+00  1.327E-03 
2.615E+04   3.325E+00  1.313E-03 
2.645E+04   3.298E+00  1.300E-03 
2.676E+04   3.271E+00  1.287E-03 
2.707E+04   3.245E+00  1.274E-03 
2.738E+04   3.218E+00  1.262E-03 
2.770E+04   3.192E+00  1.249E-03 
2.802E+04   3.166E+00  1.236E-03 
2.835E+04   3.141E+00  1.224E-03 
2.867E+04   3.115E+00  1.212E-03 
2.901E+04   3.090E+00  1.200E-03 
2.934E+04   3.065E+00  1.188E-03 
2.968E+04   3.040E+00  1.176E-03 
3.003E+04   3.015E+00  1.164E-03 
3.038E+04   2.991E+00  1.152E-03 
3.073E+04   2.966E+00  1.141E-03 
3.109E+04   2.942E+00  1.129E-03 
3.145E+04   2.918E+00  1.118E-03 
3.181E+04   2.894E+00  1.107E-03 
3.218E+04   2.871E+00  1.095E-03 
3.255E+04   2.847E+00  1.084E-03 
3.293E+04   2.824E+00  1.073E-03 
3.331E+04   2.801E+00  1.063E-03 
3.370E+04   2.778E+00  1.052E-03 
3.409E+04   2.756E+00  1.041E-03 
3.449E+04   2.733E+00  1.031E-03 
3.489E+04   2.711E+00  1.021E-03 
3.529E+04   2.689E+00  1.010E-03 
3.570E+04   2.667E+00  1.000E-03 
3.611E+04   2.645E+00  9.900E-04 
3.653E+04   2.623E+00  9.801E-04 
3.696E+04   2.602E+00  9.702E-04 
3.738E+04   2.581E+00  9.604E-04 
3.782E+04   2.560E+00  9.507E-04 
3.826E+04   2.539E+00  9.411E-04 
3.870E+04   2.518E+00  9.317E-04 
3.915E+04   2.497E+00  9.223E-04 
3.960E+04   2.477E+00  9.130E-04 
4.006E+04   2.457E+00  9.037E-04 
4.053E+04   2.436E+00  8.946E-04 
4.100E+04   2.417E+00  8.856E-04 
4.147E+04   2.397E+00  8.767E-04 
4.195E+04   2.377E+00  8.678E-04 
4.244E+04   2.358E+00  8.590E-04 
4.293E+04   2.338E+00  8.504E-04 
4.343E+04   2.319E+00  8.418E-04 
4.394E+04   2.300E+00  8.333E-04 
4.444E+04   2.281E+00  8.248E-04 
4.496E+04   2.263E+00  8.165E-04 
4.548E+04   2.244E+00  8.083E-04 
4.601E+04   2.226E+00  8.001E-04 
4.654E+04   2.208E+00  7.920E-04 
4.708E+04   2.190E+00  7.840E-04 
4.763E+04   2.172E+00  7.760E-04 
4.818E+04   2.154E+00  7.682E-04 
4.874E+04   2.136E+00  7.604E-04 
4.931E+04   2.119E+00  7.527E-04 
4.988E+04   2.102E+00  7.451E-04 
5.046E+04   2.084E+00  7.376E-04 
5.104E+04   2.067E+00  7.301E-04 
5.163E+04   2.051E+00  7.227E-04 
5.223E+04   2.034E+00  7.154E-04 
5.284E+04   2.017E+00  7.081E-04 
5.345E+04   2.001E+00  7.009E-04 
5.407E+04   1.984E+00  6.938E-04 
5.470E+04   1.968E+00  6.868E-04 
5.533E+04   1.952E+00  6.798E-04 
5.597E+04   1.936E+00  6.729E-04 
5.662E+04   1.920E+00  6.661E-04 
5.728E+04   1.905E+00  6.594E-04 
5.794E+04   1.889E+00  6.527E-04 
5.862E+04   1.874E+00  6.460E-04 
5.930E+04   1.859E+00  6.395E-04 
5.998E+04   1.843E+00  6.330E-04 
6.068E+04   1.828E+00  6.266E-04 
6.138E+04   1.814E+00  6.202E-04 
6.210E+04   1.799E+00  6.139E-04 
6.282E+04   1.784E+00  6.077E-04 
6.354E+04   1.770E+00  6.015E-04 
6.428E+04   1.755E+00  5.954E-04 
6.503E+04   1.741E+00  5.893E-04 
6.578E+04   1.727E+00  5.833E-04 
6.654E+04   1.713E+00  5.774E-04 
6.732E+04   1.699E+00  5.715E-04 
6.810E+04   1.685E+00  5.657E-04 
6.889E+04   1.672E+00  5.600E-04 
6.969E+04   1.658E+00  5.543E-04 
7.049E+04   1.645E+00  5.486E-04 
7.131E+04   1.632E+00  5.430E-04 
7.214E+04   1.618E+00  5.375E-04 
7.298E+04   1.605E+00  5.320E-04 
7.382E+04   1.593E+00  5.266E-04 
7.468E+04   1.580E+00  5.213E-04 
7.555E+04   1.567E+00  5.159E-04 
7.642E+04   1.554E+00  5.107E-04 
7.731E+04   1.542E+00  5.055E-04 
7.820E+04   1.530E+00  5.003E-04 
7.911E+04   1.517E+00  4.952E-04 
8.003E+04   1.505E+00  4.902E-04 
8.096E+04   1.493E+00  4.852E-04 
8.190E+04   1.481E+00  4.802E-04 
8.285E+04   1.469E+00  4.753E-04 
8.381E+04   1.458E+00  4.705E-04 
8.478E+04   1.446E+00  4.657E-04 
8.576E+04   1.434E+00  4.609E-04 
8.676E+04   1.423E+00  4.562E-04 
8.776E+04   1.412E+00  4.516E-04 
8.878E+04   1.401E+00  4.470E-04 
8.981E+04   1.389E+00  4.424E-04 
9.085E+04   1.378E+00  4.379E-04 
9.191E+04   1.367E+00  4.334E-04 
9.297E+04   1.357E+00  4.290E-04 
9.405E+04   1.346E+00  4.246E-04 
9.514E+04   1.335E+00  4.203E-04 
9.625E+04   1.325E+00  4.160E-04 
9.736E+04   1.314E+00  4.117E-04 
9.849E+04   1.304E+00  4.075E-04 
9.963E+04   1.294E+00  4.033E-04 
1.008E+05   1.284E+00  3.992E-04 
