Ion = Hydrogen    . Mass = 1.0079
Tgt = Tm (Solid). Density = 9.321 g/cm3
Stopping Units =  eV/(1E15 atoms/cm2)
Energy(keV)  S(Elec)    S(Nuc)
1.000E+00   6.857E+00  2.743E-01 
1.012E+00   6.897E+00  2.746E-01 
1.023E+00   6.937E+00  2.749E-01 
1.035E+00   6.977E+00  2.752E-01 
1.047E+00   7.017E+00  2.756E-01 
1.059E+00   7.058E+00  2.759E-01 
1.072E+00   7.099E+00  2.762E-01 
1.084E+00   7.140E+00  2.765E-01 
1.097E+00   7.181E+00  2.768E-01 
1.109E+00   7.223E+00  2.771E-01 
1.122E+00   7.264E+00  2.774E-01 
1.135E+00   7.306E+00  2.777E-01 
1.148E+00   7.349E+00  2.780E-01 
1.162E+00   7.391E+00  2.782E-01 
1.175E+00   7.434E+00  2.785E-01 
1.189E+00   7.477E+00  2.788E-01 
1.203E+00   7.520E+00  2.791E-01 
1.217E+00   7.564E+00  2.793E-01 
1.231E+00   7.607E+00  2.796E-01 
1.245E+00   7.651E+00  2.799E-01 
1.259E+00   7.696E+00  2.801E-01 
1.274E+00   7.740E+00  2.804E-01 
1.289E+00   7.785E+00  2.806E-01 
1.304E+00   7.830E+00  2.809E-01 
1.319E+00   7.875E+00  2.811E-01 
1.334E+00   7.921E+00  2.813E-01 
1.350E+00   7.967E+00  2.816E-01 
1.365E+00   8.013E+00  2.818E-01 
1.381E+00   8.059E+00  2.820E-01 
1.397E+00   8.106E+00  2.822E-01 
1.413E+00   8.152E+00  2.824E-01 
1.430E+00   8.200E+00  2.826E-01 
1.446E+00   8.247E+00  2.829E-01 
1.463E+00   8.295E+00  2.831E-01 
1.480E+00   8.343E+00  2.832E-01 
1.497E+00   8.391E+00  2.834E-01 
1.515E+00   8.439E+00  2.836E-01 
1.532E+00   8.488E+00  2.838E-01 
1.550E+00   8.537E+00  2.840E-01 
1.568E+00   8.587E+00  2.842E-01 
1.586E+00   8.636E+00  2.843E-01 
1.605E+00   8.686E+00  2.845E-01 
1.623E+00   8.737E+00  2.847E-01 
1.642E+00   8.787E+00  2.848E-01 
1.661E+00   8.838E+00  2.850E-01 
1.680E+00   8.889E+00  2.851E-01 
1.700E+00   8.940E+00  2.853E-01 
1.719E+00   8.992E+00  2.854E-01 
1.739E+00   9.044E+00  2.855E-01 
1.760E+00   9.096E+00  2.856E-01 
1.780E+00   9.149E+00  2.858E-01 
1.801E+00   9.202E+00  2.859E-01 
1.822E+00   9.255E+00  2.860E-01 
1.843E+00   9.309E+00  2.861E-01 
1.864E+00   9.362E+00  2.862E-01 
1.886E+00   9.417E+00  2.863E-01 
1.908E+00   9.471E+00  2.864E-01 
1.930E+00   9.526E+00  2.865E-01 
1.952E+00   9.581E+00  2.866E-01 
1.975E+00   9.636E+00  2.867E-01 
1.998E+00   9.692E+00  2.867E-01 
2.021E+00   9.747E+00  2.868E-01 
2.044E+00   9.796E+00  2.869E-01 
2.068E+00   9.846E+00  2.869E-01 
2.092E+00   9.896E+00  2.870E-01 
2.116E+00   9.946E+00  2.870E-01 
2.141E+00   9.996E+00  2.871E-01 
2.166E+00   1.005E+01  2.871E-01 
2.191E+00   1.010E+01  2.872E-01 
2.216E+00   1.015E+01  2.872E-01 
2.242E+00   1.020E+01  2.872E-01 
2.268E+00   1.025E+01  2.872E-01 
2.294E+00   1.030E+01  2.873E-01 
2.321E+00   1.036E+01  2.873E-01 
2.348E+00   1.041E+01  2.873E-01 
2.375E+00   1.046E+01  2.873E-01 
2.402E+00   1.052E+01  2.873E-01 
2.430E+00   1.057E+01  2.872E-01 
2.458E+00   1.062E+01  2.872E-01 
2.487E+00   1.068E+01  2.872E-01 
2.516E+00   1.073E+01  2.872E-01 
2.545E+00   1.078E+01  2.872E-01 
2.574E+00   1.084E+01  2.871E-01 
2.604E+00   1.089E+01  2.871E-01 
2.635E+00   1.095E+01  2.870E-01 
2.665E+00   1.100E+01  2.870E-01 
2.696E+00   1.106E+01  2.869E-01 
2.727E+00   1.112E+01  2.868E-01 
2.759E+00   1.117E+01  2.868E-01 
2.791E+00   1.123E+01  2.867E-01 
2.823E+00   1.129E+01  2.866E-01 
2.856E+00   1.134E+01  2.865E-01 
2.889E+00   1.140E+01  2.864E-01 
2.923E+00   1.146E+01  2.863E-01 
2.957E+00   1.152E+01  2.862E-01 
2.991E+00   1.158E+01  2.861E-01 
3.026E+00   1.163E+01  2.860E-01 
3.061E+00   1.169E+01  2.859E-01 
3.096E+00   1.175E+01  2.858E-01 
3.132E+00   1.181E+01  2.857E-01 
3.168E+00   1.187E+01  2.855E-01 
3.205E+00   1.193E+01  2.854E-01 
3.242E+00   1.199E+01  2.852E-01 
3.280E+00   1.205E+01  2.851E-01 
3.318E+00   1.211E+01  2.849E-01 
3.356E+00   1.217E+01  2.848E-01 
3.395E+00   1.224E+01  2.846E-01 
3.435E+00   1.230E+01  2.844E-01 
3.475E+00   1.236E+01  2.842E-01 
3.515E+00   1.242E+01  2.840E-01 
3.556E+00   1.249E+01  2.839E-01 
3.597E+00   1.255E+01  2.837E-01 
3.639E+00   1.261E+01  2.835E-01 
3.681E+00   1.268E+01  2.832E-01 
3.724E+00   1.274E+01  2.830E-01 
3.767E+00   1.280E+01  2.828E-01 
3.810E+00   1.287E+01  2.826E-01 
3.855E+00   1.293E+01  2.824E-01 
3.899E+00   1.300E+01  2.821E-01 
3.945E+00   1.306E+01  2.819E-01 
3.990E+00   1.313E+01  2.816E-01 
4.037E+00   1.320E+01  2.814E-01 
4.083E+00   1.326E+01  2.811E-01 
4.131E+00   1.333E+01  2.809E-01 
4.179E+00   1.340E+01  2.806E-01 
4.227E+00   1.346E+01  2.803E-01 
4.276E+00   1.353E+01  2.800E-01 
4.326E+00   1.360E+01  2.797E-01 
4.376E+00   1.367E+01  2.794E-01 
4.427E+00   1.374E+01  2.791E-01 
4.478E+00   1.381E+01  2.788E-01 
4.530E+00   1.388E+01  2.785E-01 
4.583E+00   1.395E+01  2.782E-01 
4.636E+00   1.402E+01  2.779E-01 
4.690E+00   1.409E+01  2.776E-01 
4.744E+00   1.416E+01  2.772E-01 
4.799E+00   1.423E+01  2.769E-01 
4.855E+00   1.430E+01  2.765E-01 
4.911E+00   1.437E+01  2.762E-01 
4.968E+00   1.445E+01  2.758E-01 
5.026E+00   1.452E+01  2.755E-01 
5.084E+00   1.459E+01  2.751E-01 
5.143E+00   1.466E+01  2.747E-01 
5.202E+00   1.474E+01  2.743E-01 
5.263E+00   1.481E+01  2.740E-01 
5.324E+00   1.489E+01  2.736E-01 
5.386E+00   1.496E+01  2.732E-01 
5.448E+00   1.504E+01  2.728E-01 
5.511E+00   1.511E+01  2.724E-01 
5.575E+00   1.519E+01  2.720E-01 
5.640E+00   1.526E+01  2.715E-01 
5.705E+00   1.534E+01  2.711E-01 
5.771E+00   1.542E+01  2.707E-01 
5.838E+00   1.549E+01  2.702E-01 
5.906E+00   1.557E+01  2.698E-01 
5.975E+00   1.565E+01  2.694E-01 
6.044E+00   1.573E+01  2.689E-01 
6.114E+00   1.581E+01  2.684E-01 
6.185E+00   1.589E+01  2.680E-01 
6.257E+00   1.596E+01  2.675E-01 
6.329E+00   1.604E+01  2.670E-01 
6.403E+00   1.612E+01  2.666E-01 
6.477E+00   1.620E+01  2.661E-01 
6.552E+00   1.629E+01  2.656E-01 
6.628E+00   1.637E+01  2.651E-01 
6.705E+00   1.645E+01  2.646E-01 
6.783E+00   1.653E+01  2.641E-01 
6.861E+00   1.661E+01  2.636E-01 
6.941E+00   1.670E+01  2.631E-01 
7.021E+00   1.678E+01  2.625E-01 
7.103E+00   1.686E+01  2.620E-01 
7.185E+00   1.695E+01  2.615E-01 
7.269E+00   1.703E+01  2.609E-01 
7.353E+00   1.711E+01  2.604E-01 
7.438E+00   1.720E+01  2.598E-01 
7.524E+00   1.729E+01  2.593E-01 
7.612E+00   1.737E+01  2.587E-01 
7.700E+00   1.746E+01  2.582E-01 
7.789E+00   1.754E+01  2.576E-01 
7.880E+00   1.763E+01  2.570E-01 
7.971E+00   1.772E+01  2.565E-01 
8.064E+00   1.781E+01  2.559E-01 
8.157E+00   1.789E+01  2.553E-01 
8.252E+00   1.798E+01  2.547E-01 
8.347E+00   1.807E+01  2.541E-01 
8.444E+00   1.816E+01  2.535E-01 
8.542E+00   1.825E+01  2.529E-01 
8.641E+00   1.834E+01  2.523E-01 
8.741E+00   1.843E+01  2.517E-01 
8.843E+00   1.852E+01  2.510E-01 
8.945E+00   1.861E+01  2.504E-01 
9.049E+00   1.870E+01  2.498E-01 
9.154E+00   1.880E+01  2.491E-01 
9.260E+00   1.889E+01  2.485E-01 
9.368E+00   1.898E+01  2.479E-01 
9.476E+00   1.907E+01  2.472E-01 
9.586E+00   1.917E+01  2.465E-01 
9.698E+00   1.926E+01  2.459E-01 
9.810E+00   1.936E+01  2.452E-01 
9.924E+00   1.945E+01  2.446E-01 
1.004E+01   1.955E+01  2.439E-01 
1.016E+01   1.964E+01  2.432E-01 
1.027E+01   1.974E+01  2.425E-01 
1.039E+01   1.983E+01  2.419E-01 
1.051E+01   1.993E+01  2.412E-01 
1.063E+01   2.003E+01  2.405E-01 
1.076E+01   2.012E+01  2.398E-01 
1.088E+01   2.022E+01  2.391E-01 
1.101E+01   2.032E+01  2.384E-01 
1.114E+01   2.042E+01  2.377E-01 
1.127E+01   2.052E+01  2.370E-01 
1.140E+01   2.062E+01  2.362E-01 
1.153E+01   2.072E+01  2.355E-01 
1.166E+01   2.082E+01  2.348E-01 
1.180E+01   2.092E+01  2.341E-01 
1.193E+01   2.102E+01  2.333E-01 
1.207E+01   2.112E+01  2.326E-01 
1.221E+01   2.122E+01  2.319E-01 
1.235E+01   2.132E+01  2.311E-01 
1.250E+01   2.143E+01  2.304E-01 
1.264E+01   2.153E+01  2.296E-01 
1.279E+01   2.163E+01  2.289E-01 
1.294E+01   2.174E+01  2.281E-01 
1.309E+01   2.184E+01  2.274E-01 
1.324E+01   2.195E+01  2.266E-01 
1.339E+01   2.205E+01  2.259E-01 
1.355E+01   2.215E+01  2.251E-01 
1.371E+01   2.226E+01  2.243E-01 
1.387E+01   2.237E+01  2.235E-01 
1.403E+01   2.247E+01  2.228E-01 
1.419E+01   2.258E+01  2.220E-01 
1.435E+01   2.269E+01  2.212E-01 
1.452E+01   2.279E+01  2.204E-01 
1.469E+01   2.290E+01  2.196E-01 
1.486E+01   2.301E+01  2.188E-01 
1.503E+01   2.312E+01  2.181E-01 
1.521E+01   2.323E+01  2.173E-01 
1.538E+01   2.334E+01  2.165E-01 
1.556E+01   2.345E+01  2.157E-01 
1.574E+01   2.355E+01  2.149E-01 
1.592E+01   2.367E+01  2.141E-01 
1.611E+01   2.378E+01  2.132E-01 
1.629E+01   2.389E+01  2.124E-01 
1.648E+01   2.400E+01  2.116E-01 
1.667E+01   2.411E+01  2.108E-01 
1.687E+01   2.422E+01  2.100E-01 
1.706E+01   2.433E+01  2.092E-01 
1.726E+01   2.445E+01  2.084E-01 
1.746E+01   2.456E+01  2.075E-01 
1.766E+01   2.467E+01  2.067E-01 
1.787E+01   2.478E+01  2.059E-01 
1.808E+01   2.490E+01  2.051E-01 
1.829E+01   2.501E+01  2.042E-01 
1.850E+01   2.513E+01  2.034E-01 
1.871E+01   2.524E+01  2.026E-01 
1.893E+01   2.536E+01  2.017E-01 
1.915E+01   2.547E+01  2.009E-01 
1.937E+01   2.559E+01  2.001E-01 
1.960E+01   2.570E+01  1.992E-01 
1.982E+01   2.582E+01  1.984E-01 
2.005E+01   2.593E+01  1.975E-01 
2.029E+01   2.605E+01  1.967E-01 
2.052E+01   2.617E+01  1.959E-01 
2.076E+01   2.629E+01  1.950E-01 
2.100E+01   2.640E+01  1.942E-01 
2.124E+01   2.652E+01  1.933E-01 
2.149E+01   2.664E+01  1.925E-01 
2.174E+01   2.676E+01  1.916E-01 
2.199E+01   2.687E+01  1.908E-01 
2.225E+01   2.699E+01  1.899E-01 
2.250E+01   2.711E+01  1.891E-01 
2.277E+01   2.723E+01  1.882E-01 
2.303E+01   2.735E+01  1.874E-01 
2.330E+01   2.747E+01  1.865E-01 
2.357E+01   2.759E+01  1.857E-01 
2.384E+01   2.771E+01  1.848E-01 
2.412E+01   2.783E+01  1.840E-01 
2.440E+01   2.794E+01  1.831E-01 
2.468E+01   2.806E+01  1.822E-01 
2.497E+01   2.818E+01  1.814E-01 
2.526E+01   2.830E+01  1.805E-01 
2.555E+01   2.842E+01  1.797E-01 
2.584E+01   2.854E+01  1.788E-01 
2.614E+01   2.867E+01  1.780E-01 
2.645E+01   2.879E+01  1.771E-01 
2.675E+01   2.891E+01  1.763E-01 
2.707E+01   2.903E+01  1.754E-01 
2.738E+01   2.915E+01  1.745E-01 
2.770E+01   2.927E+01  1.737E-01 
2.802E+01   2.939E+01  1.728E-01 
2.834E+01   2.951E+01  1.720E-01 
2.867E+01   2.963E+01  1.711E-01 
2.900E+01   2.975E+01  1.703E-01 
2.934E+01   2.987E+01  1.694E-01 
2.968E+01   2.999E+01  1.686E-01 
3.003E+01   3.011E+01  1.677E-01 
3.037E+01   3.023E+01  1.669E-01 
3.073E+01   3.035E+01  1.660E-01 
3.108E+01   3.047E+01  1.652E-01 
3.144E+01   3.059E+01  1.643E-01 
3.181E+01   3.071E+01  1.635E-01 
3.218E+01   3.083E+01  1.626E-01 
3.255E+01   3.095E+01  1.618E-01 
3.293E+01   3.107E+01  1.609E-01 
3.331E+01   3.119E+01  1.601E-01 
3.370E+01   3.131E+01  1.592E-01 
3.409E+01   3.143E+01  1.584E-01 
3.448E+01   3.155E+01  1.575E-01 
3.488E+01   3.167E+01  1.567E-01 
3.529E+01   3.179E+01  1.558E-01 
3.570E+01   3.191E+01  1.550E-01 
3.611E+01   3.202E+01  1.542E-01 
3.653E+01   3.214E+01  1.533E-01 
3.695E+01   3.226E+01  1.525E-01 
3.738E+01   3.238E+01  1.517E-01 
3.781E+01   3.249E+01  1.508E-01 
3.825E+01   3.261E+01  1.500E-01 
3.870E+01   3.272E+01  1.492E-01 
3.915E+01   3.284E+01  1.483E-01 
3.960E+01   3.296E+01  1.475E-01 
4.006E+01   3.307E+01  1.467E-01 
4.052E+01   3.318E+01  1.458E-01 
4.099E+01   3.330E+01  1.450E-01 
4.147E+01   3.341E+01  1.442E-01 
4.195E+01   3.352E+01  1.434E-01 
4.244E+01   3.364E+01  1.426E-01 
4.293E+01   3.375E+01  1.417E-01 
4.343E+01   3.386E+01  1.409E-01 
4.393E+01   3.397E+01  1.401E-01 
4.444E+01   3.408E+01  1.393E-01 
4.496E+01   3.419E+01  1.385E-01 
4.548E+01   3.430E+01  1.377E-01 
4.600E+01   3.440E+01  1.369E-01 
4.654E+01   3.451E+01  1.361E-01 
4.708E+01   3.462E+01  1.353E-01 
4.762E+01   3.472E+01  1.345E-01 
4.818E+01   3.483E+01  1.337E-01 
4.873E+01   3.493E+01  1.329E-01 
4.930E+01   3.503E+01  1.321E-01 
4.987E+01   3.514E+01  1.313E-01 
5.045E+01   3.524E+01  1.305E-01 
5.104E+01   3.534E+01  1.297E-01 
5.163E+01   3.544E+01  1.289E-01 
5.223E+01   3.554E+01  1.282E-01 
5.283E+01   3.563E+01  1.274E-01 
5.344E+01   3.573E+01  1.266E-01 
5.406E+01   3.583E+01  1.258E-01 
5.469E+01   3.592E+01  1.250E-01 
5.533E+01   3.602E+01  1.243E-01 
5.597E+01   3.611E+01  1.235E-01 
5.662E+01   3.620E+01  1.227E-01 
5.727E+01   3.629E+01  1.220E-01 
5.794E+01   3.638E+01  1.212E-01 
5.861E+01   3.647E+01  1.205E-01 
5.929E+01   3.655E+01  1.197E-01 
5.998E+01   3.664E+01  1.190E-01 
6.067E+01   3.672E+01  1.182E-01 
6.138E+01   3.681E+01  1.175E-01 
6.209E+01   3.689E+01  1.167E-01 
6.281E+01   3.697E+01  1.160E-01 
6.354E+01   3.705E+01  1.152E-01 
6.427E+01   3.712E+01  1.145E-01 
6.502E+01   3.720E+01  1.138E-01 
6.577E+01   3.727E+01  1.130E-01 
6.654E+01   3.735E+01  1.123E-01 
6.731E+01   3.742E+01  1.116E-01 
6.809E+01   3.749E+01  1.108E-01 
6.888E+01   3.756E+01  1.101E-01 
6.968E+01   3.763E+01  1.094E-01 
7.049E+01   3.769E+01  1.087E-01 
7.130E+01   3.775E+01  1.080E-01 
7.213E+01   3.782E+01  1.073E-01 
7.297E+01   3.788E+01  1.066E-01 
7.381E+01   3.794E+01  1.058E-01 
7.467E+01   3.799E+01  1.051E-01 
7.554E+01   3.805E+01  1.044E-01 
7.641E+01   3.810E+01  1.038E-01 
7.730E+01   3.816E+01  1.031E-01 
7.820E+01   3.821E+01  1.024E-01 
7.910E+01   3.826E+01  1.017E-01 
8.002E+01   3.830E+01  1.010E-01 
8.095E+01   3.835E+01  1.003E-01 
8.189E+01   3.839E+01  9.964E-02 
8.284E+01   3.843E+01  9.896E-02 
8.380E+01   3.847E+01  9.829E-02 
8.477E+01   3.851E+01  9.762E-02 
8.575E+01   3.854E+01  9.695E-02 
8.675E+01   3.858E+01  9.629E-02 
8.775E+01   3.861E+01  9.563E-02 
8.877E+01   3.864E+01  9.497E-02 
8.980E+01   3.867E+01  9.432E-02 
9.084E+01   3.869E+01  9.367E-02 
9.190E+01   3.872E+01  9.302E-02 
9.296E+01   3.874E+01  9.237E-02 
9.404E+01   3.876E+01  9.173E-02 
9.513E+01   3.878E+01  9.109E-02 
9.624E+01   3.879E+01  9.046E-02 
9.735E+01   3.881E+01  8.982E-02 
9.848E+01   3.882E+01  8.919E-02 
9.962E+01   3.883E+01  8.857E-02 
1.008E+02   3.884E+01  8.794E-02 
1.019E+02   3.884E+01  8.732E-02 
1.031E+02   3.885E+01  8.670E-02 
1.043E+02   3.885E+01  8.609E-02 
1.055E+02   3.885E+01  8.548E-02 
1.068E+02   3.884E+01  8.487E-02 
1.080E+02   3.884E+01  8.426E-02 
1.093E+02   3.883E+01  8.366E-02 
1.105E+02   3.882E+01  8.306E-02 
1.118E+02   3.881E+01  8.247E-02 
1.131E+02   3.880E+01  8.187E-02 
1.144E+02   3.879E+01  8.128E-02 
1.157E+02   3.877E+01  8.069E-02 
1.171E+02   3.875E+01  8.011E-02 
1.184E+02   3.873E+01  7.953E-02 
1.198E+02   3.871E+01  7.895E-02 
1.212E+02   3.868E+01  7.838E-02 
1.226E+02   3.865E+01  7.781E-02 
1.240E+02   3.862E+01  7.724E-02 
1.255E+02   3.859E+01  7.667E-02 
1.269E+02   3.856E+01  7.611E-02 
1.284E+02   3.852E+01  7.555E-02 
1.299E+02   3.849E+01  7.500E-02 
1.314E+02   3.845E+01  7.444E-02 
1.329E+02   3.841E+01  7.389E-02 
1.345E+02   3.836E+01  7.335E-02 
1.360E+02   3.832E+01  7.280E-02 
1.376E+02   3.827E+01  7.226E-02 
1.392E+02   3.822E+01  7.172E-02 
1.408E+02   3.817E+01  7.119E-02 
1.424E+02   3.812E+01  7.066E-02 
1.441E+02   3.807E+01  7.013E-02 
1.458E+02   3.801E+01  6.960E-02 
1.475E+02   3.795E+01  6.908E-02 
1.492E+02   3.790E+01  6.856E-02 
1.509E+02   3.783E+01  6.804E-02 
1.526E+02   3.777E+01  6.753E-02 
1.544E+02   3.771E+01  6.702E-02 
1.562E+02   3.764E+01  6.651E-02 
1.580E+02   3.757E+01  6.601E-02 
1.598E+02   3.750E+01  6.551E-02 
1.617E+02   3.743E+01  6.501E-02 
1.636E+02   3.736E+01  6.451E-02 
1.655E+02   3.729E+01  6.402E-02 
1.674E+02   3.721E+01  6.353E-02 
1.693E+02   3.713E+01  6.305E-02 
1.713E+02   3.706E+01  6.256E-02 
1.733E+02   3.698E+01  6.208E-02 
1.753E+02   3.690E+01  6.160E-02 
1.773E+02   3.681E+01  6.113E-02 
1.794E+02   3.673E+01  6.066E-02 
1.815E+02   3.664E+01  6.019E-02 
1.836E+02   3.656E+01  5.972E-02 
1.857E+02   3.647E+01  5.926E-02 
1.879E+02   3.638E+01  5.880E-02 
1.900E+02   3.629E+01  5.834E-02 
1.922E+02   3.620E+01  5.789E-02 
1.945E+02   3.611E+01  5.744E-02 
1.967E+02   3.601E+01  5.699E-02 
1.990E+02   3.592E+01  5.654E-02 
2.013E+02   3.582E+01  5.610E-02 
2.036E+02   3.572E+01  5.566E-02 
2.060E+02   3.563E+01  5.522E-02 
2.084E+02   3.553E+01  5.479E-02 
2.108E+02   3.543E+01  5.435E-02 
2.133E+02   3.533E+01  5.393E-02 
2.157E+02   3.523E+01  5.350E-02 
2.182E+02   3.512E+01  5.308E-02 
2.208E+02   3.502E+01  5.266E-02 
2.233E+02   3.491E+01  5.224E-02 
2.259E+02   3.481E+01  5.182E-02 
2.285E+02   3.470E+01  5.141E-02 
2.312E+02   3.460E+01  5.100E-02 
2.339E+02   3.449E+01  5.375E-02 
2.366E+02   3.438E+01  5.332E-02 
2.393E+02   3.427E+01  5.288E-02 
2.421E+02   3.416E+01  5.245E-02 
2.449E+02   3.405E+01  5.203E-02 
2.478E+02   3.394E+01  5.160E-02 
2.506E+02   3.383E+01  5.118E-02 
2.535E+02   3.372E+01  5.076E-02 
2.565E+02   3.360E+01  5.034E-02 
2.595E+02   3.349E+01  4.993E-02 
2.625E+02   3.338E+01  4.952E-02 
2.655E+02   3.326E+01  4.911E-02 
2.686E+02   3.315E+01  4.871E-02 
2.717E+02   3.303E+01  4.831E-02 
2.749E+02   3.292E+01  4.791E-02 
2.780E+02   3.280E+01  4.751E-02 
2.813E+02   3.268E+01  4.712E-02 
2.845E+02   3.257E+01  4.673E-02 
2.878E+02   3.245E+01  4.634E-02 
2.912E+02   3.233E+01  4.596E-02 
2.945E+02   3.221E+01  4.557E-02 
2.980E+02   3.210E+01  4.519E-02 
3.014E+02   3.198E+01  4.482E-02 
3.049E+02   3.186E+01  4.444E-02 
3.085E+02   3.174E+01  4.407E-02 
3.120E+02   3.162E+01  4.370E-02 
3.156E+02   3.150E+01  4.334E-02 
3.193E+02   3.138E+01  4.297E-02 
3.230E+02   3.126E+01  4.261E-02 
3.268E+02   3.114E+01  4.225E-02 
3.306E+02   3.102E+01  4.190E-02 
3.344E+02   3.090E+01  4.155E-02 
3.383E+02   3.077E+01  4.120E-02 
3.422E+02   3.065E+01  4.085E-02 
3.462E+02   3.053E+01  4.050E-02 
3.502E+02   3.041E+01  4.016E-02 
3.542E+02   3.029E+01  3.982E-02 
3.583E+02   3.016E+01  3.948E-02 
3.625E+02   3.004E+01  3.915E-02 
3.667E+02   2.992E+01  3.881E-02 
3.710E+02   2.980E+01  3.848E-02 
3.753E+02   2.967E+01  3.816E-02 
3.796E+02   2.955E+01  3.783E-02 
3.840E+02   2.943E+01  3.751E-02 
3.885E+02   2.930E+01  3.719E-02 
3.930E+02   2.918E+01  3.687E-02 
3.975E+02   2.906E+01  3.655E-02 
4.021E+02   2.894E+01  3.624E-02 
4.068E+02   2.881E+01  3.593E-02 
4.115E+02   2.869E+01  3.562E-02 
4.163E+02   2.856E+01  3.532E-02 
4.211E+02   2.844E+01  3.501E-02 
4.260E+02   2.832E+01  3.471E-02 
4.310E+02   2.819E+01  3.441E-02 
4.360E+02   2.807E+01  3.411E-02 
4.410E+02   2.795E+01  3.382E-02 
4.461E+02   2.782E+01  3.353E-02 
4.513E+02   2.770E+01  3.324E-02 
4.565E+02   2.758E+01  3.295E-02 
4.618E+02   2.745E+01  3.266E-02 
4.672E+02   2.733E+01  3.238E-02 
4.726E+02   2.721E+01  3.210E-02 
4.781E+02   2.708E+01  3.182E-02 
4.836E+02   2.696E+01  3.154E-02 
4.892E+02   2.684E+01  3.127E-02 
4.949E+02   2.671E+01  3.100E-02 
5.007E+02   2.659E+01  3.073E-02 
5.065E+02   2.647E+01  3.046E-02 
5.123E+02   2.634E+01  3.019E-02 
5.183E+02   2.622E+01  2.993E-02 
5.243E+02   2.610E+01  2.967E-02 
5.304E+02   2.597E+01  2.941E-02 
5.365E+02   2.585E+01  2.915E-02 
5.428E+02   2.573E+01  2.889E-02 
5.490E+02   2.560E+01  2.864E-02 
5.554E+02   2.548E+01  2.839E-02 
5.619E+02   2.536E+01  2.814E-02 
5.684E+02   2.524E+01  2.789E-02 
5.750E+02   2.511E+01  2.765E-02 
5.816E+02   2.499E+01  2.740E-02 
5.884E+02   2.487E+01  2.716E-02 
5.952E+02   2.475E+01  2.692E-02 
6.021E+02   2.463E+01  2.668E-02 
6.091E+02   2.450E+01  2.645E-02 
6.162E+02   2.438E+01  2.621E-02 
6.233E+02   2.426E+01  2.598E-02 
6.305E+02   2.414E+01  2.575E-02 
6.378E+02   2.402E+01  2.552E-02 
6.452E+02   2.390E+01  2.529E-02 
6.527E+02   2.378E+01  2.507E-02 
6.603E+02   2.366E+01  2.485E-02 
6.680E+02   2.354E+01  2.463E-02 
6.757E+02   2.342E+01  2.441E-02 
6.835E+02   2.330E+01  2.419E-02 
6.915E+02   2.318E+01  2.397E-02 
6.995E+02   2.306E+01  2.376E-02 
7.076E+02   2.294E+01  2.355E-02 
7.158E+02   2.282E+01  2.334E-02 
7.241E+02   2.270E+01  2.313E-02 
7.325E+02   2.258E+01  2.292E-02 
7.410E+02   2.246E+01  2.272E-02 
7.496E+02   2.234E+01  2.251E-02 
7.583E+02   2.222E+01  2.231E-02 
7.671E+02   2.210E+01  2.211E-02 
7.760E+02   2.199E+01  2.191E-02 
7.850E+02   2.187E+01  2.171E-02 
7.941E+02   2.175E+01  2.152E-02 
8.033E+02   2.163E+01  2.132E-02 
8.126E+02   2.152E+01  2.113E-02 
8.221E+02   2.140E+01  2.094E-02 
8.316E+02   2.128E+01  2.075E-02 
8.412E+02   2.117E+01  2.057E-02 
8.510E+02   2.105E+01  2.038E-02 
8.609E+02   2.094E+01  2.020E-02 
8.709E+02   2.082E+01  2.001E-02 
8.810E+02   2.071E+01  1.983E-02 
8.912E+02   2.059E+01  1.965E-02 
9.015E+02   2.048E+01  1.947E-02 
9.120E+02   2.036E+01  1.930E-02 
9.225E+02   2.025E+01  1.912E-02 
9.332E+02   2.013E+01  1.895E-02 
9.441E+02   2.002E+01  1.878E-02 
9.550E+02   1.991E+01  1.861E-02 
9.661E+02   1.979E+01  1.844E-02 
9.773E+02   1.968E+01  1.827E-02 
9.886E+02   1.957E+01  1.810E-02 
1.000E+03   1.946E+01  1.794E-02 
1.012E+03   1.935E+01  1.777E-02 
1.023E+03   1.926E+01  1.761E-02 
1.035E+03   1.917E+01  1.745E-02 
1.047E+03   1.908E+01  1.729E-02 
1.059E+03   1.899E+01  1.713E-02 
1.072E+03   1.890E+01  1.698E-02 
1.084E+03   1.880E+01  1.682E-02 
1.097E+03   1.871E+01  1.667E-02 
1.109E+03   1.861E+01  1.652E-02 
1.122E+03   1.851E+01  1.636E-02 
1.135E+03   1.841E+01  1.621E-02 
1.149E+03   1.831E+01  1.607E-02 
1.162E+03   1.821E+01  1.592E-02 
1.175E+03   1.811E+01  1.577E-02 
1.189E+03   1.801E+01  1.563E-02 
1.203E+03   1.790E+01  1.548E-02 
1.217E+03   1.780E+01  1.534E-02 
1.231E+03   1.771E+01  1.520E-02 
1.245E+03   1.762E+01  1.506E-02 
1.260E+03   1.753E+01  1.492E-02 
1.274E+03   1.744E+01  1.478E-02 
1.289E+03   1.734E+01  1.465E-02 
1.304E+03   1.725E+01  1.451E-02 
1.319E+03   1.716E+01  1.438E-02 
1.334E+03   1.707E+01  1.424E-02 
1.350E+03   1.698E+01  1.411E-02 
1.365E+03   1.689E+01  1.398E-02 
1.381E+03   1.680E+01  1.385E-02 
1.397E+03   1.671E+01  1.372E-02 
1.414E+03   1.662E+01  1.360E-02 
1.430E+03   1.653E+01  1.347E-02 
1.446E+03   1.645E+01  1.335E-02 
1.463E+03   1.636E+01  1.322E-02 
1.480E+03   1.627E+01  1.310E-02 
1.497E+03   1.618E+01  1.298E-02 
1.515E+03   1.609E+01  1.286E-02 
1.532E+03   1.601E+01  1.274E-02 
1.550E+03   1.592E+01  1.262E-02 
1.568E+03   1.583E+01  1.250E-02 
1.586E+03   1.574E+01  1.238E-02 
1.605E+03   1.566E+01  1.227E-02 
1.623E+03   1.557E+01  1.215E-02 
1.642E+03   1.548E+01  1.204E-02 
1.661E+03   1.540E+01  1.193E-02 
1.680E+03   1.531E+01  1.182E-02 
1.700E+03   1.523E+01  1.171E-02 
1.720E+03   1.514E+01  1.160E-02 
1.740E+03   1.506E+01  1.149E-02 
1.760E+03   1.497E+01  1.138E-02 
1.780E+03   1.489E+01  1.127E-02 
1.801E+03   1.480E+01  1.117E-02 
1.822E+03   1.472E+01  1.106E-02 
1.843E+03   1.463E+01  1.096E-02 
1.864E+03   1.455E+01  1.086E-02 
1.886E+03   1.447E+01  1.076E-02 
1.908E+03   1.438E+01  1.065E-02 
1.930E+03   1.430E+01  1.055E-02 
1.952E+03   1.422E+01  1.046E-02 
1.975E+03   1.413E+01  1.036E-02 
1.998E+03   1.405E+01  1.026E-02 
2.021E+03   1.397E+01  1.016E-02 
2.044E+03   1.389E+01  1.007E-02 
2.068E+03   1.381E+01  9.972E-03 
2.092E+03   1.373E+01  9.878E-03 
2.116E+03   1.364E+01  9.785E-03 
2.141E+03   1.356E+01  9.693E-03 
2.166E+03   1.348E+01  9.602E-03 
2.191E+03   1.340E+01  9.511E-03 
2.216E+03   1.332E+01  9.421E-03 
2.242E+03   1.324E+01  9.332E-03 
2.268E+03   1.316E+01  9.244E-03 
2.294E+03   1.308E+01  9.156E-03 
2.321E+03   1.301E+01  9.070E-03 
2.348E+03   1.293E+01  8.984E-03 
2.375E+03   1.285E+01  8.899E-03 
2.403E+03   1.277E+01  8.815E-03 
2.431E+03   1.269E+01  8.731E-03 
2.459E+03   1.262E+01  8.648E-03 
2.487E+03   1.254E+01  8.566E-03 
2.516E+03   1.246E+01  8.485E-03 
2.545E+03   1.238E+01  8.404E-03 
2.575E+03   1.231E+01  8.325E-03 
2.605E+03   1.223E+01  8.246E-03 
2.635E+03   1.216E+01  8.167E-03 
2.665E+03   1.208E+01  8.089E-03 
2.696E+03   1.200E+01  8.013E-03 
2.728E+03   1.193E+01  7.936E-03 
2.759E+03   1.185E+01  7.861E-03 
2.791E+03   1.178E+01  7.786E-03 
2.824E+03   1.171E+01  7.712E-03 
2.856E+03   1.163E+01  7.638E-03 
2.889E+03   1.156E+01  7.565E-03 
2.923E+03   1.149E+01  7.493E-03 
2.957E+03   1.141E+01  7.422E-03 
2.991E+03   1.134E+01  7.351E-03 
3.026E+03   1.127E+01  7.281E-03 
3.061E+03   1.119E+01  7.211E-03 
3.097E+03   1.112E+01  7.142E-03 
3.132E+03   1.105E+01  7.074E-03 
3.169E+03   1.098E+01  7.006E-03 
3.206E+03   1.091E+01  6.939E-03 
3.243E+03   1.084E+01  6.873E-03 
3.280E+03   1.077E+01  6.807E-03 
3.318E+03   1.070E+01  6.742E-03 
3.357E+03   1.063E+01  6.677E-03 
3.396E+03   1.056E+01  6.613E-03 
3.435E+03   1.049E+01  6.550E-03 
3.475E+03   1.042E+01  6.487E-03 
3.515E+03   1.035E+01  6.425E-03 
3.556E+03   1.028E+01  6.363E-03 
3.597E+03   1.022E+01  6.302E-03 
3.639E+03   1.015E+01  6.241E-03 
3.681E+03   1.008E+01  6.181E-03 
3.724E+03   1.001E+01  6.122E-03 
3.767E+03   9.948E+00  6.063E-03 
3.811E+03   9.882E+00  6.005E-03 
3.855E+03   9.816E+00  5.947E-03 
3.900E+03   9.750E+00  5.889E-03 
3.945E+03   9.685E+00  5.833E-03 
3.991E+03   9.619E+00  5.777E-03 
4.037E+03   9.555E+00  5.721E-03 
4.084E+03   9.490E+00  5.666E-03 
4.131E+03   9.426E+00  5.611E-03 
4.179E+03   9.362E+00  5.557E-03 
4.228E+03   9.298E+00  5.503E-03 
4.277E+03   9.235E+00  5.450E-03 
4.326E+03   9.172E+00  5.398E-03 
4.376E+03   9.110E+00  5.345E-03 
4.427E+03   9.047E+00  5.294E-03 
4.479E+03   8.985E+00  5.243E-03 
4.531E+03   8.923E+00  5.192E-03 
4.583E+03   8.862E+00  5.142E-03 
4.636E+03   8.801E+00  5.092E-03 
4.690E+03   8.740E+00  5.043E-03 
4.744E+03   8.680E+00  4.994E-03 
4.799E+03   8.620E+00  4.945E-03 
4.855E+03   8.560E+00  4.897E-03 
4.911E+03   8.500E+00  4.850E-03 
4.968E+03   8.441E+00  4.803E-03 
5.026E+03   8.382E+00  4.756E-03 
5.084E+03   8.323E+00  4.710E-03 
5.143E+03   8.265E+00  4.664E-03 
5.203E+03   8.207E+00  4.619E-03 
5.263E+03   8.149E+00  4.574E-03 
5.324E+03   8.092E+00  4.530E-03 
5.386E+03   8.035E+00  4.486E-03 
5.449E+03   7.978E+00  4.442E-03 
5.512E+03   7.922E+00  4.399E-03 
5.576E+03   7.865E+00  4.356E-03 
5.640E+03   7.810E+00  4.314E-03 
5.706E+03   7.754E+00  4.272E-03 
5.772E+03   7.699E+00  4.230E-03 
5.839E+03   7.644E+00  4.189E-03 
5.907E+03   7.589E+00  4.148E-03 
5.975E+03   7.535E+00  4.108E-03 
6.045E+03   7.481E+00  4.068E-03 
6.115E+03   7.427E+00  4.028E-03 
6.186E+03   7.374E+00  3.989E-03 
6.257E+03   7.321E+00  3.950E-03 
6.330E+03   7.268E+00  3.911E-03 
6.403E+03   7.215E+00  3.873E-03 
6.478E+03   7.163E+00  3.835E-03 
6.553E+03   7.111E+00  3.798E-03 
6.629E+03   7.059E+00  3.761E-03 
6.706E+03   7.008E+00  3.724E-03 
6.783E+03   6.957E+00  3.687E-03 
6.862E+03   6.906E+00  3.651E-03 
6.942E+03   6.856E+00  3.616E-03 
7.022E+03   6.806E+00  3.580E-03 
7.104E+03   6.756E+00  3.545E-03 
7.186E+03   6.706E+00  3.510E-03 
7.269E+03   6.657E+00  3.476E-03 
7.354E+03   6.608E+00  3.442E-03 
7.439E+03   6.559E+00  3.408E-03 
7.525E+03   6.511E+00  3.375E-03 
7.613E+03   6.463E+00  3.342E-03 
7.701E+03   6.415E+00  3.309E-03 
7.790E+03   6.367E+00  3.276E-03 
7.881E+03   6.320E+00  3.244E-03 
7.972E+03   6.273E+00  3.212E-03 
8.064E+03   6.227E+00  3.181E-03 
8.158E+03   6.180E+00  3.150E-03 
8.253E+03   6.134E+00  3.119E-03 
8.348E+03   6.088E+00  3.088E-03 
8.445E+03   6.043E+00  3.058E-03 
8.543E+03   5.997E+00  3.028E-03 
8.642E+03   5.952E+00  2.998E-03 
8.742E+03   5.908E+00  2.968E-03 
8.844E+03   5.863E+00  2.939E-03 
8.946E+03   5.819E+00  2.910E-03 
9.050E+03   5.775E+00  2.882E-03 
9.155E+03   5.732E+00  2.853E-03 
9.261E+03   5.688E+00  2.825E-03 
9.369E+03   5.645E+00  2.797E-03 
9.477E+03   5.602E+00  2.770E-03 
9.587E+03   5.560E+00  2.742E-03 
9.699E+03   5.518E+00  2.715E-03 
9.811E+03   5.476E+00  2.688E-03 
9.925E+03   5.434E+00  2.662E-03 
1.004E+04   5.393E+00  2.636E-03 
1.016E+04   5.351E+00  2.610E-03 
1.027E+04   5.310E+00  2.584E-03 
1.039E+04   5.270E+00  2.558E-03 
1.051E+04   5.229E+00  2.533E-03 
1.064E+04   5.189E+00  2.508E-03 
1.076E+04   5.149E+00  2.483E-03 
1.088E+04   5.110E+00  2.459E-03 
1.101E+04   5.070E+00  2.434E-03 
1.114E+04   5.031E+00  2.410E-03 
1.127E+04   4.993E+00  2.386E-03 
1.140E+04   4.954E+00  2.363E-03 
1.153E+04   4.916E+00  2.339E-03 
1.166E+04   4.878E+00  2.316E-03 
1.180E+04   4.840E+00  2.293E-03 
1.194E+04   4.802E+00  2.271E-03 
1.207E+04   4.765E+00  2.248E-03 
1.221E+04   4.728E+00  2.226E-03 
1.236E+04   4.691E+00  2.204E-03 
1.250E+04   4.655E+00  2.182E-03 
1.264E+04   4.618E+00  2.160E-03 
1.279E+04   4.582E+00  2.139E-03 
1.294E+04   4.546E+00  2.117E-03 
1.309E+04   4.511E+00  2.096E-03 
1.324E+04   4.475E+00  2.076E-03 
1.340E+04   4.440E+00  2.055E-03 
1.355E+04   4.405E+00  2.035E-03 
1.371E+04   4.371E+00  2.014E-03 
1.387E+04   4.336E+00  1.994E-03 
1.403E+04   4.302E+00  1.975E-03 
1.419E+04   4.268E+00  1.955E-03 
1.435E+04   4.235E+00  1.935E-03 
1.452E+04   4.201E+00  1.916E-03 
1.469E+04   4.168E+00  1.897E-03 
1.486E+04   4.135E+00  1.878E-03 
1.503E+04   4.102E+00  1.860E-03 
1.521E+04   4.070E+00  1.841E-03 
1.538E+04   4.038E+00  1.823E-03 
1.556E+04   4.006E+00  1.804E-03 
1.574E+04   3.974E+00  1.787E-03 
1.592E+04   3.942E+00  1.769E-03 
1.611E+04   3.911E+00  1.751E-03 
1.630E+04   3.880E+00  1.734E-03 
1.649E+04   3.849E+00  1.716E-03 
1.668E+04   3.818E+00  1.699E-03 
1.687E+04   3.787E+00  1.682E-03 
1.707E+04   3.757E+00  1.665E-03 
1.726E+04   3.727E+00  1.649E-03 
1.746E+04   3.697E+00  1.632E-03 
1.767E+04   3.668E+00  1.616E-03 
1.787E+04   3.638E+00  1.600E-03 
1.808E+04   3.609E+00  1.584E-03 
1.829E+04   3.580E+00  1.568E-03 
1.850E+04   3.551E+00  1.552E-03 
1.871E+04   3.523E+00  1.537E-03 
1.893E+04   3.494E+00  1.522E-03 
1.915E+04   3.466E+00  1.506E-03 
1.937E+04   3.438E+00  1.491E-03 
1.960E+04   3.410E+00  1.476E-03 
1.983E+04   3.383E+00  1.462E-03 
2.006E+04   3.355E+00  1.447E-03 
2.029E+04   3.328E+00  1.432E-03 
2.052E+04   3.301E+00  1.418E-03 
2.076E+04   3.275E+00  1.404E-03 
2.100E+04   3.248E+00  1.390E-03 
2.125E+04   3.222E+00  1.376E-03 
2.149E+04   3.196E+00  1.362E-03 
2.174E+04   3.170E+00  1.348E-03 
2.199E+04   3.144E+00  1.335E-03 
2.225E+04   3.118E+00  1.321E-03 
2.251E+04   3.093E+00  1.308E-03 
2.277E+04   3.068E+00  1.295E-03 
2.303E+04   3.043E+00  1.282E-03 
2.330E+04   3.018E+00  1.269E-03 
2.357E+04   2.993E+00  1.256E-03 
2.384E+04   2.969E+00  1.244E-03 
2.412E+04   2.945E+00  1.231E-03 
2.440E+04   2.921E+00  1.219E-03 
2.468E+04   2.897E+00  1.207E-03 
2.497E+04   2.873E+00  1.195E-03 
2.526E+04   2.850E+00  1.183E-03 
2.555E+04   2.826E+00  1.171E-03 
2.585E+04   2.803E+00  1.159E-03 
2.615E+04   2.780E+00  1.147E-03 
2.645E+04   2.757E+00  1.136E-03 
2.676E+04   2.735E+00  1.124E-03 
2.707E+04   2.712E+00  1.113E-03 
2.738E+04   2.690E+00  1.102E-03 
2.770E+04   2.668E+00  1.091E-03 
2.802E+04   2.646E+00  1.080E-03 
2.835E+04   2.624E+00  1.069E-03 
2.867E+04   2.603E+00  1.058E-03 
2.901E+04   2.581E+00  1.047E-03 
2.934E+04   2.560E+00  1.037E-03 
2.968E+04   2.539E+00  1.026E-03 
3.003E+04   2.518E+00  1.016E-03 
3.038E+04   2.497E+00  1.006E-03 
3.073E+04   2.477E+00  9.956E-04 
3.109E+04   2.456E+00  9.856E-04 
3.145E+04   2.436E+00  9.756E-04 
3.181E+04   2.416E+00  9.658E-04 
3.218E+04   2.396E+00  9.560E-04 
3.255E+04   2.376E+00  9.464E-04 
3.293E+04   2.357E+00  9.368E-04 
3.331E+04   2.337E+00  9.274E-04 
3.370E+04   2.318E+00  9.180E-04 
3.409E+04   2.299E+00  9.087E-04 
3.449E+04   2.280E+00  8.995E-04 
3.489E+04   2.261E+00  8.904E-04 
3.529E+04   2.242E+00  8.814E-04 
3.570E+04   2.224E+00  8.725E-04 
3.611E+04   2.205E+00  8.637E-04 
3.653E+04   2.187E+00  8.550E-04 
3.696E+04   2.169E+00  8.463E-04 
3.738E+04   2.151E+00  8.377E-04 
3.782E+04   2.133E+00  8.293E-04 
3.826E+04   2.115E+00  8.209E-04 
3.870E+04   2.098E+00  8.126E-04 
3.915E+04   2.080E+00  8.043E-04 
3.960E+04   2.063E+00  7.962E-04 
4.006E+04   2.046E+00  7.881E-04 
4.053E+04   2.029E+00  7.801E-04 
4.100E+04   2.012E+00  7.722E-04 
4.147E+04   1.996E+00  7.644E-04 
4.195E+04   1.979E+00  7.567E-04 
4.244E+04   1.963E+00  7.490E-04 
4.293E+04   1.947E+00  7.414E-04 
4.343E+04   1.930E+00  7.339E-04 
4.394E+04   1.914E+00  7.264E-04 
4.444E+04   1.899E+00  7.191E-04 
4.496E+04   1.883E+00  7.118E-04 
4.548E+04   1.867E+00  7.045E-04 
4.601E+04   1.852E+00  6.974E-04 
4.654E+04   1.836E+00  6.903E-04 
4.708E+04   1.821E+00  6.833E-04 
4.763E+04   1.806E+00  6.763E-04 
4.818E+04   1.791E+00  6.695E-04 
4.874E+04   1.776E+00  6.627E-04 
4.931E+04   1.762E+00  6.559E-04 
4.988E+04   1.747E+00  6.493E-04 
5.046E+04   1.733E+00  6.427E-04 
5.104E+04   1.718E+00  6.361E-04 
5.163E+04   1.704E+00  6.297E-04 
5.223E+04   1.690E+00  6.233E-04 
5.284E+04   1.676E+00  6.169E-04 
5.345E+04   1.662E+00  6.106E-04 
5.407E+04   1.648E+00  6.044E-04 
5.470E+04   1.635E+00  5.983E-04 
5.533E+04   1.621E+00  5.922E-04 
5.597E+04   1.608E+00  5.862E-04 
5.662E+04   1.595E+00  5.802E-04 
5.728E+04   1.581E+00  5.743E-04 
5.794E+04   1.568E+00  5.684E-04 
5.862E+04   1.555E+00  5.626E-04 
5.930E+04   1.543E+00  5.569E-04 
5.998E+04   1.530E+00  5.512E-04 
6.068E+04   1.517E+00  5.456E-04 
6.138E+04   1.505E+00  5.401E-04 
6.210E+04   1.492E+00  5.346E-04 
6.282E+04   1.480E+00  5.291E-04 
6.354E+04   1.468E+00  5.237E-04 
6.428E+04   1.456E+00  5.184E-04 
6.503E+04   1.444E+00  5.131E-04 
6.578E+04   1.432E+00  5.078E-04 
6.654E+04   1.420E+00  5.027E-04 
6.732E+04   1.409E+00  4.975E-04 
6.810E+04   1.397E+00  4.924E-04 
6.889E+04   1.386E+00  4.874E-04 
6.969E+04   1.374E+00  4.824E-04 
7.049E+04   1.363E+00  4.775E-04 
7.131E+04   1.352E+00  4.726E-04 
7.214E+04   1.341E+00  4.678E-04 
7.298E+04   1.330E+00  4.630E-04 
7.382E+04   1.319E+00  4.583E-04 
7.468E+04   1.309E+00  4.536E-04 
7.555E+04   1.298E+00  4.490E-04 
7.642E+04   1.287E+00  4.444E-04 
7.731E+04   1.277E+00  4.398E-04 
7.820E+04   1.266E+00  4.353E-04 
7.911E+04   1.256E+00  4.309E-04 
8.003E+04   1.246E+00  4.265E-04 
8.096E+04   1.236E+00  4.221E-04 
8.190E+04   1.226E+00  4.178E-04 
8.285E+04   1.216E+00  4.135E-04 
8.381E+04   1.206E+00  4.093E-04 
8.478E+04   1.196E+00  4.051E-04 
8.576E+04   1.187E+00  4.009E-04 
8.676E+04   1.177E+00  3.968E-04 
8.776E+04   1.168E+00  3.928E-04 
8.878E+04   1.158E+00  3.888E-04 
8.981E+04   1.149E+00  3.848E-04 
9.085E+04   1.140E+00  3.808E-04 
9.191E+04   1.131E+00  3.769E-04 
9.297E+04   1.122E+00  3.731E-04 
9.405E+04   1.113E+00  3.692E-04 
9.514E+04   1.104E+00  3.655E-04 
9.625E+04   1.095E+00  3.617E-04 
9.736E+04   1.086E+00  3.580E-04 
9.849E+04   1.078E+00  3.543E-04 
9.963E+04   1.069E+00  3.507E-04 
1.008E+05   1.061E+00  3.471E-04 
