Ion = Helium      . Mass = 4.0026
Tgt =  U (Solid). Density = 19.043 g/cm3
Stopping Units =  eV/(1E15 atoms/cm2)
Energy(keV)  S(Elec)    S(Nuc)
1.000E+00   4.945E+00  1.606E+00 
1.013E+00   4.977E+00  1.611E+00 
1.026E+00   5.010E+00  1.616E+00 
1.039E+00   5.042E+00  1.620E+00 
1.053E+00   5.075E+00  1.625E+00 
1.067E+00   5.108E+00  1.629E+00 
1.081E+00   5.141E+00  1.634E+00 
1.095E+00   5.174E+00  1.638E+00 
1.109E+00   5.208E+00  1.643E+00 
1.123E+00   5.241E+00  1.647E+00 
1.138E+00   5.275E+00  1.652E+00 
1.153E+00   5.309E+00  1.656E+00 
1.168E+00   5.344E+00  1.661E+00 
1.183E+00   5.378E+00  1.665E+00 
1.198E+00   5.413E+00  1.670E+00 
1.214E+00   5.448E+00  1.674E+00 
1.229E+00   5.484E+00  1.678E+00 
1.245E+00   5.519E+00  1.683E+00 
1.262E+00   5.555E+00  1.687E+00 
1.278E+00   5.591E+00  1.691E+00 
1.295E+00   5.627E+00  1.696E+00 
1.311E+00   5.663E+00  1.700E+00 
1.329E+00   5.700E+00  1.704E+00 
1.346E+00   5.737E+00  1.709E+00 
1.363E+00   5.774E+00  1.713E+00 
1.381E+00   5.812E+00  1.717E+00 
1.399E+00   5.849E+00  1.721E+00 
1.417E+00   5.887E+00  1.725E+00 
1.436E+00   5.925E+00  1.730E+00 
1.454E+00   5.964E+00  1.734E+00 
1.473E+00   6.002E+00  1.738E+00 
1.492E+00   6.041E+00  1.742E+00 
1.512E+00   6.080E+00  1.746E+00 
1.531E+00   6.120E+00  1.750E+00 
1.551E+00   6.159E+00  1.754E+00 
1.571E+00   6.199E+00  1.758E+00 
1.592E+00   6.239E+00  1.762E+00 
1.612E+00   6.280E+00  1.766E+00 
1.633E+00   6.321E+00  1.770E+00 
1.655E+00   6.361E+00  1.774E+00 
1.676E+00   6.403E+00  1.778E+00 
1.698E+00   6.444E+00  1.782E+00 
1.720E+00   6.486E+00  1.786E+00 
1.742E+00   6.528E+00  1.790E+00 
1.765E+00   6.570E+00  1.794E+00 
1.788E+00   6.613E+00  1.797E+00 
1.811E+00   6.656E+00  1.801E+00 
1.835E+00   6.699E+00  1.805E+00 
1.859E+00   6.742E+00  1.809E+00 
1.883E+00   6.786E+00  1.812E+00 
1.907E+00   6.830E+00  1.816E+00 
1.932E+00   6.874E+00  1.820E+00 
1.957E+00   6.918E+00  1.823E+00 
1.983E+00   6.963E+00  1.827E+00 
2.008E+00   7.008E+00  1.831E+00 
2.034E+00   7.054E+00  1.834E+00 
2.061E+00   7.099E+00  1.838E+00 
2.088E+00   7.145E+00  1.841E+00 
2.115E+00   7.192E+00  1.845E+00 
2.142E+00   7.238E+00  1.848E+00 
2.170E+00   7.285E+00  1.852E+00 
2.198E+00   7.332E+00  1.855E+00 
2.227E+00   7.380E+00  1.858E+00 
2.256E+00   7.428E+00  1.862E+00 
2.285E+00   7.476E+00  1.865E+00 
2.315E+00   7.524E+00  1.868E+00 
2.345E+00   7.573E+00  1.872E+00 
2.375E+00   7.622E+00  1.875E+00 
2.406E+00   7.671E+00  1.878E+00 
2.438E+00   7.721E+00  1.881E+00 
2.469E+00   7.771E+00  1.884E+00 
2.501E+00   7.821E+00  1.888E+00 
2.534E+00   7.872E+00  1.891E+00 
2.567E+00   7.923E+00  1.894E+00 
2.600E+00   7.974E+00  1.897E+00 
2.634E+00   8.026E+00  1.900E+00 
2.668E+00   8.078E+00  1.903E+00 
2.703E+00   8.130E+00  1.906E+00 
2.738E+00   8.183E+00  1.909E+00 
2.773E+00   8.236E+00  1.912E+00 
2.810E+00   8.289E+00  1.914E+00 
2.846E+00   8.343E+00  1.917E+00 
2.883E+00   8.397E+00  1.920E+00 
2.921E+00   8.451E+00  1.923E+00 
2.958E+00   8.506E+00  1.926E+00 
2.997E+00   8.561E+00  1.928E+00 
3.036E+00   8.617E+00  1.931E+00 
3.075E+00   8.673E+00  1.934E+00 
3.115E+00   8.729E+00  1.936E+00 
3.156E+00   8.785E+00  1.939E+00 
3.197E+00   8.842E+00  1.941E+00 
3.238E+00   8.899E+00  1.944E+00 
3.280E+00   8.957E+00  1.946E+00 
3.323E+00   9.015E+00  1.949E+00 
3.366E+00   9.074E+00  1.951E+00 
3.410E+00   9.132E+00  1.953E+00 
3.454E+00   9.191E+00  1.956E+00 
3.499E+00   9.251E+00  1.958E+00 
3.545E+00   9.311E+00  1.960E+00 
3.591E+00   9.371E+00  1.963E+00 
3.637E+00   9.432E+00  1.965E+00 
3.685E+00   9.493E+00  1.967E+00 
3.733E+00   9.554E+00  1.969E+00 
3.781E+00   9.616E+00  1.971E+00 
3.830E+00   9.679E+00  1.973E+00 
3.880E+00   9.741E+00  1.975E+00 
3.930E+00   9.804E+00  1.977E+00 
3.982E+00   9.868E+00  1.979E+00 
4.033E+00   9.932E+00  1.981E+00 
4.086E+00   9.996E+00  1.983E+00 
4.139E+00   1.006E+01  1.985E+00 
4.193E+00   1.013E+01  1.986E+00 
4.247E+00   1.019E+01  1.988E+00 
4.302E+00   1.026E+01  1.990E+00 
4.358E+00   1.032E+01  1.991E+00 
4.415E+00   1.039E+01  1.993E+00 
4.472E+00   1.046E+01  1.995E+00 
4.530E+00   1.053E+01  1.996E+00 
4.589E+00   1.059E+01  1.998E+00 
4.649E+00   1.066E+01  1.999E+00 
4.709E+00   1.073E+01  2.001E+00 
4.770E+00   1.080E+01  2.002E+00 
4.832E+00   1.087E+01  2.003E+00 
4.895E+00   1.094E+01  2.005E+00 
4.959E+00   1.101E+01  2.006E+00 
5.023E+00   1.108E+01  2.007E+00 
5.089E+00   1.116E+01  2.008E+00 
5.155E+00   1.123E+01  2.009E+00 
5.222E+00   1.130E+01  2.010E+00 
5.290E+00   1.137E+01  2.011E+00 
5.358E+00   1.145E+01  2.012E+00 
5.428E+00   1.152E+01  2.013E+00 
5.499E+00   1.160E+01  2.014E+00 
5.570E+00   1.167E+01  2.015E+00 
5.642E+00   1.175E+01  2.016E+00 
5.716E+00   1.182E+01  2.017E+00 
5.790E+00   1.190E+01  2.017E+00 
5.865E+00   1.198E+01  2.018E+00 
5.942E+00   1.205E+01  2.019E+00 
6.019E+00   1.213E+01  2.019E+00 
6.097E+00   1.221E+01  2.020E+00 
6.176E+00   1.229E+01  2.020E+00 
6.256E+00   1.237E+01  2.021E+00 
6.338E+00   1.245E+01  2.021E+00 
6.420E+00   1.253E+01  2.022E+00 
6.504E+00   1.261E+01  2.022E+00 
6.588E+00   1.269E+01  2.022E+00 
6.674E+00   1.278E+01  2.023E+00 
6.760E+00   1.286E+01  2.023E+00 
6.848E+00   1.294E+01  2.023E+00 
6.937E+00   1.303E+01  2.023E+00 
7.027E+00   1.311E+01  2.023E+00 
7.119E+00   1.319E+01  2.023E+00 
7.211E+00   1.328E+01  2.023E+00 
7.305E+00   1.337E+01  2.023E+00 
7.400E+00   1.345E+01  2.023E+00 
7.496E+00   1.354E+01  2.022E+00 
7.594E+00   1.363E+01  2.022E+00 
7.692E+00   1.372E+01  2.022E+00 
7.792E+00   1.380E+01  2.022E+00 
7.894E+00   1.389E+01  2.021E+00 
7.996E+00   1.398E+01  2.021E+00 
8.100E+00   1.408E+01  2.020E+00 
8.205E+00   1.417E+01  2.020E+00 
8.312E+00   1.427E+01  2.019E+00 
8.420E+00   1.437E+01  2.018E+00 
8.529E+00   1.446E+01  2.018E+00 
8.640E+00   1.456E+01  2.017E+00 
8.753E+00   1.466E+01  2.016E+00 
8.866E+00   1.476E+01  2.015E+00 
8.982E+00   1.486E+01  2.014E+00 
9.098E+00   1.497E+01  2.014E+00 
9.217E+00   1.507E+01  2.013E+00 
9.336E+00   1.518E+01  2.011E+00 
9.458E+00   1.528E+01  2.010E+00 
9.581E+00   1.539E+01  2.009E+00 
9.705E+00   1.549E+01  2.008E+00 
9.831E+00   1.560E+01  2.007E+00 
9.959E+00   1.571E+01  2.005E+00 
1.009E+01   1.582E+01  2.004E+00 
1.022E+01   1.594E+01  2.003E+00 
1.035E+01   1.605E+01  2.001E+00 
1.049E+01   1.616E+01  2.000E+00 
1.062E+01   1.628E+01  1.998E+00 
1.076E+01   1.639E+01  1.997E+00 
1.090E+01   1.651E+01  1.995E+00 
1.104E+01   1.663E+01  1.993E+00 
1.119E+01   1.675E+01  1.991E+00 
1.133E+01   1.687E+01  1.990E+00 
1.148E+01   1.699E+01  1.988E+00 
1.163E+01   1.711E+01  1.986E+00 
1.178E+01   1.724E+01  1.984E+00 
1.193E+01   1.736E+01  1.982E+00 
1.209E+01   1.749E+01  1.980E+00 
1.224E+01   1.761E+01  1.978E+00 
1.240E+01   1.774E+01  1.975E+00 
1.256E+01   1.787E+01  1.973E+00 
1.273E+01   1.800E+01  1.971E+00 
1.289E+01   1.814E+01  1.969E+00 
1.306E+01   1.827E+01  1.966E+00 
1.323E+01   1.840E+01  1.964E+00 
1.340E+01   1.854E+01  1.961E+00 
1.358E+01   1.868E+01  1.959E+00 
1.375E+01   1.882E+01  1.956E+00 
1.393E+01   1.896E+01  1.953E+00 
1.411E+01   1.910E+01  1.951E+00 
1.430E+01   1.924E+01  1.948E+00 
1.448E+01   1.938E+01  1.945E+00 
1.467E+01   1.953E+01  1.942E+00 
1.486E+01   1.968E+01  1.939E+00 
1.505E+01   1.983E+01  1.936E+00 
1.525E+01   1.998E+01  1.933E+00 
1.545E+01   2.013E+01  1.930E+00 
1.565E+01   2.028E+01  1.927E+00 
1.585E+01   2.043E+01  1.924E+00 
1.606E+01   2.059E+01  1.921E+00 
1.627E+01   2.075E+01  1.917E+00 
1.648E+01   2.090E+01  1.914E+00 
1.669E+01   2.106E+01  1.911E+00 
1.691E+01   2.122E+01  1.907E+00 
1.713E+01   2.139E+01  1.904E+00 
1.735E+01   2.155E+01  1.900E+00 
1.758E+01   2.172E+01  1.897E+00 
1.781E+01   2.189E+01  1.893E+00 
1.804E+01   2.206E+01  1.889E+00 
1.827E+01   2.223E+01  1.886E+00 
1.851E+01   2.240E+01  1.882E+00 
1.875E+01   2.257E+01  1.878E+00 
1.899E+01   2.275E+01  1.874E+00 
1.924E+01   2.293E+01  1.870E+00 
1.949E+01   2.311E+01  1.866E+00 
1.974E+01   2.329E+01  1.862E+00 
2.000E+01   2.347E+01  1.858E+00 
2.026E+01   2.365E+01  1.854E+00 
2.052E+01   2.384E+01  1.850E+00 
2.079E+01   2.403E+01  1.846E+00 
2.106E+01   2.422E+01  1.842E+00 
2.133E+01   2.441E+01  1.837E+00 
2.161E+01   2.460E+01  1.833E+00 
2.189E+01   2.480E+01  1.828E+00 
2.218E+01   2.499E+01  1.824E+00 
2.247E+01   2.519E+01  1.820E+00 
2.276E+01   2.539E+01  1.815E+00 
2.305E+01   2.560E+01  1.810E+00 
2.335E+01   2.580E+01  1.806E+00 
2.366E+01   2.601E+01  1.801E+00 
2.396E+01   2.622E+01  1.796E+00 
2.428E+01   2.643E+01  1.792E+00 
2.459E+01   2.664E+01  1.787E+00 
2.491E+01   2.685E+01  1.782E+00 
2.523E+01   2.707E+01  1.777E+00 
2.556E+01   2.729E+01  1.772E+00 
2.589E+01   2.751E+01  1.767E+00 
2.623E+01   2.773E+01  1.762E+00 
2.657E+01   2.796E+01  1.757E+00 
2.692E+01   2.818E+01  1.752E+00 
2.727E+01   2.841E+01  1.747E+00 
2.762E+01   2.864E+01  1.742E+00 
2.798E+01   2.888E+01  1.736E+00 
2.834E+01   2.911E+01  1.731E+00 
2.871E+01   2.935E+01  1.726E+00 
2.909E+01   2.959E+01  1.721E+00 
2.946E+01   2.983E+01  1.715E+00 
2.985E+01   3.008E+01  1.710E+00 
3.023E+01   3.033E+01  1.704E+00 
3.063E+01   3.058E+01  1.699E+00 
3.103E+01   3.083E+01  1.693E+00 
3.143E+01   3.108E+01  1.688E+00 
3.184E+01   3.134E+01  1.682E+00 
3.225E+01   3.160E+01  1.677E+00 
3.267E+01   3.186E+01  1.671E+00 
3.309E+01   3.212E+01  1.665E+00 
3.352E+01   3.239E+01  1.659E+00 
3.396E+01   3.266E+01  1.654E+00 
3.440E+01   3.293E+01  1.648E+00 
3.485E+01   3.321E+01  1.642E+00 
3.530E+01   3.348E+01  1.636E+00 
3.576E+01   3.376E+01  1.630E+00 
3.623E+01   3.404E+01  1.624E+00 
3.670E+01   3.433E+01  1.618E+00 
3.717E+01   3.462E+01  1.612E+00 
3.766E+01   3.491E+01  1.606E+00 
3.815E+01   3.520E+01  1.600E+00 
3.864E+01   3.549E+01  1.594E+00 
3.914E+01   3.579E+01  1.588E+00 
3.965E+01   3.609E+01  1.582E+00 
4.017E+01   3.640E+01  1.576E+00 
4.069E+01   3.670E+01  1.570E+00 
4.122E+01   3.701E+01  1.564E+00 
4.175E+01   3.733E+01  1.557E+00 
4.230E+01   3.764E+01  1.551E+00 
4.285E+01   3.796E+01  1.545E+00 
4.340E+01   3.828E+01  1.538E+00 
4.397E+01   3.861E+01  1.532E+00 
4.454E+01   3.893E+01  1.526E+00 
4.512E+01   3.926E+01  1.519E+00 
4.570E+01   3.960E+01  1.513E+00 
4.630E+01   3.993E+01  1.507E+00 
4.690E+01   4.027E+01  1.500E+00 
4.751E+01   4.062E+01  1.494E+00 
4.813E+01   4.096E+01  1.487E+00 
4.875E+01   4.131E+01  1.481E+00 
4.939E+01   4.167E+01  1.474E+00 
5.003E+01   4.202E+01  1.468E+00 
5.068E+01   4.238E+01  1.461E+00 
5.134E+01   4.274E+01  1.455E+00 
5.200E+01   4.311E+01  1.448E+00 
5.268E+01   4.348E+01  1.442E+00 
5.336E+01   4.385E+01  1.435E+00 
5.406E+01   4.423E+01  1.428E+00 
5.476E+01   4.461E+01  1.422E+00 
5.547E+01   4.499E+01  1.415E+00 
5.619E+01   4.538E+01  1.408E+00 
5.692E+01   4.577E+01  1.402E+00 
5.766E+01   4.616E+01  1.395E+00 
5.841E+01   4.656E+01  1.388E+00 
5.917E+01   4.696E+01  1.382E+00 
5.994E+01   4.737E+01  1.375E+00 
6.072E+01   4.777E+01  1.368E+00 
6.151E+01   4.819E+01  1.361E+00 
6.231E+01   4.860E+01  1.355E+00 
6.312E+01   4.902E+01  1.348E+00 
6.394E+01   4.945E+01  1.341E+00 
6.477E+01   4.987E+01  1.334E+00 
6.561E+01   5.030E+01  1.328E+00 
6.646E+01   5.074E+01  1.321E+00 
6.733E+01   5.118E+01  1.314E+00 
6.820E+01   5.162E+01  1.307E+00 
6.909E+01   5.207E+01  1.301E+00 
6.999E+01   5.252E+01  1.294E+00 
7.090E+01   5.297E+01  1.287E+00 
7.182E+01   5.343E+01  1.280E+00 
7.275E+01   5.390E+01  1.273E+00 
7.370E+01   5.436E+01  1.267E+00 
7.465E+01   5.484E+01  1.260E+00 
7.562E+01   5.531E+01  1.253E+00 
7.661E+01   5.579E+01  1.246E+00 
7.760E+01   5.628E+01  1.239E+00 
7.861E+01   5.676E+01  1.233E+00 
7.963E+01   5.726E+01  1.226E+00 
8.067E+01   5.775E+01  1.219E+00 
8.172E+01   5.825E+01  1.212E+00 
8.278E+01   5.876E+01  1.205E+00 
8.385E+01   5.927E+01  1.199E+00 
8.494E+01   5.978E+01  1.192E+00 
8.605E+01   6.030E+01  1.185E+00 
8.717E+01   6.083E+01  1.178E+00 
8.830E+01   6.135E+01  1.172E+00 
8.945E+01   6.189E+01  1.165E+00 
9.061E+01   6.242E+01  1.158E+00 
9.179E+01   6.296E+01  1.151E+00 
9.298E+01   6.351E+01  1.145E+00 
9.419E+01   6.406E+01  1.138E+00 
9.541E+01   6.462E+01  1.131E+00 
9.665E+01   6.518E+01  1.124E+00 
9.791E+01   6.574E+01  1.118E+00 
9.918E+01   6.631E+01  1.111E+00 
1.005E+02   6.688E+01  1.104E+00 
1.018E+02   6.746E+01  1.098E+00 
1.031E+02   6.805E+01  1.091E+00 
1.044E+02   6.863E+01  1.084E+00 
1.058E+02   6.923E+01  1.078E+00 
1.072E+02   6.983E+01  1.071E+00 
1.086E+02   7.043E+01  1.064E+00 
1.100E+02   7.104E+01  1.058E+00 
1.114E+02   7.165E+01  1.051E+00 
1.129E+02   7.227E+01  1.045E+00 
1.143E+02   7.289E+01  1.038E+00 
1.158E+02   7.351E+01  1.032E+00 
1.173E+02   7.415E+01  1.025E+00 
1.188E+02   7.478E+01  1.018E+00 
1.204E+02   7.542E+01  1.012E+00 
1.219E+02   7.607E+01  1.005E+00 
1.235E+02   7.672E+01  9.990E-01 
1.251E+02   7.738E+01  9.925E-01 
1.268E+02   7.804E+01  9.861E-01 
1.284E+02   7.871E+01  9.797E-01 
1.301E+02   7.938E+01  9.733E-01 
1.318E+02   8.005E+01  9.669E-01 
1.335E+02   8.074E+01  9.605E-01 
1.352E+02   8.142E+01  9.541E-01 
1.370E+02   8.211E+01  9.478E-01 
1.388E+02   8.281E+01  9.415E-01 
1.406E+02   8.351E+01  9.352E-01 
1.424E+02   8.422E+01  9.289E-01 
1.442E+02   8.493E+01  9.226E-01 
1.461E+02   8.564E+01  9.164E-01 
1.480E+02   8.636E+01  9.102E-01 
1.499E+02   8.709E+01  9.040E-01 
1.519E+02   8.782E+01  8.978E-01 
1.539E+02   8.855E+01  8.916E-01 
1.559E+02   8.929E+01  8.855E-01 
1.579E+02   9.004E+01  8.794E-01 
1.599E+02   9.078E+01  8.733E-01 
1.620E+02   9.154E+01  8.672E-01 
1.641E+02   9.230E+01  8.611E-01 
1.662E+02   9.306E+01  8.551E-01 
1.684E+02   9.383E+01  8.491E-01 
1.706E+02   9.460E+01  8.431E-01 
1.728E+02   9.538E+01  8.371E-01 
1.751E+02   9.616E+01  8.312E-01 
1.773E+02   9.694E+01  8.253E-01 
1.796E+02   9.773E+01  8.194E-01 
1.820E+02   9.853E+01  8.135E-01 
1.843E+02   9.932E+01  8.077E-01 
1.867E+02   1.001E+02  8.019E-01 
1.892E+02   1.009E+02  7.961E-01 
1.916E+02   1.017E+02  7.903E-01 
1.941E+02   1.026E+02  7.845E-01 
1.966E+02   1.034E+02  7.788E-01 
1.992E+02   1.042E+02  7.731E-01 
2.018E+02   1.050E+02  7.674E-01 
2.044E+02   1.059E+02  7.618E-01 
2.071E+02   1.067E+02  7.562E-01 
2.097E+02   1.075E+02  7.506E-01 
2.125E+02   1.084E+02  7.450E-01 
2.152E+02   1.092E+02  7.394E-01 
2.180E+02   1.101E+02  7.339E-01 
2.209E+02   1.109E+02  7.284E-01 
2.237E+02   1.118E+02  7.229E-01 
2.266E+02   1.126E+02  7.175E-01 
2.296E+02   1.135E+02  7.121E-01 
2.326E+02   1.143E+02  7.067E-01 
2.356E+02   1.152E+02  7.013E-01 
2.387E+02   1.161E+02  6.960E-01 
2.418E+02   1.169E+02  6.907E-01 
2.449E+02   1.178E+02  6.854E-01 
2.481E+02   1.187E+02  6.801E-01 
2.513E+02   1.195E+02  6.749E-01 
2.546E+02   1.204E+02  6.697E-01 
2.579E+02   1.213E+02  6.645E-01 
2.612E+02   1.222E+02  6.594E-01 
2.646E+02   1.230E+02  6.542E-01 
2.681E+02   1.239E+02  6.491E-01 
2.716E+02   1.248E+02  6.441E-01 
2.751E+02   1.257E+02  6.390E-01 
2.787E+02   1.265E+02  6.340E-01 
2.823E+02   1.274E+02  6.290E-01 
2.859E+02   1.283E+02  6.241E-01 
2.897E+02   1.292E+02  6.191E-01 
2.934E+02   1.300E+02  6.142E-01 
2.972E+02   1.309E+02  6.093E-01 
3.011E+02   1.318E+02  6.045E-01 
3.050E+02   1.327E+02  5.997E-01 
3.090E+02   1.335E+02  5.949E-01 
3.130E+02   1.344E+02  5.901E-01 
3.171E+02   1.353E+02  5.854E-01 
3.212E+02   1.361E+02  5.806E-01 
3.254E+02   1.370E+02  5.759E-01 
3.296E+02   1.379E+02  5.713E-01 
3.339E+02   1.387E+02  5.667E-01 
3.382E+02   1.396E+02  5.621E-01 
3.426E+02   1.404E+02  5.575E-01 
3.471E+02   1.412E+02  5.529E-01 
3.516E+02   1.421E+02  5.484E-01 
3.561E+02   1.429E+02  5.439E-01 
3.608E+02   1.437E+02  5.394E-01 
3.655E+02   1.446E+02  5.350E-01 
3.702E+02   1.454E+02  5.306E-01 
3.750E+02   1.462E+02  5.262E-01 
3.799E+02   1.470E+02  5.218E-01 
3.848E+02   1.478E+02  5.175E-01 
3.898E+02   1.486E+02  5.132E-01 
3.949E+02   1.494E+02  5.089E-01 
4.000E+02   1.501E+02  5.047E-01 
4.052E+02   1.509E+02  5.005E-01 
4.105E+02   1.517E+02  4.963E-01 
4.158E+02   1.524E+02  4.921E-01 
4.212E+02   1.531E+02  4.880E-01 
4.267E+02   1.539E+02  4.839E-01 
4.323E+02   1.546E+02  4.798E-01 
4.379E+02   1.553E+02  4.757E-01 
4.436E+02   1.560E+02  4.717E-01 
4.493E+02   1.567E+02  4.677E-01 
4.552E+02   1.574E+02  4.637E-01 
4.611E+02   1.580E+02  4.597E-01 
4.671E+02   1.587E+02  4.558E-01 
4.731E+02   1.593E+02  4.519E-01 
4.793E+02   1.599E+02  4.480E-01 
4.855E+02   1.606E+02  4.442E-01 
4.918E+02   1.612E+02  4.404E-01 
4.982E+02   1.617E+02  4.366E-01 
5.047E+02   1.623E+02  4.328E-01 
5.113E+02   1.629E+02  4.291E-01 
5.179E+02   1.634E+02  4.253E-01 
5.246E+02   1.639E+02  4.217E-01 
5.315E+02   1.644E+02  4.180E-01 
5.384E+02   1.649E+02  4.144E-01 
5.454E+02   1.654E+02  4.107E-01 
5.524E+02   1.659E+02  4.072E-01 
5.596E+02   1.663E+02  4.036E-01 
5.669E+02   1.668E+02  4.001E-01 
5.743E+02   1.672E+02  3.965E-01 
5.817E+02   1.676E+02  3.931E-01 
5.893E+02   1.679E+02  3.896E-01 
5.969E+02   1.683E+02  3.862E-01 
6.047E+02   1.686E+02  3.827E-01 
6.126E+02   1.690E+02  3.794E-01 
6.205E+02   1.693E+02  3.760E-01 
6.286E+02   1.695E+02  3.727E-01 
6.368E+02   1.698E+02  3.693E-01 
6.450E+02   1.700E+02  3.661E-01 
6.534E+02   1.703E+02  3.628E-01 
6.619E+02   1.705E+02  3.596E-01 
6.705E+02   1.707E+02  3.563E-01 
6.792E+02   1.708E+02  3.532E-01 
6.881E+02   1.710E+02  3.500E-01 
6.970E+02   1.711E+02  3.623E-01 
7.061E+02   1.712E+02  3.590E-01 
7.152E+02   1.713E+02  3.558E-01 
7.245E+02   1.714E+02  3.525E-01 
7.339E+02   1.714E+02  3.493E-01 
7.435E+02   1.714E+02  3.461E-01 
7.531E+02   1.714E+02  3.429E-01 
7.629E+02   1.714E+02  3.398E-01 
7.728E+02   1.714E+02  3.367E-01 
7.829E+02   1.713E+02  3.336E-01 
7.931E+02   1.713E+02  3.305E-01 
8.034E+02   1.712E+02  3.274E-01 
8.138E+02   1.710E+02  3.244E-01 
8.244E+02   1.709E+02  3.214E-01 
8.351E+02   1.708E+02  3.184E-01 
8.460E+02   1.706E+02  3.155E-01 
8.570E+02   1.704E+02  3.125E-01 
8.681E+02   1.702E+02  3.096E-01 
8.794E+02   1.700E+02  3.067E-01 
8.908E+02   1.697E+02  3.039E-01 
9.024E+02   1.694E+02  3.010E-01 
9.141E+02   1.692E+02  2.982E-01 
9.260E+02   1.688E+02  2.954E-01 
9.380E+02   1.685E+02  2.927E-01 
9.502E+02   1.682E+02  2.899E-01 
9.626E+02   1.678E+02  2.872E-01 
9.751E+02   1.675E+02  2.845E-01 
9.877E+02   1.671E+02  2.818E-01 
1.001E+03   1.667E+02  2.791E-01 
1.014E+03   1.663E+02  2.765E-01 
1.027E+03   1.658E+02  2.739E-01 
1.040E+03   1.654E+02  2.713E-01 
1.054E+03   1.649E+02  2.687E-01 
1.067E+03   1.644E+02  2.662E-01 
1.081E+03   1.639E+02  2.636E-01 
1.095E+03   1.634E+02  2.611E-01 
1.109E+03   1.629E+02  2.586E-01 
1.124E+03   1.624E+02  2.562E-01 
1.138E+03   1.618E+02  2.537E-01 
1.153E+03   1.613E+02  2.513E-01 
1.168E+03   1.607E+02  2.489E-01 
1.183E+03   1.601E+02  2.465E-01 
1.199E+03   1.596E+02  2.441E-01 
1.214E+03   1.590E+02  2.418E-01 
1.230E+03   1.584E+02  2.395E-01 
1.246E+03   1.577E+02  2.372E-01 
1.262E+03   1.571E+02  2.349E-01 
1.279E+03   1.565E+02  2.326E-01 
1.295E+03   1.558E+02  2.304E-01 
1.312E+03   1.552E+02  2.281E-01 
1.329E+03   1.545E+02  2.259E-01 
1.347E+03   1.539E+02  2.238E-01 
1.364E+03   1.532E+02  2.216E-01 
1.382E+03   1.525E+02  2.194E-01 
1.400E+03   1.518E+02  2.173E-01 
1.418E+03   1.511E+02  2.152E-01 
1.436E+03   1.504E+02  2.131E-01 
1.455E+03   1.497E+02  2.110E-01 
1.474E+03   1.490E+02  2.090E-01 
1.493E+03   1.483E+02  2.069E-01 
1.513E+03   1.476E+02  2.049E-01 
1.532E+03   1.469E+02  2.029E-01 
1.552E+03   1.462E+02  2.009E-01 
1.572E+03   1.455E+02  1.989E-01 
1.593E+03   1.447E+02  1.970E-01 
1.613E+03   1.440E+02  1.950E-01 
1.634E+03   1.433E+02  1.931E-01 
1.656E+03   1.426E+02  1.912E-01 
1.677E+03   1.418E+02  1.893E-01 
1.699E+03   1.411E+02  1.875E-01 
1.721E+03   1.404E+02  1.856E-01 
1.743E+03   1.396E+02  1.838E-01 
1.766E+03   1.389E+02  1.820E-01 
1.789E+03   1.382E+02  1.802E-01 
1.812E+03   1.374E+02  1.784E-01 
1.836E+03   1.367E+02  1.766E-01 
1.860E+03   1.360E+02  1.749E-01 
1.884E+03   1.352E+02  1.731E-01 
1.908E+03   1.345E+02  1.714E-01 
1.933E+03   1.338E+02  1.697E-01 
1.958E+03   1.330E+02  1.680E-01 
1.984E+03   1.323E+02  1.663E-01 
2.009E+03   1.316E+02  1.647E-01 
2.036E+03   1.309E+02  1.630E-01 
2.062E+03   1.301E+02  1.614E-01 
2.089E+03   1.294E+02  1.598E-01 
2.116E+03   1.287E+02  1.582E-01 
2.143E+03   1.280E+02  1.566E-01 
2.171E+03   1.273E+02  1.551E-01 
2.200E+03   1.266E+02  1.535E-01 
2.228E+03   1.258E+02  1.520E-01 
2.257E+03   1.251E+02  1.504E-01 
2.286E+03   1.244E+02  1.489E-01 
2.316E+03   1.237E+02  1.474E-01 
2.346E+03   1.230E+02  1.459E-01 
2.377E+03   1.223E+02  1.445E-01 
2.408E+03   1.216E+02  1.430E-01 
2.439E+03   1.209E+02  1.416E-01 
2.471E+03   1.202E+02  1.401E-01 
2.503E+03   1.196E+02  1.387E-01 
2.535E+03   1.189E+02  1.373E-01 
2.568E+03   1.182E+02  1.359E-01 
2.602E+03   1.175E+02  1.346E-01 
2.635E+03   1.168E+02  1.332E-01 
2.670E+03   1.162E+02  1.318E-01 
2.704E+03   1.155E+02  1.305E-01 
2.740E+03   1.148E+02  1.292E-01 
2.775E+03   1.142E+02  1.279E-01 
2.811E+03   1.135E+02  1.266E-01 
2.848E+03   1.129E+02  1.253E-01 
2.885E+03   1.122E+02  1.240E-01 
2.922E+03   1.116E+02  1.227E-01 
2.960E+03   1.109E+02  1.215E-01 
2.999E+03   1.103E+02  1.202E-01 
3.038E+03   1.096E+02  1.190E-01 
3.077E+03   1.090E+02  1.178E-01 
3.117E+03   1.083E+02  1.166E-01 
3.158E+03   1.077E+02  1.154E-01 
3.199E+03   1.071E+02  1.142E-01 
3.240E+03   1.065E+02  1.131E-01 
3.282E+03   1.058E+02  1.119E-01 
3.325E+03   1.052E+02  1.107E-01 
3.368E+03   1.046E+02  1.096E-01 
3.412E+03   1.040E+02  1.085E-01 
3.456E+03   1.034E+02  1.074E-01 
3.501E+03   1.027E+02  1.063E-01 
3.547E+03   1.021E+02  1.052E-01 
3.593E+03   1.015E+02  1.041E-01 
3.640E+03   1.009E+02  1.030E-01 
3.687E+03   1.003E+02  1.020E-01 
3.735E+03   9.974E+01  1.009E-01 
3.783E+03   9.915E+01  9.986E-02 
3.832E+03   9.856E+01  9.883E-02 
3.882E+03   9.797E+01  9.780E-02 
3.933E+03   9.738E+01  9.679E-02 
3.984E+03   9.680E+01  9.579E-02 
4.036E+03   9.622E+01  9.480E-02 
4.088E+03   9.564E+01  9.382E-02 
4.141E+03   9.507E+01  9.284E-02 
4.195E+03   9.449E+01  9.188E-02 
4.250E+03   9.392E+01  9.093E-02 
4.305E+03   9.336E+01  8.998E-02 
4.361E+03   9.279E+01  8.905E-02 
4.417E+03   9.223E+01  8.812E-02 
4.475E+03   9.167E+01  8.720E-02 
4.533E+03   9.111E+01  8.630E-02 
4.592E+03   9.055E+01  8.540E-02 
4.652E+03   9.000E+01  8.451E-02 
4.712E+03   8.945E+01  8.363E-02 
4.773E+03   8.890E+01  8.275E-02 
4.835E+03   8.836E+01  8.189E-02 
4.898E+03   8.781E+01  8.103E-02 
4.962E+03   8.727E+01  8.019E-02 
5.026E+03   8.673E+01  7.935E-02 
5.092E+03   8.620E+01  7.852E-02 
5.158E+03   8.566E+01  7.770E-02 
5.225E+03   8.513E+01  7.688E-02 
5.293E+03   8.460E+01  7.608E-02 
5.362E+03   8.407E+01  7.528E-02 
5.431E+03   8.355E+01  7.449E-02 
5.502E+03   8.303E+01  7.371E-02 
5.573E+03   8.251E+01  7.293E-02 
5.646E+03   8.199E+01  7.217E-02 
5.719E+03   8.147E+01  7.141E-02 
5.793E+03   8.096E+01  7.066E-02 
5.869E+03   8.044E+01  6.991E-02 
5.945E+03   7.994E+01  6.918E-02 
6.022E+03   7.943E+01  6.845E-02 
6.101E+03   7.892E+01  6.773E-02 
6.180E+03   7.842E+01  6.701E-02 
6.260E+03   7.792E+01  6.631E-02 
6.341E+03   7.742E+01  6.561E-02 
6.424E+03   7.692E+01  6.491E-02 
6.507E+03   7.643E+01  6.423E-02 
6.592E+03   7.594E+01  6.355E-02 
6.678E+03   7.545E+01  6.288E-02 
6.764E+03   7.496E+01  6.221E-02 
6.852E+03   7.447E+01  6.155E-02 
6.941E+03   7.399E+01  6.090E-02 
7.032E+03   7.351E+01  6.025E-02 
7.123E+03   7.303E+01  5.962E-02 
7.216E+03   7.255E+01  5.898E-02 
7.309E+03   7.208E+01  5.836E-02 
7.404E+03   7.160E+01  5.774E-02 
7.501E+03   7.113E+01  5.712E-02 
7.598E+03   7.066E+01  5.652E-02 
7.697E+03   7.020E+01  5.592E-02 
7.797E+03   6.973E+01  5.532E-02 
7.898E+03   6.927E+01  5.473E-02 
8.001E+03   6.881E+01  5.415E-02 
8.105E+03   6.841E+01  5.357E-02 
8.210E+03   6.801E+01  5.300E-02 
8.317E+03   6.760E+01  5.244E-02 
8.425E+03   6.719E+01  5.188E-02 
8.534E+03   6.678E+01  5.133E-02 
8.645E+03   6.635E+01  5.078E-02 
8.758E+03   6.593E+01  5.024E-02 
8.871E+03   6.549E+01  4.970E-02 
8.987E+03   6.505E+01  4.917E-02 
9.104E+03   6.461E+01  4.864E-02 
9.222E+03   6.416E+01  4.812E-02 
9.342E+03   6.370E+01  4.761E-02 
9.463E+03   6.324E+01  4.710E-02 
9.586E+03   6.277E+01  4.659E-02 
9.711E+03   6.234E+01  4.609E-02 
9.837E+03   6.191E+01  4.560E-02 
9.965E+03   6.148E+01  4.511E-02 
1.009E+04   6.106E+01  4.463E-02 
1.023E+04   6.064E+01  4.415E-02 
1.036E+04   6.022E+01  4.367E-02 
1.049E+04   5.980E+01  4.320E-02 
1.063E+04   5.938E+01  4.274E-02 
1.077E+04   5.897E+01  4.228E-02 
1.091E+04   5.855E+01  4.182E-02 
1.105E+04   5.814E+01  4.137E-02 
1.119E+04   5.773E+01  4.093E-02 
1.134E+04   5.732E+01  4.049E-02 
1.149E+04   5.692E+01  4.005E-02 
1.163E+04   5.651E+01  3.962E-02 
1.179E+04   5.611E+01  3.919E-02 
1.194E+04   5.571E+01  3.877E-02 
1.209E+04   5.532E+01  3.835E-02 
1.225E+04   5.492E+01  3.794E-02 
1.241E+04   5.453E+01  3.753E-02 
1.257E+04   5.413E+01  3.712E-02 
1.274E+04   5.374E+01  3.672E-02 
1.290E+04   5.336E+01  3.632E-02 
1.307E+04   5.297E+01  3.593E-02 
1.324E+04   5.258E+01  3.554E-02 
1.341E+04   5.220E+01  3.516E-02 
1.358E+04   5.182E+01  3.478E-02 
1.376E+04   5.144E+01  3.440E-02 
1.394E+04   5.107E+01  3.403E-02 
1.412E+04   5.069E+01  3.366E-02 
1.431E+04   5.032E+01  3.329E-02 
1.449E+04   4.995E+01  3.293E-02 
1.468E+04   4.958E+01  3.258E-02 
1.487E+04   4.922E+01  3.222E-02 
1.506E+04   4.885E+01  3.187E-02 
1.526E+04   4.849E+01  3.153E-02 
1.546E+04   4.813E+01  3.118E-02 
1.566E+04   4.777E+01  3.084E-02 
1.586E+04   4.741E+01  3.051E-02 
1.607E+04   4.706E+01  3.018E-02 
1.628E+04   4.671E+01  2.985E-02 
1.649E+04   4.636E+01  2.952E-02 
1.670E+04   4.601E+01  2.920E-02 
1.692E+04   4.566E+01  2.888E-02 
1.714E+04   4.532E+01  2.857E-02 
1.736E+04   4.497E+01  2.826E-02 
1.759E+04   4.463E+01  2.795E-02 
1.782E+04   4.429E+01  2.764E-02 
1.805E+04   4.396E+01  2.734E-02 
1.828E+04   4.362E+01  2.704E-02 
1.852E+04   4.329E+01  2.675E-02 
1.876E+04   4.296E+01  2.646E-02 
1.900E+04   4.263E+01  2.617E-02 
1.925E+04   4.230E+01  2.588E-02 
1.950E+04   4.198E+01  2.560E-02 
1.976E+04   4.165E+01  2.532E-02 
2.001E+04   4.133E+01  2.504E-02 
2.027E+04   4.101E+01  2.477E-02 
2.054E+04   4.069E+01  2.450E-02 
2.080E+04   4.038E+01  2.423E-02 
2.107E+04   4.006E+01  2.396E-02 
2.135E+04   3.975E+01  2.370E-02 
2.162E+04   3.944E+01  2.344E-02 
2.191E+04   3.914E+01  2.318E-02 
2.219E+04   3.883E+01  2.293E-02 
2.248E+04   3.852E+01  2.268E-02 
2.277E+04   3.822E+01  2.243E-02 
2.307E+04   3.792E+01  2.218E-02 
2.337E+04   3.762E+01  2.194E-02 
2.367E+04   3.733E+01  2.170E-02 
2.398E+04   3.703E+01  2.146E-02 
2.429E+04   3.674E+01  2.122E-02 
2.461E+04   3.645E+01  2.099E-02 
2.492E+04   3.616E+01  2.076E-02 
2.525E+04   3.587E+01  2.053E-02 
2.558E+04   3.558E+01  2.030E-02 
2.591E+04   3.530E+01  2.008E-02 
2.625E+04   3.502E+01  1.986E-02 
2.659E+04   3.474E+01  1.964E-02 
2.693E+04   3.446E+01  1.942E-02 
2.728E+04   3.418E+01  1.921E-02 
2.764E+04   3.391E+01  1.900E-02 
2.800E+04   3.364E+01  1.879E-02 
2.836E+04   3.336E+01  1.858E-02 
2.873E+04   3.310E+01  1.838E-02 
2.910E+04   3.283E+01  1.817E-02 
2.948E+04   3.256E+01  1.797E-02 
2.986E+04   3.230E+01  1.777E-02 
3.025E+04   3.204E+01  1.758E-02 
3.065E+04   3.177E+01  1.738E-02 
3.104E+04   3.152E+01  1.719E-02 
3.145E+04   3.126E+01  1.700E-02 
3.186E+04   3.100E+01  1.681E-02 
3.227E+04   3.075E+01  1.663E-02 
3.269E+04   3.050E+01  1.644E-02 
3.311E+04   3.025E+01  1.626E-02 
3.354E+04   3.000E+01  1.608E-02 
3.398E+04   2.975E+01  1.590E-02 
3.442E+04   2.951E+01  1.573E-02 
3.487E+04   2.926E+01  1.555E-02 
3.532E+04   2.902E+01  1.538E-02 
3.578E+04   2.878E+01  1.521E-02 
3.625E+04   2.854E+01  1.504E-02 
3.672E+04   2.831E+01  1.487E-02 
3.719E+04   2.807E+01  1.471E-02 
3.768E+04   2.784E+01  1.454E-02 
3.817E+04   2.761E+01  1.438E-02 
3.866E+04   2.737E+01  1.422E-02 
3.917E+04   2.715E+01  1.406E-02 
3.968E+04   2.692E+01  1.391E-02 
4.019E+04   2.669E+01  1.375E-02 
4.071E+04   2.647E+01  1.360E-02 
4.124E+04   2.625E+01  1.345E-02 
4.178E+04   2.603E+01  1.330E-02 
4.232E+04   2.581E+01  1.315E-02 
4.287E+04   2.559E+01  1.301E-02 
4.343E+04   2.537E+01  1.286E-02 
4.399E+04   2.516E+01  1.272E-02 
4.456E+04   2.495E+01  1.258E-02 
4.514E+04   2.474E+01  1.244E-02 
4.573E+04   2.453E+01  1.230E-02 
4.632E+04   2.432E+01  1.216E-02 
4.693E+04   2.411E+01  1.202E-02 
4.754E+04   2.391E+01  1.189E-02 
4.815E+04   2.370E+01  1.176E-02 
4.878E+04   2.350E+01  1.163E-02 
4.941E+04   2.330E+01  1.150E-02 
5.006E+04   2.310E+01  1.137E-02 
5.071E+04   2.290E+01  1.124E-02 
5.137E+04   2.271E+01  1.111E-02 
5.203E+04   2.251E+01  1.099E-02 
5.271E+04   2.232E+01  1.087E-02 
5.340E+04   2.213E+01  1.075E-02 
5.409E+04   2.193E+01  1.063E-02 
5.479E+04   2.175E+01  1.051E-02 
5.550E+04   2.156E+01  1.039E-02 
5.623E+04   2.137E+01  1.027E-02 
5.696E+04   2.119E+01  1.016E-02 
5.770E+04   2.100E+01  1.004E-02 
5.845E+04   2.082E+01  9.932E-03 
5.921E+04   2.064E+01  9.821E-03 
5.998E+04   2.046E+01  9.711E-03 
6.075E+04   2.028E+01  9.602E-03 
6.154E+04   2.011E+01  9.494E-03 
6.234E+04   1.993E+01  9.388E-03 
6.315E+04   1.976E+01  9.282E-03 
6.398E+04   1.959E+01  9.178E-03 
6.481E+04   1.941E+01  9.075E-03 
6.565E+04   1.925E+01  8.973E-03 
6.650E+04   1.908E+01  8.873E-03 
6.737E+04   1.891E+01  8.773E-03 
6.824E+04   1.874E+01  8.675E-03 
6.913E+04   1.858E+01  8.577E-03 
7.003E+04   1.842E+01  8.481E-03 
7.094E+04   1.825E+01  8.385E-03 
7.186E+04   1.809E+01  8.291E-03 
7.279E+04   1.793E+01  8.198E-03 
7.374E+04   1.778E+01  8.106E-03 
7.470E+04   1.762E+01  8.014E-03 
7.567E+04   1.746E+01  7.924E-03 
7.665E+04   1.731E+01  7.835E-03 
7.765E+04   1.716E+01  7.747E-03 
7.866E+04   1.700E+01  7.660E-03 
7.968E+04   1.685E+01  7.573E-03 
8.072E+04   1.670E+01  7.488E-03 
8.176E+04   1.655E+01  7.404E-03 
8.283E+04   1.641E+01  7.320E-03 
8.390E+04   1.626E+01  7.238E-03 
8.499E+04   1.612E+01  7.156E-03 
8.610E+04   1.597E+01  7.075E-03 
8.722E+04   1.583E+01  6.996E-03 
8.835E+04   1.569E+01  6.917E-03 
8.950E+04   1.555E+01  6.839E-03 
9.066E+04   1.541E+01  6.761E-03 
9.184E+04   1.527E+01  6.685E-03 
9.303E+04   1.514E+01  6.610E-03 
9.424E+04   1.500E+01  6.535E-03 
9.547E+04   1.487E+01  6.461E-03 
9.671E+04   1.473E+01  6.388E-03 
9.797E+04   1.460E+01  6.316E-03 
9.924E+04   1.447E+01  6.244E-03 
1.005E+05   1.434E+01  6.174E-03 
1.018E+05   1.421E+01  6.104E-03 
1.032E+05   1.408E+01  6.035E-03 
1.045E+05   1.396E+01  5.967E-03 
1.059E+05   1.383E+01  5.899E-03 
1.072E+05   1.371E+01  5.832E-03 
1.086E+05   1.358E+01  5.766E-03 
1.100E+05   1.346E+01  5.701E-03 
1.115E+05   1.334E+01  5.637E-03 
1.129E+05   1.322E+01  5.573E-03 
1.144E+05   1.310E+01  5.510E-03 
1.159E+05   1.298E+01  5.447E-03 
1.174E+05   1.286E+01  5.385E-03 
1.189E+05   1.275E+01  5.324E-03 
1.204E+05   1.263E+01  5.264E-03 
1.220E+05   1.252E+01  5.204E-03 
1.236E+05   1.240E+01  5.145E-03 
1.252E+05   1.229E+01  5.087E-03 
1.268E+05   1.218E+01  5.029E-03 
1.285E+05   1.207E+01  4.972E-03 
1.302E+05   1.196E+01  4.916E-03 
1.318E+05   1.185E+01  4.860E-03 
1.336E+05   1.174E+01  4.805E-03 
1.353E+05   1.164E+01  4.750E-03 
1.371E+05   1.153E+01  4.696E-03 
1.388E+05   1.143E+01  4.643E-03 
1.406E+05   1.132E+01  4.590E-03 
1.425E+05   1.122E+01  4.538E-03 
1.443E+05   1.112E+01  4.486E-03 
1.462E+05   1.102E+01  4.435E-03 
1.481E+05   1.092E+01  4.385E-03 
1.500E+05   1.082E+01  4.335E-03 
1.520E+05   1.072E+01  4.286E-03 
1.539E+05   1.062E+01  4.237E-03 
1.559E+05   1.052E+01  4.189E-03 
1.580E+05   1.043E+01  4.141E-03 
1.600E+05   1.033E+01  4.094E-03 
1.621E+05   1.024E+01  4.047E-03 
1.642E+05   1.015E+01  4.001E-03 
1.663E+05   1.005E+01  3.955E-03 
1.685E+05   9.962E+00  3.910E-03 
1.707E+05   9.871E+00  3.866E-03 
1.729E+05   9.781E+00  3.822E-03 
1.752E+05   9.692E+00  3.778E-03 
1.774E+05   9.603E+00  3.735E-03 
1.797E+05   9.516E+00  3.692E-03 
1.821E+05   9.429E+00  3.650E-03 
1.844E+05   9.343E+00  3.609E-03 
1.868E+05   9.258E+00  3.567E-03 
1.893E+05   9.173E+00  3.527E-03 
1.917E+05   9.090E+00  3.486E-03 
1.942E+05   9.007E+00  3.447E-03 
1.967E+05   8.925E+00  3.407E-03 
1.993E+05   8.843E+00  3.368E-03 
2.019E+05   8.763E+00  3.330E-03 
2.045E+05   8.683E+00  3.292E-03 
2.072E+05   8.604E+00  3.254E-03 
2.099E+05   8.526E+00  3.217E-03 
2.126E+05   8.448E+00  3.180E-03 
2.154E+05   8.371E+00  3.144E-03 
2.182E+05   8.295E+00  3.108E-03 
2.210E+05   8.219E+00  3.072E-03 
2.239E+05   8.145E+00  3.037E-03 
2.268E+05   8.071E+00  3.003E-03 
2.297E+05   7.997E+00  2.968E-03 
2.327E+05   7.924E+00  2.934E-03 
2.357E+05   7.853E+00  2.901E-03 
2.388E+05   7.781E+00  2.867E-03 
2.419E+05   7.711E+00  2.835E-03 
2.450E+05   7.641E+00  2.802E-03 
2.482E+05   7.571E+00  2.770E-03 
2.515E+05   7.503E+00  2.738E-03 
2.547E+05   7.435E+00  2.707E-03 
2.580E+05   7.367E+00  2.676E-03 
2.614E+05   7.301E+00  2.645E-03 
2.648E+05   7.235E+00  2.615E-03 
2.682E+05   7.169E+00  2.585E-03 
2.717E+05   7.105E+00  2.555E-03 
2.752E+05   7.040E+00  2.526E-03 
2.788E+05   6.977E+00  2.497E-03 
2.824E+05   6.914E+00  2.468E-03 
2.861E+05   6.852E+00  2.440E-03 
2.898E+05   6.790E+00  2.412E-03 
2.936E+05   6.729E+00  2.384E-03 
2.974E+05   6.668E+00  2.357E-03 
3.013E+05   6.609E+00  2.330E-03 
3.052E+05   6.549E+00  2.303E-03 
3.092E+05   6.490E+00  2.277E-03 
3.132E+05   6.432E+00  2.250E-03 
3.172E+05   6.375E+00  2.225E-03 
3.214E+05   6.318E+00  2.199E-03 
3.255E+05   6.261E+00  2.174E-03 
3.298E+05   6.205E+00  2.149E-03 
3.341E+05   6.150E+00  2.124E-03 
3.384E+05   6.095E+00  2.100E-03 
3.428E+05   6.041E+00  2.075E-03 
3.473E+05   5.987E+00  2.052E-03 
3.518E+05   5.934E+00  2.028E-03 
3.563E+05   5.882E+00  2.005E-03 
3.610E+05   5.829E+00  1.982E-03 
3.657E+05   5.778E+00  1.959E-03 
3.704E+05   5.727E+00  1.936E-03 
3.752E+05   5.676E+00  1.914E-03 
3.801E+05   5.626E+00  1.892E-03 
3.851E+05   5.577E+00  1.870E-03 
3.901E+05   5.528E+00  1.849E-03 
3.951E+05   5.479E+00  1.827E-03 
4.003E+05   5.431E+00  1.806E-03 
