Ion = Hydrogen    . Mass = 1.0079
Tgt = Os (Solid). Density = 22.48 g/cm3
Stopping Units =  eV/(1E15 atoms/cm2)
Energy(keV)  S(Elec)    S(Nuc)
1.000E+00   4.138E+00  2.591E-01 
1.012E+00   4.162E+00  2.594E-01 
1.023E+00   4.186E+00  2.597E-01 
1.035E+00   4.211E+00  2.601E-01 
1.047E+00   4.235E+00  2.604E-01 
1.059E+00   4.260E+00  2.607E-01 
1.072E+00   4.284E+00  2.611E-01 
1.084E+00   4.309E+00  2.614E-01 
1.097E+00   4.334E+00  2.617E-01 
1.109E+00   4.359E+00  2.620E-01 
1.122E+00   4.384E+00  2.623E-01 
1.135E+00   4.409E+00  2.626E-01 
1.148E+00   4.435E+00  2.629E-01 
1.162E+00   4.461E+00  2.632E-01 
1.175E+00   4.486E+00  2.635E-01 
1.189E+00   4.512E+00  2.638E-01 
1.203E+00   4.538E+00  2.641E-01 
1.217E+00   4.565E+00  2.644E-01 
1.231E+00   4.591E+00  2.647E-01 
1.245E+00   4.618E+00  2.649E-01 
1.259E+00   4.644E+00  2.652E-01 
1.274E+00   4.671E+00  2.655E-01 
1.289E+00   4.698E+00  2.658E-01 
1.304E+00   4.725E+00  2.660E-01 
1.319E+00   4.753E+00  2.663E-01 
1.334E+00   4.780E+00  2.665E-01 
1.350E+00   4.808E+00  2.668E-01 
1.365E+00   4.836E+00  2.670E-01 
1.381E+00   4.864E+00  2.673E-01 
1.397E+00   4.892E+00  2.675E-01 
1.413E+00   4.920E+00  2.678E-01 
1.430E+00   4.948E+00  2.680E-01 
1.446E+00   4.977E+00  2.682E-01 
1.463E+00   5.006E+00  2.684E-01 
1.480E+00   5.035E+00  2.687E-01 
1.497E+00   5.064E+00  2.689E-01 
1.515E+00   5.093E+00  2.691E-01 
1.532E+00   5.123E+00  2.693E-01 
1.550E+00   5.152E+00  2.695E-01 
1.568E+00   5.182E+00  2.697E-01 
1.586E+00   5.212E+00  2.699E-01 
1.605E+00   5.242E+00  2.701E-01 
1.623E+00   5.272E+00  2.703E-01 
1.642E+00   5.303E+00  2.705E-01 
1.661E+00   5.334E+00  2.706E-01 
1.680E+00   5.364E+00  2.708E-01 
1.700E+00   5.396E+00  2.710E-01 
1.719E+00   5.427E+00  2.712E-01 
1.739E+00   5.458E+00  2.713E-01 
1.760E+00   5.490E+00  2.715E-01 
1.780E+00   5.521E+00  2.716E-01 
1.801E+00   5.553E+00  2.718E-01 
1.822E+00   5.585E+00  2.719E-01 
1.843E+00   5.618E+00  2.721E-01 
1.864E+00   5.650E+00  2.722E-01 
1.886E+00   5.683E+00  2.724E-01 
1.908E+00   5.716E+00  2.725E-01 
1.930E+00   5.749E+00  2.726E-01 
1.952E+00   5.782E+00  2.727E-01 
1.975E+00   5.815E+00  2.728E-01 
1.998E+00   5.849E+00  2.730E-01 
2.021E+00   5.881E+00  2.731E-01 
2.044E+00   5.907E+00  2.732E-01 
2.068E+00   5.933E+00  2.733E-01 
2.092E+00   5.959E+00  2.734E-01 
2.116E+00   5.985E+00  2.735E-01 
2.141E+00   6.012E+00  2.735E-01 
2.166E+00   6.039E+00  2.736E-01 
2.191E+00   6.066E+00  2.737E-01 
2.216E+00   6.093E+00  2.738E-01 
2.242E+00   6.121E+00  2.738E-01 
2.268E+00   6.148E+00  2.739E-01 
2.294E+00   6.176E+00  2.740E-01 
2.321E+00   6.205E+00  2.740E-01 
2.348E+00   6.233E+00  2.741E-01 
2.375E+00   6.262E+00  2.741E-01 
2.402E+00   6.291E+00  2.741E-01 
2.430E+00   6.320E+00  2.742E-01 
2.458E+00   6.350E+00  2.742E-01 
2.487E+00   6.379E+00  2.742E-01 
2.516E+00   6.409E+00  2.742E-01 
2.545E+00   6.439E+00  2.743E-01 
2.574E+00   6.470E+00  2.743E-01 
2.604E+00   6.501E+00  2.743E-01 
2.635E+00   6.532E+00  2.743E-01 
2.665E+00   6.563E+00  2.743E-01 
2.696E+00   6.595E+00  2.743E-01 
2.727E+00   6.626E+00  2.742E-01 
2.759E+00   6.659E+00  2.742E-01 
2.791E+00   6.691E+00  2.742E-01 
2.823E+00   6.724E+00  2.742E-01 
2.856E+00   6.757E+00  2.741E-01 
2.889E+00   6.790E+00  2.741E-01 
2.923E+00   6.823E+00  2.740E-01 
2.957E+00   6.857E+00  2.740E-01 
2.991E+00   6.891E+00  2.739E-01 
3.026E+00   6.926E+00  2.739E-01 
3.061E+00   6.960E+00  2.738E-01 
3.096E+00   6.995E+00  2.737E-01 
3.132E+00   7.031E+00  2.737E-01 
3.168E+00   7.066E+00  2.736E-01 
3.205E+00   7.102E+00  2.735E-01 
3.242E+00   7.139E+00  2.734E-01 
3.280E+00   7.175E+00  2.733E-01 
3.318E+00   7.212E+00  2.732E-01 
3.356E+00   7.249E+00  2.731E-01 
3.395E+00   7.287E+00  2.730E-01 
3.435E+00   7.325E+00  2.729E-01 
3.475E+00   7.363E+00  2.728E-01 
3.515E+00   7.402E+00  2.726E-01 
3.556E+00   7.440E+00  2.725E-01 
3.597E+00   7.480E+00  2.724E-01 
3.639E+00   7.519E+00  2.722E-01 
3.681E+00   7.559E+00  2.721E-01 
3.724E+00   7.600E+00  2.719E-01 
3.767E+00   7.640E+00  2.718E-01 
3.810E+00   7.681E+00  2.716E-01 
3.855E+00   7.723E+00  2.714E-01 
3.899E+00   7.764E+00  2.713E-01 
3.945E+00   7.807E+00  2.711E-01 
3.990E+00   7.849E+00  2.709E-01 
4.037E+00   7.892E+00  2.707E-01 
4.083E+00   7.935E+00  2.705E-01 
4.131E+00   7.979E+00  2.703E-01 
4.179E+00   8.023E+00  2.701E-01 
4.227E+00   8.067E+00  2.699E-01 
4.276E+00   8.112E+00  2.697E-01 
4.326E+00   8.157E+00  2.694E-01 
4.376E+00   8.203E+00  2.692E-01 
4.427E+00   8.249E+00  2.690E-01 
4.478E+00   8.296E+00  2.687E-01 
4.530E+00   8.343E+00  2.685E-01 
4.583E+00   8.390E+00  2.683E-01 
4.636E+00   8.438E+00  2.680E-01 
4.690E+00   8.486E+00  2.677E-01 
4.744E+00   8.534E+00  2.675E-01 
4.799E+00   8.583E+00  2.672E-01 
4.855E+00   8.633E+00  2.669E-01 
4.911E+00   8.683E+00  2.666E-01 
4.968E+00   8.733E+00  2.664E-01 
5.026E+00   8.784E+00  2.661E-01 
5.084E+00   8.835E+00  2.658E-01 
5.143E+00   8.887E+00  2.655E-01 
5.202E+00   8.939E+00  2.652E-01 
5.263E+00   8.992E+00  2.648E-01 
5.324E+00   9.045E+00  2.645E-01 
5.386E+00   9.099E+00  2.642E-01 
5.448E+00   9.153E+00  2.639E-01 
5.511E+00   9.208E+00  2.635E-01 
5.575E+00   9.263E+00  2.632E-01 
5.640E+00   9.318E+00  2.628E-01 
5.705E+00   9.374E+00  2.625E-01 
5.771E+00   9.431E+00  2.621E-01 
5.838E+00   9.488E+00  2.618E-01 
5.906E+00   9.546E+00  2.614E-01 
5.975E+00   9.604E+00  2.610E-01 
6.044E+00   9.663E+00  2.606E-01 
6.114E+00   9.722E+00  2.603E-01 
6.185E+00   9.782E+00  2.599E-01 
6.257E+00   9.842E+00  2.595E-01 
6.329E+00   9.903E+00  2.591E-01 
6.403E+00   9.964E+00  2.587E-01 
6.477E+00   1.003E+01  2.583E-01 
6.552E+00   1.009E+01  2.579E-01 
6.628E+00   1.015E+01  2.574E-01 
6.705E+00   1.022E+01  2.570E-01 
6.783E+00   1.028E+01  2.566E-01 
6.861E+00   1.034E+01  2.561E-01 
6.941E+00   1.041E+01  2.557E-01 
7.021E+00   1.048E+01  2.552E-01 
7.103E+00   1.054E+01  2.548E-01 
7.185E+00   1.061E+01  2.543E-01 
7.269E+00   1.068E+01  2.539E-01 
7.353E+00   1.075E+01  2.534E-01 
7.438E+00   1.082E+01  2.529E-01 
7.524E+00   1.089E+01  2.525E-01 
7.612E+00   1.096E+01  2.520E-01 
7.700E+00   1.103E+01  2.515E-01 
7.789E+00   1.110E+01  2.510E-01 
7.880E+00   1.117E+01  2.505E-01 
7.971E+00   1.124E+01  2.500E-01 
8.064E+00   1.132E+01  2.495E-01 
8.157E+00   1.139E+01  2.490E-01 
8.252E+00   1.147E+01  2.485E-01 
8.347E+00   1.154E+01  2.479E-01 
8.444E+00   1.162E+01  2.474E-01 
8.542E+00   1.169E+01  2.469E-01 
8.641E+00   1.177E+01  2.463E-01 
8.741E+00   1.185E+01  2.458E-01 
8.843E+00   1.193E+01  2.453E-01 
8.945E+00   1.201E+01  2.447E-01 
9.049E+00   1.209E+01  2.442E-01 
9.154E+00   1.217E+01  2.436E-01 
9.260E+00   1.225E+01  2.430E-01 
9.368E+00   1.234E+01  2.425E-01 
9.476E+00   1.242E+01  2.419E-01 
9.586E+00   1.250E+01  2.413E-01 
9.698E+00   1.259E+01  2.407E-01 
9.810E+00   1.267E+01  2.401E-01 
9.924E+00   1.276E+01  2.395E-01 
1.004E+01   1.285E+01  2.389E-01 
1.016E+01   1.293E+01  2.383E-01 
1.027E+01   1.302E+01  2.377E-01 
1.039E+01   1.311E+01  2.371E-01 
1.051E+01   1.320E+01  2.365E-01 
1.063E+01   1.329E+01  2.359E-01 
1.076E+01   1.339E+01  2.353E-01 
1.088E+01   1.348E+01  2.347E-01 
1.101E+01   1.357E+01  2.340E-01 
1.114E+01   1.367E+01  2.334E-01 
1.127E+01   1.376E+01  2.327E-01 
1.140E+01   1.386E+01  2.321E-01 
1.153E+01   1.395E+01  2.315E-01 
1.166E+01   1.405E+01  2.308E-01 
1.180E+01   1.415E+01  2.302E-01 
1.193E+01   1.425E+01  2.295E-01 
1.207E+01   1.435E+01  2.288E-01 
1.221E+01   1.445E+01  2.282E-01 
1.235E+01   1.455E+01  2.275E-01 
1.250E+01   1.465E+01  2.268E-01 
1.264E+01   1.476E+01  2.261E-01 
1.279E+01   1.486E+01  2.255E-01 
1.294E+01   1.497E+01  2.248E-01 
1.309E+01   1.507E+01  2.241E-01 
1.324E+01   1.518E+01  2.234E-01 
1.339E+01   1.529E+01  2.227E-01 
1.355E+01   1.540E+01  2.220E-01 
1.371E+01   1.551E+01  2.213E-01 
1.387E+01   1.562E+01  2.206E-01 
1.403E+01   1.573E+01  2.199E-01 
1.419E+01   1.584E+01  2.192E-01 
1.435E+01   1.595E+01  2.185E-01 
1.452E+01   1.607E+01  2.178E-01 
1.469E+01   1.618E+01  2.170E-01 
1.486E+01   1.630E+01  2.163E-01 
1.503E+01   1.641E+01  2.156E-01 
1.521E+01   1.653E+01  2.149E-01 
1.538E+01   1.665E+01  2.141E-01 
1.556E+01   1.677E+01  2.134E-01 
1.574E+01   1.689E+01  2.126E-01 
1.592E+01   1.701E+01  2.119E-01 
1.611E+01   1.714E+01  2.112E-01 
1.629E+01   1.726E+01  2.104E-01 
1.648E+01   1.738E+01  2.097E-01 
1.667E+01   1.751E+01  2.089E-01 
1.687E+01   1.763E+01  2.082E-01 
1.706E+01   1.776E+01  2.074E-01 
1.726E+01   1.789E+01  2.066E-01 
1.746E+01   1.802E+01  2.059E-01 
1.766E+01   1.815E+01  2.051E-01 
1.787E+01   1.828E+01  2.044E-01 
1.808E+01   1.841E+01  2.036E-01 
1.829E+01   1.854E+01  2.028E-01 
1.850E+01   1.868E+01  2.020E-01 
1.871E+01   1.881E+01  2.013E-01 
1.893E+01   1.895E+01  2.005E-01 
1.915E+01   1.908E+01  1.997E-01 
1.937E+01   1.922E+01  1.989E-01 
1.960E+01   1.936E+01  1.981E-01 
1.982E+01   1.950E+01  1.974E-01 
2.005E+01   1.964E+01  1.966E-01 
2.029E+01   1.978E+01  1.958E-01 
2.052E+01   1.992E+01  1.950E-01 
2.076E+01   2.006E+01  1.942E-01 
2.100E+01   2.020E+01  1.934E-01 
2.124E+01   2.035E+01  1.926E-01 
2.149E+01   2.049E+01  1.918E-01 
2.174E+01   2.064E+01  1.910E-01 
2.199E+01   2.078E+01  1.902E-01 
2.225E+01   2.093E+01  1.894E-01 
2.250E+01   2.108E+01  1.886E-01 
2.277E+01   2.123E+01  1.878E-01 
2.303E+01   2.138E+01  1.870E-01 
2.330E+01   2.153E+01  1.862E-01 
2.357E+01   2.168E+01  1.854E-01 
2.384E+01   2.183E+01  1.846E-01 
2.412E+01   2.199E+01  1.838E-01 
2.440E+01   2.214E+01  1.830E-01 
2.468E+01   2.229E+01  1.822E-01 
2.497E+01   2.245E+01  1.814E-01 
2.526E+01   2.260E+01  1.806E-01 
2.555E+01   2.276E+01  1.798E-01 
2.584E+01   2.292E+01  1.789E-01 
2.614E+01   2.307E+01  1.781E-01 
2.645E+01   2.323E+01  1.773E-01 
2.675E+01   2.339E+01  1.765E-01 
2.707E+01   2.355E+01  1.757E-01 
2.738E+01   2.371E+01  1.749E-01 
2.770E+01   2.387E+01  1.741E-01 
2.802E+01   2.403E+01  1.733E-01 
2.834E+01   2.419E+01  1.724E-01 
2.867E+01   2.435E+01  1.716E-01 
2.900E+01   2.452E+01  1.708E-01 
2.934E+01   2.468E+01  1.700E-01 
2.968E+01   2.484E+01  1.692E-01 
3.003E+01   2.500E+01  1.684E-01 
3.037E+01   2.517E+01  1.675E-01 
3.073E+01   2.533E+01  1.667E-01 
3.108E+01   2.550E+01  1.659E-01 
3.144E+01   2.566E+01  1.651E-01 
3.181E+01   2.582E+01  1.643E-01 
3.218E+01   2.599E+01  1.635E-01 
3.255E+01   2.615E+01  1.627E-01 
3.293E+01   2.632E+01  1.618E-01 
3.331E+01   2.648E+01  1.610E-01 
3.370E+01   2.665E+01  1.602E-01 
3.409E+01   2.681E+01  1.594E-01 
3.448E+01   2.698E+01  1.586E-01 
3.488E+01   2.714E+01  1.578E-01 
3.529E+01   2.731E+01  1.570E-01 
3.570E+01   2.747E+01  1.562E-01 
3.611E+01   2.763E+01  1.553E-01 
3.653E+01   2.780E+01  1.545E-01 
3.695E+01   2.796E+01  1.537E-01 
3.738E+01   2.812E+01  1.529E-01 
3.781E+01   2.829E+01  1.521E-01 
3.825E+01   2.845E+01  1.513E-01 
3.870E+01   2.861E+01  1.505E-01 
3.915E+01   2.877E+01  1.497E-01 
3.960E+01   2.893E+01  1.489E-01 
4.006E+01   2.909E+01  1.481E-01 
4.052E+01   2.925E+01  1.473E-01 
4.099E+01   2.941E+01  1.465E-01 
4.147E+01   2.957E+01  1.457E-01 
4.195E+01   2.973E+01  1.449E-01 
4.244E+01   2.988E+01  1.441E-01 
4.293E+01   3.004E+01  1.433E-01 
4.343E+01   3.019E+01  1.425E-01 
4.393E+01   3.035E+01  1.417E-01 
4.444E+01   3.050E+01  1.409E-01 
4.496E+01   3.065E+01  1.402E-01 
4.548E+01   3.080E+01  1.394E-01 
4.600E+01   3.095E+01  1.386E-01 
4.654E+01   3.110E+01  1.378E-01 
4.708E+01   3.124E+01  1.370E-01 
4.762E+01   3.139E+01  1.362E-01 
4.818E+01   3.153E+01  1.355E-01 
4.873E+01   3.168E+01  1.347E-01 
4.930E+01   3.182E+01  1.339E-01 
4.987E+01   3.196E+01  1.331E-01 
5.045E+01   3.209E+01  1.324E-01 
5.104E+01   3.223E+01  1.316E-01 
5.163E+01   3.237E+01  1.308E-01 
5.223E+01   3.250E+01  1.301E-01 
5.283E+01   3.263E+01  1.293E-01 
5.344E+01   3.276E+01  1.285E-01 
5.406E+01   3.289E+01  1.278E-01 
5.469E+01   3.302E+01  1.270E-01 
5.533E+01   3.314E+01  1.263E-01 
5.597E+01   3.326E+01  1.255E-01 
5.662E+01   3.338E+01  1.247E-01 
5.727E+01   3.350E+01  1.240E-01 
5.794E+01   3.362E+01  1.232E-01 
5.861E+01   3.373E+01  1.225E-01 
5.929E+01   3.384E+01  1.218E-01 
5.998E+01   3.396E+01  1.210E-01 
6.067E+01   3.406E+01  1.203E-01 
6.138E+01   3.417E+01  1.195E-01 
6.209E+01   3.427E+01  1.188E-01 
6.281E+01   3.438E+01  1.181E-01 
6.354E+01   3.447E+01  1.173E-01 
6.427E+01   3.457E+01  1.166E-01 
6.502E+01   3.467E+01  1.159E-01 
6.577E+01   3.476E+01  1.152E-01 
6.654E+01   3.485E+01  1.144E-01 
6.731E+01   3.494E+01  1.137E-01 
6.809E+01   3.502E+01  1.130E-01 
6.888E+01   3.511E+01  1.123E-01 
6.968E+01   3.519E+01  1.116E-01 
7.049E+01   3.527E+01  1.109E-01 
7.130E+01   3.534E+01  1.102E-01 
7.213E+01   3.542E+01  1.095E-01 
7.297E+01   3.549E+01  1.088E-01 
7.381E+01   3.556E+01  1.081E-01 
7.467E+01   3.563E+01  1.074E-01 
7.554E+01   3.569E+01  1.067E-01 
7.641E+01   3.575E+01  1.060E-01 
7.730E+01   3.581E+01  1.053E-01 
7.820E+01   3.587E+01  1.046E-01 
7.910E+01   3.592E+01  1.039E-01 
8.002E+01   3.598E+01  1.032E-01 
8.095E+01   3.603E+01  1.026E-01 
8.189E+01   3.608E+01  1.019E-01 
8.284E+01   3.612E+01  1.012E-01 
8.380E+01   3.617E+01  1.005E-01 
8.477E+01   3.621E+01  9.988E-02 
8.575E+01   3.625E+01  9.921E-02 
8.675E+01   3.628E+01  9.855E-02 
8.775E+01   3.632E+01  9.789E-02 
8.877E+01   3.635E+01  9.724E-02 
8.980E+01   3.638E+01  9.658E-02 
9.084E+01   3.641E+01  9.593E-02 
9.190E+01   3.643E+01  9.528E-02 
9.296E+01   3.646E+01  9.464E-02 
9.404E+01   3.648E+01  9.400E-02 
9.513E+01   3.650E+01  9.336E-02 
9.624E+01   3.651E+01  9.272E-02 
9.735E+01   3.653E+01  9.209E-02 
9.848E+01   3.654E+01  9.146E-02 
9.962E+01   3.655E+01  9.083E-02 
1.008E+02   3.656E+01  9.021E-02 
1.019E+02   3.657E+01  8.958E-02 
1.031E+02   3.658E+01  8.896E-02 
1.043E+02   3.658E+01  8.835E-02 
1.055E+02   3.658E+01  8.773E-02 
1.068E+02   3.658E+01  8.712E-02 
1.080E+02   3.658E+01  8.652E-02 
1.093E+02   3.658E+01  8.591E-02 
1.105E+02   3.657E+01  8.531E-02 
1.118E+02   3.656E+01  8.471E-02 
1.131E+02   3.656E+01  8.411E-02 
1.144E+02   3.655E+01  8.352E-02 
1.157E+02   3.653E+01  8.293E-02 
1.171E+02   3.652E+01  8.234E-02 
1.184E+02   3.650E+01  8.176E-02 
1.198E+02   3.649E+01  8.118E-02 
1.212E+02   3.647E+01  8.060E-02 
1.226E+02   3.645E+01  8.003E-02 
1.240E+02   3.643E+01  7.945E-02 
1.255E+02   3.640E+01  7.888E-02 
1.269E+02   3.638E+01  7.832E-02 
1.284E+02   3.635E+01  7.775E-02 
1.299E+02   3.633E+01  7.719E-02 
1.314E+02   3.630E+01  7.663E-02 
1.329E+02   3.627E+01  7.608E-02 
1.345E+02   3.624E+01  7.553E-02 
1.360E+02   3.621E+01  7.498E-02 
1.376E+02   3.617E+01  7.443E-02 
1.392E+02   3.614E+01  7.389E-02 
1.408E+02   3.610E+01  7.335E-02 
1.424E+02   3.606E+01  7.281E-02 
1.441E+02   3.602E+01  7.228E-02 
1.458E+02   3.598E+01  7.175E-02 
1.475E+02   3.594E+01  7.122E-02 
1.492E+02   3.590E+01  7.069E-02 
1.509E+02   3.586E+01  7.017E-02 
1.526E+02   3.581E+01  6.965E-02 
1.544E+02   3.577E+01  6.913E-02 
1.562E+02   3.572E+01  6.862E-02 
1.580E+02   3.567E+01  6.811E-02 
1.598E+02   3.562E+01  6.760E-02 
1.617E+02   3.557E+01  6.710E-02 
1.636E+02   3.552E+01  6.659E-02 
1.655E+02   3.547E+01  6.609E-02 
1.674E+02   3.542E+01  6.560E-02 
1.693E+02   3.536E+01  6.510E-02 
1.713E+02   3.531E+01  6.461E-02 
1.733E+02   3.525E+01  6.413E-02 
1.753E+02   3.519E+01  6.364E-02 
1.773E+02   3.514E+01  6.316E-02 
1.794E+02   3.508E+01  6.268E-02 
1.815E+02   3.502E+01  6.220E-02 
1.836E+02   3.496E+01  6.173E-02 
1.857E+02   3.489E+01  6.126E-02 
1.879E+02   3.483E+01  6.079E-02 
1.900E+02   3.477E+01  6.033E-02 
1.922E+02   3.470E+01  5.986E-02 
1.945E+02   3.464E+01  5.940E-02 
1.967E+02   3.457E+01  5.895E-02 
1.990E+02   3.450E+01  5.849E-02 
2.013E+02   3.444E+01  5.804E-02 
2.036E+02   3.437E+01  5.759E-02 
2.060E+02   3.430E+01  5.715E-02 
2.084E+02   3.423E+01  5.671E-02 
2.108E+02   3.415E+01  5.627E-02 
2.133E+02   3.408E+01  5.583E-02 
2.157E+02   3.401E+01  5.540E-02 
2.182E+02   3.394E+01  5.496E-02 
2.208E+02   3.386E+01  5.453E-02 
2.233E+02   3.379E+01  5.411E-02 
2.259E+02   3.371E+01  5.368E-02 
2.285E+02   3.363E+01  5.326E-02 
2.312E+02   3.356E+01  5.285E-02 
2.339E+02   3.348E+01  5.243E-02 
2.366E+02   3.340E+01  5.202E-02 
2.393E+02   3.332E+01  5.161E-02 
2.421E+02   3.324E+01  5.120E-02 
2.449E+02   3.316E+01  5.080E-02 
2.478E+02   3.307E+01  5.039E-02 
2.506E+02   3.299E+01  4.999E-02 
2.535E+02   3.291E+01  4.960E-02 
2.565E+02   3.282E+01  4.920E-02 
2.595E+02   3.274E+01  4.881E-02 
2.625E+02   3.265E+01  5.166E-02 
2.655E+02   3.257E+01  5.124E-02 
2.686E+02   3.248E+01  5.082E-02 
2.717E+02   3.239E+01  5.041E-02 
2.749E+02   3.230E+01  5.000E-02 
2.780E+02   3.221E+01  4.959E-02 
2.813E+02   3.212E+01  4.919E-02 
2.845E+02   3.203E+01  4.878E-02 
2.878E+02   3.194E+01  4.838E-02 
2.912E+02   3.185E+01  4.799E-02 
2.945E+02   3.176E+01  4.759E-02 
2.980E+02   3.167E+01  4.720E-02 
3.014E+02   3.157E+01  4.681E-02 
3.049E+02   3.148E+01  4.642E-02 
3.085E+02   3.139E+01  4.604E-02 
3.120E+02   3.129E+01  4.566E-02 
3.156E+02   3.120E+01  4.528E-02 
3.193E+02   3.110E+01  4.491E-02 
3.230E+02   3.100E+01  4.453E-02 
3.268E+02   3.091E+01  4.416E-02 
3.306E+02   3.081E+01  4.380E-02 
3.344E+02   3.071E+01  4.343E-02 
3.383E+02   3.061E+01  4.307E-02 
3.422E+02   3.051E+01  4.271E-02 
3.462E+02   3.041E+01  4.235E-02 
3.502E+02   3.031E+01  4.200E-02 
3.542E+02   3.021E+01  4.165E-02 
3.583E+02   3.011E+01  4.130E-02 
3.625E+02   3.001E+01  4.095E-02 
3.667E+02   2.991E+01  4.061E-02 
3.710E+02   2.981E+01  4.026E-02 
3.753E+02   2.971E+01  3.992E-02 
3.796E+02   2.960E+01  3.959E-02 
3.840E+02   2.950E+01  3.925E-02 
3.885E+02   2.940E+01  3.892E-02 
3.930E+02   2.929E+01  3.859E-02 
3.975E+02   2.919E+01  3.826E-02 
4.021E+02   2.908E+01  3.794E-02 
4.068E+02   2.898E+01  3.762E-02 
4.115E+02   2.887E+01  3.730E-02 
4.163E+02   2.877E+01  3.698E-02 
4.211E+02   2.866E+01  3.667E-02 
4.260E+02   2.855E+01  3.635E-02 
4.310E+02   2.845E+01  3.604E-02 
4.360E+02   2.834E+01  3.574E-02 
4.410E+02   2.823E+01  3.543E-02 
4.461E+02   2.813E+01  3.513E-02 
4.513E+02   2.802E+01  3.483E-02 
4.565E+02   2.791E+01  3.453E-02 
4.618E+02   2.780E+01  3.423E-02 
4.672E+02   2.769E+01  3.394E-02 
4.726E+02   2.758E+01  3.364E-02 
4.781E+02   2.748E+01  3.335E-02 
4.836E+02   2.737E+01  3.307E-02 
4.892E+02   2.726E+01  3.278E-02 
4.949E+02   2.715E+01  3.250E-02 
5.007E+02   2.704E+01  3.222E-02 
5.065E+02   2.693E+01  3.194E-02 
5.123E+02   2.682E+01  3.166E-02 
5.183E+02   2.671E+01  3.139E-02 
5.243E+02   2.660E+01  3.111E-02 
5.304E+02   2.649E+01  3.084E-02 
5.365E+02   2.638E+01  3.058E-02 
5.428E+02   2.627E+01  3.031E-02 
5.490E+02   2.616E+01  3.005E-02 
5.554E+02   2.605E+01  2.978E-02 
5.619E+02   2.594E+01  2.953E-02 
5.684E+02   2.582E+01  2.927E-02 
5.750E+02   2.571E+01  2.901E-02 
5.816E+02   2.560E+01  2.876E-02 
5.884E+02   2.549E+01  2.851E-02 
5.952E+02   2.538E+01  2.826E-02 
6.021E+02   2.527E+01  2.801E-02 
6.091E+02   2.516E+01  2.776E-02 
6.162E+02   2.505E+01  2.752E-02 
6.233E+02   2.494E+01  2.728E-02 
6.305E+02   2.483E+01  2.704E-02 
6.378E+02   2.471E+01  2.680E-02 
6.452E+02   2.460E+01  2.656E-02 
6.527E+02   2.449E+01  2.633E-02 
6.603E+02   2.438E+01  2.610E-02 
6.680E+02   2.427E+01  2.587E-02 
6.757E+02   2.416E+01  2.564E-02 
6.835E+02   2.405E+01  2.541E-02 
6.915E+02   2.394E+01  2.519E-02 
6.995E+02   2.383E+01  2.496E-02 
7.076E+02   2.372E+01  2.474E-02 
7.158E+02   2.361E+01  2.452E-02 
7.241E+02   2.350E+01  2.430E-02 
7.325E+02   2.339E+01  2.409E-02 
7.410E+02   2.328E+01  2.387E-02 
7.496E+02   2.317E+01  2.366E-02 
7.583E+02   2.306E+01  2.345E-02 
7.671E+02   2.295E+01  2.324E-02 
7.760E+02   2.284E+01  2.303E-02 
7.850E+02   2.273E+01  2.283E-02 
7.941E+02   2.262E+01  2.262E-02 
8.033E+02   2.251E+01  2.242E-02 
8.126E+02   2.240E+01  2.222E-02 
8.221E+02   2.229E+01  2.202E-02 
8.316E+02   2.218E+01  2.183E-02 
8.412E+02   2.207E+01  2.163E-02 
8.510E+02   2.196E+01  2.144E-02 
8.609E+02   2.186E+01  2.124E-02 
8.709E+02   2.175E+01  2.105E-02 
8.810E+02   2.164E+01  2.086E-02 
8.912E+02   2.153E+01  2.068E-02 
9.015E+02   2.142E+01  2.049E-02 
9.120E+02   2.132E+01  2.030E-02 
9.225E+02   2.121E+01  2.012E-02 
9.332E+02   2.110E+01  1.994E-02 
9.441E+02   2.100E+01  1.976E-02 
9.550E+02   2.089E+01  1.958E-02 
9.661E+02   2.078E+01  1.940E-02 
9.773E+02   2.068E+01  1.923E-02 
9.886E+02   2.057E+01  1.905E-02 
1.000E+03   2.047E+01  1.888E-02 
1.012E+03   2.037E+01  1.871E-02 
1.023E+03   2.028E+01  1.854E-02 
1.035E+03   2.019E+01  1.837E-02 
1.047E+03   2.010E+01  1.821E-02 
1.059E+03   2.001E+01  1.804E-02 
1.072E+03   1.992E+01  1.788E-02 
1.084E+03   1.982E+01  1.771E-02 
1.097E+03   1.973E+01  1.755E-02 
1.109E+03   1.963E+01  1.739E-02 
1.122E+03   1.954E+01  1.723E-02 
1.135E+03   1.944E+01  1.708E-02 
1.149E+03   1.934E+01  1.692E-02 
1.162E+03   1.924E+01  1.677E-02 
1.175E+03   1.914E+01  1.661E-02 
1.189E+03   1.903E+01  1.646E-02 
1.203E+03   1.893E+01  1.631E-02 
1.217E+03   1.883E+01  1.616E-02 
1.231E+03   1.873E+01  1.601E-02 
1.245E+03   1.863E+01  1.587E-02 
1.260E+03   1.854E+01  1.572E-02 
1.274E+03   1.844E+01  1.558E-02 
1.289E+03   1.834E+01  1.543E-02 
1.304E+03   1.825E+01  1.529E-02 
1.319E+03   1.815E+01  1.515E-02 
1.334E+03   1.806E+01  1.501E-02 
1.350E+03   1.796E+01  1.487E-02 
1.365E+03   1.787E+01  1.474E-02 
1.381E+03   1.777E+01  1.460E-02 
1.397E+03   1.768E+01  1.447E-02 
1.414E+03   1.758E+01  1.433E-02 
1.430E+03   1.749E+01  1.420E-02 
1.446E+03   1.739E+01  1.407E-02 
1.463E+03   1.730E+01  1.394E-02 
1.480E+03   1.721E+01  1.381E-02 
1.497E+03   1.711E+01  1.368E-02 
1.515E+03   1.702E+01  1.356E-02 
1.532E+03   1.693E+01  1.343E-02 
1.550E+03   1.684E+01  1.331E-02 
1.568E+03   1.674E+01  1.318E-02 
1.586E+03   1.665E+01  1.306E-02 
1.605E+03   1.656E+01  1.294E-02 
1.623E+03   1.647E+01  1.282E-02 
1.642E+03   1.638E+01  1.270E-02 
1.661E+03   1.629E+01  1.258E-02 
1.680E+03   1.620E+01  1.247E-02 
1.700E+03   1.611E+01  1.235E-02 
1.720E+03   1.602E+01  1.224E-02 
1.740E+03   1.593E+01  1.212E-02 
1.760E+03   1.584E+01  1.201E-02 
1.780E+03   1.575E+01  1.190E-02 
1.801E+03   1.566E+01  1.179E-02 
1.822E+03   1.557E+01  1.168E-02 
1.843E+03   1.548E+01  1.157E-02 
1.864E+03   1.540E+01  1.146E-02 
1.886E+03   1.531E+01  1.135E-02 
1.908E+03   1.522E+01  1.125E-02 
1.930E+03   1.513E+01  1.114E-02 
1.952E+03   1.505E+01  1.104E-02 
1.975E+03   1.496E+01  1.093E-02 
1.998E+03   1.487E+01  1.083E-02 
2.021E+03   1.479E+01  1.073E-02 
2.044E+03   1.470E+01  1.063E-02 
2.068E+03   1.462E+01  1.053E-02 
2.092E+03   1.453E+01  1.043E-02 
2.116E+03   1.445E+01  1.033E-02 
2.141E+03   1.436E+01  1.024E-02 
2.166E+03   1.428E+01  1.014E-02 
2.191E+03   1.419E+01  1.004E-02 
2.216E+03   1.411E+01  9.950E-03 
2.242E+03   1.402E+01  9.856E-03 
2.268E+03   1.394E+01  9.764E-03 
2.294E+03   1.386E+01  9.672E-03 
2.321E+03   1.378E+01  9.581E-03 
2.348E+03   1.369E+01  9.490E-03 
2.375E+03   1.361E+01  9.401E-03 
2.403E+03   1.353E+01  9.312E-03 
2.431E+03   1.345E+01  9.224E-03 
2.459E+03   1.337E+01  9.137E-03 
2.487E+03   1.329E+01  9.051E-03 
2.516E+03   1.320E+01  8.965E-03 
2.545E+03   1.312E+01  8.881E-03 
2.575E+03   1.304E+01  8.797E-03 
2.605E+03   1.296E+01  8.713E-03 
2.635E+03   1.288E+01  8.631E-03 
2.665E+03   1.281E+01  8.549E-03 
2.696E+03   1.273E+01  8.468E-03 
2.728E+03   1.265E+01  8.388E-03 
2.759E+03   1.257E+01  8.308E-03 
2.791E+03   1.249E+01  8.229E-03 
2.824E+03   1.241E+01  8.151E-03 
2.856E+03   1.234E+01  8.074E-03 
2.889E+03   1.226E+01  7.997E-03 
2.923E+03   1.218E+01  7.921E-03 
2.957E+03   1.211E+01  7.846E-03 
2.991E+03   1.203E+01  7.771E-03 
3.026E+03   1.195E+01  7.697E-03 
3.061E+03   1.188E+01  7.624E-03 
3.097E+03   1.180E+01  7.552E-03 
3.132E+03   1.173E+01  7.480E-03 
3.169E+03   1.165E+01  7.408E-03 
3.206E+03   1.158E+01  7.338E-03 
3.243E+03   1.150E+01  7.268E-03 
3.280E+03   1.143E+01  7.198E-03 
3.318E+03   1.136E+01  7.130E-03 
3.357E+03   1.128E+01  7.062E-03 
3.396E+03   1.121E+01  6.994E-03 
3.435E+03   1.114E+01  6.927E-03 
3.475E+03   1.107E+01  6.861E-03 
3.515E+03   1.100E+01  6.796E-03 
3.556E+03   1.092E+01  6.731E-03 
3.597E+03   1.085E+01  6.666E-03 
3.639E+03   1.078E+01  6.602E-03 
3.681E+03   1.071E+01  6.539E-03 
3.724E+03   1.064E+01  6.476E-03 
3.767E+03   1.057E+01  6.414E-03 
3.811E+03   1.050E+01  6.353E-03 
3.855E+03   1.043E+01  6.292E-03 
3.900E+03   1.036E+01  6.232E-03 
3.945E+03   1.029E+01  6.172E-03 
3.991E+03   1.023E+01  6.112E-03 
4.037E+03   1.016E+01  6.054E-03 
4.084E+03   1.009E+01  5.996E-03 
4.131E+03   1.002E+01  5.938E-03 
4.179E+03   9.956E+00  5.881E-03 
4.228E+03   9.889E+00  5.824E-03 
4.277E+03   9.823E+00  5.768E-03 
4.326E+03   9.757E+00  5.713E-03 
4.376E+03   9.691E+00  5.658E-03 
4.427E+03   9.625E+00  5.603E-03 
4.479E+03   9.560E+00  5.549E-03 
4.531E+03   9.495E+00  5.496E-03 
4.583E+03   9.431E+00  5.443E-03 
4.636E+03   9.367E+00  5.390E-03 
4.690E+03   9.303E+00  5.338E-03 
4.744E+03   9.239E+00  5.287E-03 
4.799E+03   9.176E+00  5.236E-03 
4.855E+03   9.113E+00  5.185E-03 
4.911E+03   9.051E+00  5.135E-03 
4.968E+03   8.988E+00  5.085E-03 
5.026E+03   8.926E+00  5.036E-03 
5.084E+03   8.865E+00  4.987E-03 
5.143E+03   8.803E+00  4.939E-03 
5.203E+03   8.742E+00  4.891E-03 
5.263E+03   8.682E+00  4.844E-03 
5.324E+03   8.621E+00  4.797E-03 
5.386E+03   8.561E+00  4.751E-03 
5.449E+03   8.502E+00  4.705E-03 
5.512E+03   8.442E+00  4.659E-03 
5.576E+03   8.383E+00  4.614E-03 
5.640E+03   8.324E+00  4.569E-03 
5.706E+03   8.266E+00  4.525E-03 
5.772E+03   8.208E+00  4.481E-03 
5.839E+03   8.150E+00  4.437E-03 
5.907E+03   8.092E+00  4.394E-03 
5.975E+03   8.035E+00  4.351E-03 
6.045E+03   7.978E+00  4.309E-03 
6.115E+03   7.922E+00  4.267E-03 
6.186E+03   7.865E+00  4.226E-03 
6.257E+03   7.809E+00  4.185E-03 
6.330E+03   7.754E+00  4.144E-03 
6.403E+03   7.698E+00  4.104E-03 
6.478E+03   7.643E+00  4.064E-03 
6.553E+03   7.588E+00  4.024E-03 
6.629E+03   7.534E+00  3.985E-03 
6.706E+03   7.480E+00  3.946E-03 
6.783E+03   7.426E+00  3.907E-03 
6.862E+03   7.373E+00  3.869E-03 
6.942E+03   7.319E+00  3.832E-03 
7.022E+03   7.266E+00  3.794E-03 
7.104E+03   7.214E+00  3.757E-03 
7.186E+03   7.162E+00  3.720E-03 
7.269E+03   7.110E+00  3.684E-03 
7.354E+03   7.058E+00  3.648E-03 
7.439E+03   7.006E+00  3.612E-03 
7.525E+03   6.955E+00  3.577E-03 
7.613E+03   6.904E+00  3.542E-03 
7.701E+03   6.854E+00  3.507E-03 
7.790E+03   6.804E+00  3.473E-03 
7.881E+03   6.754E+00  3.439E-03 
7.972E+03   6.704E+00  3.405E-03 
8.064E+03   6.655E+00  3.372E-03 
8.158E+03   6.606E+00  3.339E-03 
8.253E+03   6.557E+00  3.306E-03 
8.348E+03   6.509E+00  3.274E-03 
8.445E+03   6.461E+00  3.242E-03 
8.543E+03   6.413E+00  3.210E-03 
8.642E+03   6.365E+00  3.179E-03 
8.742E+03   6.318E+00  3.147E-03 
8.844E+03   6.271E+00  3.116E-03 
8.946E+03   6.224E+00  3.086E-03 
9.050E+03   6.178E+00  3.056E-03 
9.155E+03   6.132E+00  3.026E-03 
9.261E+03   6.086E+00  2.996E-03 
9.369E+03   6.040E+00  2.966E-03 
9.477E+03   5.995E+00  2.937E-03 
9.587E+03   5.950E+00  2.908E-03 
9.699E+03   5.905E+00  2.880E-03 
9.811E+03   5.861E+00  2.851E-03 
9.925E+03   5.816E+00  2.823E-03 
1.004E+04   5.773E+00  2.795E-03 
1.016E+04   5.729E+00  2.768E-03 
1.027E+04   5.686E+00  2.741E-03 
1.039E+04   5.642E+00  2.714E-03 
1.051E+04   5.600E+00  2.687E-03 
1.064E+04   5.557E+00  2.660E-03 
1.076E+04   5.515E+00  2.634E-03 
1.088E+04   5.473E+00  2.608E-03 
1.101E+04   5.431E+00  2.582E-03 
1.114E+04   5.390E+00  2.557E-03 
1.127E+04   5.349E+00  2.532E-03 
1.140E+04   5.308E+00  2.507E-03 
1.153E+04   5.267E+00  2.482E-03 
1.166E+04   5.227E+00  2.457E-03 
1.180E+04   5.187E+00  2.433E-03 
1.194E+04   5.147E+00  2.409E-03 
1.207E+04   5.107E+00  2.385E-03 
1.221E+04   5.068E+00  2.362E-03 
1.236E+04   5.029E+00  2.338E-03 
1.250E+04   4.990E+00  2.315E-03 
1.264E+04   4.951E+00  2.292E-03 
1.279E+04   4.913E+00  2.270E-03 
1.294E+04   4.875E+00  2.247E-03 
1.309E+04   4.837E+00  2.225E-03 
1.324E+04   4.800E+00  2.203E-03 
1.340E+04   4.762E+00  2.181E-03 
1.355E+04   4.725E+00  2.159E-03 
1.371E+04   4.689E+00  2.138E-03 
1.387E+04   4.652E+00  2.117E-03 
1.403E+04   4.616E+00  2.096E-03 
1.419E+04   4.580E+00  2.075E-03 
1.435E+04   4.544E+00  2.054E-03 
1.452E+04   4.508E+00  2.034E-03 
1.469E+04   4.473E+00  2.014E-03 
1.486E+04   4.438E+00  1.994E-03 
1.503E+04   4.403E+00  1.974E-03 
1.521E+04   4.369E+00  1.954E-03 
1.538E+04   4.334E+00  1.935E-03 
1.556E+04   4.300E+00  1.916E-03 
1.574E+04   4.266E+00  1.897E-03 
1.592E+04   4.233E+00  1.878E-03 
1.611E+04   4.199E+00  1.859E-03 
1.630E+04   4.166E+00  1.841E-03 
1.649E+04   4.133E+00  1.822E-03 
1.668E+04   4.100E+00  1.804E-03 
1.687E+04   4.068E+00  1.786E-03 
1.707E+04   4.036E+00  1.768E-03 
1.726E+04   4.004E+00  1.751E-03 
1.746E+04   3.972E+00  1.733E-03 
1.767E+04   3.940E+00  1.716E-03 
1.787E+04   3.909E+00  1.699E-03 
1.808E+04   3.878E+00  1.682E-03 
1.829E+04   3.847E+00  1.665E-03 
1.850E+04   3.816E+00  1.649E-03 
1.871E+04   3.786E+00  1.632E-03 
1.893E+04   3.756E+00  1.616E-03 
1.915E+04   3.726E+00  1.600E-03 
1.937E+04   3.696E+00  1.584E-03 
1.960E+04   3.666E+00  1.568E-03 
1.983E+04   3.637E+00  1.552E-03 
2.006E+04   3.608E+00  1.537E-03 
2.029E+04   3.579E+00  1.521E-03 
2.052E+04   3.550E+00  1.506E-03 
2.076E+04   3.521E+00  1.491E-03 
2.100E+04   3.493E+00  1.476E-03 
2.125E+04   3.465E+00  1.461E-03 
2.149E+04   3.437E+00  1.447E-03 
2.174E+04   3.409E+00  1.432E-03 
2.199E+04   3.382E+00  1.418E-03 
2.225E+04   3.355E+00  1.404E-03 
2.251E+04   3.328E+00  1.390E-03 
2.277E+04   3.301E+00  1.376E-03 
2.303E+04   3.274E+00  1.362E-03 
2.330E+04   3.248E+00  1.348E-03 
2.357E+04   3.221E+00  1.335E-03 
2.384E+04   3.195E+00  1.322E-03 
2.412E+04   3.169E+00  1.308E-03 
2.440E+04   3.144E+00  1.295E-03 
2.468E+04   3.118E+00  1.282E-03 
2.497E+04   3.093E+00  1.269E-03 
2.526E+04   3.068E+00  1.257E-03 
2.555E+04   3.043E+00  1.244E-03 
2.585E+04   3.018E+00  1.231E-03 
2.615E+04   2.993E+00  1.219E-03 
2.645E+04   2.969E+00  1.207E-03 
2.676E+04   2.945E+00  1.195E-03 
2.707E+04   2.921E+00  1.183E-03 
2.738E+04   2.897E+00  1.171E-03 
2.770E+04   2.873E+00  1.159E-03 
2.802E+04   2.850E+00  1.147E-03 
2.835E+04   2.827E+00  1.136E-03 
2.867E+04   2.804E+00  1.124E-03 
2.901E+04   2.781E+00  1.113E-03 
2.934E+04   2.758E+00  1.102E-03 
2.968E+04   2.735E+00  1.091E-03 
3.003E+04   2.713E+00  1.080E-03 
3.038E+04   2.691E+00  1.069E-03 
3.073E+04   2.669E+00  1.058E-03 
3.109E+04   2.647E+00  1.048E-03 
3.145E+04   2.625E+00  1.037E-03 
3.181E+04   2.604E+00  1.027E-03 
3.218E+04   2.583E+00  1.016E-03 
3.255E+04   2.561E+00  1.006E-03 
3.293E+04   2.540E+00  9.959E-04 
3.331E+04   2.519E+00  9.858E-04 
3.370E+04   2.499E+00  9.759E-04 
3.409E+04   2.478E+00  9.661E-04 
3.449E+04   2.458E+00  9.563E-04 
3.489E+04   2.438E+00  9.467E-04 
3.529E+04   2.418E+00  9.371E-04 
3.570E+04   2.398E+00  9.277E-04 
3.611E+04   2.378E+00  9.183E-04 
3.653E+04   2.359E+00  9.090E-04 
3.696E+04   2.339E+00  8.998E-04 
3.738E+04   2.320E+00  8.907E-04 
3.782E+04   2.301E+00  8.817E-04 
3.826E+04   2.282E+00  8.728E-04 
3.870E+04   2.263E+00  8.640E-04 
3.915E+04   2.245E+00  8.553E-04 
3.960E+04   2.226E+00  8.466E-04 
4.006E+04   2.208E+00  8.381E-04 
4.053E+04   2.190E+00  8.296E-04 
4.100E+04   2.172E+00  8.212E-04 
4.147E+04   2.154E+00  8.129E-04 
4.195E+04   2.136E+00  8.047E-04 
4.244E+04   2.118E+00  7.965E-04 
4.293E+04   2.101E+00  7.885E-04 
4.343E+04   2.084E+00  7.805E-04 
4.394E+04   2.066E+00  7.726E-04 
4.444E+04   2.049E+00  7.647E-04 
4.496E+04   2.033E+00  7.570E-04 
4.548E+04   2.016E+00  7.493E-04 
4.601E+04   1.999E+00  7.417E-04 
4.654E+04   1.983E+00  7.342E-04 
4.708E+04   1.967E+00  7.268E-04 
4.763E+04   1.950E+00  7.194E-04 
4.818E+04   1.934E+00  7.121E-04 
4.874E+04   1.918E+00  7.049E-04 
4.931E+04   1.903E+00  6.977E-04 
4.988E+04   1.887E+00  6.907E-04 
5.046E+04   1.871E+00  6.836E-04 
5.104E+04   1.856E+00  6.767E-04 
5.163E+04   1.841E+00  6.698E-04 
5.223E+04   1.826E+00  6.630E-04 
5.284E+04   1.811E+00  6.563E-04 
5.345E+04   1.796E+00  6.496E-04 
5.407E+04   1.781E+00  6.430E-04 
5.470E+04   1.766E+00  6.365E-04 
5.533E+04   1.752E+00  6.300E-04 
5.597E+04   1.737E+00  6.236E-04 
5.662E+04   1.723E+00  6.173E-04 
5.728E+04   1.709E+00  6.110E-04 
5.794E+04   1.695E+00  6.048E-04 
5.862E+04   1.681E+00  5.986E-04 
5.930E+04   1.667E+00  5.926E-04 
5.998E+04   1.654E+00  5.865E-04 
6.068E+04   1.640E+00  5.806E-04 
6.138E+04   1.627E+00  5.747E-04 
6.210E+04   1.614E+00  5.688E-04 
6.282E+04   1.600E+00  5.630E-04 
6.354E+04   1.587E+00  5.573E-04 
6.428E+04   1.574E+00  5.516E-04 
6.503E+04   1.561E+00  5.460E-04 
6.578E+04   1.549E+00  5.404E-04 
6.654E+04   1.536E+00  5.349E-04 
6.732E+04   1.524E+00  5.295E-04 
6.810E+04   1.511E+00  5.241E-04 
6.889E+04   1.499E+00  5.187E-04 
6.969E+04   1.487E+00  5.134E-04 
7.049E+04   1.475E+00  5.082E-04 
7.131E+04   1.463E+00  5.030E-04 
7.214E+04   1.451E+00  4.979E-04 
7.298E+04   1.439E+00  4.928E-04 
7.382E+04   1.427E+00  4.878E-04 
7.468E+04   1.416E+00  4.828E-04 
7.555E+04   1.404E+00  4.779E-04 
7.642E+04   1.393E+00  4.730E-04 
7.731E+04   1.382E+00  4.682E-04 
7.820E+04   1.371E+00  4.634E-04 
7.911E+04   1.359E+00  4.586E-04 
8.003E+04   1.348E+00  4.540E-04 
8.096E+04   1.338E+00  4.493E-04 
8.190E+04   1.327E+00  4.447E-04 
8.285E+04   1.316E+00  4.402E-04 
8.381E+04   1.306E+00  4.357E-04 
8.478E+04   1.295E+00  4.312E-04 
8.576E+04   1.285E+00  4.268E-04 
8.676E+04   1.274E+00  4.225E-04 
8.776E+04   1.264E+00  4.181E-04 
8.878E+04   1.254E+00  4.139E-04 
8.981E+04   1.244E+00  4.096E-04 
9.085E+04   1.234E+00  4.054E-04 
9.191E+04   1.224E+00  4.013E-04 
9.297E+04   1.215E+00  3.972E-04 
9.405E+04   1.205E+00  3.931E-04 
9.514E+04   1.195E+00  3.891E-04 
9.625E+04   1.186E+00  3.851E-04 
9.736E+04   1.177E+00  3.812E-04 
9.849E+04   1.167E+00  3.773E-04 
9.963E+04   1.158E+00  3.734E-04 
1.008E+05   1.149E+00  3.696E-04 
