Ion = Helium      . Mass = 4.0026
Tgt = Po (Solid). Density = 9.2511 g/cm3
Stopping Units =  eV/(1E15 atoms/cm2)
Energy(keV)  S(Elec)    S(Nuc)
1.000E+00   6.789E+00  1.711E+00 
1.013E+00   6.833E+00  1.716E+00 
1.026E+00   6.877E+00  1.721E+00 
1.039E+00   6.921E+00  1.726E+00 
1.053E+00   6.966E+00  1.731E+00 
1.067E+00   7.011E+00  1.736E+00 
1.081E+00   7.057E+00  1.741E+00 
1.095E+00   7.102E+00  1.746E+00 
1.109E+00   7.148E+00  1.751E+00 
1.123E+00   7.195E+00  1.755E+00 
1.138E+00   7.241E+00  1.760E+00 
1.153E+00   7.288E+00  1.765E+00 
1.168E+00   7.335E+00  1.770E+00 
1.183E+00   7.383E+00  1.775E+00 
1.198E+00   7.431E+00  1.780E+00 
1.214E+00   7.479E+00  1.784E+00 
1.229E+00   7.527E+00  1.789E+00 
1.245E+00   7.576E+00  1.794E+00 
1.262E+00   7.625E+00  1.799E+00 
1.278E+00   7.675E+00  1.803E+00 
1.295E+00   7.724E+00  1.808E+00 
1.311E+00   7.774E+00  1.813E+00 
1.329E+00   7.825E+00  1.817E+00 
1.346E+00   7.875E+00  1.822E+00 
1.363E+00   7.926E+00  1.827E+00 
1.381E+00   7.978E+00  1.831E+00 
1.399E+00   8.029E+00  1.836E+00 
1.417E+00   8.081E+00  1.840E+00 
1.436E+00   8.134E+00  1.845E+00 
1.454E+00   8.186E+00  1.849E+00 
1.473E+00   8.239E+00  1.854E+00 
1.492E+00   8.293E+00  1.858E+00 
1.512E+00   8.346E+00  1.863E+00 
1.531E+00   8.401E+00  1.867E+00 
1.551E+00   8.455E+00  1.871E+00 
1.571E+00   8.510E+00  1.876E+00 
1.592E+00   8.565E+00  1.880E+00 
1.612E+00   8.620E+00  1.884E+00 
1.633E+00   8.676E+00  1.889E+00 
1.655E+00   8.732E+00  1.893E+00 
1.676E+00   8.789E+00  1.897E+00 
1.698E+00   8.846E+00  1.902E+00 
1.720E+00   8.903E+00  1.906E+00 
1.742E+00   8.961E+00  1.910E+00 
1.765E+00   9.019E+00  1.914E+00 
1.788E+00   9.077E+00  1.918E+00 
1.811E+00   9.136E+00  1.922E+00 
1.835E+00   9.195E+00  1.926E+00 
1.859E+00   9.255E+00  1.930E+00 
1.883E+00   9.315E+00  1.934E+00 
1.907E+00   9.375E+00  1.938E+00 
1.932E+00   9.436E+00  1.942E+00 
1.957E+00   9.497E+00  1.946E+00 
1.983E+00   9.558E+00  1.950E+00 
2.008E+00   9.620E+00  1.954E+00 
2.034E+00   9.683E+00  1.958E+00 
2.061E+00   9.745E+00  1.962E+00 
2.088E+00   9.809E+00  1.966E+00 
2.115E+00   9.872E+00  1.969E+00 
2.142E+00   9.936E+00  1.973E+00 
2.170E+00   1.000E+01  1.977E+00 
2.198E+00   1.007E+01  1.981E+00 
2.227E+00   1.013E+01  1.984E+00 
2.256E+00   1.020E+01  1.988E+00 
2.285E+00   1.026E+01  1.991E+00 
2.315E+00   1.033E+01  1.995E+00 
2.345E+00   1.040E+01  1.998E+00 
2.375E+00   1.046E+01  2.002E+00 
2.406E+00   1.053E+01  2.005E+00 
2.438E+00   1.060E+01  2.009E+00 
2.469E+00   1.067E+01  2.012E+00 
2.501E+00   1.074E+01  2.016E+00 
2.534E+00   1.081E+01  2.019E+00 
2.567E+00   1.088E+01  2.022E+00 
2.600E+00   1.095E+01  2.025E+00 
2.634E+00   1.102E+01  2.029E+00 
2.668E+00   1.109E+01  2.032E+00 
2.703E+00   1.116E+01  2.035E+00 
2.738E+00   1.123E+01  2.038E+00 
2.773E+00   1.131E+01  2.041E+00 
2.810E+00   1.138E+01  2.044E+00 
2.846E+00   1.145E+01  2.047E+00 
2.883E+00   1.153E+01  2.050E+00 
2.921E+00   1.160E+01  2.053E+00 
2.958E+00   1.168E+01  2.056E+00 
2.997E+00   1.175E+01  2.059E+00 
3.036E+00   1.183E+01  2.062E+00 
3.075E+00   1.190E+01  2.065E+00 
3.115E+00   1.198E+01  2.067E+00 
3.156E+00   1.206E+01  2.070E+00 
3.197E+00   1.214E+01  2.073E+00 
3.238E+00   1.222E+01  2.075E+00 
3.280E+00   1.230E+01  2.078E+00 
3.323E+00   1.238E+01  2.081E+00 
3.366E+00   1.246E+01  2.083E+00 
3.410E+00   1.254E+01  2.086E+00 
3.454E+00   1.262E+01  2.088E+00 
3.499E+00   1.270E+01  2.090E+00 
3.545E+00   1.278E+01  2.093E+00 
3.591E+00   1.286E+01  2.095E+00 
3.637E+00   1.295E+01  2.097E+00 
3.685E+00   1.303E+01  2.100E+00 
3.733E+00   1.312E+01  2.102E+00 
3.781E+00   1.320E+01  2.104E+00 
3.830E+00   1.329E+01  2.106E+00 
3.880E+00   1.337E+01  2.108E+00 
3.930E+00   1.346E+01  2.110E+00 
3.982E+00   1.355E+01  2.112E+00 
4.033E+00   1.363E+01  2.114E+00 
4.086E+00   1.372E+01  2.116E+00 
4.139E+00   1.381E+01  2.118E+00 
4.193E+00   1.390E+01  2.120E+00 
4.247E+00   1.399E+01  2.121E+00 
4.302E+00   1.408E+01  2.123E+00 
4.358E+00   1.417E+01  2.125E+00 
4.415E+00   1.426E+01  2.126E+00 
4.472E+00   1.436E+01  2.128E+00 
4.530E+00   1.445E+01  2.129E+00 
4.589E+00   1.454E+01  2.131E+00 
4.649E+00   1.464E+01  2.132E+00 
4.709E+00   1.473E+01  2.134E+00 
4.770E+00   1.483E+01  2.135E+00 
4.832E+00   1.492E+01  2.136E+00 
4.895E+00   1.502E+01  2.138E+00 
4.959E+00   1.512E+01  2.139E+00 
5.023E+00   1.522E+01  2.140E+00 
5.089E+00   1.531E+01  2.141E+00 
5.155E+00   1.541E+01  2.142E+00 
5.222E+00   1.551E+01  2.143E+00 
5.290E+00   1.561E+01  2.144E+00 
5.358E+00   1.571E+01  2.145E+00 
5.428E+00   1.582E+01  2.146E+00 
5.499E+00   1.592E+01  2.147E+00 
5.570E+00   1.602E+01  2.147E+00 
5.642E+00   1.613E+01  2.148E+00 
5.716E+00   1.623E+01  2.149E+00 
5.790E+00   1.633E+01  2.149E+00 
5.865E+00   1.644E+01  2.150E+00 
5.942E+00   1.655E+01  2.150E+00 
6.019E+00   1.665E+01  2.151E+00 
6.097E+00   1.676E+01  2.151E+00 
6.176E+00   1.687E+01  2.152E+00 
6.256E+00   1.698E+01  2.152E+00 
6.338E+00   1.709E+01  2.152E+00 
6.420E+00   1.720E+01  2.152E+00 
6.504E+00   1.731E+01  2.152E+00 
6.588E+00   1.742E+01  2.153E+00 
6.674E+00   1.754E+01  2.153E+00 
6.760E+00   1.765E+01  2.153E+00 
6.848E+00   1.777E+01  2.152E+00 
6.937E+00   1.788E+01  2.152E+00 
7.027E+00   1.800E+01  2.152E+00 
7.119E+00   1.811E+01  2.152E+00 
7.211E+00   1.823E+01  2.152E+00 
7.305E+00   1.835E+01  2.151E+00 
7.400E+00   1.847E+01  2.151E+00 
7.496E+00   1.859E+01  2.150E+00 
7.594E+00   1.871E+01  2.150E+00 
7.692E+00   1.883E+01  2.149E+00 
7.792E+00   1.895E+01  2.149E+00 
7.894E+00   1.907E+01  2.148E+00 
7.996E+00   1.920E+01  2.147E+00 
8.100E+00   1.933E+01  2.146E+00 
8.205E+00   1.948E+01  2.145E+00 
8.312E+00   1.962E+01  2.145E+00 
8.420E+00   1.976E+01  2.144E+00 
8.529E+00   1.991E+01  2.143E+00 
8.640E+00   2.005E+01  2.141E+00 
8.753E+00   2.020E+01  2.140E+00 
8.866E+00   2.034E+01  2.139E+00 
8.982E+00   2.049E+01  2.138E+00 
9.098E+00   2.064E+01  2.137E+00 
9.217E+00   2.079E+01  2.135E+00 
9.336E+00   2.094E+01  2.134E+00 
9.458E+00   2.110E+01  2.132E+00 
9.581E+00   2.125E+01  2.131E+00 
9.705E+00   2.141E+01  2.129E+00 
9.831E+00   2.156E+01  2.127E+00 
9.959E+00   2.172E+01  2.126E+00 
1.009E+01   2.188E+01  2.124E+00 
1.022E+01   2.204E+01  2.122E+00 
1.035E+01   2.220E+01  2.120E+00 
1.049E+01   2.236E+01  2.118E+00 
1.062E+01   2.253E+01  2.116E+00 
1.076E+01   2.269E+01  2.114E+00 
1.090E+01   2.286E+01  2.112E+00 
1.104E+01   2.302E+01  2.110E+00 
1.119E+01   2.319E+01  2.108E+00 
1.133E+01   2.336E+01  2.105E+00 
1.148E+01   2.353E+01  2.103E+00 
1.163E+01   2.370E+01  2.101E+00 
1.178E+01   2.387E+01  2.098E+00 
1.193E+01   2.405E+01  2.096E+00 
1.209E+01   2.422E+01  2.093E+00 
1.224E+01   2.440E+01  2.090E+00 
1.240E+01   2.458E+01  2.088E+00 
1.256E+01   2.476E+01  2.085E+00 
1.273E+01   2.494E+01  2.082E+00 
1.289E+01   2.512E+01  2.079E+00 
1.306E+01   2.531E+01  2.076E+00 
1.323E+01   2.549E+01  2.073E+00 
1.340E+01   2.568E+01  2.070E+00 
1.358E+01   2.586E+01  2.067E+00 
1.375E+01   2.605E+01  2.064E+00 
1.393E+01   2.624E+01  2.061E+00 
1.411E+01   2.643E+01  2.057E+00 
1.430E+01   2.663E+01  2.054E+00 
1.448E+01   2.682E+01  2.051E+00 
1.467E+01   2.702E+01  2.047E+00 
1.486E+01   2.721E+01  2.044E+00 
1.505E+01   2.741E+01  2.040E+00 
1.525E+01   2.761E+01  2.037E+00 
1.545E+01   2.781E+01  2.033E+00 
1.565E+01   2.802E+01  2.029E+00 
1.585E+01   2.822E+01  2.025E+00 
1.606E+01   2.843E+01  2.022E+00 
1.627E+01   2.863E+01  2.018E+00 
1.648E+01   2.884E+01  2.014E+00 
1.669E+01   2.905E+01  2.010E+00 
1.691E+01   2.927E+01  2.006E+00 
1.713E+01   2.948E+01  2.002E+00 
1.735E+01   2.969E+01  1.997E+00 
1.758E+01   2.991E+01  1.993E+00 
1.781E+01   3.013E+01  1.989E+00 
1.804E+01   3.035E+01  1.985E+00 
1.827E+01   3.057E+01  1.980E+00 
1.851E+01   3.079E+01  1.976E+00 
1.875E+01   3.102E+01  1.971E+00 
1.899E+01   3.124E+01  1.967E+00 
1.924E+01   3.147E+01  1.962E+00 
1.949E+01   3.170E+01  1.957E+00 
1.974E+01   3.193E+01  1.953E+00 
2.000E+01   3.216E+01  1.948E+00 
2.026E+01   3.240E+01  1.943E+00 
2.052E+01   3.263E+01  1.938E+00 
2.079E+01   3.287E+01  1.934E+00 
2.106E+01   3.311E+01  1.929E+00 
2.133E+01   3.335E+01  1.924E+00 
2.161E+01   3.359E+01  1.919E+00 
2.189E+01   3.384E+01  1.913E+00 
2.218E+01   3.408E+01  1.908E+00 
2.247E+01   3.433E+01  1.903E+00 
2.276E+01   3.458E+01  1.898E+00 
2.305E+01   3.483E+01  1.893E+00 
2.335E+01   3.508E+01  1.887E+00 
2.366E+01   3.534E+01  1.882E+00 
2.396E+01   3.560E+01  1.876E+00 
2.428E+01   3.586E+01  1.871E+00 
2.459E+01   3.612E+01  1.866E+00 
2.491E+01   3.638E+01  1.860E+00 
2.523E+01   3.664E+01  1.854E+00 
2.556E+01   3.691E+01  1.849E+00 
2.589E+01   3.718E+01  1.843E+00 
2.623E+01   3.745E+01  1.837E+00 
2.657E+01   3.772E+01  1.832E+00 
2.692E+01   3.799E+01  1.826E+00 
2.727E+01   3.827E+01  1.820E+00 
2.762E+01   3.854E+01  1.814E+00 
2.798E+01   3.882E+01  1.808E+00 
2.834E+01   3.910E+01  1.802E+00 
2.871E+01   3.939E+01  1.796E+00 
2.909E+01   3.967E+01  1.790E+00 
2.946E+01   3.996E+01  1.784E+00 
2.985E+01   4.025E+01  1.778E+00 
3.023E+01   4.054E+01  1.772E+00 
3.063E+01   4.083E+01  1.766E+00 
3.103E+01   4.113E+01  1.759E+00 
3.143E+01   4.142E+01  1.753E+00 
3.184E+01   4.172E+01  1.747E+00 
3.225E+01   4.203E+01  1.740E+00 
3.267E+01   4.233E+01  1.734E+00 
3.309E+01   4.263E+01  1.728E+00 
3.352E+01   4.294E+01  1.721E+00 
3.396E+01   4.325E+01  1.715E+00 
3.440E+01   4.356E+01  1.708E+00 
3.485E+01   4.388E+01  1.702E+00 
3.530E+01   4.419E+01  1.695E+00 
3.576E+01   4.451E+01  1.689E+00 
3.623E+01   4.483E+01  1.682E+00 
3.670E+01   4.515E+01  1.675E+00 
3.717E+01   4.548E+01  1.669E+00 
3.766E+01   4.581E+01  1.662E+00 
3.815E+01   4.614E+01  1.655E+00 
3.864E+01   4.647E+01  1.649E+00 
3.914E+01   4.680E+01  1.642E+00 
3.965E+01   4.714E+01  1.635E+00 
4.017E+01   4.747E+01  1.628E+00 
4.069E+01   4.781E+01  1.621E+00 
4.122E+01   4.816E+01  1.614E+00 
4.175E+01   4.850E+01  1.608E+00 
4.230E+01   4.885E+01  1.601E+00 
4.285E+01   4.920E+01  1.594E+00 
4.340E+01   4.955E+01  1.587E+00 
4.397E+01   4.990E+01  1.580E+00 
4.454E+01   5.026E+01  1.573E+00 
4.512E+01   5.062E+01  1.566E+00 
4.570E+01   5.098E+01  1.559E+00 
4.630E+01   5.134E+01  1.552E+00 
4.690E+01   5.171E+01  1.545E+00 
4.751E+01   5.208E+01  1.538E+00 
4.813E+01   5.245E+01  1.530E+00 
4.875E+01   5.282E+01  1.523E+00 
4.939E+01   5.320E+01  1.516E+00 
5.003E+01   5.358E+01  1.509E+00 
5.068E+01   5.396E+01  1.502E+00 
5.134E+01   5.434E+01  1.495E+00 
5.200E+01   5.472E+01  1.488E+00 
5.268E+01   5.511E+01  1.480E+00 
5.336E+01   5.550E+01  1.473E+00 
5.406E+01   5.589E+01  1.466E+00 
5.476E+01   5.629E+01  1.459E+00 
5.547E+01   5.669E+01  1.452E+00 
5.619E+01   5.709E+01  1.444E+00 
5.692E+01   5.749E+01  1.437E+00 
5.766E+01   5.789E+01  1.430E+00 
5.841E+01   5.830E+01  1.423E+00 
5.917E+01   5.871E+01  1.415E+00 
5.994E+01   5.912E+01  1.408E+00 
6.072E+01   5.954E+01  1.401E+00 
6.151E+01   5.996E+01  1.393E+00 
6.231E+01   6.038E+01  1.386E+00 
6.312E+01   6.080E+01  1.379E+00 
6.394E+01   6.122E+01  1.372E+00 
6.477E+01   6.165E+01  1.364E+00 
6.561E+01   6.208E+01  1.357E+00 
6.646E+01   6.251E+01  1.350E+00 
6.733E+01   6.295E+01  1.342E+00 
6.820E+01   6.339E+01  1.335E+00 
6.909E+01   6.383E+01  1.328E+00 
6.999E+01   6.427E+01  1.320E+00 
7.090E+01   6.472E+01  1.313E+00 
7.182E+01   6.517E+01  1.306E+00 
7.275E+01   6.562E+01  1.299E+00 
7.370E+01   6.607E+01  1.291E+00 
7.465E+01   6.653E+01  1.284E+00 
7.562E+01   6.698E+01  1.277E+00 
7.661E+01   6.745E+01  1.269E+00 
7.760E+01   6.791E+01  1.262E+00 
7.861E+01   6.838E+01  1.255E+00 
7.963E+01   6.885E+01  1.248E+00 
8.067E+01   6.932E+01  1.240E+00 
8.172E+01   6.979E+01  1.233E+00 
8.278E+01   7.027E+01  1.226E+00 
8.385E+01   7.075E+01  1.219E+00 
8.494E+01   7.123E+01  1.212E+00 
8.605E+01   7.171E+01  1.204E+00 
8.717E+01   7.220E+01  1.197E+00 
8.830E+01   7.269E+01  1.190E+00 
8.945E+01   7.318E+01  1.183E+00 
9.061E+01   7.368E+01  1.176E+00 
9.179E+01   7.417E+01  1.168E+00 
9.298E+01   7.467E+01  1.161E+00 
9.419E+01   7.517E+01  1.154E+00 
9.541E+01   7.568E+01  1.147E+00 
9.665E+01   7.619E+01  1.140E+00 
9.791E+01   7.670E+01  1.133E+00 
9.918E+01   7.721E+01  1.126E+00 
1.005E+02   7.772E+01  1.119E+00 
1.018E+02   7.824E+01  1.112E+00 
1.031E+02   7.876E+01  1.105E+00 
1.044E+02   7.928E+01  1.098E+00 
1.058E+02   7.980E+01  1.091E+00 
1.072E+02   8.033E+01  1.084E+00 
1.086E+02   8.086E+01  1.077E+00 
1.100E+02   8.139E+01  1.070E+00 
1.114E+02   8.193E+01  1.063E+00 
1.129E+02   8.246E+01  1.056E+00 
1.143E+02   8.300E+01  1.049E+00 
1.158E+02   8.354E+01  1.042E+00 
1.173E+02   8.408E+01  1.035E+00 
1.188E+02   8.463E+01  1.028E+00 
1.204E+02   8.517E+01  1.022E+00 
1.219E+02   8.572E+01  1.015E+00 
1.235E+02   8.628E+01  1.008E+00 
1.251E+02   8.683E+01  1.001E+00 
1.268E+02   8.739E+01  9.945E-01 
1.284E+02   8.794E+01  9.878E-01 
1.301E+02   8.850E+01  9.811E-01 
1.318E+02   8.907E+01  9.744E-01 
1.335E+02   8.963E+01  9.678E-01 
1.352E+02   9.020E+01  9.611E-01 
1.370E+02   9.076E+01  9.545E-01 
1.388E+02   9.133E+01  9.479E-01 
1.406E+02   9.190E+01  9.414E-01 
1.424E+02   9.248E+01  9.348E-01 
1.442E+02   9.305E+01  9.283E-01 
1.461E+02   9.363E+01  9.218E-01 
1.480E+02   9.421E+01  9.154E-01 
1.499E+02   9.479E+01  9.089E-01 
1.519E+02   9.537E+01  9.025E-01 
1.539E+02   9.595E+01  8.961E-01 
1.559E+02   9.654E+01  8.897E-01 
1.579E+02   9.712E+01  8.834E-01 
1.599E+02   9.771E+01  8.771E-01 
1.620E+02   9.830E+01  8.708E-01 
1.641E+02   9.889E+01  8.645E-01 
1.662E+02   9.948E+01  8.582E-01 
1.684E+02   1.001E+02  8.520E-01 
1.706E+02   1.007E+02  8.458E-01 
1.728E+02   1.013E+02  8.397E-01 
1.751E+02   1.019E+02  8.335E-01 
1.773E+02   1.025E+02  8.274E-01 
1.796E+02   1.031E+02  8.213E-01 
1.820E+02   1.037E+02  8.153E-01 
1.843E+02   1.043E+02  8.092E-01 
1.867E+02   1.049E+02  8.032E-01 
1.892E+02   1.055E+02  7.973E-01 
1.916E+02   1.061E+02  7.913E-01 
1.941E+02   1.067E+02  7.854E-01 
1.966E+02   1.073E+02  7.795E-01 
1.992E+02   1.079E+02  7.736E-01 
2.018E+02   1.085E+02  7.678E-01 
2.044E+02   1.091E+02  7.620E-01 
2.071E+02   1.097E+02  7.562E-01 
2.097E+02   1.103E+02  7.505E-01 
2.125E+02   1.109E+02  7.447E-01 
2.152E+02   1.115E+02  7.390E-01 
2.180E+02   1.121E+02  7.334E-01 
2.209E+02   1.127E+02  7.277E-01 
2.237E+02   1.133E+02  7.221E-01 
2.266E+02   1.139E+02  7.165E-01 
2.296E+02   1.145E+02  7.110E-01 
2.326E+02   1.151E+02  7.055E-01 
2.356E+02   1.157E+02  7.000E-01 
2.387E+02   1.163E+02  6.945E-01 
2.418E+02   1.169E+02  6.891E-01 
2.449E+02   1.175E+02  6.837E-01 
2.481E+02   1.181E+02  6.783E-01 
2.513E+02   1.187E+02  6.729E-01 
2.546E+02   1.193E+02  6.676E-01 
2.579E+02   1.199E+02  6.623E-01 
2.612E+02   1.204E+02  6.571E-01 
2.646E+02   1.210E+02  6.519E-01 
2.681E+02   1.216E+02  6.467E-01 
2.716E+02   1.222E+02  6.415E-01 
2.751E+02   1.228E+02  6.363E-01 
2.787E+02   1.234E+02  6.312E-01 
2.823E+02   1.239E+02  6.262E-01 
2.859E+02   1.245E+02  6.211E-01 
2.897E+02   1.251E+02  6.161E-01 
2.934E+02   1.257E+02  6.111E-01 
2.972E+02   1.262E+02  6.061E-01 
3.011E+02   1.268E+02  6.012E-01 
3.050E+02   1.273E+02  5.963E-01 
3.090E+02   1.279E+02  5.914E-01 
3.130E+02   1.285E+02  5.866E-01 
3.171E+02   1.290E+02  5.818E-01 
3.212E+02   1.295E+02  5.770E-01 
3.254E+02   1.301E+02  5.722E-01 
3.296E+02   1.306E+02  5.675E-01 
3.339E+02   1.312E+02  5.628E-01 
3.382E+02   1.317E+02  5.581E-01 
3.426E+02   1.322E+02  5.535E-01 
3.471E+02   1.327E+02  5.489E-01 
3.516E+02   1.333E+02  5.443E-01 
3.561E+02   1.338E+02  5.397E-01 
3.608E+02   1.343E+02  5.352E-01 
3.655E+02   1.348E+02  5.307E-01 
3.702E+02   1.353E+02  5.263E-01 
3.750E+02   1.358E+02  5.218E-01 
3.799E+02   1.363E+02  5.174E-01 
3.848E+02   1.367E+02  5.130E-01 
3.898E+02   1.372E+02  5.087E-01 
3.949E+02   1.377E+02  5.044E-01 
4.000E+02   1.381E+02  5.001E-01 
4.052E+02   1.386E+02  4.958E-01 
4.105E+02   1.390E+02  4.916E-01 
4.158E+02   1.395E+02  4.874E-01 
4.212E+02   1.399E+02  4.832E-01 
4.267E+02   1.403E+02  4.791E-01 
4.323E+02   1.408E+02  4.750E-01 
4.379E+02   1.412E+02  4.709E-01 
4.436E+02   1.416E+02  4.668E-01 
4.493E+02   1.420E+02  4.628E-01 
4.552E+02   1.424E+02  4.588E-01 
4.611E+02   1.428E+02  4.548E-01 
4.671E+02   1.431E+02  4.508E-01 
4.731E+02   1.435E+02  4.469E-01 
4.793E+02   1.439E+02  4.430E-01 
4.855E+02   1.442E+02  4.391E-01 
4.918E+02   1.446E+02  4.353E-01 
4.982E+02   1.449E+02  4.315E-01 
5.047E+02   1.452E+02  4.277E-01 
5.113E+02   1.455E+02  4.239E-01 
5.179E+02   1.459E+02  4.202E-01 
5.246E+02   1.461E+02  4.165E-01 
5.315E+02   1.464E+02  4.128E-01 
5.384E+02   1.467E+02  4.092E-01 
5.454E+02   1.470E+02  4.055E-01 
5.524E+02   1.472E+02  4.019E-01 
5.596E+02   1.475E+02  3.984E-01 
5.669E+02   1.477E+02  3.948E-01 
5.743E+02   1.480E+02  3.913E-01 
5.817E+02   1.482E+02  3.878E-01 
5.893E+02   1.484E+02  3.844E-01 
5.969E+02   1.486E+02  3.809E-01 
6.047E+02   1.488E+02  3.775E-01 
6.126E+02   1.490E+02  3.741E-01 
6.205E+02   1.491E+02  3.707E-01 
6.286E+02   1.493E+02  3.796E-01 
6.368E+02   1.494E+02  3.762E-01 
6.450E+02   1.496E+02  3.728E-01 
6.534E+02   1.497E+02  3.694E-01 
6.619E+02   1.498E+02  3.660E-01 
6.705E+02   1.499E+02  3.626E-01 
6.792E+02   1.500E+02  3.593E-01 
6.881E+02   1.501E+02  3.560E-01 
6.970E+02   1.501E+02  3.528E-01 
7.061E+02   1.502E+02  3.495E-01 
7.152E+02   1.502E+02  3.463E-01 
7.245E+02   1.503E+02  3.431E-01 
7.339E+02   1.503E+02  3.399E-01 
7.435E+02   1.503E+02  3.368E-01 
7.531E+02   1.503E+02  3.337E-01 
7.629E+02   1.503E+02  3.306E-01 
7.728E+02   1.503E+02  3.275E-01 
7.829E+02   1.502E+02  3.244E-01 
7.931E+02   1.502E+02  3.214E-01 
8.034E+02   1.501E+02  3.184E-01 
8.138E+02   1.500E+02  3.154E-01 
8.244E+02   1.499E+02  3.125E-01 
8.351E+02   1.498E+02  3.096E-01 
8.460E+02   1.497E+02  3.067E-01 
8.570E+02   1.496E+02  3.038E-01 
8.681E+02   1.495E+02  3.009E-01 
8.794E+02   1.493E+02  2.981E-01 
8.908E+02   1.492E+02  2.953E-01 
9.024E+02   1.490E+02  2.925E-01 
9.141E+02   1.488E+02  2.897E-01 
9.260E+02   1.486E+02  2.870E-01 
9.380E+02   1.484E+02  2.843E-01 
9.502E+02   1.482E+02  2.816E-01 
9.626E+02   1.480E+02  2.789E-01 
9.751E+02   1.477E+02  2.762E-01 
9.877E+02   1.475E+02  2.736E-01 
1.001E+03   1.472E+02  2.710E-01 
1.014E+03   1.470E+02  2.684E-01 
1.027E+03   1.467E+02  2.659E-01 
1.040E+03   1.464E+02  2.633E-01 
1.054E+03   1.461E+02  2.608E-01 
1.067E+03   1.458E+02  2.583E-01 
1.081E+03   1.454E+02  2.558E-01 
1.095E+03   1.451E+02  2.534E-01 
1.109E+03   1.447E+02  2.509E-01 
1.124E+03   1.444E+02  2.485E-01 
1.138E+03   1.440E+02  2.461E-01 
1.153E+03   1.436E+02  2.437E-01 
1.168E+03   1.432E+02  2.414E-01 
1.183E+03   1.428E+02  2.391E-01 
1.199E+03   1.424E+02  2.367E-01 
1.214E+03   1.420E+02  2.344E-01 
1.230E+03   1.416E+02  2.322E-01 
1.246E+03   1.411E+02  2.299E-01 
1.262E+03   1.407E+02  2.277E-01 
1.279E+03   1.402E+02  2.255E-01 
1.295E+03   1.398E+02  2.233E-01 
1.312E+03   1.393E+02  2.211E-01 
1.329E+03   1.388E+02  2.189E-01 
1.347E+03   1.383E+02  2.168E-01 
1.364E+03   1.378E+02  2.147E-01 
1.382E+03   1.373E+02  2.126E-01 
1.400E+03   1.368E+02  2.105E-01 
1.418E+03   1.363E+02  2.084E-01 
1.436E+03   1.358E+02  2.064E-01 
1.455E+03   1.352E+02  2.044E-01 
1.474E+03   1.347E+02  2.024E-01 
1.493E+03   1.341E+02  2.004E-01 
1.513E+03   1.336E+02  1.984E-01 
1.532E+03   1.330E+02  1.964E-01 
1.552E+03   1.324E+02  1.945E-01 
1.572E+03   1.319E+02  1.926E-01 
1.593E+03   1.313E+02  1.907E-01 
1.613E+03   1.307E+02  1.888E-01 
1.634E+03   1.301E+02  1.869E-01 
1.656E+03   1.295E+02  1.851E-01 
1.677E+03   1.289E+02  1.832E-01 
1.699E+03   1.283E+02  1.814E-01 
1.721E+03   1.277E+02  1.796E-01 
1.743E+03   1.271E+02  1.778E-01 
1.766E+03   1.264E+02  1.761E-01 
1.789E+03   1.258E+02  1.743E-01 
1.812E+03   1.252E+02  1.726E-01 
1.836E+03   1.246E+02  1.708E-01 
1.860E+03   1.239E+02  1.691E-01 
1.884E+03   1.233E+02  1.674E-01 
1.908E+03   1.226E+02  1.658E-01 
1.933E+03   1.220E+02  1.641E-01 
1.958E+03   1.213E+02  1.625E-01 
1.984E+03   1.207E+02  1.608E-01 
2.009E+03   1.200E+02  1.592E-01 
2.036E+03   1.194E+02  1.576E-01 
2.062E+03   1.187E+02  1.560E-01 
2.089E+03   1.181E+02  1.545E-01 
2.116E+03   1.174E+02  1.529E-01 
2.143E+03   1.168E+02  1.514E-01 
2.171E+03   1.161E+02  1.498E-01 
2.200E+03   1.154E+02  1.483E-01 
2.228E+03   1.148E+02  1.468E-01 
2.257E+03   1.141E+02  1.454E-01 
2.286E+03   1.135E+02  1.439E-01 
2.316E+03   1.128E+02  1.424E-01 
2.346E+03   1.121E+02  1.410E-01 
2.377E+03   1.115E+02  1.396E-01 
2.408E+03   1.108E+02  1.381E-01 
2.439E+03   1.101E+02  1.367E-01 
2.471E+03   1.095E+02  1.354E-01 
2.503E+03   1.088E+02  1.340E-01 
2.535E+03   1.082E+02  1.326E-01 
2.568E+03   1.075E+02  1.313E-01 
2.602E+03   1.069E+02  1.299E-01 
2.635E+03   1.062E+02  1.286E-01 
2.670E+03   1.056E+02  1.273E-01 
2.704E+03   1.049E+02  1.260E-01 
2.740E+03   1.043E+02  1.247E-01 
2.775E+03   1.036E+02  1.234E-01 
2.811E+03   1.030E+02  1.222E-01 
2.848E+03   1.023E+02  1.209E-01 
2.885E+03   1.017E+02  1.197E-01 
2.922E+03   1.010E+02  1.185E-01 
2.960E+03   1.004E+02  1.172E-01 
2.999E+03   9.978E+01  1.160E-01 
3.038E+03   9.915E+01  1.148E-01 
3.077E+03   9.853E+01  1.137E-01 
3.117E+03   9.791E+01  1.125E-01 
3.158E+03   9.729E+01  1.113E-01 
3.199E+03   9.668E+01  1.102E-01 
3.240E+03   9.606E+01  1.091E-01 
3.282E+03   9.546E+01  1.079E-01 
3.325E+03   9.485E+01  1.068E-01 
3.368E+03   9.425E+01  1.057E-01 
3.412E+03   9.365E+01  1.046E-01 
3.456E+03   9.306E+01  1.035E-01 
3.501E+03   9.247E+01  1.025E-01 
3.547E+03   9.189E+01  1.014E-01 
3.593E+03   9.131E+01  1.004E-01 
3.640E+03   9.073E+01  9.933E-02 
3.687E+03   9.016E+01  9.830E-02 
3.735E+03   8.959E+01  9.728E-02 
3.783E+03   8.902E+01  9.627E-02 
3.832E+03   8.846E+01  9.527E-02 
3.882E+03   8.791E+01  9.428E-02 
3.933E+03   8.736E+01  9.330E-02 
3.984E+03   8.681E+01  9.233E-02 
4.036E+03   8.627E+01  9.137E-02 
4.088E+03   8.573E+01  9.042E-02 
4.141E+03   8.520E+01  8.948E-02 
4.195E+03   8.467E+01  8.855E-02 
4.250E+03   8.414E+01  8.762E-02 
4.305E+03   8.362E+01  8.671E-02 
4.361E+03   8.311E+01  8.580E-02 
4.417E+03   8.259E+01  8.491E-02 
4.475E+03   8.209E+01  8.402E-02 
4.533E+03   8.159E+01  8.314E-02 
4.592E+03   8.109E+01  8.227E-02 
4.652E+03   8.059E+01  8.141E-02 
4.712E+03   8.011E+01  8.056E-02 
4.773E+03   7.962E+01  7.971E-02 
4.835E+03   7.914E+01  7.888E-02 
4.898E+03   7.867E+01  7.805E-02 
4.962E+03   7.819E+01  7.723E-02 
5.026E+03   7.773E+01  7.642E-02 
5.092E+03   7.727E+01  7.562E-02 
5.158E+03   7.681E+01  7.482E-02 
5.225E+03   7.635E+01  7.403E-02 
5.293E+03   7.590E+01  7.325E-02 
5.362E+03   7.546E+01  7.248E-02 
5.431E+03   7.502E+01  7.172E-02 
5.502E+03   7.458E+01  7.096E-02 
5.573E+03   7.415E+01  7.022E-02 
5.646E+03   7.372E+01  6.947E-02 
5.719E+03   7.330E+01  6.874E-02 
5.793E+03   7.288E+01  6.802E-02 
5.869E+03   7.246E+01  6.730E-02 
5.945E+03   7.205E+01  6.659E-02 
6.022E+03   7.164E+01  6.588E-02 
6.101E+03   7.124E+01  6.518E-02 
6.180E+03   7.084E+01  6.449E-02 
6.260E+03   7.044E+01  6.381E-02 
6.341E+03   7.005E+01  6.313E-02 
6.424E+03   6.966E+01  6.247E-02 
6.507E+03   6.927E+01  6.180E-02 
6.592E+03   6.889E+01  6.115E-02 
6.678E+03   6.851E+01  6.050E-02 
6.764E+03   6.814E+01  5.985E-02 
6.852E+03   6.776E+01  5.922E-02 
6.941E+03   6.740E+01  5.859E-02 
7.032E+03   6.703E+01  5.797E-02 
7.123E+03   6.667E+01  5.735E-02 
7.216E+03   6.631E+01  5.674E-02 
7.309E+03   6.596E+01  5.613E-02 
7.404E+03   6.561E+01  5.554E-02 
7.501E+03   6.526E+01  5.494E-02 
7.598E+03   6.491E+01  5.436E-02 
7.697E+03   6.457E+01  5.378E-02 
7.797E+03   6.423E+01  5.320E-02 
7.898E+03   6.389E+01  5.264E-02 
8.001E+03   6.356E+01  5.207E-02 
8.105E+03   6.318E+01  5.152E-02 
8.210E+03   6.280E+01  5.097E-02 
8.317E+03   6.241E+01  5.042E-02 
8.425E+03   6.201E+01  4.988E-02 
8.534E+03   6.161E+01  4.935E-02 
8.645E+03   6.120E+01  4.882E-02 
8.758E+03   6.079E+01  4.830E-02 
8.871E+03   6.038E+01  4.778E-02 
8.987E+03   5.995E+01  4.726E-02 
9.104E+03   5.953E+01  4.676E-02 
9.222E+03   5.909E+01  4.626E-02 
9.342E+03   5.866E+01  4.576E-02 
9.463E+03   5.821E+01  4.527E-02 
9.586E+03   5.776E+01  4.478E-02 
9.711E+03   5.736E+01  4.430E-02 
9.837E+03   5.697E+01  4.382E-02 
9.965E+03   5.659E+01  4.335E-02 
1.009E+04   5.620E+01  4.288E-02 
1.023E+04   5.582E+01  4.242E-02 
1.036E+04   5.544E+01  4.197E-02 
1.049E+04   5.506E+01  4.151E-02 
1.063E+04   5.468E+01  4.107E-02 
1.077E+04   5.431E+01  4.062E-02 
1.091E+04   5.393E+01  4.018E-02 
1.105E+04   5.356E+01  3.975E-02 
1.119E+04   5.319E+01  3.932E-02 
1.134E+04   5.282E+01  3.890E-02 
1.149E+04   5.245E+01  3.848E-02 
1.163E+04   5.208E+01  3.806E-02 
1.179E+04   5.172E+01  3.765E-02 
1.194E+04   5.136E+01  3.724E-02 
1.209E+04   5.099E+01  3.684E-02 
1.225E+04   5.064E+01  3.644E-02 
1.241E+04   5.028E+01  3.604E-02 
1.257E+04   4.992E+01  3.565E-02 
1.274E+04   4.957E+01  3.527E-02 
1.290E+04   4.921E+01  3.489E-02 
1.307E+04   4.886E+01  3.451E-02 
1.324E+04   4.851E+01  3.413E-02 
1.341E+04   4.817E+01  3.376E-02 
1.358E+04   4.782E+01  3.340E-02 
1.376E+04   4.748E+01  3.303E-02 
1.394E+04   4.713E+01  3.267E-02 
1.412E+04   4.679E+01  3.232E-02 
1.431E+04   4.645E+01  3.197E-02 
1.449E+04   4.612E+01  3.162E-02 
1.468E+04   4.578E+01  3.127E-02 
1.487E+04   4.545E+01  3.093E-02 
1.506E+04   4.511E+01  3.060E-02 
1.526E+04   4.478E+01  3.026E-02 
1.546E+04   4.446E+01  2.993E-02 
1.566E+04   4.413E+01  2.961E-02 
1.586E+04   4.380E+01  2.928E-02 
1.607E+04   4.348E+01  2.897E-02 
1.628E+04   4.316E+01  2.865E-02 
1.649E+04   4.284E+01  2.834E-02 
1.670E+04   4.252E+01  2.803E-02 
1.692E+04   4.220E+01  2.772E-02 
1.714E+04   4.189E+01  2.742E-02 
1.736E+04   4.157E+01  2.712E-02 
1.759E+04   4.126E+01  2.682E-02 
1.782E+04   4.095E+01  2.653E-02 
1.805E+04   4.064E+01  2.624E-02 
1.828E+04   4.034E+01  2.595E-02 
1.852E+04   4.003E+01  2.567E-02 
1.876E+04   3.973E+01  2.539E-02 
1.900E+04   3.943E+01  2.511E-02 
1.925E+04   3.913E+01  2.483E-02 
1.950E+04   3.883E+01  2.456E-02 
1.976E+04   3.854E+01  2.429E-02 
2.001E+04   3.824E+01  2.402E-02 
2.027E+04   3.795E+01  2.376E-02 
2.054E+04   3.766E+01  2.350E-02 
2.080E+04   3.737E+01  2.324E-02 
2.107E+04   3.708E+01  2.299E-02 
2.135E+04   3.679E+01  2.273E-02 
2.162E+04   3.651E+01  2.248E-02 
2.191E+04   3.623E+01  2.224E-02 
2.219E+04   3.594E+01  2.199E-02 
2.248E+04   3.567E+01  2.175E-02 
2.277E+04   3.539E+01  2.151E-02 
2.307E+04   3.511E+01  2.127E-02 
2.337E+04   3.484E+01  2.104E-02 
2.367E+04   3.456E+01  2.081E-02 
2.398E+04   3.429E+01  2.058E-02 
2.429E+04   3.402E+01  2.035E-02 
2.461E+04   3.375E+01  2.013E-02 
2.492E+04   3.349E+01  1.991E-02 
2.525E+04   3.322E+01  1.969E-02 
2.558E+04   3.296E+01  1.947E-02 
2.591E+04   3.270E+01  1.925E-02 
2.625E+04   3.244E+01  1.904E-02 
2.659E+04   3.218E+01  1.883E-02 
2.693E+04   3.192E+01  1.862E-02 
2.728E+04   3.167E+01  1.842E-02 
2.764E+04   3.142E+01  1.821E-02 
2.800E+04   3.116E+01  1.801E-02 
2.836E+04   3.091E+01  1.781E-02 
2.873E+04   3.067E+01  1.762E-02 
2.910E+04   3.042E+01  1.742E-02 
2.948E+04   3.017E+01  1.723E-02 
2.986E+04   2.993E+01  1.704E-02 
3.025E+04   2.969E+01  1.685E-02 
3.065E+04   2.945E+01  1.666E-02 
3.104E+04   2.921E+01  1.648E-02 
3.145E+04   2.897E+01  1.629E-02 
3.186E+04   2.873E+01  1.611E-02 
3.227E+04   2.850E+01  1.593E-02 
3.269E+04   2.826E+01  1.576E-02 
3.311E+04   2.803E+01  1.558E-02 
3.354E+04   2.780E+01  1.541E-02 
3.398E+04   2.757E+01  1.524E-02 
3.442E+04   2.735E+01  1.507E-02 
3.487E+04   2.712E+01  1.490E-02 
3.532E+04   2.690E+01  1.474E-02 
3.578E+04   2.668E+01  1.457E-02 
3.625E+04   2.645E+01  1.441E-02 
3.672E+04   2.624E+01  1.425E-02 
3.719E+04   2.602E+01  1.409E-02 
3.768E+04   2.580E+01  1.394E-02 
3.817E+04   2.559E+01  1.378E-02 
3.866E+04   2.537E+01  1.363E-02 
3.917E+04   2.516E+01  1.347E-02 
3.968E+04   2.495E+01  1.332E-02 
4.019E+04   2.474E+01  1.318E-02 
4.071E+04   2.453E+01  1.303E-02 
4.124E+04   2.433E+01  1.288E-02 
4.178E+04   2.412E+01  1.274E-02 
4.232E+04   2.392E+01  1.260E-02 
4.287E+04   2.372E+01  1.246E-02 
4.343E+04   2.352E+01  1.232E-02 
4.399E+04   2.332E+01  1.218E-02 
4.456E+04   2.312E+01  1.205E-02 
4.514E+04   2.292E+01  1.191E-02 
4.573E+04   2.273E+01  1.178E-02 
4.632E+04   2.253E+01  1.165E-02 
4.693E+04   2.234E+01  1.152E-02 
4.754E+04   2.215E+01  1.139E-02 
4.815E+04   2.196E+01  1.126E-02 
4.878E+04   2.177E+01  1.113E-02 
4.941E+04   2.159E+01  1.101E-02 
5.006E+04   2.140E+01  1.089E-02 
5.071E+04   2.122E+01  1.076E-02 
5.137E+04   2.104E+01  1.064E-02 
5.203E+04   2.086E+01  1.052E-02 
5.271E+04   2.068E+01  1.041E-02 
5.340E+04   2.050E+01  1.029E-02 
5.409E+04   2.032E+01  1.017E-02 
5.479E+04   2.014E+01  1.006E-02 
5.550E+04   1.997E+01  9.948E-03 
5.623E+04   1.980E+01  9.836E-03 
5.696E+04   1.962E+01  9.726E-03 
5.770E+04   1.945E+01  9.617E-03 
5.845E+04   1.928E+01  9.509E-03 
5.921E+04   1.912E+01  9.402E-03 
5.998E+04   1.895E+01  9.297E-03 
6.075E+04   1.878E+01  9.192E-03 
6.154E+04   1.862E+01  9.089E-03 
6.234E+04   1.846E+01  8.987E-03 
6.315E+04   1.830E+01  8.886E-03 
6.398E+04   1.813E+01  8.786E-03 
6.481E+04   1.798E+01  8.687E-03 
6.565E+04   1.782E+01  8.590E-03 
6.650E+04   1.766E+01  8.493E-03 
6.737E+04   1.751E+01  8.397E-03 
6.824E+04   1.735E+01  8.303E-03 
6.913E+04   1.720E+01  8.209E-03 
7.003E+04   1.705E+01  8.117E-03 
7.094E+04   1.689E+01  8.026E-03 
7.186E+04   1.675E+01  7.935E-03 
7.279E+04   1.660E+01  7.846E-03 
7.374E+04   1.645E+01  7.757E-03 
7.470E+04   1.630E+01  7.670E-03 
7.567E+04   1.616E+01  7.584E-03 
7.665E+04   1.601E+01  7.498E-03 
7.765E+04   1.587E+01  7.413E-03 
7.866E+04   1.573E+01  7.330E-03 
7.968E+04   1.559E+01  7.247E-03 
8.072E+04   1.545E+01  7.165E-03 
8.176E+04   1.531E+01  7.084E-03 
8.283E+04   1.518E+01  7.004E-03 
8.390E+04   1.504E+01  6.925E-03 
8.499E+04   1.491E+01  6.847E-03 
8.610E+04   1.477E+01  6.770E-03 
8.722E+04   1.464E+01  6.693E-03 
8.835E+04   1.451E+01  6.618E-03 
8.950E+04   1.438E+01  6.543E-03 
9.066E+04   1.425E+01  6.469E-03 
9.184E+04   1.412E+01  6.396E-03 
9.303E+04   1.399E+01  6.323E-03 
9.424E+04   1.387E+01  6.252E-03 
9.547E+04   1.374E+01  6.181E-03 
9.671E+04   1.362E+01  6.111E-03 
9.797E+04   1.350E+01  6.042E-03 
9.924E+04   1.337E+01  5.974E-03 
1.005E+05   1.325E+01  5.906E-03 
1.018E+05   1.313E+01  5.839E-03 
1.032E+05   1.301E+01  5.773E-03 
1.045E+05   1.290E+01  5.707E-03 
1.059E+05   1.278E+01  5.643E-03 
1.072E+05   1.266E+01  5.579E-03 
1.086E+05   1.255E+01  5.515E-03 
1.100E+05   1.243E+01  5.453E-03 
1.115E+05   1.232E+01  5.391E-03 
1.129E+05   1.221E+01  5.330E-03 
1.144E+05   1.210E+01  5.269E-03 
1.159E+05   1.199E+01  5.210E-03 
1.174E+05   1.188E+01  5.150E-03 
1.189E+05   1.177E+01  5.092E-03 
1.204E+05   1.166E+01  5.034E-03 
1.220E+05   1.156E+01  4.977E-03 
1.236E+05   1.145E+01  4.920E-03 
1.252E+05   1.135E+01  4.865E-03 
1.268E+05   1.124E+01  4.809E-03 
1.285E+05   1.114E+01  4.755E-03 
1.302E+05   1.104E+01  4.701E-03 
1.318E+05   1.094E+01  4.647E-03 
1.336E+05   1.084E+01  4.594E-03 
1.353E+05   1.074E+01  4.542E-03 
1.371E+05   1.064E+01  4.490E-03 
1.388E+05   1.054E+01  4.439E-03 
1.406E+05   1.045E+01  4.389E-03 
1.425E+05   1.035E+01  4.339E-03 
1.443E+05   1.026E+01  4.289E-03 
1.462E+05   1.016E+01  4.240E-03 
1.481E+05   1.007E+01  4.192E-03 
1.500E+05   9.978E+00  4.144E-03 
1.520E+05   9.886E+00  4.097E-03 
1.539E+05   9.796E+00  4.050E-03 
1.559E+05   9.706E+00  4.004E-03 
1.580E+05   9.617E+00  3.959E-03 
1.600E+05   9.529E+00  3.913E-03 
1.621E+05   9.442E+00  3.869E-03 
1.642E+05   9.355E+00  3.825E-03 
1.663E+05   9.269E+00  3.781E-03 
1.685E+05   9.184E+00  3.738E-03 
1.707E+05   9.100E+00  3.695E-03 
1.729E+05   9.016E+00  3.653E-03 
1.752E+05   8.934E+00  3.611E-03 
1.774E+05   8.852E+00  3.570E-03 
1.797E+05   8.771E+00  3.529E-03 
1.821E+05   8.690E+00  3.489E-03 
1.844E+05   8.610E+00  3.449E-03 
1.868E+05   8.531E+00  3.410E-03 
1.893E+05   8.453E+00  3.371E-03 
1.917E+05   8.376E+00  3.332E-03 
1.942E+05   8.299E+00  3.294E-03 
1.967E+05   8.223E+00  3.256E-03 
1.993E+05   8.148E+00  3.219E-03 
2.019E+05   8.073E+00  3.182E-03 
2.045E+05   7.999E+00  3.146E-03 
2.072E+05   7.926E+00  3.110E-03 
2.099E+05   7.853E+00  3.074E-03 
2.126E+05   7.781E+00  3.039E-03 
2.154E+05   7.710E+00  3.004E-03 
2.182E+05   7.639E+00  2.970E-03 
2.210E+05   7.570E+00  2.936E-03 
2.239E+05   7.500E+00  2.902E-03 
2.268E+05   7.432E+00  2.869E-03 
2.297E+05   7.364E+00  2.836E-03 
2.327E+05   7.297E+00  2.804E-03 
2.357E+05   7.230E+00  2.772E-03 
2.388E+05   7.164E+00  2.740E-03 
2.419E+05   7.099E+00  2.708E-03 
2.450E+05   7.034E+00  2.677E-03 
2.482E+05   6.970E+00  2.647E-03 
2.515E+05   6.906E+00  2.616E-03 
2.547E+05   6.844E+00  2.586E-03 
2.580E+05   6.781E+00  2.557E-03 
2.614E+05   6.720E+00  2.527E-03 
2.648E+05   6.659E+00  2.498E-03 
2.682E+05   6.598E+00  2.469E-03 
2.717E+05   6.538E+00  2.441E-03 
2.752E+05   6.479E+00  2.413E-03 
2.788E+05   6.420E+00  2.385E-03 
2.824E+05   6.362E+00  2.358E-03 
2.861E+05   6.305E+00  2.331E-03 
2.898E+05   6.248E+00  2.304E-03 
2.936E+05   6.191E+00  2.278E-03 
2.974E+05   6.135E+00  2.251E-03 
3.013E+05   6.080E+00  2.226E-03 
3.052E+05   6.025E+00  2.200E-03 
3.092E+05   5.971E+00  2.175E-03 
3.132E+05   5.917E+00  2.150E-03 
3.172E+05   5.864E+00  2.125E-03 
3.214E+05   5.811E+00  2.100E-03 
3.255E+05   5.759E+00  2.076E-03 
3.298E+05   5.708E+00  2.052E-03 
3.341E+05   5.657E+00  2.029E-03 
3.384E+05   5.606E+00  2.005E-03 
3.428E+05   5.556E+00  1.982E-03 
3.473E+05   5.506E+00  1.959E-03 
3.518E+05   5.457E+00  1.937E-03 
3.563E+05   5.409E+00  1.915E-03 
3.610E+05   5.361E+00  1.893E-03 
3.657E+05   5.313E+00  1.871E-03 
3.704E+05   5.266E+00  1.849E-03 
3.752E+05   5.219E+00  1.828E-03 
3.801E+05   5.173E+00  1.807E-03 
3.851E+05   5.128E+00  1.786E-03 
3.901E+05   5.082E+00  1.765E-03 
3.951E+05   5.038E+00  1.745E-03 
4.003E+05   4.993E+00  1.725E-03 
