Ion = Helium      . Mass = 4.0026
Tgt = Ge (Solid). Density = 5.35 g/cm3
Stopping Units =  eV/(1E15 atoms/cm2)
Energy(keV)  S(Elec)    S(Nuc)
1.000E+00   4.887E+00  2.824E+00 
1.013E+00   4.919E+00  2.829E+00 
1.026E+00   4.951E+00  2.834E+00 
1.039E+00   4.983E+00  2.839E+00 
1.053E+00   5.015E+00  2.843E+00 
1.067E+00   5.047E+00  2.848E+00 
1.081E+00   5.080E+00  2.852E+00 
1.095E+00   5.113E+00  2.857E+00 
1.109E+00   5.146E+00  2.861E+00 
1.123E+00   5.179E+00  2.866E+00 
1.138E+00   5.213E+00  2.870E+00 
1.153E+00   5.247E+00  2.874E+00 
1.168E+00   5.281E+00  2.878E+00 
1.183E+00   5.315E+00  2.882E+00 
1.198E+00   5.349E+00  2.886E+00 
1.214E+00   5.384E+00  2.890E+00 
1.229E+00   5.419E+00  2.894E+00 
1.245E+00   5.454E+00  2.898E+00 
1.262E+00   5.489E+00  2.902E+00 
1.278E+00   5.525E+00  2.906E+00 
1.295E+00   5.561E+00  2.909E+00 
1.311E+00   5.597E+00  2.913E+00 
1.329E+00   5.633E+00  2.916E+00 
1.346E+00   5.669E+00  2.920E+00 
1.363E+00   5.706E+00  2.923E+00 
1.381E+00   5.743E+00  2.927E+00 
1.399E+00   5.780E+00  2.930E+00 
1.417E+00   5.818E+00  2.933E+00 
1.436E+00   5.855E+00  2.936E+00 
1.454E+00   5.893E+00  2.939E+00 
1.473E+00   5.932E+00  2.942E+00 
1.492E+00   5.970E+00  2.945E+00 
1.512E+00   6.009E+00  2.948E+00 
1.531E+00   6.048E+00  2.950E+00 
1.551E+00   6.087E+00  2.953E+00 
1.571E+00   6.126E+00  2.956E+00 
1.592E+00   6.166E+00  2.958E+00 
1.612E+00   6.206E+00  2.961E+00 
1.633E+00   6.246E+00  2.963E+00 
1.655E+00   6.286E+00  2.965E+00 
1.676E+00   6.327E+00  2.968E+00 
1.698E+00   6.368E+00  2.970E+00 
1.720E+00   6.409E+00  2.972E+00 
1.742E+00   6.451E+00  2.974E+00 
1.765E+00   6.493E+00  2.976E+00 
1.788E+00   6.535E+00  2.978E+00 
1.811E+00   6.577E+00  2.979E+00 
1.835E+00   6.620E+00  2.981E+00 
1.859E+00   6.663E+00  2.983E+00 
1.883E+00   6.706E+00  2.984E+00 
1.907E+00   6.749E+00  2.986E+00 
1.932E+00   6.793E+00  2.987E+00 
1.957E+00   6.837E+00  2.988E+00 
1.983E+00   6.881E+00  2.989E+00 
2.008E+00   6.926E+00  2.990E+00 
2.034E+00   6.971E+00  2.992E+00 
2.061E+00   7.016E+00  2.992E+00 
2.088E+00   7.061E+00  2.993E+00 
2.115E+00   7.107E+00  2.994E+00 
2.142E+00   7.153E+00  2.995E+00 
2.170E+00   7.199E+00  2.995E+00 
2.198E+00   7.246E+00  2.996E+00 
2.227E+00   7.293E+00  2.996E+00 
2.256E+00   7.340E+00  2.997E+00 
2.285E+00   7.388E+00  2.997E+00 
2.315E+00   7.435E+00  2.997E+00 
2.345E+00   7.484E+00  2.997E+00 
2.375E+00   7.532E+00  2.997E+00 
2.406E+00   7.581E+00  2.997E+00 
2.438E+00   7.630E+00  2.997E+00 
2.469E+00   7.679E+00  2.997E+00 
2.501E+00   7.729E+00  2.996E+00 
2.534E+00   7.779E+00  2.996E+00 
2.567E+00   7.830E+00  2.995E+00 
2.600E+00   7.880E+00  2.995E+00 
2.634E+00   7.931E+00  2.994E+00 
2.668E+00   7.983E+00  2.993E+00 
2.703E+00   8.034E+00  2.993E+00 
2.738E+00   8.087E+00  2.992E+00 
2.773E+00   8.139E+00  2.991E+00 
2.810E+00   8.192E+00  2.989E+00 
2.846E+00   8.245E+00  2.988E+00 
2.883E+00   8.298E+00  2.987E+00 
2.921E+00   8.352E+00  2.985E+00 
2.958E+00   8.406E+00  2.984E+00 
2.997E+00   8.460E+00  2.982E+00 
3.036E+00   8.515E+00  2.981E+00 
3.075E+00   8.570E+00  2.979E+00 
3.115E+00   8.626E+00  2.977E+00 
3.156E+00   8.682E+00  2.975E+00 
3.197E+00   8.738E+00  2.973E+00 
3.238E+00   8.795E+00  2.971E+00 
3.280E+00   8.851E+00  2.969E+00 
3.323E+00   8.909E+00  2.966E+00 
3.366E+00   8.967E+00  2.964E+00 
3.410E+00   9.025E+00  2.961E+00 
3.454E+00   9.083E+00  2.959E+00 
3.499E+00   9.142E+00  2.956E+00 
3.545E+00   9.201E+00  2.953E+00 
3.591E+00   9.261E+00  2.950E+00 
3.637E+00   9.321E+00  2.947E+00 
3.685E+00   9.381E+00  2.944E+00 
3.733E+00   9.442E+00  2.941E+00 
3.781E+00   9.503E+00  2.938E+00 
3.830E+00   9.565E+00  2.935E+00 
3.880E+00   9.626E+00  2.931E+00 
3.930E+00   9.689E+00  2.928E+00 
3.982E+00   9.752E+00  2.924E+00 
4.033E+00   9.815E+00  2.921E+00 
4.086E+00   9.878E+00  2.917E+00 
4.139E+00   9.942E+00  2.913E+00 
4.193E+00   1.001E+01  2.909E+00 
4.247E+00   1.007E+01  2.905E+00 
4.302E+00   1.014E+01  2.901E+00 
4.358E+00   1.020E+01  2.896E+00 
4.415E+00   1.027E+01  2.892E+00 
4.472E+00   1.034E+01  2.888E+00 
4.530E+00   1.040E+01  2.883E+00 
4.589E+00   1.047E+01  2.879E+00 
4.649E+00   1.054E+01  2.874E+00 
4.709E+00   1.061E+01  2.869E+00 
4.770E+00   1.067E+01  2.864E+00 
4.832E+00   1.074E+01  2.859E+00 
4.895E+00   1.081E+01  2.854E+00 
4.959E+00   1.088E+01  2.849E+00 
5.023E+00   1.095E+01  2.844E+00 
5.089E+00   1.102E+01  2.839E+00 
5.155E+00   1.110E+01  2.834E+00 
5.222E+00   1.117E+01  2.828E+00 
5.290E+00   1.124E+01  2.823E+00 
5.358E+00   1.131E+01  2.817E+00 
5.428E+00   1.139E+01  2.811E+00 
5.499E+00   1.146E+01  2.805E+00 
5.570E+00   1.153E+01  2.800E+00 
5.642E+00   1.161E+01  2.794E+00 
5.716E+00   1.168E+01  2.788E+00 
5.790E+00   1.176E+01  2.781E+00 
5.865E+00   1.184E+01  2.775E+00 
5.942E+00   1.191E+01  2.769E+00 
6.019E+00   1.199E+01  2.763E+00 
6.097E+00   1.207E+01  2.756E+00 
6.176E+00   1.215E+01  2.750E+00 
6.256E+00   1.222E+01  2.743E+00 
6.338E+00   1.230E+01  2.736E+00 
6.420E+00   1.238E+01  2.730E+00 
6.504E+00   1.246E+01  2.723E+00 
6.588E+00   1.254E+01  2.716E+00 
6.674E+00   1.263E+01  2.709E+00 
6.760E+00   1.271E+01  2.702E+00 
6.848E+00   1.279E+01  2.695E+00 
6.937E+00   1.287E+01  2.688E+00 
7.027E+00   1.296E+01  2.680E+00 
7.119E+00   1.304E+01  2.673E+00 
7.211E+00   1.312E+01  2.665E+00 
7.305E+00   1.321E+01  2.658E+00 
7.400E+00   1.329E+01  2.650E+00 
7.496E+00   1.338E+01  2.643E+00 
7.594E+00   1.347E+01  2.635E+00 
7.692E+00   1.355E+01  2.627E+00 
7.792E+00   1.364E+01  2.620E+00 
7.894E+00   1.373E+01  2.612E+00 
7.996E+00   1.382E+01  2.604E+00 
8.100E+00   1.391E+01  2.596E+00 
8.205E+00   1.400E+01  2.588E+00 
8.312E+00   1.409E+01  2.579E+00 
8.420E+00   1.419E+01  2.571E+00 
8.529E+00   1.428E+01  2.563E+00 
8.640E+00   1.437E+01  2.555E+00 
8.753E+00   1.447E+01  2.546E+00 
8.866E+00   1.456E+01  2.538E+00 
8.982E+00   1.466E+01  2.529E+00 
9.098E+00   1.475E+01  2.521E+00 
9.217E+00   1.485E+01  2.512E+00 
9.336E+00   1.494E+01  2.503E+00 
9.458E+00   1.504E+01  2.495E+00 
9.581E+00   1.513E+01  2.486E+00 
9.705E+00   1.523E+01  2.477E+00 
9.831E+00   1.533E+01  2.468E+00 
9.959E+00   1.542E+01  2.459E+00 
1.009E+01   1.552E+01  2.450E+00 
1.022E+01   1.562E+01  2.441E+00 
1.035E+01   1.572E+01  2.432E+00 
1.049E+01   1.581E+01  2.423E+00 
1.062E+01   1.591E+01  2.413E+00 
1.076E+01   1.601E+01  2.404E+00 
1.090E+01   1.611E+01  2.395E+00 
1.104E+01   1.621E+01  2.386E+00 
1.119E+01   1.631E+01  2.376E+00 
1.133E+01   1.641E+01  2.367E+00 
1.148E+01   1.650E+01  2.357E+00 
1.163E+01   1.660E+01  2.348E+00 
1.178E+01   1.670E+01  2.338E+00 
1.193E+01   1.680E+01  2.329E+00 
1.209E+01   1.690E+01  2.319E+00 
1.224E+01   1.700E+01  2.309E+00 
1.240E+01   1.710E+01  2.300E+00 
1.256E+01   1.719E+01  2.290E+00 
1.273E+01   1.729E+01  2.280E+00 
1.289E+01   1.739E+01  2.270E+00 
1.306E+01   1.749E+01  2.261E+00 
1.323E+01   1.758E+01  2.251E+00 
1.340E+01   1.768E+01  2.241E+00 
1.358E+01   1.778E+01  2.231E+00 
1.375E+01   1.787E+01  2.221E+00 
1.393E+01   1.797E+01  2.211E+00 
1.411E+01   1.806E+01  2.201E+00 
1.430E+01   1.816E+01  2.191E+00 
1.448E+01   1.825E+01  2.181E+00 
1.467E+01   1.834E+01  2.171E+00 
1.486E+01   1.844E+01  2.161E+00 
1.505E+01   1.853E+01  2.150E+00 
1.525E+01   1.862E+01  2.140E+00 
1.545E+01   1.871E+01  2.130E+00 
1.565E+01   1.881E+01  2.120E+00 
1.585E+01   1.890E+01  2.110E+00 
1.606E+01   1.899E+01  2.100E+00 
1.627E+01   1.908E+01  2.089E+00 
1.648E+01   1.917E+01  2.079E+00 
1.669E+01   1.926E+01  2.069E+00 
1.691E+01   1.935E+01  2.058E+00 
1.713E+01   1.944E+01  2.048E+00 
1.735E+01   1.953E+01  2.038E+00 
1.758E+01   1.962E+01  2.027E+00 
1.781E+01   1.971E+01  2.017E+00 
1.804E+01   1.980E+01  2.007E+00 
1.827E+01   1.989E+01  1.996E+00 
1.851E+01   1.998E+01  1.986E+00 
1.875E+01   2.008E+01  1.976E+00 
1.899E+01   2.017E+01  1.965E+00 
1.924E+01   2.027E+01  1.955E+00 
1.949E+01   2.036E+01  1.945E+00 
1.974E+01   2.046E+01  1.934E+00 
2.000E+01   2.056E+01  1.924E+00 
2.026E+01   2.066E+01  1.913E+00 
2.052E+01   2.076E+01  1.903E+00 
2.079E+01   2.087E+01  1.893E+00 
2.106E+01   2.097E+01  1.882E+00 
2.133E+01   2.108E+01  1.872E+00 
2.161E+01   2.119E+01  1.861E+00 
2.189E+01   2.131E+01  1.851E+00 
2.218E+01   2.142E+01  1.841E+00 
2.247E+01   2.154E+01  1.830E+00 
2.276E+01   2.166E+01  1.820E+00 
2.305E+01   2.178E+01  1.809E+00 
2.335E+01   2.191E+01  1.799E+00 
2.366E+01   2.204E+01  1.789E+00 
2.396E+01   2.217E+01  1.778E+00 
2.428E+01   2.230E+01  1.768E+00 
2.459E+01   2.244E+01  1.758E+00 
2.491E+01   2.258E+01  1.747E+00 
2.523E+01   2.272E+01  1.737E+00 
2.556E+01   2.287E+01  1.727E+00 
2.589E+01   2.302E+01  1.717E+00 
2.623E+01   2.317E+01  1.706E+00 
2.657E+01   2.332E+01  1.696E+00 
2.692E+01   2.347E+01  1.686E+00 
2.727E+01   2.363E+01  1.676E+00 
2.762E+01   2.379E+01  1.665E+00 
2.798E+01   2.396E+01  1.655E+00 
2.834E+01   2.412E+01  1.645E+00 
2.871E+01   2.429E+01  1.635E+00 
2.909E+01   2.446E+01  1.625E+00 
2.946E+01   2.463E+01  1.615E+00 
2.985E+01   2.480E+01  1.604E+00 
3.023E+01   2.498E+01  1.594E+00 
3.063E+01   2.516E+01  1.584E+00 
3.103E+01   2.534E+01  1.574E+00 
3.143E+01   2.552E+01  1.564E+00 
3.184E+01   2.570E+01  1.554E+00 
3.225E+01   2.588E+01  1.544E+00 
3.267E+01   2.607E+01  1.534E+00 
3.309E+01   2.626E+01  1.524E+00 
3.352E+01   2.645E+01  1.514E+00 
3.396E+01   2.664E+01  1.505E+00 
3.440E+01   2.683E+01  1.495E+00 
3.485E+01   2.703E+01  1.485E+00 
3.530E+01   2.722E+01  1.475E+00 
3.576E+01   2.742E+01  1.465E+00 
3.623E+01   2.762E+01  1.456E+00 
3.670E+01   2.782E+01  1.446E+00 
3.717E+01   2.802E+01  1.436E+00 
3.766E+01   2.822E+01  1.427E+00 
3.815E+01   2.842E+01  1.417E+00 
3.864E+01   2.863E+01  1.407E+00 
3.914E+01   2.883E+01  1.398E+00 
3.965E+01   2.904E+01  1.388E+00 
4.017E+01   2.925E+01  1.379E+00 
4.069E+01   2.946E+01  1.369E+00 
4.122E+01   2.967E+01  1.360E+00 
4.175E+01   2.988E+01  1.350E+00 
4.230E+01   3.009E+01  1.341E+00 
4.285E+01   3.031E+01  1.332E+00 
4.340E+01   3.052E+01  1.322E+00 
4.397E+01   3.074E+01  1.313E+00 
4.454E+01   3.095E+01  1.304E+00 
4.512E+01   3.117E+01  1.295E+00 
4.570E+01   3.139E+01  1.286E+00 
4.630E+01   3.161E+01  1.276E+00 
4.690E+01   3.183E+01  1.267E+00 
4.751E+01   3.206E+01  1.258E+00 
4.813E+01   3.228E+01  1.249E+00 
4.875E+01   3.250E+01  1.240E+00 
4.939E+01   3.273E+01  1.231E+00 
5.003E+01   3.295E+01  1.222E+00 
5.068E+01   3.318E+01  1.213E+00 
5.134E+01   3.341E+01  1.205E+00 
5.200E+01   3.364E+01  1.196E+00 
5.268E+01   3.387E+01  1.187E+00 
5.336E+01   3.410E+01  1.178E+00 
5.406E+01   3.433E+01  1.170E+00 
5.476E+01   3.457E+01  1.161E+00 
5.547E+01   3.480E+01  1.152E+00 
5.619E+01   3.504E+01  1.144E+00 
5.692E+01   3.527E+01  1.135E+00 
5.766E+01   3.551E+01  1.127E+00 
5.841E+01   3.575E+01  1.118E+00 
5.917E+01   3.599E+01  1.110E+00 
5.994E+01   3.623E+01  1.102E+00 
6.072E+01   3.647E+01  1.093E+00 
6.151E+01   3.671E+01  1.085E+00 
6.231E+01   3.696E+01  1.077E+00 
6.312E+01   3.720E+01  1.068E+00 
6.394E+01   3.745E+01  1.060E+00 
6.477E+01   3.769E+01  1.052E+00 
6.561E+01   3.794E+01  1.044E+00 
6.646E+01   3.819E+01  1.036E+00 
6.733E+01   3.844E+01  1.028E+00 
6.820E+01   3.869E+01  1.020E+00 
6.909E+01   3.894E+01  1.012E+00 
6.999E+01   3.919E+01  1.004E+00 
7.090E+01   3.945E+01  9.964E-01 
7.182E+01   3.970E+01  9.886E-01 
7.275E+01   3.996E+01  9.809E-01 
7.370E+01   4.021E+01  9.732E-01 
7.465E+01   4.047E+01  9.655E-01 
7.562E+01   4.073E+01  9.579E-01 
7.661E+01   4.099E+01  9.503E-01 
7.760E+01   4.125E+01  9.427E-01 
7.861E+01   4.151E+01  9.352E-01 
7.963E+01   4.177E+01  9.278E-01 
8.067E+01   4.203E+01  9.203E-01 
8.172E+01   4.229E+01  9.130E-01 
8.278E+01   4.256E+01  9.056E-01 
8.385E+01   4.282E+01  8.983E-01 
8.494E+01   4.309E+01  8.911E-01 
8.605E+01   4.336E+01  8.839E-01 
8.717E+01   4.363E+01  8.767E-01 
8.830E+01   4.390E+01  8.696E-01 
8.945E+01   4.417E+01  8.625E-01 
9.061E+01   4.444E+01  8.555E-01 
9.179E+01   4.471E+01  8.485E-01 
9.298E+01   4.498E+01  8.415E-01 
9.419E+01   4.525E+01  8.346E-01 
9.541E+01   4.553E+01  8.278E-01 
9.665E+01   4.580E+01  8.209E-01 
9.791E+01   4.608E+01  8.142E-01 
9.918E+01   4.636E+01  8.074E-01 
1.005E+02   4.663E+01  8.007E-01 
1.018E+02   4.691E+01  7.941E-01 
1.031E+02   4.719E+01  7.874E-01 
1.044E+02   4.747E+01  7.809E-01 
1.058E+02   4.775E+01  7.743E-01 
1.072E+02   4.803E+01  7.679E-01 
1.086E+02   4.832E+01  7.614E-01 
1.100E+02   4.860E+01  7.550E-01 
1.114E+02   4.888E+01  7.486E-01 
1.129E+02   4.917E+01  7.423E-01 
1.143E+02   4.945E+01  7.360E-01 
1.158E+02   4.974E+01  7.298E-01 
1.173E+02   5.002E+01  7.236E-01 
1.188E+02   5.031E+01  7.174E-01 
1.204E+02   5.060E+01  7.113E-01 
1.219E+02   5.089E+01  7.052E-01 
1.235E+02   5.117E+01  6.992E-01 
1.251E+02   5.146E+01  6.932E-01 
1.268E+02   5.175E+01  6.873E-01 
1.284E+02   5.204E+01  6.814E-01 
1.301E+02   5.233E+01  6.755E-01 
1.318E+02   5.263E+01  6.697E-01 
1.335E+02   5.292E+01  6.639E-01 
1.352E+02   5.321E+01  6.581E-01 
1.370E+02   5.350E+01  6.524E-01 
1.388E+02   5.380E+01  6.467E-01 
1.406E+02   5.409E+01  6.411E-01 
1.424E+02   5.438E+01  6.355E-01 
1.442E+02   5.468E+01  6.300E-01 
1.461E+02   5.497E+01  6.244E-01 
1.480E+02   5.527E+01  6.190E-01 
1.499E+02   5.556E+01  6.135E-01 
1.519E+02   5.586E+01  6.081E-01 
1.539E+02   5.615E+01  6.028E-01 
1.559E+02   5.645E+01  5.975E-01 
1.579E+02   5.674E+01  5.922E-01 
1.599E+02   5.704E+01  5.869E-01 
1.620E+02   5.734E+01  5.817E-01 
1.641E+02   5.763E+01  5.766E-01 
1.662E+02   5.793E+01  5.715E-01 
1.684E+02   5.822E+01  5.664E-01 
1.706E+02   5.852E+01  5.613E-01 
1.728E+02   5.882E+01  5.563E-01 
1.751E+02   5.911E+01  5.513E-01 
1.773E+02   5.941E+01  5.464E-01 
1.796E+02   5.971E+01  5.415E-01 
1.820E+02   6.000E+01  5.366E-01 
1.843E+02   6.030E+01  5.318E-01 
1.867E+02   6.059E+01  5.270E-01 
1.892E+02   6.089E+01  5.222E-01 
1.916E+02   6.119E+01  5.175E-01 
1.941E+02   6.148E+01  5.128E-01 
1.966E+02   6.177E+01  5.082E-01 
1.992E+02   6.207E+01  5.036E-01 
2.018E+02   6.236E+01  4.990E-01 
2.044E+02   6.266E+01  4.945E-01 
2.071E+02   6.295E+01  4.900E-01 
2.097E+02   6.324E+01  4.855E-01 
2.125E+02   6.353E+01  4.709E-01 
2.152E+02   6.382E+01  4.666E-01 
2.180E+02   6.412E+01  4.624E-01 
2.209E+02   6.441E+01  4.582E-01 
2.237E+02   6.469E+01  4.540E-01 
2.266E+02   6.498E+01  4.498E-01 
2.296E+02   6.527E+01  4.457E-01 
2.326E+02   6.556E+01  4.416E-01 
2.356E+02   6.584E+01  4.376E-01 
2.387E+02   6.613E+01  4.335E-01 
2.418E+02   6.641E+01  4.296E-01 
2.449E+02   6.670E+01  4.256E-01 
2.481E+02   6.698E+01  4.217E-01 
2.513E+02   6.726E+01  4.178E-01 
2.546E+02   6.754E+01  4.139E-01 
2.579E+02   6.782E+01  4.100E-01 
2.612E+02   6.810E+01  4.062E-01 
2.646E+02   6.837E+01  4.025E-01 
2.681E+02   6.865E+01  3.987E-01 
2.716E+02   6.892E+01  3.950E-01 
2.751E+02   6.920E+01  3.913E-01 
2.787E+02   6.947E+01  3.876E-01 
2.823E+02   6.974E+01  3.840E-01 
2.859E+02   7.000E+01  3.804E-01 
2.897E+02   7.027E+01  3.768E-01 
2.934E+02   7.054E+01  3.733E-01 
2.972E+02   7.080E+01  3.698E-01 
3.011E+02   7.106E+01  3.663E-01 
3.050E+02   7.132E+01  3.628E-01 
3.090E+02   7.158E+01  3.594E-01 
3.130E+02   7.183E+01  3.560E-01 
3.171E+02   7.209E+01  3.526E-01 
3.212E+02   7.234E+01  3.493E-01 
3.254E+02   7.259E+01  3.460E-01 
3.296E+02   7.284E+01  3.427E-01 
3.339E+02   7.309E+01  3.394E-01 
3.382E+02   7.333E+01  3.362E-01 
3.426E+02   7.357E+01  3.330E-01 
3.471E+02   7.381E+01  3.298E-01 
3.516E+02   7.405E+01  3.267E-01 
3.561E+02   7.428E+01  3.235E-01 
3.608E+02   7.452E+01  3.204E-01 
3.655E+02   7.475E+01  3.174E-01 
3.702E+02   7.497E+01  3.143E-01 
3.750E+02   7.520E+01  3.113E-01 
3.799E+02   7.542E+01  3.083E-01 
3.848E+02   7.564E+01  3.053E-01 
3.898E+02   7.586E+01  3.024E-01 
3.949E+02   7.607E+01  2.995E-01 
4.000E+02   7.628E+01  2.966E-01 
4.052E+02   7.649E+01  2.937E-01 
4.105E+02   7.670E+01  2.909E-01 
4.158E+02   7.690E+01  2.880E-01 
4.212E+02   7.710E+01  2.852E-01 
4.267E+02   7.730E+01  2.825E-01 
4.323E+02   7.749E+01  2.797E-01 
4.379E+02   7.768E+01  2.770E-01 
4.436E+02   7.787E+01  2.743E-01 
4.493E+02   7.805E+01  2.716E-01 
4.552E+02   7.824E+01  2.690E-01 
4.611E+02   7.841E+01  2.663E-01 
4.671E+02   7.859E+01  2.637E-01 
4.731E+02   7.876E+01  2.612E-01 
4.793E+02   7.893E+01  2.586E-01 
4.855E+02   7.909E+01  2.561E-01 
4.918E+02   7.925E+01  2.536E-01 
4.982E+02   7.941E+01  2.511E-01 
5.047E+02   7.956E+01  2.486E-01 
5.113E+02   7.971E+01  2.461E-01 
5.179E+02   7.985E+01  2.437E-01 
5.246E+02   8.000E+01  2.413E-01 
5.315E+02   8.013E+01  2.389E-01 
5.384E+02   8.027E+01  2.366E-01 
5.454E+02   8.040E+01  2.342E-01 
5.524E+02   8.053E+01  2.319E-01 
5.596E+02   8.065E+01  2.296E-01 
5.669E+02   8.077E+01  2.273E-01 
5.743E+02   8.088E+01  2.251E-01 
5.817E+02   8.099E+01  2.228E-01 
5.893E+02   8.110E+01  2.206E-01 
5.969E+02   8.120E+01  2.184E-01 
6.047E+02   8.130E+01  2.163E-01 
6.126E+02   8.139E+01  2.141E-01 
6.205E+02   8.148E+01  2.120E-01 
6.286E+02   8.157E+01  2.098E-01 
6.368E+02   8.165E+01  2.078E-01 
6.450E+02   8.173E+01  2.057E-01 
6.534E+02   8.180E+01  2.036E-01 
6.619E+02   8.187E+01  2.016E-01 
6.705E+02   8.193E+01  1.996E-01 
6.792E+02   8.199E+01  1.976E-01 
6.881E+02   8.204E+01  1.956E-01 
6.970E+02   8.209E+01  1.936E-01 
7.061E+02   8.214E+01  1.917E-01 
7.152E+02   8.218E+01  1.897E-01 
7.245E+02   8.222E+01  1.878E-01 
7.339E+02   8.225E+01  1.859E-01 
7.435E+02   8.228E+01  1.841E-01 
7.531E+02   8.230E+01  1.822E-01 
7.629E+02   8.232E+01  1.804E-01 
7.728E+02   8.233E+01  1.785E-01 
7.829E+02   8.234E+01  1.767E-01 
7.931E+02   8.234E+01  1.749E-01 
8.034E+02   8.234E+01  1.732E-01 
8.138E+02   8.234E+01  1.714E-01 
8.244E+02   8.233E+01  1.697E-01 
8.351E+02   8.232E+01  1.679E-01 
8.460E+02   8.230E+01  1.662E-01 
8.570E+02   8.227E+01  1.645E-01 
8.681E+02   8.224E+01  1.629E-01 
8.794E+02   8.221E+01  1.612E-01 
8.908E+02   8.217E+01  1.596E-01 
9.024E+02   8.213E+01  1.579E-01 
9.141E+02   8.208E+01  1.563E-01 
9.260E+02   8.203E+01  1.547E-01 
9.380E+02   8.198E+01  1.532E-01 
9.502E+02   8.192E+01  1.516E-01 
9.626E+02   8.185E+01  1.500E-01 
9.751E+02   8.178E+01  1.485E-01 
9.877E+02   8.171E+01  1.470E-01 
1.001E+03   8.163E+01  1.455E-01 
1.014E+03   8.154E+01  1.440E-01 
1.027E+03   8.145E+01  1.425E-01 
1.040E+03   8.136E+01  1.410E-01 
1.054E+03   8.126E+01  1.396E-01 
1.067E+03   8.116E+01  1.382E-01 
1.081E+03   8.105E+01  1.367E-01 
1.095E+03   8.094E+01  1.353E-01 
1.109E+03   8.083E+01  1.339E-01 
1.124E+03   8.071E+01  1.326E-01 
1.138E+03   8.058E+01  1.312E-01 
1.153E+03   8.045E+01  1.298E-01 
1.168E+03   8.032E+01  1.285E-01 
1.183E+03   8.018E+01  1.272E-01 
1.199E+03   8.004E+01  1.258E-01 
1.214E+03   7.989E+01  1.245E-01 
1.230E+03   7.974E+01  1.233E-01 
1.246E+03   7.959E+01  1.220E-01 
1.262E+03   7.943E+01  1.207E-01 
1.279E+03   7.926E+01  1.195E-01 
1.295E+03   7.910E+01  1.182E-01 
1.312E+03   7.893E+01  1.170E-01 
1.329E+03   7.875E+01  1.158E-01 
1.347E+03   7.857E+01  1.146E-01 
1.364E+03   7.839E+01  1.134E-01 
1.382E+03   7.820E+01  1.122E-01 
1.400E+03   7.801E+01  1.110E-01 
1.418E+03   7.781E+01  1.099E-01 
1.436E+03   7.762E+01  1.087E-01 
1.455E+03   7.741E+01  1.076E-01 
1.474E+03   7.721E+01  1.065E-01 
1.493E+03   7.700E+01  1.054E-01 
1.513E+03   7.678E+01  1.043E-01 
1.532E+03   7.657E+01  1.032E-01 
1.552E+03   7.634E+01  1.021E-01 
1.572E+03   7.612E+01  1.010E-01 
1.593E+03   7.589E+01  9.996E-02 
1.613E+03   7.566E+01  9.892E-02 
1.634E+03   7.543E+01  9.788E-02 
1.656E+03   7.519E+01  9.685E-02 
1.677E+03   7.495E+01  9.583E-02 
1.699E+03   7.471E+01  9.483E-02 
1.721E+03   7.446E+01  9.383E-02 
1.743E+03   7.421E+01  9.285E-02 
1.766E+03   7.396E+01  9.187E-02 
1.789E+03   7.370E+01  9.090E-02 
1.812E+03   7.344E+01  8.995E-02 
1.836E+03   7.318E+01  8.900E-02 
1.860E+03   7.291E+01  8.806E-02 
1.884E+03   7.265E+01  8.713E-02 
1.908E+03   7.238E+01  8.621E-02 
1.933E+03   7.210E+01  8.530E-02 
1.958E+03   7.183E+01  8.440E-02 
1.984E+03   7.155E+01  8.351E-02 
2.009E+03   7.127E+01  8.263E-02 
2.036E+03   7.099E+01  8.175E-02 
2.062E+03   7.070E+01  8.089E-02 
2.089E+03   7.041E+01  8.003E-02 
2.116E+03   7.012E+01  7.919E-02 
2.143E+03   6.983E+01  7.835E-02 
2.171E+03   6.954E+01  7.752E-02 
2.200E+03   6.924E+01  7.669E-02 
2.228E+03   6.895E+01  7.588E-02 
2.257E+03   6.865E+01  7.507E-02 
2.286E+03   6.834E+01  7.428E-02 
2.316E+03   6.804E+01  7.349E-02 
2.346E+03   6.773E+01  7.271E-02 
2.377E+03   6.743E+01  7.193E-02 
2.408E+03   6.712E+01  7.117E-02 
2.439E+03   6.681E+01  7.041E-02 
2.471E+03   6.649E+01  6.966E-02 
2.503E+03   6.618E+01  6.892E-02 
2.535E+03   6.587E+01  6.818E-02 
2.568E+03   6.555E+01  6.746E-02 
2.602E+03   6.523E+01  6.674E-02 
2.635E+03   6.491E+01  6.602E-02 
2.670E+03   6.459E+01  6.532E-02 
2.704E+03   6.427E+01  6.462E-02 
2.740E+03   6.395E+01  6.393E-02 
2.775E+03   6.362E+01  6.325E-02 
2.811E+03   6.330E+01  6.257E-02 
2.848E+03   6.297E+01  6.190E-02 
2.885E+03   6.265E+01  6.124E-02 
2.922E+03   6.232E+01  6.058E-02 
2.960E+03   6.199E+01  5.993E-02 
2.999E+03   6.166E+01  5.929E-02 
3.038E+03   6.133E+01  5.865E-02 
3.077E+03   6.100E+01  5.803E-02 
3.117E+03   6.067E+01  5.740E-02 
3.158E+03   6.034E+01  5.679E-02 
3.199E+03   6.000E+01  5.618E-02 
3.240E+03   5.967E+01  5.557E-02 
3.282E+03   5.934E+01  5.498E-02 
3.325E+03   5.900E+01  5.438E-02 
3.368E+03   5.867E+01  5.380E-02 
3.412E+03   5.833E+01  5.322E-02 
3.456E+03   5.800E+01  5.265E-02 
3.501E+03   5.766E+01  5.208E-02 
3.547E+03   5.733E+01  5.152E-02 
3.593E+03   5.699E+01  5.096E-02 
3.640E+03   5.666E+01  5.041E-02 
3.687E+03   5.632E+01  4.987E-02 
3.735E+03   5.599E+01  4.933E-02 
3.783E+03   5.565E+01  4.880E-02 
3.832E+03   5.532E+01  4.827E-02 
3.882E+03   5.498E+01  4.775E-02 
3.933E+03   5.465E+01  4.723E-02 
3.984E+03   5.431E+01  4.672E-02 
4.036E+03   5.398E+01  4.622E-02 
4.088E+03   5.364E+01  4.572E-02 
4.141E+03   5.331E+01  4.522E-02 
4.195E+03   5.298E+01  4.473E-02 
4.250E+03   5.264E+01  4.425E-02 
4.305E+03   5.231E+01  4.377E-02 
4.361E+03   5.198E+01  4.329E-02 
4.417E+03   5.165E+01  4.282E-02 
4.475E+03   5.131E+01  4.236E-02 
4.533E+03   5.098E+01  4.190E-02 
4.592E+03   5.065E+01  4.144E-02 
4.652E+03   5.032E+01  4.099E-02 
4.712E+03   4.999E+01  4.055E-02 
4.773E+03   4.967E+01  4.011E-02 
4.835E+03   4.934E+01  3.967E-02 
4.898E+03   4.901E+01  3.924E-02 
4.962E+03   4.869E+01  3.881E-02 
5.026E+03   4.836E+01  3.839E-02 
5.092E+03   4.804E+01  3.797E-02 
5.158E+03   4.771E+01  3.756E-02 
5.225E+03   4.739E+01  3.715E-02 
5.293E+03   4.707E+01  3.674E-02 
5.362E+03   4.675E+01  3.634E-02 
5.431E+03   4.643E+01  3.595E-02 
5.502E+03   4.611E+01  3.556E-02 
5.573E+03   4.579E+01  3.517E-02 
5.646E+03   4.547E+01  3.478E-02 
5.719E+03   4.515E+01  3.440E-02 
5.793E+03   4.484E+01  3.403E-02 
5.869E+03   4.452E+01  3.366E-02 
5.945E+03   4.421E+01  3.329E-02 
6.022E+03   4.390E+01  3.292E-02 
6.101E+03   4.359E+01  3.256E-02 
6.180E+03   4.328E+01  3.221E-02 
6.260E+03   4.297E+01  3.185E-02 
6.341E+03   4.266E+01  3.151E-02 
6.424E+03   4.236E+01  3.116E-02 
6.507E+03   4.205E+01  3.082E-02 
6.592E+03   4.175E+01  3.048E-02 
6.678E+03   4.145E+01  3.015E-02 
6.764E+03   4.114E+01  2.982E-02 
6.852E+03   4.084E+01  2.949E-02 
6.941E+03   4.055E+01  2.916E-02 
7.032E+03   4.025E+01  2.884E-02 
7.123E+03   3.995E+01  2.853E-02 
7.216E+03   3.966E+01  2.821E-02 
7.309E+03   3.936E+01  2.790E-02 
7.404E+03   3.907E+01  2.760E-02 
7.501E+03   3.878E+01  2.729E-02 
7.598E+03   3.849E+01  2.699E-02 
7.697E+03   3.820E+01  2.670E-02 
7.797E+03   3.792E+01  2.640E-02 
7.898E+03   3.763E+01  2.611E-02 
8.001E+03   3.735E+01  2.582E-02 
8.105E+03   3.708E+01  2.554E-02 
8.210E+03   3.681E+01  2.526E-02 
8.317E+03   3.653E+01  2.498E-02 
8.425E+03   3.626E+01  2.470E-02 
8.534E+03   3.597E+01  2.443E-02 
8.645E+03   3.569E+01  2.416E-02 
8.758E+03   3.540E+01  2.390E-02 
8.871E+03   3.511E+01  2.363E-02 
8.987E+03   3.481E+01  2.337E-02 
9.104E+03   3.451E+01  2.311E-02 
9.222E+03   3.420E+01  2.286E-02 
9.342E+03   3.390E+01  2.260E-02 
9.463E+03   3.358E+01  2.235E-02 
9.586E+03   3.327E+01  2.211E-02 
9.711E+03   3.299E+01  2.186E-02 
9.837E+03   3.273E+01  2.162E-02 
9.965E+03   3.246E+01  2.138E-02 
1.009E+04   3.220E+01  2.114E-02 
1.023E+04   3.194E+01  2.091E-02 
1.036E+04   3.168E+01  2.068E-02 
1.049E+04   3.142E+01  2.045E-02 
1.063E+04   3.117E+01  2.022E-02 
1.077E+04   3.091E+01  2.000E-02 
1.091E+04   3.066E+01  1.978E-02 
1.105E+04   3.041E+01  1.956E-02 
1.119E+04   3.016E+01  1.934E-02 
1.134E+04   2.991E+01  1.913E-02 
1.149E+04   2.966E+01  1.891E-02 
1.163E+04   2.942E+01  1.870E-02 
1.179E+04   2.917E+01  1.850E-02 
1.194E+04   2.893E+01  1.829E-02 
1.209E+04   2.869E+01  1.809E-02 
1.225E+04   2.845E+01  1.789E-02 
1.241E+04   2.822E+01  1.769E-02 
1.257E+04   2.798E+01  1.749E-02 
1.274E+04   2.775E+01  1.730E-02 
1.290E+04   2.752E+01  1.710E-02 
1.307E+04   2.729E+01  1.691E-02 
1.324E+04   2.706E+01  1.672E-02 
1.341E+04   2.683E+01  1.654E-02 
1.358E+04   2.660E+01  1.635E-02 
1.376E+04   2.638E+01  1.617E-02 
1.394E+04   2.616E+01  1.599E-02 
1.412E+04   2.593E+01  1.581E-02 
1.431E+04   2.571E+01  1.564E-02 
1.449E+04   2.550E+01  1.546E-02 
1.468E+04   2.528E+01  1.529E-02 
1.487E+04   2.506E+01  1.512E-02 
1.506E+04   2.485E+01  1.495E-02 
1.526E+04   2.464E+01  1.478E-02 
1.546E+04   2.443E+01  1.462E-02 
1.566E+04   2.422E+01  1.445E-02 
1.586E+04   2.401E+01  1.429E-02 
1.607E+04   2.380E+01  1.413E-02 
1.628E+04   2.360E+01  1.398E-02 
1.649E+04   2.339E+01  1.382E-02 
1.670E+04   2.319E+01  1.366E-02 
1.692E+04   2.299E+01  1.351E-02 
1.714E+04   2.279E+01  1.336E-02 
1.736E+04   2.259E+01  1.321E-02 
1.759E+04   2.240E+01  1.306E-02 
1.782E+04   2.220E+01  1.292E-02 
1.805E+04   2.201E+01  1.277E-02 
1.828E+04   2.182E+01  1.263E-02 
1.852E+04   2.163E+01  1.249E-02 
1.876E+04   2.144E+01  1.235E-02 
1.900E+04   2.125E+01  1.221E-02 
1.925E+04   2.106E+01  1.207E-02 
1.950E+04   2.088E+01  1.194E-02 
1.976E+04   2.069E+01  1.180E-02 
2.001E+04   2.051E+01  1.167E-02 
2.027E+04   2.033E+01  1.154E-02 
2.054E+04   2.015E+01  1.141E-02 
2.080E+04   1.997E+01  1.128E-02 
2.107E+04   1.979E+01  1.115E-02 
2.135E+04   1.962E+01  1.103E-02 
2.162E+04   1.944E+01  1.090E-02 
2.191E+04   1.927E+01  1.078E-02 
2.219E+04   1.910E+01  1.066E-02 
2.248E+04   1.893E+01  1.054E-02 
2.277E+04   1.876E+01  1.042E-02 
2.307E+04   1.859E+01  1.031E-02 
2.337E+04   1.843E+01  1.019E-02 
2.367E+04   1.826E+01  1.007E-02 
2.398E+04   1.810E+01  9.961E-03 
2.429E+04   1.793E+01  9.849E-03 
2.461E+04   1.777E+01  9.738E-03 
2.492E+04   1.761E+01  9.628E-03 
2.525E+04   1.745E+01  9.520E-03 
2.558E+04   1.730E+01  9.413E-03 
2.591E+04   1.714E+01  9.306E-03 
2.625E+04   1.698E+01  9.201E-03 
2.659E+04   1.683E+01  9.098E-03 
2.693E+04   1.668E+01  8.995E-03 
2.728E+04   1.653E+01  8.894E-03 
2.764E+04   1.637E+01  8.793E-03 
2.800E+04   1.623E+01  8.694E-03 
2.836E+04   1.608E+01  8.596E-03 
2.873E+04   1.593E+01  8.499E-03 
2.910E+04   1.579E+01  8.403E-03 
2.948E+04   1.564E+01  8.308E-03 
2.986E+04   1.550E+01  8.214E-03 
3.025E+04   1.536E+01  8.121E-03 
3.065E+04   1.521E+01  8.029E-03 
3.104E+04   1.508E+01  7.938E-03 
3.145E+04   1.494E+01  7.849E-03 
3.186E+04   1.480E+01  7.760E-03 
3.227E+04   1.466E+01  7.672E-03 
3.269E+04   1.453E+01  7.585E-03 
3.311E+04   1.439E+01  7.499E-03 
3.354E+04   1.426E+01  7.414E-03 
3.398E+04   1.413E+01  7.330E-03 
3.442E+04   1.400E+01  7.247E-03 
3.487E+04   1.387E+01  7.165E-03 
3.532E+04   1.374E+01  7.084E-03 
3.578E+04   1.361E+01  7.004E-03 
3.625E+04   1.348E+01  6.924E-03 
3.672E+04   1.336E+01  6.846E-03 
3.719E+04   1.323E+01  6.768E-03 
3.768E+04   1.311E+01  6.691E-03 
3.817E+04   1.299E+01  6.616E-03 
3.866E+04   1.287E+01  6.540E-03 
3.917E+04   1.275E+01  6.466E-03 
3.968E+04   1.263E+01  6.393E-03 
4.019E+04   1.251E+01  6.320E-03 
4.071E+04   1.239E+01  6.248E-03 
4.124E+04   1.228E+01  6.177E-03 
4.178E+04   1.216E+01  6.107E-03 
4.232E+04   1.205E+01  6.038E-03 
4.287E+04   1.193E+01  5.969E-03 
4.343E+04   1.182E+01  5.901E-03 
4.399E+04   1.171E+01  5.834E-03 
4.456E+04   1.160E+01  5.768E-03 
4.514E+04   1.149E+01  5.702E-03 
4.573E+04   1.138E+01  5.638E-03 
4.632E+04   1.127E+01  5.573E-03 
4.693E+04   1.117E+01  5.510E-03 
4.754E+04   1.106E+01  5.447E-03 
4.815E+04   1.096E+01  5.385E-03 
4.878E+04   1.085E+01  5.324E-03 
4.941E+04   1.075E+01  5.263E-03 
5.006E+04   1.065E+01  5.203E-03 
5.071E+04   1.055E+01  5.144E-03 
5.137E+04   1.044E+01  5.085E-03 
5.203E+04   1.035E+01  5.027E-03 
5.271E+04   1.025E+01  4.970E-03 
5.340E+04   1.015E+01  4.914E-03 
5.409E+04   1.005E+01  4.857E-03 
5.479E+04   9.957E+00  4.802E-03 
5.550E+04   9.861E+00  4.747E-03 
5.623E+04   9.767E+00  4.693E-03 
5.696E+04   9.674E+00  4.640E-03 
5.770E+04   9.581E+00  4.587E-03 
5.845E+04   9.489E+00  4.534E-03 
5.921E+04   9.398E+00  4.483E-03 
5.998E+04   9.308E+00  4.431E-03 
6.075E+04   9.219E+00  4.381E-03 
6.154E+04   9.130E+00  4.331E-03 
6.234E+04   9.043E+00  4.281E-03 
6.315E+04   8.956E+00  4.232E-03 
6.398E+04   8.870E+00  4.184E-03 
6.481E+04   8.784E+00  4.136E-03 
6.565E+04   8.700E+00  4.089E-03 
6.650E+04   8.616E+00  4.042E-03 
6.737E+04   8.533E+00  3.996E-03 
6.824E+04   8.451E+00  3.950E-03 
6.913E+04   8.369E+00  3.905E-03 
7.003E+04   8.288E+00  3.860E-03 
7.094E+04   8.208E+00  3.816E-03 
7.186E+04   8.129E+00  3.772E-03 
7.279E+04   8.050E+00  3.729E-03 
7.374E+04   7.972E+00  3.686E-03 
7.470E+04   7.895E+00  3.644E-03 
7.567E+04   7.819E+00  3.603E-03 
7.665E+04   7.743E+00  3.561E-03 
7.765E+04   7.668E+00  3.520E-03 
7.866E+04   7.594E+00  3.480E-03 
7.968E+04   7.520E+00  3.440E-03 
8.072E+04   7.447E+00  3.401E-03 
8.176E+04   7.375E+00  3.362E-03 
8.283E+04   7.303E+00  3.323E-03 
8.390E+04   7.232E+00  3.285E-03 
8.499E+04   7.162E+00  3.247E-03 
8.610E+04   7.092E+00  3.210E-03 
8.722E+04   7.023E+00  3.173E-03 
8.835E+04   6.955E+00  3.137E-03 
8.950E+04   6.887E+00  3.101E-03 
9.066E+04   6.820E+00  3.065E-03 
9.184E+04   6.754E+00  3.030E-03 
9.303E+04   6.688E+00  2.995E-03 
9.424E+04   6.623E+00  2.961E-03 
9.547E+04   6.559E+00  2.927E-03 
9.671E+04   6.495E+00  2.893E-03 
9.797E+04   6.431E+00  2.860E-03 
9.924E+04   6.369E+00  2.827E-03 
1.005E+05   6.306E+00  2.795E-03 
1.018E+05   6.245E+00  2.762E-03 
1.032E+05   6.184E+00  2.731E-03 
1.045E+05   6.124E+00  2.699E-03 
1.059E+05   6.064E+00  2.668E-03 
1.072E+05   6.005E+00  2.638E-03 
1.086E+05   5.946E+00  2.607E-03 
1.100E+05   5.888E+00  2.577E-03 
1.115E+05   5.831E+00  2.548E-03 
1.129E+05   5.774E+00  2.518E-03 
1.144E+05   5.717E+00  2.489E-03 
1.159E+05   5.661E+00  2.461E-03 
1.174E+05   5.606E+00  2.432E-03 
1.189E+05   5.551E+00  2.404E-03 
1.204E+05   5.497E+00  2.377E-03 
1.220E+05   5.443E+00  2.349E-03 
1.236E+05   5.390E+00  2.322E-03 
1.252E+05   5.337E+00  2.295E-03 
1.268E+05   5.285E+00  2.269E-03 
1.285E+05   5.234E+00  2.243E-03 
1.302E+05   5.182E+00  2.217E-03 
1.318E+05   5.132E+00  2.191E-03 
1.336E+05   5.082E+00  2.166E-03 
1.353E+05   5.032E+00  2.141E-03 
1.371E+05   4.983E+00  2.116E-03 
1.388E+05   4.934E+00  2.092E-03 
1.406E+05   4.886E+00  2.068E-03 
1.425E+05   4.838E+00  2.044E-03 
1.443E+05   4.791E+00  2.020E-03 
1.462E+05   4.744E+00  1.997E-03 
1.481E+05   4.698E+00  1.974E-03 
1.500E+05   4.652E+00  1.951E-03 
1.520E+05   4.606E+00  1.929E-03 
1.539E+05   4.562E+00  1.906E-03 
1.559E+05   4.517E+00  1.884E-03 
1.580E+05   4.473E+00  1.862E-03 
1.600E+05   4.429E+00  1.841E-03 
1.621E+05   4.386E+00  1.820E-03 
1.642E+05   4.343E+00  1.799E-03 
1.663E+05   4.301E+00  1.778E-03 
1.685E+05   4.259E+00  1.757E-03 
1.707E+05   4.218E+00  1.737E-03 
1.729E+05   4.177E+00  1.717E-03 
1.752E+05   4.136E+00  1.697E-03 
1.774E+05   4.096E+00  1.677E-03 
1.797E+05   4.056E+00  1.658E-03 
1.821E+05   4.016E+00  1.639E-03 
1.844E+05   3.977E+00  1.620E-03 
1.868E+05   3.939E+00  1.601E-03 
1.893E+05   3.900E+00  1.583E-03 
1.917E+05   3.863E+00  1.564E-03 
1.942E+05   3.825E+00  1.546E-03 
1.967E+05   3.788E+00  1.528E-03 
1.993E+05   3.751E+00  1.510E-03 
2.019E+05   3.715E+00  1.493E-03 
2.045E+05   3.679E+00  1.476E-03 
2.072E+05   3.643E+00  1.459E-03 
2.099E+05   3.608E+00  1.442E-03 
2.126E+05   3.573E+00  1.425E-03 
2.154E+05   3.539E+00  1.408E-03 
2.182E+05   3.504E+00  1.392E-03 
2.210E+05   3.471E+00  1.376E-03 
2.239E+05   3.437E+00  1.360E-03 
2.268E+05   3.404E+00  1.344E-03 
2.297E+05   3.371E+00  1.329E-03 
2.327E+05   3.339E+00  1.313E-03 
2.357E+05   3.307E+00  1.298E-03 
2.388E+05   3.275E+00  1.283E-03 
2.419E+05   3.243E+00  1.268E-03 
2.450E+05   3.212E+00  1.253E-03 
2.482E+05   3.181E+00  1.239E-03 
2.515E+05   3.151E+00  1.224E-03 
2.547E+05   3.121E+00  1.210E-03 
2.580E+05   3.091E+00  1.196E-03 
2.614E+05   3.061E+00  1.182E-03 
2.648E+05   3.032E+00  1.168E-03 
2.682E+05   3.003E+00  1.155E-03 
2.717E+05   2.974E+00  1.141E-03 
2.752E+05   2.946E+00  1.128E-03 
2.788E+05   2.918E+00  1.115E-03 
2.824E+05   2.890E+00  1.102E-03 
2.861E+05   2.863E+00  1.089E-03 
2.898E+05   2.836E+00  1.077E-03 
2.936E+05   2.809E+00  1.064E-03 
2.974E+05   2.782E+00  1.052E-03 
3.013E+05   2.756E+00  1.039E-03 
3.052E+05   2.730E+00  1.027E-03 
3.092E+05   2.704E+00  1.015E-03 
3.132E+05   2.679E+00  1.004E-03 
3.172E+05   2.653E+00  9.919E-04 
3.214E+05   2.628E+00  9.804E-04 
3.255E+05   2.604E+00  9.690E-04 
3.298E+05   2.579E+00  9.577E-04 
3.341E+05   2.555E+00  9.465E-04 
3.384E+05   2.531E+00  9.355E-04 
3.428E+05   2.508E+00  9.246E-04 
3.473E+05   2.484E+00  9.139E-04 
3.518E+05   2.461E+00  9.032E-04 
3.563E+05   2.438E+00  8.927E-04 
3.610E+05   2.416E+00  8.823E-04 
3.657E+05   2.393E+00  8.720E-04 
3.704E+05   2.371E+00  8.618E-04 
3.752E+05   2.349E+00  8.518E-04 
3.801E+05   2.327E+00  8.419E-04 
3.851E+05   2.306E+00  8.320E-04 
3.901E+05   2.285E+00  8.223E-04 
3.951E+05   2.264E+00  8.127E-04 
4.003E+05   2.243E+00  8.033E-04 
