# # Photon energy [keV]  | Scatt. cohe. | Scatt. incohe. | Photoelectric | Pair produc. in nucl. field | Pair produc. in elec. field | Total attenuation with cohe. scatt. | Total attenuation without cohe. scatt. | all in [cm2/g]
1.0000e+00 9.8950e+00 5.8100e-03 2.2060e+03 0.0000e+00 0.0000e+00 2.2160e+03 2.2060e+03 0.0000e+00
1.0630e+00 9.8360e+00 6.2950e-03 1.9660e+03 0.0000e+00 0.0000e+00 1.9760e+03 1.9660e+03 0.0000e+00
1.1300e+00 9.7680e+00 6.8080e-03 1.7530e+03 0.0000e+00 0.0000e+00 1.7630e+03 1.7530e+03 0.0000e+00
1.1310e+00 9.7680e+00 6.8080e-03 2.3290e+03 0.0000e+00 0.0000e+00 2.3390e+03 2.3290e+03 0.0000e+00
1.1460e+00 9.7530e+00 6.9190e-03 3.5280e+03 0.0000e+00 0.0000e+00 3.5370e+03 3.5280e+03 0.0000e+00
1.1600e+00 9.7370e+00 7.0300e-03 5.3460e+03 0.0000e+00 0.0000e+00 5.3560e+03 5.3460e+03 0.0000e+00
1.1610e+00 9.7370e+00 7.0300e-03 6.4670e+03 0.0000e+00 0.0000e+00 6.4770e+03 6.4670e+03 0.0000e+00
1.3110e+00 9.5880e+00 8.1240e-03 5.7000e+03 0.0000e+00 0.0000e+00 5.7090e+03 5.7000e+03 0.0000e+00
1.4800e+00 9.4240e+00 9.3520e-03 5.0210e+03 0.0000e+00 0.0000e+00 5.0300e+03 5.0210e+03 0.0000e+00
1.4810e+00 9.4240e+00 9.3520e-03 5.8020e+03 0.0000e+00 0.0000e+00 5.8110e+03 5.8020e+03 0.0000e+00
1.5000e+00 9.4040e+00 9.4950e-03 5.6150e+03 0.0000e+00 0.0000e+00 5.6250e+03 5.6150e+03 0.0000e+00
1.6130e+00 9.2850e+00 1.0330e-02 4.7630e+03 0.0000e+00 0.0000e+00 4.7730e+03 4.7630e+03 0.0000e+00
1.6140e+00 9.2850e+00 1.0330e-02 5.0570e+03 0.0000e+00 0.0000e+00 5.0660e+03 5.0570e+03 0.0000e+00
1.7040e+00 9.1960e+00 1.0980e-02 4.4800e+03 0.0000e+00 0.0000e+00 4.4900e+03 4.4800e+03 0.0000e+00
1.7990e+00 9.1030e+00 1.1670e-02 3.9710e+03 0.0000e+00 0.0000e+00 3.9800e+03 3.9710e+03 0.0000e+00
1.8000e+00 9.1030e+00 1.1670e-02 4.1490e+03 0.0000e+00 0.0000e+00 4.1580e+03 4.1490e+03 0.0000e+00
2.0000e+00 8.8930e+00 1.3110e-02 3.2690e+03 0.0000e+00 0.0000e+00 3.2780e+03 3.2690e+03 0.0000e+00
3.0000e+00 7.8820e+00 2.0150e-02 1.2480e+03 0.0000e+00 0.0000e+00 1.2560e+03 1.2480e+03 0.0000e+00
4.0000e+00 6.9430e+00 2.6670e-02 6.1230e+02 0.0000e+00 0.0000e+00 6.1920e+02 6.1230e+02 0.0000e+00
5.0000e+00 6.1190e+00 3.2630e-02 3.4810e+02 0.0000e+00 0.0000e+00 3.5420e+02 3.4810e+02 0.0000e+00
6.0000e+00 5.4210e+00 3.7960e-02 2.1790e+02 0.0000e+00 0.0000e+00 2.2340e+02 2.1800e+02 0.0000e+00
6.9760e+00 4.8390e+00 4.2640e-02 1.4730e+02 0.0000e+00 0.0000e+00 1.5220e+02 1.4730e+02 0.0000e+00
6.9770e+00 4.8390e+00 4.2640e-02 4.0780e+02 0.0000e+00 0.0000e+00 4.1270e+02 4.0780e+02 0.0000e+00
7.2900e+00 4.6710e+00 4.4060e-02 3.6440e+02 0.0000e+00 0.0000e+00 3.6910e+02 3.6450e+02 0.0000e+00
7.6160e+00 4.5060e+00 4.5450e-02 3.2570e+02 0.0000e+00 0.0000e+00 3.3020e+02 3.2570e+02 0.0000e+00
7.6170e+00 4.5060e+00 4.5450e-02 4.4460e+02 0.0000e+00 0.0000e+00 4.4920e+02 4.4470e+02 0.0000e+00
8.0000e+00 4.3230e+00 4.7040e-02 3.9460e+02 0.0000e+00 0.0000e+00 3.9900e+02 3.9460e+02 0.0000e+00
8.0510e+00 4.3000e+00 4.7280e-02 3.8780e+02 0.0000e+00 0.0000e+00 3.9210e+02 3.8780e+02 0.0000e+00
8.0520e+00 4.3000e+00 4.7280e-02 4.4820e+02 0.0000e+00 0.0000e+00 4.5250e+02 4.4820e+02 0.0000e+00
1.0000e+01 3.5190e+00 5.4730e-02 2.5940e+02 0.0000e+00 0.0000e+00 2.6290e+02 2.5940e+02 0.0000e+00
1.5000e+01 2.2840e+00 6.9940e-02 8.8530e+01 0.0000e+00 0.0000e+00 9.0880e+01 8.8600e+01 0.0000e+00
2.0000e+01 1.6340e+00 8.1040e-02 4.0700e+01 0.0000e+00 0.0000e+00 4.2410e+01 4.0780e+01 0.0000e+00
3.0000e+01 9.5940e-01 9.4430e-02 1.3350e+01 0.0000e+00 0.0000e+00 1.4410e+01 1.3450e+01 0.0000e+00
4.0000e+01 6.2450e-01 1.0150e-01 5.9920e+00 0.0000e+00 0.0000e+00 6.7180e+00 6.0930e+00 0.0000e+00
4.8519e+01 4.6400e-01 1.0490e-01 3.4830e+00 0.0000e+00 0.0000e+00 4.0510e+00 3.5870e+00 0.0000e+00
4.8520e+01 4.6400e-01 1.0490e-01 1.9440e+01 0.0000e+00 0.0000e+00 2.0010e+01 1.9550e+01 0.0000e+00
5.0000e+01 4.4260e-01 1.0530e-01 1.7950e+01 0.0000e+00 0.0000e+00 1.8500e+01 1.8060e+01 0.0000e+00
6.0000e+01 3.3270e-01 1.0730e-01 1.1110e+01 0.0000e+00 0.0000e+00 1.1550e+01 1.1220e+01 0.0000e+00
8.0000e+01 2.0770e-01 1.0830e-01 5.1400e+00 0.0000e+00 0.0000e+00 5.4560e+00 5.2480e+00 0.0000e+00
1.0000e+02 1.4130e-01 1.0730e-01 2.7920e+00 0.0000e+00 0.0000e+00 3.0400e+00 2.8990e+00 0.0000e+00
1.5000e+02 6.8830e-02 1.0160e-01 9.0550e-01 0.0000e+00 0.0000e+00 1.0760e+00 1.0070e+00 0.0000e+00
2.0000e+02 4.0940e-02 9.5500e-02 4.0620e-01 0.0000e+00 0.0000e+00 5.4260e-01 5.0170e-01 0.0000e+00
3.0000e+02 1.9280e-02 8.5120e-02 1.3360e-01 0.0000e+00 0.0000e+00 2.3800e-01 2.1870e-01 0.0000e+00
4.0000e+02 1.1150e-02 7.7200e-02 6.2570e-02 0.0000e+00 0.0000e+00 1.5090e-01 1.3980e-01 0.0000e+00
5.0000e+02 7.2520e-03 7.0970e-02 3.5670e-02 0.0000e+00 0.0000e+00 1.1390e-01 1.0660e-01 0.0000e+00
6.0000e+02 5.0920e-03 6.5940e-02 2.3000e-02 0.0000e+00 0.0000e+00 9.4040e-02 8.8950e-02 0.0000e+00
8.0000e+02 2.9020e-03 5.8210e-02 1.2010e-02 0.0000e+00 0.0000e+00 7.3120e-02 7.0220e-02 0.0000e+00
1.0000e+03 1.8700e-03 5.2470e-02 7.5180e-03 0.0000e+00 0.0000e+00 6.1860e-02 5.9990e-02 0.0000e+00
1.0220e+03 1.7920e-03 5.1910e-02 7.1970e-03 0.0000e+00 0.0000e+00 6.0900e-02 5.9110e-02 0.0000e+00
1.2500e+03 1.2040e-03 4.7000e-02 4.8510e-03 2.5150e-04 0.0000e+00 5.3300e-02 5.2100e-02 0.0000e+00
1.5000e+03 8.3810e-04 4.2760e-02 3.4640e-03 1.1630e-03 0.0000e+00 4.8220e-02 4.7390e-02 0.0000e+00
2.0000e+03 4.7280e-04 3.6520e-02 2.1030e-03 3.7540e-03 0.0000e+00 4.2850e-02 4.2370e-02 0.0000e+00
2.0440e+03 4.5300e-04 3.6070e-02 2.0280e-03 3.9990e-03 0.0000e+00 4.2550e-02 4.2100e-02 0.0000e+00
3.0000e+03 2.1070e-04 2.8760e-02 1.1090e-03 9.0390e-03 1.0050e-05 3.9130e-02 3.8920e-02 0.0000e+00
4.0000e+03 1.1860e-04 2.4000e-02 7.3110e-04 1.3560e-02 4.0980e-05 3.8450e-02 3.8330e-02 0.0000e+00
5.0000e+03 7.5970e-05 2.0730e-02 5.3860e-04 1.7420e-02 8.1560e-05 3.8850e-02 3.8770e-02 0.0000e+00
6.0000e+03 5.2750e-05 1.8320e-02 4.2400e-04 2.0750e-02 1.2510e-04 3.9670e-02 3.9620e-02 0.0000e+00
7.0000e+03 3.8770e-05 1.6470e-02 3.4830e-04 2.3690e-02 1.6840e-04 4.0710e-02 4.0670e-02 0.0000e+00
8.0000e+03 2.9690e-05 1.4990e-02 2.9500e-04 2.6330e-02 2.1030e-04 4.1850e-02 4.1820e-02 0.0000e+00
9.0000e+03 2.3460e-05 1.3780e-02 2.5560e-04 2.8720e-02 2.5040e-04 4.3030e-02 4.3010e-02 0.0000e+00
1.0000e+04 1.9000e-05 1.2770e-02 2.2520e-04 3.0920e-02 2.8840e-04 4.4220e-02 4.4200e-02 0.0000e+00
1.1000e+04 1.5700e-05 1.1910e-02 2.0120e-04 3.2960e-02 3.2430e-04 4.5400e-02 4.5390e-02 0.0000e+00
1.2000e+04 1.3200e-05 1.1170e-02 1.8180e-04 3.4840e-02 3.5810e-04 4.6560e-02 4.6550e-02 0.0000e+00
1.3000e+04 1.1240e-05 1.0520e-02 1.6570e-04 3.6600e-02 3.9000e-04 4.7690e-02 4.7680e-02 0.0000e+00
1.4000e+04 9.6930e-06 9.9550e-03 1.5220e-04 3.8230e-02 4.2050e-04 4.8770e-02 4.8760e-02 0.0000e+00
1.5000e+04 8.4450e-06 9.4510e-03 1.4070e-04 3.9750e-02 4.4900e-04 4.9800e-02 4.9790e-02 0.0000e+00
1.6000e+04 7.4220e-06 9.0000e-03 1.3080e-04 4.1170e-02 4.7590e-04 5.0790e-02 5.0780e-02 0.0000e+00
1.8000e+04 5.8650e-06 8.2270e-03 1.1460e-04 4.3710e-02 5.2630e-04 5.2580e-02 5.2580e-02 0.0000e+00
2.0000e+04 4.7510e-06 7.5850e-03 1.0200e-04 4.5970e-02 5.7220e-04 5.4230e-02 5.4230e-02 0.0000e+00
2.2000e+04 3.9260e-06 7.0460e-03 9.1900e-05 4.8030e-02 6.1380e-04 5.5790e-02 5.5780e-02 0.0000e+00
2.4000e+04 3.2990e-06 6.5860e-03 8.3580e-05 4.9930e-02 6.5230e-04 5.7260e-02 5.7250e-02 0.0000e+00
2.6000e+04 2.8110e-06 6.1820e-03 7.6640e-05 5.1640e-02 6.8760e-04 5.8580e-02 5.8580e-02 0.0000e+00
2.8000e+04 2.4240e-06 5.8330e-03 7.0740e-05 5.3180e-02 7.2040e-04 5.9810e-02 5.9810e-02 0.0000e+00
3.0000e+04 2.1110e-06 5.5240e-03 6.5700e-05 5.4650e-02 7.5060e-04 6.0990e-02 6.0990e-02 0.0000e+00
4.0000e+04 1.1880e-06 4.3910e-03 4.8390e-05 6.0510e-02 8.7620e-04 6.5830e-02 6.5830e-02 0.0000e+00
5.0000e+04 7.6010e-07 3.6640e-03 3.8310e-05 6.4910e-02 9.7130e-04 6.9590e-02 6.9580e-02 0.0000e+00
6.0000e+04 5.2790e-07 3.1560e-03 3.1690e-05 6.8320e-02 1.0460e-03 7.2550e-02 7.2550e-02 0.0000e+00
8.0000e+04 2.9690e-07 2.4890e-03 2.3550e-05 7.3310e-02 1.1580e-03 7.6980e-02 7.6980e-02 0.0000e+00
1.0000e+05 1.9000e-07 2.0660e-03 1.8740e-05 7.6880e-02 1.2400e-03 8.0200e-02 8.0200e-02 0.0000e+00
1.5000e+05 8.4450e-08 1.4710e-03 1.2400e-05 8.2550e-02 1.3740e-03 8.5400e-02 8.5400e-02 0.0000e+00
2.0000e+05 4.7510e-08 1.1540e-03 9.2650e-06 8.5910e-02 1.4580e-03 8.8540e-02 8.8540e-02 0.0000e+00
3.0000e+05 2.1110e-08 8.1790e-04 6.1540e-06 8.9800e-02 1.5600e-03 9.2180e-02 9.2180e-02 0.0000e+00
4.0000e+05 1.1880e-08 6.4040e-04 4.6090e-06 9.2060e-02 1.6220e-03 9.4320e-02 9.4320e-02 0.0000e+00
5.0000e+05 7.6010e-09 5.3020e-04 3.6810e-06 9.3520e-02 1.6630e-03 9.5720e-02 9.5720e-02 0.0000e+00
6.0000e+05 5.2790e-09 4.5370e-04 3.0660e-06 9.4590e-02 1.6940e-03 9.6740e-02 9.6740e-02 0.0000e+00
8.0000e+05 2.9690e-09 3.5450e-04 2.2970e-06 9.6020e-02 1.7370e-03 9.8110e-02 9.8110e-02 0.0000e+00
1.0000e+06 1.9000e-09 2.9170e-04 1.8360e-06 9.6930e-02 1.7650e-03 9.8990e-02 9.8990e-02 0.0000e+00
1.5000e+06 8.4450e-10 2.0370e-04 1.2230e-06 9.8240e-02 1.8070e-03 1.0030e-01 1.0030e-01 0.0000e+00
2.0000e+06 4.7510e-10 1.5760e-04 9.1740e-07 9.8950e-02 1.8310e-03 1.0090e-01 1.0090e-01 0.0000e+00
3.0000e+06 2.1110e-10 1.0960e-04 6.1150e-07 9.9710e-02 1.8570e-03 1.0170e-01 1.0170e-01 0.0000e+00
4.0000e+06 1.1880e-10 8.4610e-05 4.5850e-07 1.0010e-01 1.8720e-03 1.0210e-01 1.0210e-01 0.0000e+00
5.0000e+06 7.6010e-11 6.9190e-05 3.6660e-07 1.0040e-01 1.8820e-03 1.0240e-01 1.0240e-01 0.0000e+00
6.0000e+06 5.2790e-11 5.8650e-05 3.0550e-07 1.0060e-01 1.8890e-03 1.0250e-01 1.0250e-01 0.0000e+00
8.0000e+06 2.9690e-11 4.5180e-05 2.2910e-07 1.0080e-01 1.8970e-03 1.0280e-01 1.0280e-01 0.0000e+00
1.0000e+07 1.9000e-11 3.6900e-05 1.8330e-07 1.0100e-01 1.9030e-03 1.0290e-01 1.0290e-01 0.0000e+00
1.5000e+07 8.4450e-12 2.5500e-05 1.2220e-07 1.0120e-01 1.9110e-03 1.0310e-01 1.0310e-01 0.0000e+00
2.0000e+07 4.7510e-12 1.9600e-05 9.1620e-08 1.0130e-01 1.9150e-03 1.0320e-01 1.0320e-01 0.0000e+00
3.0000e+07 2.1110e-12 1.3520e-05 6.1070e-08 1.0140e-01 1.9200e-03 1.0330e-01 1.0330e-01 0.0000e+00
4.0000e+07 1.1880e-12 1.0380e-05 4.5810e-08 1.0150e-01 1.9220e-03 1.0340e-01 1.0340e-01 0.0000e+00
5.0000e+07 7.6010e-13 8.4530e-06 3.6650e-08 1.0150e-01 1.9240e-03 1.0350e-01 1.0350e-01 0.0000e+00
6.0000e+07 5.2790e-13 7.1450e-06 3.0540e-08 1.0150e-01 1.9250e-03 1.0350e-01 1.0350e-01 0.0000e+00
8.0000e+07 2.9690e-13 5.4810e-06 2.2910e-08 1.0160e-01 1.9260e-03 1.0350e-01 1.0350e-01 0.0000e+00
1.0000e+08 1.9000e-13 4.4580e-06 1.8320e-08 1.0160e-01 1.9270e-03 1.0350e-01 1.0350e-01 0.0000e+00
