# # Photon energy [keV]  | Scatt. cohe. | Scatt. incohe. | Photoelectric | Pair produc. in nucl. field | Pair produc. in elec. field | Total attenuation with cohe. scatt. | Total attenuation without cohe. scatt. | all in [cm2/g]
1.0000e+00 8.5210e+00 6.8630e-03 8.5340e+03 0.0000e+00 0.0000e+00 8.5420e+03 8.5340e+03 0.0000e+00
1.0310e+00 8.4900e+00 7.1240e-03 7.9760e+03 0.0000e+00 0.0000e+00 7.9850e+03 7.9760e+03 0.0000e+00
1.0610e+00 8.4590e+00 7.3940e-03 7.4590e+03 0.0000e+00 0.0000e+00 7.4680e+03 7.4590e+03 0.0000e+00
1.0620e+00 8.4590e+00 7.3940e-03 8.5380e+03 0.0000e+00 0.0000e+00 8.5470e+03 8.5380e+03 0.0000e+00
1.0990e+00 8.4230e+00 7.7050e-03 7.9460e+03 0.0000e+00 0.0000e+00 7.9550e+03 7.9460e+03 0.0000e+00
1.1360e+00 8.3850e+00 8.0210e-03 7.3980e+03 0.0000e+00 0.0000e+00 7.4060e+03 7.3980e+03 0.0000e+00
1.1370e+00 8.3850e+00 8.0210e-03 7.8280e+03 0.0000e+00 0.0000e+00 7.8360e+03 7.8280e+03 0.0000e+00
1.2120e+00 8.3110e+00 8.6250e-03 6.8410e+03 0.0000e+00 0.0000e+00 6.8490e+03 6.8410e+03 0.0000e+00
1.2920e+00 8.2310e+00 9.2570e-03 5.9810e+03 0.0000e+00 0.0000e+00 5.9900e+03 5.9810e+03 0.0000e+00
1.2930e+00 8.2310e+00 9.2570e-03 6.2490e+03 0.0000e+00 0.0000e+00 6.2570e+03 6.2490e+03 0.0000e+00
1.5000e+00 8.0160e+00 1.0940e-02 4.4900e+03 0.0000e+00 0.0000e+00 4.4990e+03 4.4910e+03 0.0000e+00
2.0000e+00 7.5120e+00 1.4900e-02 2.3110e+03 0.0000e+00 0.0000e+00 2.3190e+03 2.3110e+03 0.0000e+00
3.0000e+00 6.5650e+00 2.2510e-02 8.6300e+02 0.0000e+00 0.0000e+00 8.6960e+02 8.6300e+02 0.0000e+00
4.0000e+00 5.7270e+00 2.9550e-02 4.1880e+02 0.0000e+00 0.0000e+00 4.2450e+02 4.1880e+02 0.0000e+00
5.0000e+00 5.0340e+00 3.5800e-02 2.3630e+02 0.0000e+00 0.0000e+00 2.4140e+02 2.3640e+02 0.0000e+00
5.2460e+00 4.8810e+00 3.7210e-02 2.0860e+02 0.0000e+00 0.0000e+00 2.1350e+02 2.0860e+02 0.0000e+00
5.2470e+00 4.8810e+00 3.7210e-02 6.0470e+02 0.0000e+00 0.0000e+00 6.0960e+02 6.0480e+02 0.0000e+00
5.4320e+00 4.7740e+00 3.8240e-02 5.5660e+02 0.0000e+00 0.0000e+00 5.6140e+02 5.5660e+02 0.0000e+00
5.6230e+00 4.6620e+00 3.9270e-02 5.1220e+02 0.0000e+00 0.0000e+00 5.1690e+02 5.1220e+02 0.0000e+00
5.6240e+00 4.6620e+00 3.9270e-02 6.9680e+02 0.0000e+00 0.0000e+00 7.0150e+02 6.9690e+02 0.0000e+00
5.8030e+00 4.5520e+00 4.0210e-02 6.4490e+02 0.0000e+00 0.0000e+00 6.4950e+02 6.4500e+02 0.0000e+00
5.9880e+00 4.4600e+00 4.1160e-02 5.9680e+02 0.0000e+00 0.0000e+00 6.0130e+02 5.9690e+02 0.0000e+00
5.9890e+00 4.4600e+00 4.1160e-02 6.8890e+02 0.0000e+00 0.0000e+00 6.9340e+02 6.8900e+02 0.0000e+00
6.0000e+00 4.4550e+00 4.1220e-02 6.8540e+02 0.0000e+00 0.0000e+00 6.8990e+02 6.8550e+02 0.0000e+00
8.0000e+00 3.5550e+00 5.0340e-02 3.2990e+02 0.0000e+00 0.0000e+00 3.3350e+02 3.2990e+02 0.0000e+00
1.0000e+01 2.8970e+00 5.8150e-02 1.8300e+02 0.0000e+00 0.0000e+00 1.8600e+02 1.8310e+02 0.0000e+00
1.5000e+01 1.9050e+00 7.3410e-02 6.1480e+01 0.0000e+00 0.0000e+00 6.3460e+01 6.1550e+01 0.0000e+00
2.0000e+01 1.3670e+00 8.3760e-02 2.7930e+01 0.0000e+00 0.0000e+00 2.9380e+01 2.8010e+01 0.0000e+00
3.0000e+01 7.8670e-01 9.5950e-02 9.0200e+00 0.0000e+00 0.0000e+00 9.9030e+00 9.1160e+00 0.0000e+00
3.7439e+01 5.6570e-01 1.0110e-01 4.8330e+00 0.0000e+00 0.0000e+00 5.4990e+00 4.9340e+00 0.0000e+00
3.7440e+01 5.6570e-01 1.0110e-01 2.8520e+01 0.0000e+00 0.0000e+00 2.9190e+01 2.8620e+01 0.0000e+00
4.0000e+01 5.1220e-01 1.0240e-01 2.3960e+01 0.0000e+00 0.0000e+00 2.4570e+01 2.4060e+01 0.0000e+00
5.0000e+01 3.6420e-01 1.0590e-01 1.3320e+01 0.0000e+00 0.0000e+00 1.3790e+01 1.3420e+01 0.0000e+00
6.0000e+01 2.7290e-01 1.0760e-01 8.1300e+00 0.0000e+00 0.0000e+00 8.5110e+00 8.2380e+00 0.0000e+00
8.0000e+01 1.6860e-01 1.0820e-01 3.6860e+00 0.0000e+00 0.0000e+00 3.9630e+00 3.7940e+00 0.0000e+00
1.0000e+02 1.1430e-01 1.0680e-01 1.9740e+00 0.0000e+00 0.0000e+00 2.1950e+00 2.0810e+00 0.0000e+00
1.5000e+02 5.5650e-02 1.0080e-01 6.2620e-01 0.0000e+00 0.0000e+00 7.8270e-01 7.2700e-01 0.0000e+00
2.0000e+02 3.2980e-02 9.4550e-02 2.7700e-01 0.0000e+00 0.0000e+00 4.0450e-01 3.7160e-01 0.0000e+00
3.0000e+02 1.5430e-02 8.4110e-02 8.9550e-02 0.0000e+00 0.0000e+00 1.8910e-01 1.7370e-01 0.0000e+00
4.0000e+02 8.8980e-03 7.6170e-02 4.1480e-02 0.0000e+00 0.0000e+00 1.2650e-01 1.1770e-01 0.0000e+00
5.0000e+02 5.7750e-03 6.9990e-02 2.3470e-02 0.0000e+00 0.0000e+00 9.9230e-02 9.3460e-02 0.0000e+00
6.0000e+02 4.0510e-03 6.4990e-02 1.5060e-02 0.0000e+00 0.0000e+00 8.4100e-02 8.0050e-02 0.0000e+00
8.0000e+02 2.3040e-03 5.7320e-02 7.8190e-03 0.0000e+00 0.0000e+00 6.7440e-02 6.5130e-02 0.0000e+00
1.0000e+03 1.4840e-03 5.1660e-02 4.8850e-03 0.0000e+00 0.0000e+00 5.8030e-02 5.6540e-02 0.0000e+00
1.0220e+03 1.4210e-03 5.1090e-02 4.6750e-03 0.0000e+00 0.0000e+00 5.7180e-02 5.5760e-02 0.0000e+00
1.2500e+03 9.5380e-04 4.6260e-02 3.1530e-03 2.0190e-04 0.0000e+00 5.0570e-02 4.9620e-02 0.0000e+00
1.5000e+03 6.6390e-04 4.2070e-02 2.2560e-03 9.3320e-04 0.0000e+00 4.5920e-02 4.5260e-02 0.0000e+00
2.0000e+03 3.7430e-04 3.5930e-02 1.3710e-03 3.1040e-03 0.0000e+00 4.0780e-02 4.0410e-02 0.0000e+00
2.0440e+03 3.5840e-04 3.5490e-02 1.3230e-03 3.3130e-03 0.0000e+00 4.0480e-02 4.0130e-02 0.0000e+00
3.0000e+03 1.6670e-04 2.8290e-02 7.2620e-04 7.7220e-03 9.8930e-06 3.6920e-02 3.6750e-02 0.0000e+00
4.0000e+03 9.3800e-05 2.3610e-02 4.8020e-04 1.1760e-02 4.0350e-05 3.5980e-02 3.5880e-02 0.0000e+00
5.0000e+03 6.0080e-05 2.0390e-02 3.5460e-04 1.5230e-02 8.0290e-05 3.6120e-02 3.6060e-02 0.0000e+00
6.0000e+03 4.1720e-05 1.8020e-02 2.7960e-04 1.8220e-02 1.2320e-04 3.6690e-02 3.6650e-02 0.0000e+00
7.0000e+03 3.0650e-05 1.6200e-02 2.3010e-04 2.0880e-02 1.6590e-04 3.7510e-02 3.7480e-02 0.0000e+00
8.0000e+03 2.3470e-05 1.4750e-02 1.9510e-04 2.3260e-02 2.0720e-04 3.8440e-02 3.8410e-02 0.0000e+00
9.0000e+03 1.8550e-05 1.3550e-02 1.6920e-04 2.5430e-02 2.4670e-04 3.9420e-02 3.9400e-02 0.0000e+00
1.0000e+04 1.5020e-05 1.2560e-02 1.4920e-04 2.7420e-02 2.8420e-04 4.0420e-02 4.0410e-02 0.0000e+00
1.1000e+04 1.2410e-05 1.1720e-02 1.3340e-04 2.9250e-02 3.1960e-04 4.1430e-02 4.1420e-02 0.0000e+00
1.2000e+04 1.0430e-05 1.0990e-02 1.2060e-04 3.0950e-02 3.5300e-04 4.2420e-02 4.2410e-02 0.0000e+00
1.3000e+04 8.8890e-06 1.0350e-02 1.1000e-04 3.2530e-02 3.8450e-04 4.3390e-02 4.3380e-02 0.0000e+00
1.4000e+04 7.6650e-06 9.7920e-03 1.0100e-04 3.3990e-02 4.1440e-04 4.4310e-02 4.4300e-02 0.0000e+00
1.5000e+04 6.6790e-06 9.2970e-03 9.3450e-05 3.5350e-02 4.4290e-04 4.5180e-02 4.5180e-02 0.0000e+00
1.6000e+04 5.8670e-06 8.8540e-03 8.6920e-05 3.6600e-02 4.6970e-04 4.6020e-02 4.6010e-02 0.0000e+00
1.8000e+04 4.6350e-06 8.0910e-03 7.6220e-05 3.8880e-02 5.1920e-04 4.7570e-02 4.7570e-02 0.0000e+00
2.0000e+04 3.7560e-06 7.4640e-03 6.7880e-05 4.0920e-02 5.6440e-04 4.9020e-02 4.9020e-02 0.0000e+00
2.2000e+04 3.1040e-06 6.9330e-03 6.1130e-05 4.2770e-02 6.0600e-04 5.0380e-02 5.0370e-02 0.0000e+00
2.4000e+04 2.6080e-06 6.4770e-03 5.5650e-05 4.4470e-02 6.4380e-04 5.1650e-02 5.1640e-02 0.0000e+00
2.6000e+04 2.2220e-06 6.0820e-03 5.1000e-05 4.6000e-02 6.7880e-04 5.2820e-02 5.2810e-02 0.0000e+00
2.8000e+04 1.9160e-06 5.7360e-03 4.7100e-05 4.7400e-02 7.1130e-04 5.3900e-02 5.3900e-02 0.0000e+00
3.0000e+04 1.6690e-06 5.4330e-03 4.3760e-05 4.8680e-02 7.4150e-04 5.4900e-02 5.4890e-02 0.0000e+00
4.0000e+04 9.3890e-07 4.3170e-03 3.2270e-05 5.3980e-02 8.6650e-04 5.9200e-02 5.9200e-02 0.0000e+00
5.0000e+04 6.0080e-07 3.6040e-03 2.5550e-05 5.7890e-02 9.6120e-04 6.2480e-02 6.2480e-02 0.0000e+00
6.0000e+04 4.1730e-07 3.1050e-03 2.1150e-05 6.0910e-02 1.0360e-03 6.5070e-02 6.5070e-02 0.0000e+00
8.0000e+04 2.3470e-07 2.4490e-03 1.5720e-05 6.5380e-02 1.1490e-03 6.9000e-02 6.9000e-02 0.0000e+00
1.0000e+05 1.5020e-07 2.0330e-03 1.2510e-05 6.8590e-02 1.2310e-03 7.1860e-02 7.1860e-02 0.0000e+00
1.5000e+05 6.6790e-08 1.4480e-03 8.2840e-06 7.3670e-02 1.3660e-03 7.6490e-02 7.6490e-02 0.0000e+00
2.0000e+05 3.7560e-08 1.1350e-03 6.1920e-06 7.6700e-02 1.4520e-03 7.9290e-02 7.9290e-02 0.0000e+00
3.0000e+05 1.6690e-08 8.0430e-04 4.1120e-06 8.0250e-02 1.5560e-03 8.2610e-02 8.2610e-02 0.0000e+00
4.0000e+05 9.3890e-09 6.3020e-04 3.0790e-06 8.2270e-02 1.6190e-03 8.4520e-02 8.4520e-02 0.0000e+00
5.0000e+05 6.0080e-09 5.2140e-04 2.4600e-06 8.3630e-02 1.6620e-03 8.5810e-02 8.5810e-02 0.0000e+00
6.0000e+05 4.1730e-09 4.4640e-04 2.0490e-06 8.4590e-02 1.6940e-03 8.6730e-02 8.6730e-02 0.0000e+00
8.0000e+05 2.3470e-09 3.4870e-04 1.5350e-06 8.5860e-02 1.7380e-03 8.7950e-02 8.7950e-02 0.0000e+00
1.0000e+06 1.5020e-09 2.8690e-04 1.2270e-06 8.6700e-02 1.7680e-03 8.8750e-02 8.8750e-02 0.0000e+00
1.5000e+06 6.6790e-10 2.0040e-04 8.1780e-07 8.7880e-02 1.8120e-03 8.9890e-02 8.9890e-02 0.0000e+00
2.0000e+06 3.7560e-10 1.5510e-04 6.1310e-07 8.8540e-02 1.8370e-03 9.0530e-02 9.0530e-02 0.0000e+00
3.0000e+06 1.6690e-10 1.0780e-04 4.0860e-07 8.9240e-02 1.8650e-03 9.1210e-02 9.1210e-02 0.0000e+00
4.0000e+06 9.3890e-11 8.3230e-05 3.0640e-07 8.9630e-02 1.8810e-03 9.1600e-02 9.1600e-02 0.0000e+00
5.0000e+06 6.0080e-11 6.8060e-05 2.4510e-07 8.9850e-02 1.8910e-03 9.1810e-02 9.1810e-02 0.0000e+00
6.0000e+06 4.1730e-11 5.7710e-05 2.0420e-07 9.0030e-02 1.8990e-03 9.1990e-02 9.1990e-02 0.0000e+00
8.0000e+06 2.3470e-11 4.4470e-05 1.5310e-07 9.0250e-02 1.9080e-03 9.2200e-02 9.2200e-02 0.0000e+00
1.0000e+07 1.5020e-11 3.6300e-05 1.2250e-07 9.0380e-02 1.9140e-03 9.2330e-02 9.2330e-02 0.0000e+00
1.5000e+07 6.6790e-12 2.5080e-05 8.1650e-08 9.0600e-02 1.9220e-03 9.2550e-02 9.2550e-02 0.0000e+00
2.0000e+07 3.7560e-12 1.9290e-05 6.1260e-08 9.0690e-02 1.9270e-03 9.2630e-02 9.2630e-02 0.0000e+00
3.0000e+07 1.6690e-12 1.3300e-05 4.0830e-08 9.0770e-02 1.9320e-03 9.2720e-02 9.2720e-02 0.0000e+00
4.0000e+07 9.3890e-13 1.0210e-05 3.0620e-08 9.0860e-02 1.9350e-03 9.2810e-02 9.2810e-02 0.0000e+00
5.0000e+07 6.0080e-13 8.3140e-06 2.4500e-08 9.0910e-02 1.9370e-03 9.2850e-02 9.2850e-02 0.0000e+00
6.0000e+07 4.1730e-13 7.0300e-06 2.0420e-08 9.0910e-02 1.9370e-03 9.2850e-02 9.2850e-02 0.0000e+00
8.0000e+07 2.3470e-13 5.3890e-06 1.5310e-08 9.0950e-02 1.9390e-03 9.2890e-02 9.2890e-02 0.0000e+00
1.0000e+08 1.5020e-13 4.3850e-06 1.2250e-08 9.0950e-02 1.9400e-03 9.2890e-02 9.2890e-02 0.0000e+00
