# Z  Transition    Emission energy [eV]    Binding energy [eV]    Fluorescence yield    Radiative rate
48	KL2	22984.2	26711.2	8.35557999999764E-0001	0.286360
48	KL3	23173.7	26711.2	8.35557999999764E-0001	0.538750
48	KM2	26060.5	26711.2	8.35557999999764E-0001	0.0504500
48	KM3	26094.7	26711.2	8.35557999999764E-0001	0.0980900
48	KN2	26644.3	26711.2	8.35557999999764E-0001	0.00896000
48	KN3	26644.3	26711.2	8.35557999999764E-0001	0.0173900
48	L1L2	291.000	4018.0	1.80000000000007E-0002	0.000661500
48	L1L3	480.500	4018.0	1.80000000000007E-0002	0.00750640
48	L1M1	3247.80	4018.0	1.80000000000007E-0002	1.88830E-07
48	L1M2	3367.30	4018.0	1.80000000000007E-0002	0.312220
48	L1M3	3401.50	4018.0	1.80000000000007E-0002	0.516070
48	L1M4	3607.50	4018.0	1.80000000000007E-0002	0.00361250
48	L1M5	3614.30	4018.0	1.80000000000007E-0002	0.00538350
48	L1N1	3910.40	4018.0	1.80000000000007E-0002	5.78230E-08
48	L1N2	3951.10	4018.0	1.80000000000007E-0002	0.0575880
48	L1N3	3951.10	4018.0	1.80000000000007E-0002	0.0961760
48	L1N4	4008.70	4018.0	1.80000000000007E-0002	0.000315500
48	L1N5	4008.70	4018.0	1.80000000000007E-0002	0.000471500
48	L1O1	4015.80	4018.0	1.80000000000007E-0002	4.90260E-09
48	L2L3	189.500	3727.0	5.59999999999832E-0002	3.23080E-07
48	L2M1	2956.80	3727.0	5.59999999999832E-0002	0.0257330
48	L2M2	3076.30	3727.0	5.59999999999832E-0002	3.10360E-08
48	L2M3	3110.50	3727.0	5.59999999999832E-0002	0.000292680
48	L2M4	3316.50	3727.0	5.59999999999832E-0002	0.878050
48	L2M5	3323.30	3727.0	5.59999999999832E-0002	4.14990E-06
48	L2N1	3619.40	3727.0	5.59999999999832E-0002	0.00504770
48	L2N2	3660.10	3727.0	5.59999999999832E-0002	7.84730E-09
48	L2N3	3660.10	3727.0	5.59999999999832E-0002	5.47900E-05
48	L2N4	3717.70	3727.0	5.59999999999832E-0002	0.0904200
48	L2N5	3717.70	3727.0	5.59999999999832E-0002	4.55280E-07
48	L2O1	3724.80	3727.0	5.59999999999832E-0002	0.000399430
48	L3M1	2767.30	3537.5	5.59999999999832E-0002	0.0325590
48	L3M2	2886.80	3537.5	5.59999999999832E-0002	0.000153520
48	L3M3	2921.00	3537.5	5.59999999999832E-0002	0.000143880
48	L3M4	3127.00	3537.5	5.59999999999832E-0002	0.0884060
48	L3M5	3133.80	3537.5	5.59999999999832E-0002	0.783940
48	L3N1	3429.90	3537.5	5.59999999999832E-0002	0.00631900
48	L3N2	3470.60	3537.5	5.59999999999832E-0002	2.78120E-05
48	L3N3	3470.60	3537.5	5.59999999999832E-0002	2.64770E-05
48	L3N4	3528.20	3537.5	5.59999999999832E-0002	0.00893710
48	L3N5	3528.20	3537.5	5.59999999999832E-0002	0.0789870
48	L3O1	3535.30	3537.5	5.59999999999832E-0002	0.000499880
48	M1M2	119.500	770.2	1.96666999999984E-0004	0.0327920
48	M1M3	153.700	770.2	1.96666999999984E-0004	0.0793730
48	M1M4	359.700	770.2	1.96666999999984E-0004	3.44690E-05
48	M1M5	366.500	770.2	1.96666999999984E-0004	3.93140E-05
48	M1N1	662.600	770.2	1.96666999999984E-0004	9.12970E-10
48	M1N2	703.300	770.2	1.96666999999984E-0004	0.516110
48	M1N3	703.300	770.2	1.96666999999984E-0004	0.370780
48	M1N4	760.900	770.2	1.96666999999984E-0004	0.000450900
48	M1N5	760.900	770.2	1.96666999999984E-0004	0.000424810
48	M1O1	768.000	770.2	1.96666999999984E-0004	1.11790E-09
48	M2M3	34.2000	650.7	4.93332999999652E-0004	1.45020E-07
48	M2M4	240.200	650.7	4.93332999999652E-0004	0.304970
48	M2M5	247.000	650.7	4.93332999999652E-0004	3.83880E-09
48	M2N1	543.100	650.7	4.93332999999652E-0004	0.311370
48	M2N2	583.800	650.7	4.93332999999652E-0004	2.98570E-09
48	M2N3	583.800	650.7	4.93332999999652E-0004	0.000209210
48	M2N4	641.400	650.7	4.93332999999652E-0004	0.358290
48	M2N5	641.400	650.7	4.93332999999652E-0004	1.19430E-07
48	M2O1	648.500	650.7	4.93332999999652E-0004	0.0251650
48	M3M4	206.000	616.5	3.93332999999885E-0004	0.0233380
48	M3M5	212.800	616.5	3.93332999999885E-0004	0.158770
48	M3N1	508.900	616.5	3.93332999999885E-0004	0.443390
48	M3N2	549.600	616.5	3.93332999999885E-0004	0.000273470
48	M3N3	549.600	616.5	3.93332999999885E-0004	0.000124260
48	M3N4	607.200	616.5	3.93332999999885E-0004	0.0520390
48	M3N5	607.200	616.5	3.93332999999885E-0004	0.286750
48	M3O1	614.300	616.5	3.93332999999885E-0004	0.0353120
48	M4M5	6.80000	410.5	2.70000000000081E-0003	6.60300E-09
48	M4N1	302.900	410.5	2.70000000000081E-0003	0.000134990
48	M4N2	343.600	410.5	2.70000000000081E-0003	0.922590
48	M4N3	343.600	410.5	2.70000000000081E-0003	0.0772180
48	M4N4	401.200	410.5	2.70000000000081E-0003	4.76880E-05
48	M4O1	408.300	410.5	2.70000000000081E-0003	1.22890E-05
48	M5N1	296.100	403.7	0.00000000000000E+0000	0.000269320
48	M5N2	336.800	403.7	0.00000000000000E+0000	9.64620E-08
48	M5N3	336.800	403.7	0.00000000000000E+0000	0.999340
48	M5N4	394.400	403.7	0.00000000000000E+0000	0.000102250
48	M5N5	394.400	403.7	0.00000000000000E+0000	0.000261990
48	M5O1	401.500	403.7	0.00000000000000E+0000	2.46940E-05
