# Z  Transition    Emission energy [eV]    Binding energy [eV]    Fluorescence yield    Radiative rate
53	KL2	28317.3	33169.4	8.93356999999924E-0001	0.284910
53	KL3	28612.3	33169.4	8.93356999999924E-0001	0.528720
53	KM2	32238.9	33169.4	8.93356999999924E-0001	0.0518400
53	KM3	32294.8	33169.4	8.93356999999924E-0001	0.100560
53	KN2	33046.7	33169.4	8.93356999999924E-0001	0.0104000
53	KN3	33046.7	33169.4	8.93356999999924E-0001	0.0203300
53	L1L2	336.000	5188.1	4.39999999999827E-0002	0.000468650
53	L1L3	631.000	5188.1	4.39999999999827E-0002	0.00808870
53	L1M1	4116.00	5188.1	4.39999999999827E-0002	3.64130E-07
53	L1M2	4257.60	5188.1	4.39999999999827E-0002	0.308110
53	L1M3	4313.50	5188.1	4.39999999999827E-0002	0.485730
53	L1M4	4556.80	5188.1	4.39999999999827E-0002	0.00441330
53	L1M5	4568.70	5188.1	4.39999999999827E-0002	0.00659260
53	L1N1	5001.70	5188.1	4.39999999999827E-0002	1.26390E-07
53	L1N2	5065.40	5188.1	4.39999999999827E-0002	0.0650370
53	L1N3	5065.40	5188.1	4.39999999999827E-0002	0.105750
53	L1N4	5138.50	5188.1	4.39999999999827E-0002	0.000517160
53	L1N5	5138.50	5188.1	4.39999999999827E-0002	0.000784280
53	L1O1	5174.50	5188.1	4.39999999999827E-0002	1.95390E-08
53	L1O2	5184.80	5188.1	4.39999999999827E-0002	0.00566350
53	L1O3	5184.80	5188.1	4.39999999999827E-0002	0.00884020
53	L2L3	295.000	4852.1	7.89999999999509E-0002	6.87520E-07
53	L2M1	3780.00	4852.1	7.89999999999509E-0002	0.0239420
53	L2M2	3921.60	4852.1	7.89999999999509E-0002	5.90460E-08
53	L2M3	3977.50	4852.1	7.89999999999509E-0002	0.000352250
53	L2M4	4220.80	4852.1	7.89999999999509E-0002	0.848480
53	L2M5	4232.70	4852.1	7.89999999999509E-0002	6.47080E-06
53	L2N1	4665.70	4852.1	7.89999999999509E-0002	0.00518880
53	L2N2	4729.40	4852.1	7.89999999999509E-0002	1.75120E-08
53	L2N3	4729.40	4852.1	7.89999999999509E-0002	7.64360E-05
53	L2N4	4802.50	4852.1	7.89999999999509E-0002	0.121210
53	L2N5	4802.50	4852.1	7.89999999999509E-0002	1.00300E-06
53	L2O1	4838.50	4852.1	7.89999999999509E-0002	0.000737270
53	L2O2	4848.80	4852.1	7.89999999999509E-0002	1.60960E-09
53	L2O3	4848.80	4852.1	7.89999999999509E-0002	6.38990E-06
53	L3M1	3485.00	4557.1	7.89999999999509E-0002	0.0319120
53	L3M2	3626.60	4557.1	7.89999999999509E-0002	0.000185720
53	L3M3	3682.50	4557.1	7.89999999999509E-0002	0.000173280
53	L3M4	3925.80	4557.1	7.89999999999509E-0002	0.0853550
53	L3M5	3937.70	4557.1	7.89999999999509E-0002	0.756610
53	L3N1	4370.70	4557.1	7.89999999999509E-0002	0.00682840
53	L3N2	4434.40	4557.1	7.89999999999509E-0002	3.80880E-05
53	L3N3	4434.40	4557.1	7.89999999999509E-0002	3.65010E-05
53	L3N4	4507.50	4557.1	7.89999999999509E-0002	0.0118980
53	L3N5	4507.50	4557.1	7.89999999999509E-0002	0.105990
53	L3O1	4543.50	4557.1	7.89999999999509E-0002	0.000968070
53	L3O2	4553.80	4557.1	7.89999999999509E-0002	3.30700E-06
53	L3O3	4553.80	4557.1	7.89999999999509E-0002	3.04100E-06
53	M1M2	141.600	1072.1	4.14999999999832E-0004	0.0190310
53	M1M3	197.500	1072.1	4.14999999999832E-0004	0.0631220
53	M1M4	440.800	1072.1	4.14999999999832E-0004	2.63360E-05
53	M1M5	452.700	1072.1	4.14999999999832E-0004	3.15430E-05
53	M1N1	885.700	1072.1	4.14999999999832E-0004	1.73960E-08
53	M1N2	949.400	1072.1	4.14999999999832E-0004	0.546260
53	M1N3	949.400	1072.1	4.14999999999832E-0004	0.369770
53	M1N4	1022.50	1072.1	4.14999999999832E-0004	0.000903750
53	M1N5	1022.50	1072.1	4.14999999999832E-0004	0.000858710
53	M1O1	1058.50	1072.1	4.14999999999832E-0004	6.69710E-09
53	M2M3	55.9000	930.5	8.49999999999795E-0004	3.44900E-07
53	M2M4	299.200	930.5	8.49999999999795E-0004	0.195300
53	M2M5	311.100	930.5	8.49999999999795E-0004	4.63540E-09
53	M2N1	744.100	930.5	8.49999999999795E-0004	0.266050
53	M2N2	807.800	930.5	8.49999999999795E-0004	8.06380E-09
53	M2N3	807.800	930.5	8.49999999999795E-0004	0.000291630
53	M2N4	880.900	930.5	8.49999999999795E-0004	0.497700
53	M2N5	880.900	930.5	8.49999999999795E-0004	3.41810E-07
53	M2O1	916.900	930.5	8.49999999999795E-0004	0.0406530
53	M3M4	243.300	874.6	6.44999999999563E-0004	0.0119810
53	M3M5	255.200	874.6	6.44999999999563E-0004	0.0860500
53	M3N1	688.200	874.6	6.44999999999563E-0004	0.383000
53	M3N2	751.900	874.6	6.44999999999563E-0004	0.000370870
53	M3N3	751.900	874.6	6.44999999999563E-0004	0.000166880
53	M3N4	825.000	874.6	6.44999999999563E-0004	0.0708330
53	M3N5	825.000	874.6	6.44999999999563E-0004	0.389530
53	M3O1	861.000	874.6	6.44999999999563E-0004	0.0580720
53	M4M5	11.9000	631.3	2.70000000000081E-0003	1.84170E-08
53	M4N1	444.900	631.3	2.70000000000081E-0003	0.000240430
53	M4N2	508.600	631.3	2.70000000000081E-0003	0.926230
53	M4N3	508.600	631.3	2.70000000000081E-0003	0.0731280
53	M4N4	581.700	631.3	2.70000000000081E-0003	0.000361070
53	M4O1	617.700	631.3	2.70000000000081E-0003	4.44490E-05
53	M5N1	433.000	619.4	0.00000000000000E+0000	0.000495620
53	M5N2	496.700	619.4	0.00000000000000E+0000	2.68300E-07
53	M5N3	496.700	619.4	0.00000000000000E+0000	0.998590
53	M5N4	569.800	619.4	0.00000000000000E+0000	0.000229460
53	M5N5	569.800	619.4	0.00000000000000E+0000	0.000593020
53	M5O1	605.800	619.4	0.00000000000000E+0000	9.10430E-05
