# Z  Transition    Emission energy [eV]    Binding energy [eV]    Fluorescence yield    Radiative rate
67	KL2	46699.9	55617.7	9.75053000000116E-0001	0.286720
67	KL3	47546.6	55617.7	9.75053000000116E-0001	0.510790
67	KM2	53694.9	55617.7	9.75053000000116E-0001	0.0548700
67	KM3	53876.5	55617.7	9.75053000000116E-0001	0.106090
67	KN2	55274.2	55617.7	9.75053000000116E-0001	0.0124400
67	KN3	55311.1	55617.7	9.75053000000116E-0001	0.0242500
67	L1L2	476.400	9394.2	9.40000000000509E-0002	0.000219190
67	L1L3	1323.10	9394.2	9.40000000000509E-0002	0.0136480
67	L1M1	7265.90	9394.2	9.40000000000509E-0002	1.87610E-06
67	L1M2	7471.40	9394.2	9.40000000000509E-0002	0.317990
67	L1M3	7653.00	9394.2	9.40000000000509E-0002	0.437970
67	L1M4	8002.70	9394.2	9.40000000000509E-0002	0.00735380
67	L1M5	8042.80	9394.2	9.40000000000509E-0002	0.0111830
67	L1N1	8958.50	9394.2	9.40000000000509E-0002	7.49640E-07
67	L1N2	9050.70	9394.2	9.40000000000509E-0002	0.0757790
67	L1N3	9087.60	9394.2	9.40000000000509E-0002	0.108980
67	L1N4	9233.20	9394.2	9.40000000000509E-0002	0.00101650
67	L1N5	9233.20	9394.2	9.40000000000509E-0002	0.00157060
67	L1O1	9343.00	9394.2	9.40000000000509E-0002	1.35870E-07
67	L1O2	9373.90	9394.2	9.40000000000509E-0002	0.0101850
67	L1O3	9373.90	9394.2	9.40000000000509E-0002	0.0140960
67	L2L3	846.700	8917.8	1.89000000000078E-0001	4.65100E-06
67	L2M1	6789.50	8917.8	1.89000000000078E-0001	0.0215110
67	L2M2	6995.00	8917.8	1.89000000000078E-0001	3.02550E-07
67	L2M3	7176.60	8917.8	1.89000000000078E-0001	0.000583750
67	L2M4	7526.30	8917.8	1.89000000000078E-0001	0.825790
67	L2M5	7566.40	8917.8	1.89000000000078E-0001	1.98140E-05
67	L2N1	8482.10	8917.8	1.89000000000078E-0001	0.00533920
67	L2N2	8574.30	8917.8	1.89000000000078E-0001	1.05830E-07
67	L2N3	8611.20	8917.8	1.89000000000078E-0001	0.000145220
67	L2N4	8756.80	8917.8	1.89000000000078E-0001	0.145460
67	L2N5	8756.80	8917.8	1.89000000000078E-0001	3.85610E-06
67	L2N6	8914.10	8917.8	1.89000000000078E-0001	0.000178450
67	L2O1	8866.60	8917.8	1.89000000000078E-0001	0.000875620
67	L2O2	8897.50	8917.8	1.89000000000078E-0001	1.51870E-08
67	L2O3	8897.50	8917.8	1.89000000000078E-0001	1.87460E-05
67	L3M1	5942.80	8071.1	1.82000000000016E-0001	0.0349110
67	L3M2	6148.30	8071.1	1.82000000000016E-0001	0.000312450
67	L3M3	6329.90	8071.1	1.82000000000016E-0001	0.000285570
67	L3M4	6679.60	8071.1	1.82000000000016E-0001	0.0829710
67	L3M5	6719.70	8071.1	1.82000000000016E-0001	0.733170
67	L3N1	7635.40	8071.1	1.82000000000016E-0001	0.00817970
67	L3N2	7727.60	8071.1	1.82000000000016E-0001	6.97950E-05
67	L3N3	7764.50	8071.1	1.82000000000016E-0001	6.77080E-05
67	L3N4	7910.10	8071.1	1.82000000000016E-0001	0.0139200
67	L3N5	7910.10	8071.1	1.82000000000016E-0001	0.124460
67	L3N6	8067.40	8071.1	1.82000000000016E-0001	2.88310E-05
67	L3N7	8067.40	8071.1	1.82000000000016E-0001	0.000162810
67	L3O1	8019.90	8071.1	1.82000000000016E-0001	0.00133720
67	L3O2	8050.80	8071.1	1.82000000000016E-0001	9.26250E-06
67	L3O3	8050.80	8071.1	1.82000000000016E-0001	8.67550E-06
67	M1M2	205.500	2128.3	1.07999999999997E-0003	0.00699340
67	M1M3	387.100	2128.3	1.07999999999997E-0003	0.0582350
67	M1M4	736.800	2128.3	1.07999999999997E-0003	2.21070E-05
67	M1M5	776.900	2128.3	1.07999999999997E-0003	3.05910E-05
67	M1N1	1692.60	2128.3	1.07999999999997E-0003	1.28260E-07
67	M1N2	1784.80	2128.3	1.07999999999997E-0003	0.525150
67	M1N3	1821.70	2128.3	1.07999999999997E-0003	0.285110
67	M1N4	1967.30	2128.3	1.07999999999997E-0003	0.00171150
67	M1N5	1967.30	2128.3	1.07999999999997E-0003	0.00159110
67	M1N6	2124.60	2128.3	1.07999999999997E-0003	3.90830E-06
67	M1N7	2124.60	2128.3	1.07999999999997E-0003	3.82170E-06
67	M1O1	2077.10	2128.3	1.07999999999997E-0003	3.50100E-08
67	M1O2	2108.00	2128.3	1.07999999999997E-0003	0.0783400
67	M1O3	2108.00	2128.3	1.07999999999997E-0003	0.0428090
67	M2M3	181.600	1922.8	1.84999999999924E-0003	2.31980E-06
67	M2M4	531.300	1922.8	1.84999999999924E-0003	0.136210
67	M2M5	571.400	1922.8	1.84999999999924E-0003	1.24580E-08
67	M2N1	1487.10	1922.8	1.84999999999924E-0003	0.228280
67	M2N2	1579.30	1922.8	1.84999999999924E-0003	4.93800E-08
67	M2N3	1616.20	1922.8	1.84999999999924E-0003	0.000521580
67	M2N4	1761.80	1922.8	1.84999999999924E-0003	0.576100
67	M2N5	1761.80	1922.8	1.84999999999924E-0003	1.37240E-06
67	M2N6	1919.10	1922.8	1.84999999999924E-0003	0.00266760
67	M2N7	1919.10	1922.8	1.84999999999924E-0003	5.24660E-09
67	M2O1	1871.60	1922.8	1.84999999999924E-0003	0.0384750
67	M2O2	1902.50	1922.8	1.84999999999924E-0003	1.02880E-08
67	M2O3	1902.50	1922.8	1.84999999999924E-0003	7.82880E-05
67	M3M4	349.700	1741.2	1.45000000000017E-0003	0.00425590
67	M3M5	389.800	1741.2	1.45000000000017E-0003	0.0374960
67	M3N1	1305.50	1741.2	1.45000000000017E-0003	0.355670
67	M3N2	1397.70	1741.2	1.45000000000017E-0003	0.000654670
67	M3N3	1434.60	1741.2	1.45000000000017E-0003	0.000282850
67	M3N4	1580.20	1741.2	1.45000000000017E-0003	0.0841540
67	M3N5	1580.20	1741.2	1.45000000000017E-0003	0.449710
67	M3N6	1737.50	1741.2	1.45000000000017E-0003	0.000371580
67	M3N7	1737.50	1741.2	1.45000000000017E-0003	0.00162880
67	M3O1	1690.00	1741.2	1.45000000000017E-0003	0.0588360
67	M3O2	1720.90	1741.2	1.45000000000017E-0003	9.63310E-05
67	M3O3	1720.90	1741.2	1.45000000000017E-0003	4.97930E-05
67	M4M5	40.1000	1391.5	6.70000000000215E-0003	2.12500E-08
67	M4N1	955.800	1391.5	6.70000000000215E-0003	8.68210E-05
67	M4N2	1048.00	1391.5	6.70000000000215E-0003	0.149660
67	M4N3	1084.90	1391.5	6.70000000000215E-0003	0.00980540
67	M4N4	1230.50	1391.5	6.70000000000215E-0003	0.000138880
67	M4N5	1230.50	1391.5	6.70000000000215E-0003	3.80070E-05
67	M4N6	1387.80	1391.5	6.70000000000215E-0003	0.819640
67	M4N7	1387.80	1391.5	6.70000000000215E-0003	4.28040E-07
67	M4O1	1340.30	1391.5	6.70000000000215E-0003	1.68480E-05
67	M4O2	1371.20	1391.5	6.70000000000215E-0003	0.0193830
67	M4O3	1371.20	1391.5	6.70000000000215E-0003	0.00122340
67	M5N1	915.700	1351.4	1.05999999999966E-0002	0.000119790
67	M5N2	1007.90	1351.4	1.05999999999966E-0002	1.27050E-07
67	M5N3	1044.80	1351.4	1.05999999999966E-0002	0.0955120
67	M5N4	1190.40	1351.4	1.05999999999966E-0002	5.71710E-05
67	M5N5	1190.40	1351.4	1.05999999999966E-0002	0.000145650
67	M5N6	1347.70	1351.4	1.05999999999966E-0002	0.0573520
67	M5N7	1347.70	1351.4	1.05999999999966E-0002	0.834880
67	M5O1	1300.20	1351.4	1.05999999999966E-0002	2.31180E-05
67	M5O2	1331.10	1351.4	1.05999999999966E-0002	1.97380E-08
67	M5O3	1331.10	1351.4	1.05999999999966E-0002	0.0119110
