# Z  Transition    Emission energy [eV]    Binding energy [eV]    Fluorescence yield    Radiative rate
84	KL2	76863.0	93100.0	9.75518000000193E-0001	0.293720
84	KL3	79290.0	93100.0	9.75518000000193E-0001	0.488910
84	KM2	89256.0	93100.0	9.75518000000193E-0001	0.0565800
84	KM3	89807.0	93100.0	9.75518000000193E-0001	0.109620
84	KN2	92249.0	93100.0	9.75518000000193E-0001	0.0140300
84	KN3	92385.0	93100.0	9.75518000000193E-0001	0.0278800
84	L1L2	691.000	16928.0	1.21999999999957E-0001	0.000111380
84	L1L3	3118.00	16928.0	1.21999999999957E-0001	0.0343750
84	L1M1	12776.0	16928.0	1.21999999999957E-0001	1.00180E-05
84	L1M2	13084.0	16928.0	1.21999999999957E-0001	0.339170
84	L1M3	13635.0	16928.0	1.21999999999957E-0001	0.356190
84	L1M4	14134.0	16928.0	1.21999999999957E-0001	0.0128990
84	L1M5	14248.0	16928.0	1.21999999999957E-0001	0.0192960
84	L1N1	15941.0	16928.0	1.21999999999957E-0001	4.43930E-06
84	L1N2	16077.0	16928.0	1.21999999999957E-0001	0.0883280
84	L1N3	16213.0	16928.0	1.21999999999957E-0001	0.101880
84	L1N4	16433.0	16928.0	1.21999999999957E-0001	0.00202320
84	L1N5	16459.0	16928.0	1.21999999999957E-0001	0.00321490
84	L1O1	16752.0	16928.0	1.21999999999957E-0001	1.12620E-06
84	L1O2	16796.0	16928.0	1.21999999999957E-0001	0.0182550
84	L1O3	16826.0	16928.0	1.21999999999957E-0001	0.0208870
84	L2L3	2427.00	16237.0	4.00999999999840E-0001	3.31050E-05
84	L2M1	12085.0	16237.0	4.00999999999840E-0001	0.0214020
84	L2M2	12393.0	16237.0	4.00999999999840E-0001	1.57170E-06
84	L2M3	12944.0	16237.0	4.00999999999840E-0001	0.000923310
84	L2M4	13443.0	16237.0	4.00999999999840E-0001	0.782860
84	L2M5	13557.0	16237.0	4.00999999999840E-0001	5.93740E-05
84	L2N1	15250.0	16237.0	4.00999999999840E-0001	0.00558820
84	L2N2	15386.0	16237.0	4.00999999999840E-0001	6.20500E-07
84	L2N3	15522.0	16237.0	4.00999999999840E-0001	0.000260830
84	L2N4	15742.0	16237.0	4.00999999999840E-0001	0.163480
84	L2N5	15768.0	16237.0	4.00999999999840E-0001	1.38590E-05
84	L2N6	16053.0	16237.0	4.00999999999840E-0001	0.000755000
84	L2O1	16061.0	16237.0	4.00999999999840E-0001	0.00125960
84	L2O2	16105.0	16237.0	4.00999999999840E-0001	1.40450E-07
84	L2O3	16135.0	16237.0	4.00999999999840E-0001	5.32810E-05
84	L2O4	16203.0	16237.0	4.00999999999840E-0001	0.0231110
84	L2P1	16228.0	16237.0	4.00999999999840E-0001	0.000187260
84	L3M1	9658.00	13810.0	3.85999999999967E-0001	0.0419390
84	L3M2	9966.00	13810.0	3.85999999999967E-0001	0.000499300
84	L3M3	10517.0	13810.0	3.85999999999967E-0001	0.000451350
84	L3M4	11016.0	13810.0	3.85999999999967E-0001	0.0786950
84	L3M5	11130.0	13810.0	3.85999999999967E-0001	0.692790
84	L3N1	12823.0	13810.0	3.85999999999967E-0001	0.0104480
84	L3N2	12959.0	13810.0	3.85999999999967E-0001	0.000112820
84	L3N3	13095.0	13810.0	3.85999999999967E-0001	0.000117140
84	L3N4	13315.0	13810.0	3.85999999999967E-0001	0.0149880
84	L3N5	13341.0	13810.0	3.85999999999967E-0001	0.135620
84	L3N6	13626.0	13810.0	3.85999999999967E-0001	0.000132170
84	L3N7	13632.0	13810.0	3.85999999999967E-0001	0.000736420
84	L3O1	13634.0	13810.0	3.85999999999967E-0001	0.00233670
84	L3O2	13678.0	13810.0	3.85999999999967E-0001	2.26320E-05
84	L3O3	13708.0	13810.0	3.85999999999967E-0001	2.35390E-05
84	L3P1	13801.0	13810.0	3.85999999999967E-0001	0.000346830
84	M1M2	308.000	4152.0	3.24333000000010E-0003	0.00284850
84	M1M3	859.000	4152.0	3.24333000000010E-0003	0.102840
84	M1M4	1358.00	4152.0	3.24333000000010E-0003	4.53900E-05
84	M1M5	1472.00	4152.0	3.24333000000010E-0003	7.73420E-05
84	M1N1	3165.00	4152.0	3.24333000000010E-0003	9.62240E-07
84	M1N2	3301.00	4152.0	3.24333000000010E-0003	0.539270
84	M1N3	3437.00	4152.0	3.24333000000010E-0003	0.175120
84	M1N4	3657.00	4152.0	3.24333000000010E-0003	0.00327250
84	M1N5	3683.00	4152.0	3.24333000000010E-0003	0.00290190
84	M1N6	3968.00	4152.0	3.24333000000010E-0003	2.13340E-05
84	M1N7	3974.00	4152.0	3.24333000000010E-0003	2.11290E-05
84	M1O1	3976.00	4152.0	3.24333000000010E-0003	4.33700E-07
84	M1O2	4020.00	4152.0	3.24333000000010E-0003	0.128130
84	M1O3	4050.00	4152.0	3.24333000000010E-0003	0.0443050
84	M1O4	4118.00	4152.0	3.24333000000010E-0003	0.000609220
84	M1O5	4122.00	4152.0	3.24333000000010E-0003	0.000543900
84	M2M3	551.000	3844.0	7.59666999999809E-0003	2.31170E-05
84	M2M4	1050.00	3844.0	7.59666999999809E-0003	0.159090
84	M2M5	1164.00	3844.0	7.59666999999809E-0003	1.03970E-07
84	M2N1	2857.00	3844.0	7.59666999999809E-0003	0.194370
84	M2N2	2993.00	3844.0	7.59666999999809E-0003	3.83790E-07
84	M2N3	3129.00	3844.0	7.59666999999809E-0003	0.000862780
84	M2N4	3349.00	3844.0	7.59666999999809E-0003	0.495060
84	M2N5	3375.00	3844.0	7.59666999999809E-0003	5.54870E-06
84	M2N6	3660.00	3844.0	7.59666999999809E-0003	0.00750000
84	M2N7	3666.00	3844.0	7.59666999999809E-0003	6.89430E-08
84	M2O1	3668.00	3844.0	7.59666999999809E-0003	0.0460210
84	M2O2	3712.00	3844.0	7.59666999999809E-0003	1.51970E-07
84	M2O3	3742.00	3844.0	7.59666999999809E-0003	0.000227520
84	M2O4	3810.00	3844.0	7.59666999999809E-0003	0.0895360
84	M2O5	3814.00	3844.0	7.59666999999809E-0003	1.11550E-06
84	M2P1	3835.00	3844.0	7.59666999999809E-0003	0.00730570
84	M3M4	499.000	3293.0	5.65333000000123E-0003	0.00144890
84	M3M5	613.000	3293.0	5.65333000000123E-0003	0.0186290
84	M3N1	2306.00	3293.0	5.65333000000123E-0003	0.329550
84	M3N2	2442.00	3293.0	5.65333000000123E-0003	0.00100770
84	M3N3	2578.00	3293.0	5.65333000000123E-0003	0.000424880
84	M3N4	2798.00	3293.0	5.65333000000123E-0003	0.0784780
84	M3N5	2824.00	3293.0	5.65333000000123E-0003	0.398690
84	M3N6	3109.00	3293.0	5.65333000000123E-0003	0.000792520
84	M3N7	3115.00	3293.0	5.65333000000123E-0003	0.00352820
84	M3O1	3117.00	3293.0	5.65333000000123E-0003	0.0753070
84	M3O2	3161.00	3293.0	5.65333000000123E-0003	0.000225860
84	M3O3	3191.00	3293.0	5.65333000000123E-0003	0.000104480
84	M3O4	3259.00	3293.0	5.65333000000123E-0003	0.0131120
84	M3O5	3263.00	3293.0	5.65333000000123E-0003	0.0666270
84	M3P2	3289.00	3293.0	5.65333000000123E-0003	0.0120680
84	M4M5	114.000	2794.0	3.38333000000262E-0002	1.32280E-07
84	M4N1	1807.00	2794.0	3.38333000000262E-0002	0.000119870
84	M4N2	1943.00	2794.0	3.38333000000262E-0002	0.117520
84	M4N3	2079.00	2794.0	3.38333000000262E-0002	0.00567850
84	M4N4	2299.00	2794.0	3.38333000000262E-0002	0.000206650
84	M4N5	2325.00	2794.0	3.38333000000262E-0002	5.56250E-05
84	M4N6	2610.00	2794.0	3.38333000000262E-0002	0.851590
84	M4N7	2616.00	2794.0	3.38333000000262E-0002	1.86500E-06
84	M4O1	2618.00	2794.0	3.38333000000262E-0002	3.30130E-05
84	M4O2	2662.00	2794.0	3.38333000000262E-0002	0.0236290
84	M4O3	2692.00	2794.0	3.38333000000262E-0002	0.00111760
84	M4O4	2760.00	2794.0	3.38333000000262E-0002	3.62250E-05
84	M4O5	2764.00	2794.0	3.38333000000262E-0002	9.83260E-06
84	M4P1	2785.00	2794.0	3.38333000000262E-0002	5.76480E-06
84	M5N1	1693.00	2680.0	3.37332999999944E-0002	0.000156060
84	M5N2	1829.00	2680.0	3.37332999999944E-0002	3.30420E-07
84	M5N3	1965.00	2680.0	3.37332999999944E-0002	0.0602340
84	M5N4	2185.00	2680.0	3.37332999999944E-0002	8.38690E-05
84	M5N5	2211.00	2680.0	3.37332999999944E-0002	0.000210350
84	M5N6	2496.00	2680.0	3.37332999999944E-0002	0.0592180
84	M5N7	2502.00	2680.0	3.37332999999944E-0002	0.867880
84	M5O1	2504.00	2680.0	3.37332999999944E-0002	4.19650E-05
84	M5O2	2548.00	2680.0	3.37332999999944E-0002	8.78840E-08
84	M5O3	2578.00	2680.0	3.37332999999944E-0002	0.0121130
84	M5O4	2646.00	2680.0	3.37332999999944E-0002	1.43420E-05
84	M5O5	2650.00	2680.0	3.37332999999944E-0002	3.62550E-05
84	M5P1	2671.00	2680.0	3.37332999999944E-0002	7.20450E-06
