# Z  Transition    Emission energy [eV]    Binding energy [eV]    Fluorescence yield    Radiative rate
92	KL2	94654.0	115602.0	9.69215000000077E-0001	0.298560
92	KL3	98434.0	115602.0	9.69215000000077E-0001	0.477850
92	KM2	110421.	115602.0	9.69215000000077E-0001	0.0565500
92	KM3	111298.	115602.0	9.69215000000077E-0001	0.110510
92	KN2	114331.	115602.0	9.69215000000077E-0001	0.0145200
92	KN3	114559.	115602.0	9.69215000000077E-0001	0.0295900
92	L1L2	810.000	21758.0	1.41000000000076E-0001	8.31680E-05
92	L1L3	4590.00	21758.0	1.41000000000076E-0001	0.0549000
92	L1M1	16210.0	21758.0	1.41000000000076E-0001	2.03320E-05
92	L1M2	16577.0	21758.0	1.41000000000076E-0001	0.349770
92	L1M3	17454.0	21758.0	1.41000000000076E-0001	0.303950
92	L1M4	18032.0	21758.0	1.41000000000076E-0001	0.0161590
92	L1M5	18208.0	21758.0	1.41000000000076E-0001	0.0240950
92	L1N1	20317.0	21758.0	1.41000000000076E-0001	9.40910E-06
92	L1N2	20487.0	21758.0	1.41000000000076E-0001	0.0945000
92	L1N3	20715.0	21758.0	1.41000000000076E-0001	0.0940500
92	L1N4	20979.0	21758.0	1.41000000000076E-0001	0.00275320
92	L1N5	21021.0	21758.0	1.41000000000076E-0001	0.00441000
92	L1O1	21434.0	21758.0	1.41000000000076E-0001	2.74910E-06
92	L1O2	21501.0	21758.0	1.41000000000076E-0001	0.0229090
92	L1O3	21564.0	21758.0	1.41000000000076E-0001	0.0231140
92	L2L3	3780.00	20948.0	4.67000000000098E-0001	7.69550E-05
92	L2M1	15400.0	20948.0	4.67000000000098E-0001	0.0214540
92	L2M2	15767.0	20948.0	4.67000000000098E-0001	3.19480E-06
92	L2M3	16644.0	20948.0	4.67000000000098E-0001	0.00110300
92	L2M4	17222.0	20948.0	4.67000000000098E-0001	0.761850
92	L2M5	17398.0	20948.0	4.67000000000098E-0001	9.42110E-05
92	L2N1	19507.0	20948.0	4.67000000000098E-0001	0.00581820
92	L2N2	19677.0	20948.0	4.67000000000098E-0001	1.33390E-06
92	L2N3	19905.0	20948.0	4.67000000000098E-0001	0.000333470
92	L2N4	20169.0	20948.0	4.67000000000098E-0001	0.172560
92	L2N5	20211.0	20948.0	4.67000000000098E-0001	2.39260E-05
92	L2N6	20559.0	20948.0	4.67000000000098E-0001	0.00107270
92	L2O1	20624.0	20948.0	4.67000000000098E-0001	0.00149480
92	L2O2	20691.0	20948.0	4.67000000000098E-0001	3.56790E-07
92	L2O3	20754.0	20948.0	4.67000000000098E-0001	8.16190E-05
92	L2O4	20844.0	20948.0	4.67000000000098E-0001	0.0334170
92	L2P1	20904.0	20948.0	4.67000000000098E-0001	0.000307820
92	L2P4	20943.4	20948.0	4.67000000000098E-0001	0.000254880
92	L3M1	11620.0	17168.0	4.89000000000033E-0001	0.0464350
92	L3M2	11987.0	17168.0	4.89000000000033E-0001	0.000593480
92	L3M3	12864.0	17168.0	4.89000000000033E-0001	0.000539930
92	L3M4	13442.0	17168.0	4.89000000000033E-0001	0.0765280
92	L3M5	13618.0	17168.0	4.89000000000033E-0001	0.672410
92	L3N1	15727.0	17168.0	4.89000000000033E-0001	0.0118530
92	L3N2	15897.0	17168.0	4.89000000000033E-0001	0.000131920
92	L3N3	16125.0	17168.0	4.89000000000033E-0001	0.000146700
92	L3N4	16389.0	17168.0	4.89000000000033E-0001	0.0153950
92	L3N5	16431.0	17168.0	4.89000000000033E-0001	0.141120
92	L3N6	16779.0	17168.0	4.89000000000033E-0001	0.000197180
92	L3N7	16789.0	17168.0	4.89000000000033E-0001	0.00108770
92	L3O1	16844.0	17168.0	4.89000000000033E-0001	0.00300640
92	L3O2	16911.0	17168.0	4.89000000000033E-0001	3.05940E-05
92	L3O3	16974.0	17168.0	4.89000000000033E-0001	3.50570E-05
92	L3P1	17124.0	17168.0	4.89000000000033E-0001	0.000617740
92	M1M2	367.000	5548.0	4.82000000000227E-0003	0.00213100
92	M1M3	1244.00	5548.0	4.82000000000227E-0003	0.122030
92	M1M4	1822.00	5548.0	4.82000000000227E-0003	5.70140E-05
92	M1M5	1998.00	5548.0	4.82000000000227E-0003	0.000100220
92	M1N1	4107.00	5548.0	4.82000000000227E-0003	1.37890E-06
92	M1N2	4277.00	5548.0	4.82000000000227E-0003	0.539810
92	M1N3	4505.00	5548.0	4.82000000000227E-0003	0.140170
92	M1N4	4769.00	5548.0	4.82000000000227E-0003	0.00375380
92	M1N5	4811.00	5548.0	4.82000000000227E-0003	0.00328440
92	M1N6	5159.00	5548.0	4.82000000000227E-0003	2.87340E-05
92	M1N7	5169.00	5548.0	4.82000000000227E-0003	2.85090E-05
92	M1O1	5224.00	5548.0	4.82000000000227E-0003	6.53500E-07
92	M1O2	5291.00	5548.0	4.82000000000227E-0003	0.144040
92	M1O3	5354.00	5548.0	4.82000000000227E-0003	0.0429650
92	M1O4	5444.00	5548.0	4.82000000000227E-0003	0.000847270
92	M1O5	5453.00	5548.0	4.82000000000227E-0003	0.000758230
92	M2M3	877.000	5181.0	1.61249999999882E-0002	3.44880E-05
92	M2M4	1455.00	5181.0	1.61249999999882E-0002	0.176110
92	M2M5	1631.00	5181.0	1.61249999999882E-0002	1.56830E-07
92	M2N1	3740.00	5181.0	1.61249999999882E-0002	0.187270
92	M2N2	3910.00	5181.0	1.61249999999882E-0002	5.56260E-07
92	M2N3	4138.00	5181.0	1.61249999999882E-0002	0.000965500
92	M2N4	4402.00	5181.0	1.61249999999882E-0002	0.458100
92	M2N5	4444.00	5181.0	1.61249999999882E-0002	7.33670E-06
92	M2N6	4792.00	5181.0	1.61249999999882E-0002	0.00912690
92	M2N7	4802.00	5181.0	1.61249999999882E-0002	1.03690E-07
92	M2O1	4857.00	5181.0	1.61249999999882E-0002	0.0488450
92	M2O2	4924.00	5181.0	1.61249999999882E-0002	2.33970E-07
92	M2O3	4987.00	5181.0	1.61249999999882E-0002	0.000286800
92	M2O4	5077.00	5181.0	1.61249999999882E-0002	0.109340
92	M2O5	5086.00	5181.0	1.61249999999882E-0002	1.70910E-06
92	M2P1	5137.00	5181.0	1.61249999999882E-0002	0.00991850
92	M3M4	578.000	4304.0	9.00000000000034E-0003	0.00103240
92	M3M5	754.000	4304.0	9.00000000000034E-0003	0.0157190
92	M3N1	2863.00	4304.0	9.00000000000034E-0003	0.325300
92	M3N2	3033.00	4304.0	9.00000000000034E-0003	0.00109870
92	M3N3	3261.00	4304.0	9.00000000000034E-0003	0.000463610
92	M3N4	3525.00	4304.0	9.00000000000034E-0003	0.0759190
92	M3N5	3567.00	4304.0	9.00000000000034E-0003	0.380010
92	M3N6	3915.00	4304.0	9.00000000000034E-0003	0.000897060
92	M3N7	3925.00	4304.0	9.00000000000034E-0003	0.00400790
92	M3O1	3980.00	4304.0	9.00000000000034E-0003	0.0807310
92	M3O2	4047.00	4304.0	9.00000000000034E-0003	0.000266760
92	M3O3	4110.00	4304.0	9.00000000000034E-0003	0.000127280
92	M3O4	4200.00	4304.0	9.00000000000034E-0003	0.0160980
92	M3O5	4209.00	4304.0	9.00000000000034E-0003	0.0820130
92	M3P2	4277.00	4304.0	9.00000000000034E-0003	0.0163210
92	M4M5	176.000	3726.0	7.04500000000508E-0002	1.83660E-07
92	M4N1	2285.00	3726.0	7.04500000000508E-0002	0.000131160
92	M4N2	2455.00	3726.0	7.04500000000508E-0002	0.115960
92	M4N3	2683.00	3726.0	7.04500000000508E-0002	0.00510110
92	M4N4	2947.00	3726.0	7.04500000000508E-0002	0.000231440
92	M4N5	2989.00	3726.0	7.04500000000508E-0002	6.21520E-05
92	M4N6	3337.00	3726.0	7.04500000000508E-0002	0.851330
92	M4N7	3347.00	3726.0	7.04500000000508E-0002	2.43540E-06
92	M4O1	3402.00	3726.0	7.04500000000508E-0002	3.88000E-05
92	M4O2	3469.00	3726.0	7.04500000000508E-0002	0.0259350
92	M4O3	3532.00	3726.0	7.04500000000508E-0002	0.00114490
92	M4O4	3622.00	3726.0	7.04500000000508E-0002	4.88570E-05
92	M4O5	3631.00	3726.0	7.04500000000508E-0002	1.33860E-05
92	M4P1	3682.00	3726.0	7.04500000000508E-0002	8.22540E-06
92	M5N1	2109.00	3550.0	5.64499999999839E-0002	0.000169260
92	M5N2	2279.00	3550.0	5.64499999999839E-0002	4.09430E-07
92	M5N3	2507.00	3550.0	5.64499999999839E-0002	0.0561240
92	M5N4	2771.00	3550.0	5.64499999999839E-0002	9.44040E-05
92	M5N5	2813.00	3550.0	5.64499999999839E-0002	0.000236260
92	M5N6	3161.00	3550.0	5.64499999999839E-0002	0.0593960
92	M5N7	3171.00	3550.0	5.64499999999839E-0002	0.870830
92	M5O1	3226.00	3550.0	5.64499999999839E-0002	4.86650E-05
92	M5O2	3293.00	3550.0	5.64499999999839E-0002	1.18040E-07
92	M5O3	3356.00	3550.0	5.64499999999839E-0002	0.0130240
92	M5O4	3446.00	3550.0	5.64499999999839E-0002	1.94310E-05
92	M5O5	3455.00	3550.0	5.64499999999839E-0002	4.95430E-05
92	M5P1	3506.00	3550.0	5.64499999999839E-0002	1.02390E-05
